,Area,Perimeter,MajorAxisLength,MinorAxisLength,AspectRatio,Eccentricity,ConvexArea,EquivDiameter,Extent,Solidity,Roundness,Compactness,ShapeFactor1,ShapeFactor2,ShapeFactor3,ShapeFactor4,Class
0,28395,610.2909999999998,208.17811670852728,173.88874704163598,1.1971914241160242,0.5498121871383472,28715,190.1410972745107,0.7639225181598063,0.9888559986069998,0.9580271262501276,0.9133577547957626,0.007331506135183212,0.00314728916733569,0.8342223882455564,0.9987238890131684,SEKER
1,28734,638.0179999999999,200.52479566364806,182.73441935102403,1.0973564606810586,0.41178525136724037,29172,191.2727504858446,0.7839681327076286,0.9849856026326614,0.8870336365528869,0.9538608422605129,0.0069786592769418825,0.003563623712100963,0.9098505063979352,0.9984303314497069,SEKER
2,29380,624.11,212.82612986020646,175.93114261271373,1.209712656324364,0.5627273167504117,29690,193.41090409881002,0.7781132475237036,0.9895587739979791,0.9478494730164112,0.9087742385103313,0.007243911840034257,0.003047733217213173,0.8258706165800325,0.9990661373632715,SEKER
3,30008,645.8839999999999,210.5579989609251,182.51651569530466,1.153638059321893,0.49861597640271654,30724,195.467061824781,0.7826812728221179,0.9766957427418305,0.9039363743173375,0.9283288347599437,0.0070167288376741235,0.003214562079390055,0.8617944254467547,0.99419884850682,SEKER
4,30140,620.1339999999999,201.84788216673786,190.27927878664835,1.0607980199097815,0.333679657773177,30417,195.89650297623436,0.7730980351921203,0.9908932504849262,0.9848770693509095,0.970515523241471,0.006697010025439212,0.0036649719644516834,0.9419003808526663,0.9991660589607774,SEKER
5,30279,634.927,212.5605564253862,181.5101815997528,1.1710668489886833,0.5204006602912636,30600,196.34770224027577,0.775688484693224,0.9895098039215686,0.9438517832505929,0.9237259515228944,0.007020065273799868,0.0031527787389953013,0.8532696335168767,0.9992357810603374,SEKER
6,30477,670.033,211.05015532184015,184.03905011294344,1.146768336352096,0.489477894457261,30970,196.98863318702823,0.7624015009380863,0.9840813690668389,0.8530798687748348,0.9333735523038642,0.006924899278860785,0.003242016245376514,0.8711861881403341,0.9990487356266151,SEKER
7,30519,629.7269999999999,212.9967550563458,182.73720376406496,1.16559053476242,0.5137595579635882,30847,197.12432033052752,0.7706818181818181,0.9893668752228741,0.9671092439901503,0.9254803918415593,0.006979152497013198,0.003158285146362523,0.8565139556832061,0.998344559636264,SEKER
8,30685,635.6809999999999,213.53414516451642,183.15714629597372,1.1658521083280848,0.5140808603472914,31044,197.65969601868375,0.7715614785013829,0.9884357685865224,0.9542398075022369,0.9256584976908387,0.006958909733241532,0.0031515495188116868,0.8568436543472606,0.9989529809282945,SEKER
9,30834,631.934,217.22781276440924,180.89746857382104,1.2008339004244408,0.5536422246843214,31120,198.13901211615044,0.7836828059473885,0.9908097686375321,0.9702782301205947,0.9121254299560562,0.007045074034001727,0.0030080398121198064,0.8319727999725202,0.9990611424380447,SEKER
10,30917,640.765,213.56008939309797,184.43987085903285,1.1578846178889468,0.5041023654121609,31280,198.40551152772198,0.7708052854649713,0.9883951406649616,0.9462581799326395,0.9290383427519497,0.006907529494876539,0.0031742202947999208,0.8631122423032895,0.9993843888746166,SEKER
11,31091,638.558,210.4862548708281,188.32684762014023,1.1176646215381034,0.4466219235668545,31458,198.96303849047175,0.7863773174494777,0.9883336512174964,0.9581728356299639,0.9452543046697849,0.00677000594612036,0.003333983668368092,0.8935057004967586,0.9986397105878477,SEKER
12,31107,640.594,214.64854850760176,184.96925258564633,1.1604552946345124,0.5073658752968685,31423,199.01422692379734,0.7610461418016343,0.989943671832734,0.9525817569197089,0.9271631618638654,0.006900329459851537,0.003145388256978018,0.8596315287174005,0.9975639589348673,SEKER
13,31158,642.626,216.48483620856237,183.64431215611992,1.1788267965768742,0.5295142509507343,31492,199.17730225820964,0.7987592288761279,0.9893941318430077,0.9481190040168371,0.9200519802981555,0.0069479695811208156,0.0030710517082392676,0.8464956464505574,0.9978717512215809,SEKER
14,31158,641.105,212.06697513850028,187.1929600683684,1.1328790092375651,0.469924156725518,31474,199.17730225820964,0.7813134732566012,0.9899599669568533,0.9526231013453076,0.939218858231592,0.006806180600118759,0.0032670098784518364,0.8821320636578552,0.9993488982933998,SEKER
15,31178,636.8879999999999,212.97592517558783,186.56208823218967,1.1415820180492635,0.4823522244603472,31520,199.24121693503304,0.7641104820723966,0.9891497461928934,0.9658995960258264,0.9355105126120183,0.006830968156250812,0.003227429112568851,0.8751799192076016,0.9990896583252051,SEKER
16,31202,644.4539999999998,215.64069469843406,184.47168424549938,1.1689636573787348,0.5178712232518864,31573,199.3178874933872,0.7791928878233942,0.9882494536471036,0.9440792434070276,0.924305534129939,0.00691111770714807,0.0031116465919126517,0.8543407204232316,0.998693253193524,SEKER
17,31203,639.7819999999999,215.06773695216492,184.87487594412093,1.1633151116605476,0.5109468292276196,31558,199.3210814599682,0.7629841549295775,0.9887508714113695,0.9579485417856513,0.926782809382055,0.006892533953535395,0.0031366824591191967,0.8589263757660944,0.9992020327325237,SEKER
18,31272,638.6659999999998,212.45031894918174,187.53593899411055,1.1328512288828736,0.46988349421480546,31593,199.54134168877889,0.7703221992314514,0.9898395214129713,0.9634250363807546,0.9392376658964174,0.0067936274926190116,0.0032612455172040633,0.8821673930385504,0.9993644152841227,SEKER
19,31335,635.011,216.79009228678302,184.16344029990532,1.1771613949747357,0.5275867100642196,31599,199.74223673093363,0.7742772424017791,0.9916453052311782,0.976510834463214,0.9213623861864616,0.006918464729113867,0.0030754693858982846,0.8489086466792102,0.9993024867310143,SEKER
20,31374,636.401,219.86539400833308,182.00886369813333,1.2079927842030036,0.5609945201182606,31604,199.86649913510016,0.7691968225948809,0.9927224401974434,0.973459862403212,0.9090402791060654,0.007007885319319599,0.0029518837956689047,0.8263542290372335,0.9982299458726142,SEKER
21,31530,638.857,213.7856543474257,188.06648234425188,1.1367557455352166,0.4755356415256237,31791,200.36277809388568,0.7689493707930933,0.9917901292818723,0.9707927387403043,0.9372133911673683,0.006780388656753115,0.0032269206969260905,0.8783689405834386,0.9984909399079052,SEKER
22,31573,674.103,217.30702605854574,185.44825067084633,1.1717933454343865,0.5212683904221279,32197,200.49935697134615,0.7569647566530808,0.9806193123582942,0.8731185069831213,0.9226547369772049,0.00688268539760383,0.003076766544671651,0.8512917636664752,0.9975380236874781,SEKER
23,31637,656.711,229.71925463641134,175.51044597535582,1.3088637166853716,0.6451908020300026,32045,200.7024650491028,0.7618233481024851,0.9872679045092838,0.9218421819917176,0.8736858621919399,0.007261094750969161,0.002609775195654626,0.7633269857940733,0.9990909956726727,SEKER
24,31675,657.431,236.75263210938377,171.2105591846093,1.382815599907615,0.6906782192904546,32009,200.82296327732612,0.7409356725146199,0.9895654347214846,0.9209289602324524,0.8482396224619057,0.007474431952940293,0.0023868887392210934,0.7195104571143162,0.9949502843943356,SEKER
25,31682,646.7209999999999,210.0456816267285,192.2484159476613,1.092574316367384,0.40284197357438384,32026,200.84515243415615,0.773184303006638,0.9892587272840817,0.9518938631075287,0.956197484655159,0.006629811300635329,0.003418781285782501,0.9143136296608532,0.9989555888720881,SEKER
26,31703,656.3050000000001,215.708906739895,187.27244969027828,1.1518453840735599,0.49626328085462607,32093,200.91170520091373,0.7771105010295127,0.987847817281027,0.9249085601436619,0.9314019909394656,0.006804053456767341,0.0031586108837336974,0.8675096687260003,0.9992370075612267,SEKER
27,31748,641.826,219.77651829981207,184.1151053119207,1.1936908594624824,0.5460726275575238,32020,201.0542440891312,0.7755899741046562,0.9915053091817614,0.9684821560162405,0.9148122176312733,0.0069225311295140505,0.0029906976165729755,0.8368813935274482,0.9989776699079396,SEKER
28,31768,650.9540000000001,220.95949485998423,183.29206807659332,1.2055049472607324,0.558465259169797,32173,201.11756227924664,0.7776744186046511,0.9874118049295993,0.942104629800205,0.910201041175846,0.006955410943716452,0.002944773314582015,0.828465935357594,0.99871978371057,SEKER
29,31811,642.092,223.98468285222035,180.91712284293047,1.2380513205855064,0.5895649687123592,32052,201.2536289301891,0.773877292852625,0.9924809684263073,0.9696001360667376,0.8985151411579843,0.0070411078825632755,0.002830885872170683,0.8073294588901526,0.9995153027265359,SEKER
30,31821,649.681,213.73564520069314,189.96920191597806,1.1251068228166101,0.4582865610047274,32168,201.28525915480648,0.7723543689320388,0.9892128823675702,0.9473781316557983,0.9417486679201496,0.0067168110744694745,0.003258989445688676,0.8868905535293763,0.9978466128675012,SEKER
31,31823,662.532,222.87268894663688,181.89469625782465,1.2252841535892196,0.5778581503170483,32274,201.29158460329901,0.7748478207937668,0.9860259032038173,0.9110396196180289,0.9031684660631294,0.007003509692569427,0.002874554587641028,0.8157132780908262,0.9994805535170057,SEKER
32,31837,656.4039999999999,224.91255418412965,180.43942186423214,1.2464712636541275,0.5969683535933227,32238,201.33585717833117,0.7852456590370955,0.9875612631056517,0.9285377475301468,0.8951739395280848,0.0070645021259581504,0.0027982792022322846,0.8013363820102314,0.9988427726963198,SEKER
33,31915,640.718,216.32036153815574,188.0653069421294,1.1502406533955827,0.4941383413794608,32184,201.5823406705625,0.7776559454191033,0.9916418095948297,0.9769466831984482,0.9318694700637616,0.006778015401477541,0.0031528452028966687,0.8683807092369159,0.9988467943887895,SEKER
34,31972,639.9739999999999,213.68748053289485,190.64494729334092,1.1208662152692614,0.4517054385526524,32246,201.7622727971526,0.7722705314009661,0.9915028220554487,0.9809683770672503,0.9441932316015749,0.006683581900816179,0.0032766689712814046,0.891500858602225,0.999253193290773,SEKER
35,31992,640.338,212.8873637073701,191.48725365959245,1.1117573605490247,0.4369684316743807,32258,201.82536885923764,0.7742122840133585,0.9917539835079671,0.980466376243067,0.9480382740643168,0.006654393714283886,0.003315826051746886,0.8987765690908487,0.9992214661757503,SEKER
36,31994,654.535,212.17139608383619,192.4225317877729,1.1026328055897567,0.42130237662827663,32391,201.83167738057568,0.7897413112164297,0.9877435089994134,0.9384532773909917,0.9512671411221948,0.0066315995525359816,0.003349716390830268,0.9049091737787939,0.9977825410876202,SEKER
37,32015,653.676,212.9299892784469,191.81013458378808,1.1101081271877897,0.43420694028297246,32375,201.8979049537073,0.7618809642797649,0.9888803088803089,0.9415389488677878,0.948189147230393,0.006650944534700824,0.0033162175205669305,0.8990626589255002,0.9980567645242616,SEKER
38,32026,654.237,230.97906741915182,176.93180830415815,1.3054694327324268,0.6428310650837523,32349,201.93258691872475,0.7794489875389408,0.9900151472997619,0.9402478733620752,0.8742462647157668,0.007212235915167421,0.0025988716324710694,0.7643065313694705,0.9977788139405914,SEKER
39,32038,645.085,224.48232110792435,181.94086680683577,1.2338202243823224,0.5857512998093428,32308,201.97041499740783,0.7705146705146705,0.9916429367339359,0.9674786148012576,0.8997163518293564,0.00700675201660292,0.0028321676925391263,0.8094895137491264,0.9987645334890841,SEKER
40,32044,652.651,216.14714684546735,188.97054032596685,1.1438139853578335,0.48544352010113206,32395,201.98932638011732,0.778069153069153,0.9891649945979318,0.9453542294066802,0.9344991563757626,0.006745323519082117,0.0031732055227639408,0.8732886732670119,0.9988797977373959,SEKER
41,32057,642.0819999999999,215.91828527398093,189.3033869113692,1.1405938836956608,0.4809714696790997,32301,202.03029496977703,0.7798049089007273,0.9924460543017244,0.9771286582334483,0.9356794155410169,0.0067354488964650756,0.003184597937041567,0.8754959686671788,0.9985853470619923,SEKER
42,32066,669.313,236.4366550480214,173.23089931478256,1.36486421292766,0.6805801720019645,32481,202.05865297353074,0.780878628482369,0.9872232997752532,0.8994895693843451,0.8545995244793649,0.007373437754881226,0.0024260534698442946,0.7303403472403568,0.9968154032055235,SEKER
43,32109,663.582,224.47235228915238,182.36449619998717,1.2308994182891186,0.5830809437929368,32567,202.19408631782815,0.7676253317076669,0.9859366843737526,0.9163205998319498,0.9007527397288257,0.006990948092097306,0.0028388222941241104,0.8113554981289857,0.9986970106726465,SEKER
44,32114,648.566,222.65750737399864,183.82903610067322,1.2112205563220229,0.5642361269313905,32393,202.20982849412889,0.7606708039224975,0.9913870280616183,0.9593915997137143,0.9081653292492684,0.006933347056548503,0.002909258918790806,0.8247642652504322,0.9989714321911527,SEKER
45,32167,654.893,217.96051701714924,188.2047159446817,1.158103376544579,0.5043817530986666,32521,202.37662027886515,0.760593019956493,0.9891147258694382,0.9424964570592285,0.9285012856844254,0.006775904405668829,0.003106540864422383,0.8621146375176311,0.9984178726776743,SEKER
46,32213,658.216,221.4811143381682,185.2954323699252,1.195286421826101,0.5477843665607328,32585,202.5212716100553,0.7629073512694202,0.9885837041583551,0.9343383323575635,0.9143952170153701,0.006875519645427877,0.002964975252706566,0.8361186129005859,0.999401225036144,SEKER
47,32218,653.5949999999999,222.75607138109643,184.4046839490122,1.207974041715168,0.5609755664601539,32566,202.53698835589876,0.7544315653904695,0.9893140084750968,0.9477439021557724,0.9092321798465983,0.0069140254324010315,0.002914807830169736,0.826703156868597,0.9986359537012478,SEKER
48,32233,665.4929999999999,221.23368370102665,185.5923728724366,1.1920408165323013,0.5442895095369215,32710,202.5841312774732,0.7752044252044252,0.9854173035768878,0.9145840197365749,0.9157020209962408,0.006863577194211728,0.002976781623782729,0.8385101912566,0.9995383730561735,SEKER
49,32251,644.0509999999999,220.9809627768115,186.02778350127642,1.1878922525317046,0.539747142543915,32514,202.64068830630666,0.764060649135276,0.9919111767238727,0.9770404216446091,0.9170051834327995,0.006851910414461924,0.002988674382918363,0.8408985064426222,0.9988968209686725,SEKER
50,32258,654.808,220.80403007890376,186.277755809551,1.1853483477901257,0.5369189075061798,32612,202.6626784439278,0.7758056758056758,0.9891450999632038,0.9454081638315681,0.9178395809691825,0.0068449386223232616,0.0029965149595458053,0.8424294963936846,0.9985724116799217,SEKER
51,32262,652.4190000000001,222.69865627134513,184.5129928925483,1.2069537910592256,0.5599415175975334,32563,202.67524316562645,0.7813135716361522,0.9907563799404232,0.9524626416520814,0.9100874094124694,0.006902816200835197,0.002921046678822555,0.8282590927710997,0.9996704519993536,SEKER
52,32279,646.5559999999999,218.1816037965039,188.55314177232728,1.157135870268087,0.5031437256875972,32623,202.7286345450645,0.7901835985312118,0.9894552922784539,0.9703259436875631,0.9291738213371451,0.006759242969004737,0.0031078903101509118,0.8633639902582727,0.9990294422256346,SEKER
53,32323,649.59,217.3714573797691,189.59131904829272,1.1465264257399899,0.48914996706203917,32615,202.86675874690425,0.7848436285936286,0.991047064234248,0.9625933676235022,0.9332722943126625,0.006724977798464533,0.0031470533899704547,0.8709971753316212,0.9986212782625908,SEKER
54,32338,653.6020000000001,221.41134134396788,186.1362729792155,1.1895120590960326,0.5415309049908621,32672,202.91382505301527,0.7824908655358482,0.9897771792360431,0.9512535177689841,0.9164563288462434,0.006846785247818909,0.0029792954120347456,0.8398922026823339,0.9990619034313655,SEKER
55,32355,657.166,221.2796210000571,186.36040993884194,1.1873746203535107,0.5391743277590498,32720,202.96715367247526,0.7837936046511628,0.9888447432762836,0.9414583159721267,0.9172428656338981,0.006839116705302337,0.002986188010143479,0.8413344745562853,0.9989792023165898,SEKER
56,32368,675.3849999999999,221.65806493745845,186.17622928517986,1.1905819866935239,0.5427019393429459,32806,203.00792492902275,0.7590994371482176,0.9866487837590685,0.8917085023385342,0.9158607650315007,0.006848061818384159,0.0029721125583393915,0.838800940924086,0.9986612906857952,SEKER
57,32376,643.009,219.1300137300374,188.30042739205237,1.163725525029192,0.511456520670891,32608,203.03301086361702,0.7843023255813953,0.9928851815505397,0.9840087314607846,0.9265413140244153,0.006768285573574172,0.00307692983967631,0.8584788065940901,0.9990336999301419,SEKER
58,32433,653.76,219.83669711195967,188.00923682406014,1.1692866841307579,0.5182614078472965,32775,203.21165851002627,0.7693201764789601,0.9895652173913043,0.9535869437249885,0.9243755077275997,0.006778179542810091,0.003052717038448007,0.8544700792866577,0.9991204856980419,SEKER
59,32465,653.85,225.20244941772523,183.69209456068597,1.2259779058881903,0.5785098675215974,32767,203.31188312498375,0.7650344047506834,0.9907834101382489,0.9542650434534424,0.9027960559516964,0.006936776510633767,0.0028424712305333013,0.8150407186419387,0.9992219134542498,SEKER
60,32514,649.012,221.4454898972538,187.1344231774471,1.1833498409176797,0.534673643692279,32843,203.46525638919064,0.7849830999517141,0.9899826447035898,0.9700068736506543,0.9188051492202184,0.006810773509788208,0.002994124690715943,0.844202902233588,0.9989873700603598,SEKER
61,32518,651.651,221.26278537288943,187.2561106033458,1.1816051538183343,0.532696426660149,32811,203.47777155182828,0.7589152352501867,0.9910700679650117,0.9622846511114481,0.9196204016365046,0.006804317158893211,0.0030019171437902117,0.845701683106086,0.999285467350991,SEKER
62,32518,655.131,220.82119919338587,187.66558650582684,1.1766739086525573,0.5270196045494587,32842,203.47777155182828,0.7940321832344395,0.9901345837646915,0.9520886553575951,0.9214594083135608,0.006790737412921639,0.0030199623917194977,0.8490874411695776,0.999099038188805,SEKER
63,32525,663.9139999999999,225.07785556031743,184.2147341738576,1.221823306206843,0.5745792538814934,33000,203.49967123440558,0.7690579778681548,0.9856060606060606,0.9272642490958107,0.9041301318950534,0.006920149287019752,0.0028524562955168967,0.8174512954005669,0.9987810444093874,SEKER
64,32578,657.571,227.03757399657496,182.84230572264613,1.2417124860641866,0.5928139977174696,32901,203.66540670516957,0.7819220430107527,0.9901826692197806,0.9467797909622935,0.897055950343453,0.006969045797672508,0.0027837562587593257,0.8047093780465955,0.9992176823734034,SEKER
65,32581,649.583,224.42417789758497,184.92347131983024,1.213605694808947,0.5666030911163334,32851,203.67478392529677,0.7720616113744075,0.9917810721134821,0.9702976345800158,0.9075438566081899,0.0068881918264505375,0.002882408175749079,0.823635851667267,0.9995691600322125,SEKER
66,32615,664.7889999999999,218.146746288941,191.00227698353,1.1421159461243053,0.48309517204946983,33016,203.78102892943036,0.8085628579220071,0.9878543736370244,0.9273839969932451,0.9341465430775536,0.006688540435043415,0.0031417466709294196,0.8726297639437437,0.9966443684628379,SEKER
67,32622,657.009,235.2708697635185,177.15818953259333,1.3280270609236142,0.6580242878670918,32902,203.8028960254257,0.7793119923554707,0.9914898790347091,0.9496811325304296,0.8662478964364662,0.0072120308308355864,0.002504990650959533,0.7503854180806028,0.9965321413335201,SEKER
68,32698,653.0489999999999,225.0141906394872,185.143724263941,1.215348732634906,0.5683178518575858,32994,204.04015936513662,0.7676848308407485,0.9910286718797358,0.9634729275144157,0.9067879620625585,0.006881588801745893,0.002870063235327997,0.8222644081415681,0.9993380063256457,SEKER
69,32705,654.454,223.87586750160165,186.14992979684183,1.20266425964239,0.5555438328484512,33021,204.0619986929548,0.7794699461366128,0.9904303322128343,0.9595459232064728,0.911496182997459,0.006845310120825612,0.002914689579648394,0.8308252916189376,0.9992038842370623,SEKER
70,32713,660.043,215.4163207859024,193.48646209699407,1.113340532723757,0.4395915601284934,33020,204.08695506308428,0.7995160817284191,0.990702604482132,0.9435953206896729,0.9474071152943043,0.00658503716522185,0.0032725369697307635,0.8975802421102751,0.9993124649133724,SEKER
71,32729,656.6790000000001,214.2657206920077,194.79382504459102,1.0999615652239454,0.4165284657127013,33066,204.13685865036018,0.769153036285016,0.9898082622633521,0.9537539372263117,0.9527275664584394,0.006546662613951166,0.003327167369712744,0.9076898158898203,0.9984239106240014,SEKER
72,32774,660.6139999999999,222.8700513011593,187.47924765315082,1.1887718459030934,0.540717402508646,33120,204.27714712896844,0.7901538164810261,0.9895531400966183,0.9437213211191547,0.916575133968688,0.006800209046840767,0.0029605630209838547,0.8401099762097184,0.9986990871804309,SEKER
73,32775,649.807,220.0250994629802,189.80940378102122,1.1591896664762624,0.5057644876101894,33062,204.28026355645557,0.7726308345120226,0.9913193394229024,0.9754023408288142,0.928440728148955,0.006713199068283149,0.003076989557712224,0.8620021856857618,0.9992240261268875,SEKER
74,32795,651.03,225.21025208572854,185.60023120276543,1.2134157949387991,0.5664155110218729,33091,204.34258212518913,0.7759926174814253,0.9910549696292044,0.9723340531397822,0.9073413853619953,0.006867213053384008,0.0028710659269699647,0.8232683895906248,0.998966867403093,SEKER
75,32796,654.824,223.14536868852807,187.41926211421313,1.1906213169943198,0.5427448780805344,33111,204.34569755474274,0.8008204527140869,0.9904865452568633,0.9611287424729658,0.9157514617297463,0.006804042221262595,0.0029515982546434874,0.8386007396601671,0.9984559170865988,SEKER
76,32799,653.7289999999999,219.9055494139476,190.11233960212837,1.1567137087164945,0.5026015933646472,33087,204.3550435584319,0.7461779961779962,0.9912956750385348,0.9644394455020094,0.9292855232759788,0.0067046418919463275,0.0030842674851224504,0.8635715837703097,0.9989050894051319,SEKER
77,32829,658.101,221.59949999341745,189.00262754141565,1.1724678269081679,0.5220712625529795,33154,204.44848009733568,0.7897851661173527,0.990197261265609,0.9525382332252736,0.9226035261966239,0.006750114228073272,0.0030168333857138923,0.8511972665504445,0.9980014093825723,SEKER
78,32836,669.1899999999999,218.40600376102276,191.75877277464323,1.1389622524216694,0.4786748961698618,33225,204.47027581270538,0.802914710485133,0.9882919488337095,0.921427619698948,0.9361934758736501,0.006651419288616846,0.0031517846019845875,0.8764582242683863,0.998252833266218,SEKER
79,32849,664.105,230.7223075775402,181.7436855016809,1.2694928406489607,0.6160383778822545,33245,204.51074740708705,0.7465681818181819,0.9880884343510302,0.9359626473375842,0.8863934725442876,0.007023723936118,0.002674566454109165,0.7856933881691207,0.9974321312259234,SEKER
80,32870,655.5120000000001,220.35816291977068,190.02065976690054,1.159653709181335,0.50635283368871,33198,204.57610768475578,0.781242572610163,0.990119886740165,0.9612763890251181,0.9283799836325514,0.006703929507750857,0.0030719367875349387,0.8618893940095764,0.9994932326672583,SEKER
81,32885,659.728,227.06740366374652,184.55969324643877,1.2303195766615633,0.5825470945127489,33225,204.62278081537212,0.7856699159021406,0.9897667419112114,0.9494626319364751,0.9011543599555505,0.00690489291968212,0.0028088817971270896,0.812079180466898,0.9991169135277033,SEKER
82,32920,671.612,219.09313383325087,191.46221248065567,1.1443152724216372,0.48613262924648254,33376,204.73164340834455,0.7779747134585844,0.9863374880153404,0.9171340044360379,0.9344502943855982,0.006655319982784048,0.00313021035884333,0.8731973526773313,0.999213066506813,SEKER
83,32925,656.646,225.12817021691257,186.46152827800609,1.2073706157833062,0.560364526908099,33252,204.7471904823244,0.7686830247706208,0.9901660050523277,0.9595620011896921,0.909469438165153,0.006837605777279045,0.00288560086194828,0.8271346589564391,0.9986580825199508,SEKER
84,32934,668.1969999999999,221.40873083037212,189.6018110515005,1.1677564133089007,0.5164075045016255,33401,204.77517224094294,0.7767086458185934,0.9860183826831532,0.9269265082081329,0.9248739716494168,0.00672280108187199,0.0030343121339751196,0.8553918634345662,0.9988893344179661,SEKER
85,32947,668.2310000000001,209.69329272252926,200.2495993126508,1.0471596120156725,0.29672086108135076,33336,204.81558358774706,0.7653193960511033,0.988330933525318,0.9271980328421906,0.9767388404681284,0.006364564079355609,0.0035732405847105544,0.9540187624790241,0.9990099171732069,SEKER
86,32951,688.2599999999999,226.64904622747102,185.5215754596959,1.2216856485067418,0.5744478680874898,33524,204.8280162442832,0.7708016561790919,0.9829077675695025,0.8741247214764792,0.9037232657873722,0.0068783662476850785,0.0028301334321693835,0.8167157411253935,0.9977698998424405,SEKER
87,32988,676.797,224.75170993516784,187.17729445701804,1.2007423795025423,0.5535467409348023,33461,204.94298256276926,0.7666992051317808,0.9858641403424883,0.9050008768446041,0.9118639525451769,0.006813135380598031,0.002905674567503444,0.8314958679513128,0.9984123270303908,SEKER
88,33006,669.769,223.52774913974577,188.2429412080096,1.187442927237023,0.5392499943264328,33458,204.99888881047326,0.7570183486238532,0.9864905254348736,0.9245974137749079,0.9171071135437033,0.0067723368217822745,0.0029552794956776616,0.8410854577124632,0.9987409779625789,SEKER
89,33010,665.85,224.97125920643225,186.8900914943187,1.2037623686072794,0.5566774242305662,33374,205.01131035069193,0.7915877317090717,0.989093306166477,0.9356266427048878,0.9112777830992839,0.006815245659086103,0.00289910808350292,0.8304271979703454,0.999637010784689,SEKER
90,33013,652.684,223.78185388039773,188.02914232970517,1.1901445228527445,0.5422238229570202,33289,205.0206260119745,0.7897846889952153,0.9917089729340022,0.9738429464115214,0.9161628722655487,0.006778597942640709,0.0029458483762575725,0.8393544085178604,0.9989530520298365,SEKER
91,33019,655.7030000000001,224.45021141449706,187.50262716286304,1.1970510216880412,0.5496633180022981,33340,205.03925606480902,0.7643287037037036,0.9903719256148771,0.9650713855311085,0.913517767582578,0.00679760778383649,0.002920141254304041,0.8345147116890572,0.9989566882410872,SEKER
92,33051,663.071,218.95137138102254,192.47394174678976,1.137563710671366,0.47668967548711777,33423,205.13858777188133,0.7779268464906087,0.9888699398617719,0.9446575501990478,0.936913920556798,0.0066246519433912,0.003148774756485534,0.87780769453311,0.9985621782489619,SEKER
93,33058,655.511,224.44587881023983,187.8781611897244,1.1946352752707026,0.5470872834381975,33320,205.16031017196042,0.7992746615087041,0.9921368547418967,0.9667773600396955,0.9140747482622098,0.006789457281451988,0.002923759654856159,0.8355326454106222,0.9981567718477768,SEKER
94,33062,667.966,222.03914355777496,189.78134116275433,1.1699735189844438,0.5190889903649489,33439,205.17272193942824,0.7786622703721149,0.9887257394060828,0.9311727781737043,0.9240385215503317,0.006715841254545247,0.003020233295625227,0.8538471893089232,0.9989786007507375,SEKER
95,33078,659.4559999999999,235.560077511721,178.9312327601165,1.3164838462132755,0.6503915309408315,33333,205.22236150271175,0.7877214707563346,0.992349923499235,0.9558229606771169,0.8712102817698397,0.007121351880758239,0.0025306621944067853,0.7590073550614836,0.9992209220955074,SEKER
96,33078,652.2139999999999,221.3869025189035,190.35481212557195,1.1630223583360766,0.5105826184494583,33327,205.22236150271175,0.7724173360732299,0.9925285804302818,0.9771671827742581,0.9269851069224319,0.0066928744941926206,0.0030484808478703335,0.8593013884559927,0.9993867273235536,SEKER
97,33089,663.915,217.33582212672766,194.20704885110243,1.1190933769523368,0.4489030194588282,33466,205.25648173868174,0.7744102228047182,0.988734835355286,0.9433406398205416,0.9444208494032682,0.006568219714307705,0.0032232181461730154,0.8919307407875906,0.9981537847155841,SEKER
98,33090,653.809,228.40667503614446,184.6885547881269,1.2367126663488737,0.5883652823668539,33352,205.2595832970693,0.7693559637293652,0.9921443991364836,0.9727580692442673,0.8986584269684228,0.006902589151893154,0.00277696490977925,0.8075869683613601,0.9987530329507811,SEKER
99,33143,648.3849999999999,222.52630953984732,189.73737926439088,1.1728121807235805,0.5224801567742307,33377,205.42389888023615,0.769979555803364,0.9929891841687389,0.9906853996160323,0.923144320799745,0.006714126951086121,0.0030077914493752437,0.8521954370248226,0.9994651888997669,SEKER
100,33159,653.8009999999999,222.44402868828985,189.98042001963083,1.1708787077389582,0.520175444011767,33415,205.4734777626379,0.788111422731378,0.992338770013467,0.9748103412811874,0.9237086694314788,0.006708405823103527,0.003012584024718656,0.853237705982873,0.9990378625753795,SEKER
101,33168,680.6210000000001,234.31554800768953,180.58275392822776,1.2975521909518433,0.6372200519486502,33542,205.50136062755368,0.7612402744945033,0.9888498002504323,0.8997429641899918,0.8770282739445431,0.007064506391934682,0.0025781961958459988,0.7691785932981446,0.9980493689672646,SEKER
102,33171,654.3379999999999,222.2536490089382,190.36145322938464,1.1675349459594828,0.5161380426665781,33429,205.51065407518433,0.7902372784448256,0.9922821502288433,0.9735631873621047,0.9246671764067166,0.006700239637301805,0.0030214253189055082,0.85500938712397,0.9982533385906349,SEKER
103,33194,664.6579999999999,232.30854425480328,182.08560166403646,1.2758205049262075,0.6210015723331219,33520,205.58188988317767,0.7736988089410997,0.9902744630071599,0.944219534016819,0.8849519097226533,0.0069985100998615195,0.0026476711280204015,0.783139882521771,0.9991459203467769,SEKER
104,33236,660.788,210.85800248716706,200.92736730990677,1.0494240048541692,0.3032730940431907,33611,205.711909010679,0.7682847896440129,0.988842938323763,0.9565205816000192,0.9755945071290275,0.006344265329376792,0.003545181597219614,0.9517846423403298,0.9988256511234821,SEKER
105,33248,660.0679999999999,230.96983467743988,183.42924865500598,1.2591766927631498,0.6076960241397734,33511,205.74904224164615,0.7876619838430741,0.9921518307421444,0.9589545683883137,0.8908048210234218,0.00694687905069297,0.0026983590374317526,0.7935332291585704,0.9991985470895517,SEKER
106,33251,658.962,217.45216297661577,194.98348254754376,1.1152337630629474,0.44269350294137366,33565,205.7583245022881,0.7579439252336448,0.99064501713094,0.9622631012955074,0.9462233977613496,0.006539717992740542,0.0032338026694238697,0.8953387184710332,0.9985119682164072,SEKER
107,33276,704.4929999999999,234.78813839893374,180.7054960412874,1.2992860955667314,0.6384618999550885,33857,205.83566039587814,0.759656652360515,0.9828395900404643,0.8425343484139729,0.8766867943138515,0.007055780093729227,0.0025710034444863653,0.7685797353242974,0.9986049634412182,SEKER
108,33316,670.587,229.2180829467945,185.27936152586796,1.2371484932756096,0.5887565614959352,33699,205.95933742463993,0.7826168663377966,0.9886346775868721,0.931005952172734,0.8985300582609211,0.0068801201508822945,0.002766344260699407,0.8073562655983743,0.9988195875216519,SEKER
109,33319,668.6010000000001,225.01723780818773,188.8365102736357,1.1915981580157562,0.5438088924235495,33732,205.96861020803846,0.7960387996941896,0.9877564330605952,0.9366293850989834,0.915345918447426,0.00675342110532092,0.0029244526283231254,0.837858150418362,0.9983902287170083,SEKER
110,33325,674.433,223.82548417747665,189.73570637668686,1.179669807290308,0.5304841849822454,33701,205.98715452255584,0.7989690721649485,0.9888430610367644,0.9206666205850317,0.9203025083561246,0.0067164436362333576,0.002971950421599066,0.8469567068865749,0.9991292551961196,SEKER
111,33330,653.776,224.36016669382187,189.4313875125282,1.1843874958630265,0.5358420113304302,33580,206.00260684278481,0.7901849217638691,0.9925550923168552,0.9799123481169953,0.9181781680698735,0.006731478148629519,0.002951195986782923,0.843051148320149,0.99849923844335,SEKER
112,33333,679.262,220.5312914414884,192.716705596529,1.144328877763155,0.4861513060050803,33834,206.01187767858718,0.7722407561857103,0.9851924100017734,0.9078406547292549,0.9341616617397195,0.0066160049032936855,0.003107876410897049,0.8726580102643143,0.9986077615567908,SEKER
113,33338,659.103,232.26379452555997,182.91850915708574,1.2697664965446323,0.6162553926930306,33639,206.02732814454703,0.7767474370922647,0.9910520526769524,0.9643680853766637,0.887040223231496,0.006966938464381785,0.002660694375687741,0.7868403576305822,0.9991035242485098,SEKER
114,33344,661.5079999999999,225.31805608763221,188.66852597339377,1.1942535456041397,0.5466776795258796,33692,206.04586717439702,0.7633524873514801,0.9896711385492105,0.9575409585064406,0.9144667353878656,0.006757379321246168,0.0029149406055748927,0.8362494101309406,0.9986938230582463,SEKER
115,33382,659.4340000000001,222.87010441136147,190.92024898704648,1.1673466046363825,0.5159086541375102,33730,206.16324231625092,0.7816883268938063,0.9896827749777646,0.9646717179616354,0.9250376709822241,0.006676355653087336,0.0030154831303148477,0.8556946927362177,0.9988922941709963,SEKER
116,33399,664.7009999999999,221.5599424837891,192.0898879263484,1.1534180423320366,0.49832841485787577,33752,206.2157306187132,0.7614911080711354,0.9895413605119696,0.9499279440782307,0.9307446477325269,0.006633729826754965,0.0030708579855499274,0.8662855992827458,0.9991894400251398,SEKER
117,33421,654.804,219.54408232997923,194.0253903421218,1.1315224360217018,0.4679308802233709,33691,206.28363683189676,0.7633851073549566,0.9919859903238254,0.9795049994230773,0.9396000777732112,0.0065690458792369835,0.003158306208261635,0.8828483061514245,0.998962666014093,SEKER
118,33423,659.036,224.16805278239028,189.9810797379727,1.1799493564915475,0.5308049734733923,33707,206.28980901557728,0.7729827239297856,0.9915744504108939,0.9670234720394467,0.9202462458637307,0.00670699975413309,0.002967045940751621,0.8468531530262897,0.9992438329562086,SEKER
119,33427,665.6099999999999,228.22318202970675,186.62586558856935,1.222891485646699,0.5755962414672151,33789,206.30215282895688,0.7544916937522571,0.9892864541714759,0.9481293467990191,0.9039491562347224,0.0068275101573490515,0.002812018234436997,0.8171240770574667,0.9992540765504931,SEKER
120,33429,658.605,229.44609053267402,185.6980933664193,1.2355866792877146,0.5873512594443964,33713,206.30832445868913,0.791743640756004,0.991575949930294,0.9684633771260541,0.8991581594601631,0.006863683943063628,0.002767460293008123,0.8084853957237883,0.9989537853549694,SEKER
121,33431,666.841,219.90740765893452,193.6804684520286,1.1354134436813481,0.4736067086075595,33788,206.31449590380512,0.7887088022270979,0.9894341186219959,0.9447450897337177,0.9381880224052692,0.0065779488396678085,0.0031436181723978373,0.88019676538471,0.9993872405026373,SEKER
122,33433,657.349,225.00251253121743,189.56601542545582,1.1869348629089929,0.5386866213154292,33708,206.32066716432143,0.77680708194893,0.9918416992998694,0.9722841346383821,0.9169705033213617,0.006729952817013652,0.0029350347330017196,0.8408349039614311,0.9980162614625573,SEKER
123,33446,656.077,224.23393378684406,190.25659856699997,1.1785868951498089,0.5292375241215144,33713,206.36077585920307,0.7678145087235997,0.992080206448551,0.9764374399599959,0.9202923588513096,0.006704357285978714,0.002966471482303701,0.8469380257601075,0.9981900581649139,SEKER
124,33447,664.4119999999999,226.11861537920643,188.74064076551045,1.1980388243999553,0.5507087249162412,33791,206.36386082053463,0.7702245250431778,0.9898197744961676,0.9521209008483963,0.9126354346123047,0.006760505138852705,0.0028929985628353768,0.8329034365099903,0.9978506539151116,SEKER
125,33459,655.4139999999999,219.1299474401089,194.54310016003433,1.1263825201708466,0.46023357712342955,33765,206.40087675999297,0.7863085166384659,0.9909373611728121,0.9787942133227138,0.9419108577863601,0.0065492079093848864,0.0031798581955208485,0.8871960640158366,0.9993221384718138,SEKER
126,33468,659.987,224.45993890507262,189.95434639638611,1.181652029360161,0.5327497603712816,33748,206.4286343586965,0.7923295454545455,0.9917032120421951,0.9655368690791334,0.9196680501904537,0.006706703086681983,0.002959465211410821,0.8457893225411113,0.9994286693918597,SEKER
127,33498,657.523,227.93807690878097,187.31605433833803,1.2168635396145477,0.5697979371475652,33745,206.5211327432098,0.781494960806271,0.9926803970958661,0.9736589142786523,0.9060405156697796,0.006804527939243566,0.0028285785175230145,0.8209094160351601,0.9989347376994564,SEKER
128,33534,657.067,218.84475182553408,195.19285357250217,1.121171947743705,0.4521856322679839,33793,206.63207614779694,0.7835046728971963,0.9923356908235433,0.9760586438275264,0.9441947975637394,0.006526055699455301,0.003199461964284439,0.8915038157464307,0.9995290695213709,SEKER
129,33538,658.2840000000001,227.51868144371298,187.9440519109388,1.2105660122275508,0.5635823762705985,33800,206.6443995159992,0.7605161114764507,0.9922485207100592,0.9725690066380462,0.9082524485670511,0.006783907252779324,0.0028476458304244508,0.8249225103280438,0.9986231537245602,SEKER
130,33539,662.418,223.68353624973383,191.20060212160269,1.1698892878353602,0.518987647749282,33915,206.64748024322148,0.7642648801385471,0.9889134601208904,0.9604963599997237,0.9238385788594996,0.0066693561599849085,0.0029967329954702034,0.8534777197891402,0.9984744417874645,SEKER
131,33547,653.512,213.7540709486454,199.92570139022538,1.069167543053552,0.3538369940808258,33832,206.67212440779358,0.7835704108565156,0.991576022700402,0.9870892436642872,0.9668687173562497,0.006371779024909691,0.0034348715811599235,0.9348351166021196,0.999495364777669,SEKER
132,33560,669.259,227.9361767583609,187.85659207596547,1.2133520268811648,0.5663524882475807,33897,206.71216490887048,0.7398589065255732,0.9900581172375137,0.9415499742975526,0.9068861637001556,0.0067919003801657,0.0028338846825981846,0.8224425139107855,0.9979122912468921,SEKER
133,33576,666.3389999999999,224.58872530013898,190.4630177868087,1.1791723553993472,0.5299123033067706,33927,206.76143488094635,0.7617923993193421,0.9896542576708816,0.9502729231562727,0.9206225050016721,0.0066889660858988256,0.0029639106381944952,0.8475457967155539,0.9994025734218959,SEKER
134,33583,657.754,221.7110512283511,192.9504090774704,1.149057171158073,0.4925595961499997,33868,206.7829868022052,0.7753024286637732,0.9915849769694106,0.9754440361381915,0.9326688302480206,0.006601883429960131,0.0030814666088826033,0.8698711469162113,0.99953167934757,SEKER
135,33584,658.848,223.73518256806022,191.35448239784935,1.1692184043166935,0.5181789839727813,33884,206.78606546473506,0.7480565764561755,0.9911462637232912,0.9722362759979826,0.9242447392100738,0.006661957556219039,0.002998676203058867,0.8542283379574974,0.9987794942287663,SEKER
136,33607,690.171,214.7652972149895,199.52414320153474,1.0763875176652682,0.3699957627376703,34162,206.85686205662748,0.770802752293578,0.9837538785785376,0.8865968749868307,0.9631763824932791,0.006390492969172776,0.0033926372323237527,0.9277087437928394,0.998574111847539,SEKER
137,33620,670.224,222.7760832906297,192.22603183104624,1.1589277537936948,0.5054318014278295,34012,206.89686680565313,0.7832448047712236,0.9884746560037634,0.9405191059221097,0.9287211793545143,0.006626296350107963,0.003040829126914978,0.8625230289816398,0.999601876573026,SEKER
138,33623,659.4079999999999,217.37186200566785,197.08378273356783,1.1029413937093289,0.4218481710050962,33918,206.90609757237794,0.7932384929341544,0.9913025532165811,0.9717127498335429,0.9518531776066903,0.0064649752254607815,0.003273606572240893,0.9060244717199535,0.9992918935735638,SEKER
139,33631,669.076,224.88940026130328,190.7533660295636,1.1789537712611013,0.5296605896931015,34009,206.93071093723196,0.7628844932401778,0.9888852950689523,0.9440581402188102,0.9201443496082752,0.006686967389054839,0.002956874025275748,0.8466656241160356,0.9981796305487345,SEKER
140,33639,663.03,224.66290642084599,190.85310048234305,1.1771509388794597,0.5275745600037568,33919,206.9553213747985,0.7862518698578908,0.9917450396532916,0.9615825694632485,0.9211815366935695,0.006678644026898719,0.0029665314571694404,0.8485754235451262,0.9989013565361806,SEKER
141,33717,664.3629999999999,231.62252548744868,185.6531262254702,1.2476090771891986,0.5979503763979273,33985,207.19511994696083,0.7662257976547586,0.9921141680153008,0.9599484570508697,0.8945378672083794,0.006869606592741011,0.0027133545625054076,0.800197995869716,0.9983342831956624,SEKER
142,33731,671.6959999999999,231.17201261989578,186.1264562201042,1.2420158709008187,0.5930811477847272,34073,207.23813134522752,0.8032146684129063,0.9899627270859624,0.9394930171745406,0.896467219351412,0.006853399324653754,0.0027303822656192488,0.8036534753716528,0.998150371116193,SEKER
143,33736,655.7289999999999,221.3902680478974,194.13595156285277,1.1403877863200462,0.48068252930978544,33988,207.25349039566365,0.7868638335588002,0.9925856184535718,0.9859494974918117,0.9361454422686037,0.006562433840641967,0.003108980583349327,0.8763682890802799,0.9993996931853468,SEKER
144,33794,665.826,218.99989395505634,196.577721811977,1.1140626309858537,0.4407791167032513,34127,207.43157227090597,0.7777317499769861,0.9902423301198464,0.9579171831503972,0.9471765877360451,0.006480437176867383,0.0032174209554769635,0.8971434883552979,0.9994740350089296,SEKER
145,33809,669.3409999999999,230.24749713459664,187.1642997507299,1.2301891837345371,0.5824268727609625,34143,207.47760305139232,0.7840677179962894,0.9902176141522421,0.9483034553798266,0.9011068768756534,0.006810242749995464,0.002769794646444638,0.8119936035525938,0.9989057483520307,SEKER
146,33824,656.3389999999999,220.75386483695198,195.2815454499328,1.1304389481777728,0.4663275549513679,34079,207.52362362179915,0.7884382284382284,0.992517386073535,0.9866847311746488,0.9400679067389165,0.006526545199767975,0.003144126554291797,0.8837276692804881,0.9990001769370296,SEKER
147,33838,661.029,222.97351366726056,193.48363834104393,1.152415344155542,0.4970136919629081,34146,207.5665669484092,0.7821283284023669,0.990979909799098,0.9731359672425134,0.9309023459089276,0.006589441269202097,0.003052423955411561,0.8665791776187448,0.9986591412135324,SEKER
148,33845,670.945,226.3816047704176,190.5214244802563,1.1882212480196814,0.5401105065345906,34159,207.58803528036384,0.763926507764536,0.9908076934336485,0.9447796730477572,0.9169827888219405,0.006688775440106887,0.002917232987169734,0.8408574349956637,0.9991246708171755,SEKER
149,33849,669.571,221.61048097811062,194.67134891468825,1.138382623912613,0.4778540055985195,34239,207.60030190185302,0.7862717770034843,0.9886094804170683,0.9487732593185922,0.9367801603316702,0.0065470318466752525,0.003110104301307849,0.87755706879103,0.9989957186033939,SEKER
150,33858,664.4599999999999,234.33500135412973,184.13929158842225,1.2725964096674276,0.6184869353613691,34142,207.627899150483,0.7812543264571508,0.9916817995430848,0.9636814093270455,0.8860302470850837,0.006921111741807836,0.002631175494360336,0.7850495987496545,0.9990513007796651,SEKER
151,33860,683.3149999999999,225.53501538521542,191.52116134487306,1.17759841158802,0.5280939874898085,34319,207.63403137427306,0.7751831501831502,0.9866254844255369,0.9112864422024723,0.9206288035568786,0.006660809668789587,0.0029515151757535784,0.8475573939385697,0.9980822408317415,SEKER
152,33864,662.8979999999999,221.2164258314313,195.06351782969685,1.1340738047417336,0.4716668624373032,34167,207.6462952785615,0.7716004374772147,0.9911317938361577,0.9683998244245622,0.9386567679056059,0.006532495447420013,0.0031281397131877305,0.8810765279349986,0.9992058103038801,SEKER
153,33866,668.4209999999999,230.93115856234263,186.8608750681744,1.2358454303400304,0.5875846814914162,34171,207.65242695909194,0.7999338624338624,0.9910743027713558,0.9525188883534276,0.8991962290919425,0.006818967653763144,0.0027498962000582,0.8085538584131694,0.999247591103715,SEKER
154,33876,666.9659999999999,228.1491732215778,189.1647867751134,1.2060869103128087,0.5590593418990917,34211,207.68308264624824,0.7882722513089006,0.9902078278916138,0.9569617899852102,0.9102951359133221,0.006734832129577807,0.0028525641924698705,0.8286372344674535,0.9994085218890015,SEKER
155,33930,666.214,224.15096878128537,192.86056216026702,1.1622436763147876,0.5096112598916206,34251,207.8485452267205,0.762729009778577,0.9906280108609967,0.9606522715113435,0.9272703408635636,0.006606276710323765,0.003012742395804492,0.8598302850452293,0.9993323114977593,SEKER
156,33946,667.313,231.54253969433873,187.0289920993287,1.238003461898407,0.5895221873995569,34246,207.89754588638084,0.7912267207421393,0.9912398528295275,0.9579421876681037,0.8978805629446241,0.00682090790356268,0.0027346152359717,0.8061895053137554,0.9980653985245932,SEKER
157,33946,668.564,234.75484496748282,184.29373848497198,1.2738080354619625,0.6194353825333868,34280,207.89754588638084,0.7615308686288585,0.9902567094515753,0.9543605874553165,0.8855942713990753,0.006915537764905521,0.002623885710175942,0.7842772135348592,0.999018616630421,SEKER
158,33961,690.353,238.19249889240353,181.65429721468107,1.311240650756007,0.6468272924384669,34379,207.94347351804737,0.7704051540311239,0.9878414148171849,0.8954635260436054,0.8730059698982365,0.007013706866476357,0.002513021636851681,0.7621394234779605,0.9993481936080489,SEKER
159,33961,667.497,233.11383397158048,185.73329780606045,1.25509984868192,0.6043099029714659,34279,207.94347351804737,0.7711924063855394,0.9907231832900609,0.9578371946608222,0.8920254537248884,0.006864162833001987,0.0026808735399262975,0.7957094100930928,0.9986947602026207,SEKER
160,33969,666.3889999999999,222.36183258115275,194.7690371955832,1.1416693114206926,0.4824738405585484,34260,207.96796410771717,0.7647058823529411,0.9915061295971979,0.9612514033166444,0.935268259366488,0.006546022331571514,0.0030895983767304206,0.8747267169784205,0.9986486486540366,SEKER
161,33972,672.812,232.98826925182516,185.91562472779725,1.2531935903340448,0.6027086746541983,34349,207.97714733533334,0.7856614246068455,0.9890244257474744,0.9430691144361364,0.8926507244471671,0.0068582441202115025,0.0026860800401307433,0.7968253158560521,0.9985763784467052,SEKER
162,33993,669.092,219.75057468040796,197.0923213620353,1.1149626386344709,0.44225158361953343,34299,208.04141857856666,0.778228021978022,0.9910784570978746,0.9541742314155844,0.946716152533979,0.006464583140070249,0.003203313439301021,0.8962714734687404,0.9993092069915118,SEKER
163,33996,663.7429999999999,223.09635806856812,194.38087645056177,1.1477279151239437,0.4907744788998699,34285,208.05059856394692,0.7646939739523585,0.9915706577220359,0.969700850948088,0.9325593674640044,0.00656242964079798,0.003061613600232971,0.869666973844864,0.9981410627431148,SEKER
164,34004,659.963,229.0597505344207,189.1650396805996,1.21089896378941,0.5639151514160147,34277,208.0750765449204,0.7819707945268484,0.9920354756834029,0.9810715807244832,0.9083877724456574,0.006736258985249402,0.002829330343920333,0.8251683451287833,0.9991954940682661,SEKER
165,34027,670.16,231.65770534003275,187.41236571414854,1.2360854869809903,0.5878010252259568,34334,208.1454347054083,0.7785073670723895,0.9910584260499796,0.9520867478784445,0.898504258254166,0.006808055524731324,0.0027370542821871964,0.8073099021008691,0.9979040534829283,SEKER
166,34036,666.067,226.92801020670004,191.1104705915382,1.187417986593288,0.5392223692122651,34369,208.17295968642517,0.7538427464008859,0.9903110361081207,0.964078825789416,0.9173524215754961,0.006667293753869433,0.002912555432596112,0.8415354653704268,0.9992543479369976,SEKER
167,34051,677.272,227.62094579789553,190.66400362673082,1.1938328235439581,0.5462254243503953,34502,208.21882656901374,0.7579015313390314,0.9869282940119414,0.9328536007679716,0.9147612748867632,0.006684706639978137,0.0028873085703971383,0.8367881900324564,0.9989852076146856,SEKER
168,34053,671.582,232.43614413293815,186.7914403235722,1.2443618601061015,0.5951363260970111,34362,208.22494138999414,0.7439863669135479,0.9910075082940457,0.9487835524842172,0.895837186452823,0.006825717091972459,0.0027117171723651636,0.80252426463171,0.9986305867173958,SEKER
169,34060,662.146,220.43837742333972,196.8822030130114,1.1196460322458477,0.44977993392159693,34367,208.24634184945396,0.7890834955055138,0.9910670119591468,0.9762183975020567,0.9446918648358964,0.006472060405852605,0.0031796771552011897,0.8924427194871236,0.9992199498804522,SEKER
170,34082,668.346,230.62694695756085,188.39128290379577,1.2241911802009078,0.5768276533790457,34364,208.3135861235743,0.8017407668783816,0.991793737632406,0.9588092822219659,0.9032491166867306,0.0067668255078211625,0.0027784009742379667,0.8158589667953592,0.998767351438704,SEKER
171,34097,680.5949999999999,227.81914201365322,190.81017122854738,1.1939570125995929,0.5463590100603352,34502,208.35942204957962,0.7622507377269069,0.9882615500550693,0.9250144672419244,0.9145825948071239,0.0066815010708758315,0.0028836698304357676,0.8364613227241318,0.9986988620348083,SEKER
172,34104,667.289,229.47873598019265,189.54404171042142,1.2106882068642497,0.5637045608739751,34421,208.38080869803724,0.7984267453294002,0.9907905057958805,0.962470112304693,0.9080615151899021,0.006728792399137716,0.002822136219579114,0.8245757153689807,0.9983040942638771,SEKER
173,34113,673.914,221.24236619821045,196.51038183482154,1.1258558664049494,0.45943158071702483,34492,208.4083025926525,0.7746616404759742,0.989011944798794,0.9438887744993865,0.9419909313659213,0.006485573423569034,0.003150032469535275,0.887346914775636,0.9990247295364825,SEKER
174,34130,666.585,235.54134778222698,184.7780344521473,1.274725908198932,0.6201511211669004,34392,208.46022561105295,0.7955154651189893,0.9923819492905327,0.9652394845922767,0.8850260371431166,0.006901299378324846,0.0026117693496699613,0.7832710864212493,0.998455947004291,SEKER
175,34131,668.091,224.3380185576345,193.8042126797846,1.1575497532053123,0.5036740854902436,34473,208.46327950350351,0.7706254233461278,0.9900791924114525,0.9609208885298933,0.9292374107777339,0.006572852203499297,0.003023015498399568,0.8634821655889072,0.9995235676746281,SEKER
176,34151,674.271,231.51360089503967,188.0356230220447,1.2312220268384877,0.5833774257124232,34580,208.52434796025747,0.7504559738062276,0.987593984962406,0.9439398619869639,0.9007002057507423,0.0067791163039161275,0.0027521613741877267,0.8112608606394297,0.9988422411312144,SEKER
177,34151,662.1289999999999,226.5248185142711,192.2363363801511,1.1783662900561829,0.5289827785945032,34389,208.52434796025747,0.7782107373985963,0.9930791822966646,0.9788768775073232,0.9205364309656004,0.006633036177982229,0.0029380288206677665,0.8473873207348857,0.9985326533750161,SEKER
178,34179,677.064,225.06050174252638,193.59289279424559,1.162545269581385,0.5099879303501837,34576,208.60981376604295,0.7780155243449955,0.9885180472003702,0.9369356647594377,0.9269054860843448,0.006584759698719283,0.0029982062412914775,0.8591537801332555,0.9988051629368815,SEKER
179,34191,661.403,223.98091490633587,194.47467302144932,1.1517227998199653,0.49610159200377546,34445,208.64643125162706,0.7719801309550689,0.9926259253883002,0.982176064204513,0.9315366505172042,0.006550873472736564,0.0030428375015920397,0.8677605312568121,0.9994195886323562,SEKER
180,34207,668.737,228.03246867789173,191.41545354641556,1.191296023665075,0.5434802975676558,34515,208.69524457149404,0.7577308169413433,0.9910763436187165,0.9612008506823263,0.9151996896822945,0.006666251605750043,0.0028848611875222615,0.837590471994568,0.9978181987468822,SEKER
181,34207,661.1379999999999,226.87351766047715,192.19470806825427,1.1804358191793052,0.5313621952055784,34421,208.69524457149404,0.7742994250531939,0.9937828651114146,0.9834235685968524,0.9198748568081558,0.0066323710837102685,0.00292929812233685,0.8461697521878253,0.9988490845885852,SEKER
182,34220,677.5269999999999,233.18301931485547,186.95910424089845,1.2472407816759599,0.5976329790268797,34577,208.73489698858995,0.7737529959752182,0.9896752176302166,0.9367779408657143,0.895154791296126,0.0068142320080320125,0.0026989152118127623,0.8013021003804109,0.9994166580370523,SEKER
183,34222,671.9939999999999,223.2982637909043,195.23836810985165,1.1437212160330321,0.4853157852341805,34576,208.74099669189744,0.7843325999266594,0.9897616844053679,0.9523234097450136,0.9348079700582078,0.006524991636692896,0.0030736141579176318,0.8738659408843472,0.9994590165580951,SEKER
184,34239,666.439,232.68629338929807,187.72434612570663,1.2395104747547416,0.5908654604031768,34510,208.7928369752833,0.7695540771374629,0.9921472037090698,0.9687464586502148,0.8973147233299231,0.006795943029565644,0.002717744762542283,0.8051737127046564,0.9980212508945868,SEKER
185,34246,684.324,229.90850418966878,189.9911444177677,1.2101011596841986,0.5631169810295429,34732,208.81417923359606,0.7795583883450945,0.9860071403892664,0.9189590803998924,0.9082490444169459,0.006713441108148945,0.0028180243711207996,0.8249163266842954,0.9982322035630952,SEKER
186,34253,672.539,228.00427994341675,191.36853232101504,1.1914408141091155,0.5436378245352474,34556,208.83551931080478,0.7928935185185185,0.9912316240305591,0.9516418464822549,0.9159280666250256,0.006656476219409008,0.0028898121751009787,0.8389242232314574,0.9995285595027449,SEKER
187,34254,668.704,223.968828567707,194.92918606396265,1.1489753437651737,0.4924500720489869,34575,208.83856771525288,0.7753633030014939,0.9907158351409978,0.9626165305630868,0.9324447917631531,0.006538472253392508,0.0030489377528400124,0.8694532896862298,0.9989803924049974,SEKER
188,34259,676.4019999999999,227.5449240584587,191.86803821078993,1.1859449139125164,0.537585123069977,34623,208.85380907008124,0.7701247611554457,0.9894867573578258,0.9409678386370264,0.9178574733507326,0.00664190210042496,0.0029078582103898073,0.8424623413857909,0.9991139289293088,SEKER
189,34276,689.6259999999999,229.55897721496254,190.41150657850127,1.2055940386161583,0.5585563026546196,34738,208.90562135888644,0.7631133671742809,0.986700443318556,0.9056757611201464,0.9100302845628382,0.006697367756300692,0.0028333960937695917,0.8281551188215203,0.9984188743006812,SEKER
190,34291,671.5070000000001,230.65806702918732,189.62393120757562,1.216397453424235,0.569343532771492,34619,208.9513274150549,0.7820425104907863,0.9905254340102256,0.9556281312607998,0.9058921290128314,0.006726489954483314,0.0027943075593037324,0.8206405494074004,0.998225074475827,SEKER
191,34313,671.844,220.93397542609213,198.10385195254597,1.1152432082896344,0.4427088844328233,34600,209.01834488507853,0.796975890741859,0.9917052023121388,0.9552821621713989,0.9460670070412068,0.006438783418124097,0.0031817874803614075,0.895042781811907,0.9981903835443905,SEKER
192,34321,669.5310000000001,227.99584508110556,191.8273267135762,1.188547267937137,0.5404700458004247,34652,209.04270954724905,0.7874678781204112,0.9904478817961445,0.9621181711133079,0.9168706976782219,0.006643042017455947,0.002895870490258703,0.8406518762609492,0.9991544908161794,SEKER
193,34327,677.3109999999999,231.15812834274797,189.30437178706862,1.2210923929572892,0.5738807890179418,34714,209.06098118042956,0.7935961160559473,0.9888517600967909,0.9403065389491094,0.9044067914862417,0.006734003214459404,0.0027791266694071485,0.8179516444864384,0.9987945308892949,SEKER
194,34333,665.6859999999999,229.2148642495168,190.871870066735,1.2008834207438521,0.5536938732531718,34592,209.07925121683485,0.7790560471976401,0.9925127197039778,0.9736049442008282,0.91215398225325,0.006676225912373425,0.002850909431889278,0.8320248873404623,0.9991648928534326,SEKER
195,34337,667.785,229.80676046303572,190.62958463779998,1.2055146681438411,0.5584751947549935,34583,209.09143035421437,0.8097967077024668,0.9928866784258161,0.9676067589889394,0.9098576122517797,0.006692686037307736,0.0028292670814580693,0.82784087457251,0.9979743171861867,SEKER
196,34349,674.8629999999999,238.23124327213023,183.72493694297447,1.29667342515444,0.6365878351024455,34645,209.12796351064125,0.7833652618135377,0.9914561985856545,0.947747670509757,0.8778360077303359,0.006935609283301704,0.002540492670727858,0.7705960564679345,0.999211427950781,SEKER
197,34390,680.24,245.01467084166455,178.9745100054243,1.368991991285456,0.682950706891803,34759,209.25273700346727,0.793932957798504,0.9893840444201502,0.9339372718587594,0.8540416632385753,0.007124590603130694,0.0023380613736413078,0.7293871625473123,0.9985251840736935,SEKER
198,34394,669.7620000000001,230.92113328533313,189.9052631604084,1.2159806918583378,0.568936466343328,34730,209.2649060440407,0.7816818181818181,0.9903253671177656,0.963499611561409,0.9062180800293694,0.006713994687600544,0.002793133195566964,0.8212312085721167,0.9986012931751814,SEKER
199,34395,665.156,231.71714714301186,189.18982594223945,1.2247865126413098,0.5773895255996104,34638,209.26794819361592,0.7912353347135955,0.9929845834055084,0.976918090431799,0.9031180936491477,0.006736942786539086,0.002764526740190354,0.8156222910764709,0.998963181520066,SEKER
200,34397,678.85,229.77470216151102,190.93159397655174,1.203439919899949,0.5563451176699462,34776,209.2740323600981,0.7722027658045977,0.9891016793190707,0.9379566908279493,0.91077925633866,0.006680079720949822,0.002835397361550748,0.8295188537768027,0.998276102944653,SEKER
201,34410,684.481,232.45793613771897,188.93962927171376,1.2303291640496532,0.5825559315582914,34802,209.31357513151636,0.8006980802792321,0.9887362795241653,0.9229363304514616,0.9004363482239177,0.006755534325420487,0.0027393753263080726,0.8107856172028246,0.9975331906366333,SEKER
202,34412,667.1990000000001,233.95898570626764,187.39829092479127,1.2484584814071897,0.5986806829854633,34677,209.31965797178825,0.7874599542334096,0.9923580471205699,0.9714243934193179,0.8946852686162107,0.006798761644376021,0.0026871426657068117,0.8004617298788611,0.999343235709135,SEKER
203,34419,687.797,224.14324566803447,195.61516273426614,1.1458377895404885,0.48821412476615095,34885,209.34094652083613,0.7752027027027028,0.9866418231331517,0.9142975540104176,0.9339605389264276,0.006512195173248336,0.003056478035422918,0.8722822882717429,0.9994940090486132,SEKER
204,34421,678.034,232.4039146149295,189.14974745636022,1.22867684329607,0.5810278789964333,34762,209.34702856579796,0.7557082638096074,0.9901904378344168,0.9408716942086729,0.9007895969078896,0.0067518060083939895,0.0027421623659183076,0.8114218978974785,0.9969752960899798,SEKER
205,34425,680.5029999999999,232.64566660027586,188.5544051452977,1.2338384055307643,0.5857678246268502,34791,209.35919212565753,0.7589285714285714,0.9894800379408468,0.934165286025574,0.8999058318389898,0.006758044055200461,0.0027339404232622606,0.809830506177824,0.9991999804926183,SEKER
206,34428,688.178,229.73249787327833,191.37907170333813,1.200405539793781,0.5531949859555542,34908,209.36831433180663,0.7777702473737717,0.9862495702990719,0.9135242675416911,0.9113569750471059,0.006672838906508607,0.002839517112108869,0.830571535967011,0.9970226729698298,SEKER
207,34441,675.683,228.6978290867147,191.91520308977306,1.1916608241804358,0.543876990664141,34826,209.40783929983075,0.7908744374024066,0.988945041061276,0.9479809980295272,0.9156529387973779,0.006640278420682173,0.002879317962064595,0.8384203043282745,0.9991126308654437,SEKER
208,34443,684.507,234.60733000375535,187.5726238224903,1.2507546422434035,0.6006430341201401,34874,209.41391940201396,0.7846500820120285,0.9876412226873889,0.9237512694303088,0.8926145632306624,0.006811466190626698,0.0026673268749801585,0.7967607584914664,0.9965522174405769,SEKER
209,34447,682.912,225.08741131352778,195.3291752838704,1.152349161288425,0.4969266706637361,34853,209.42607907682404,0.7457836281365693,0.9883510745129545,0.9281790908620908,0.9304211099798521,0.006534311008608232,0.003020631768703217,0.8656834418961399,0.9975695882102937,SEKER
210,34461,675.775,246.7254393124309,178.15778372200398,1.3848703893702412,0.6917999253636143,34691,209.46863237993043,0.7701814768460575,0.9933700383384739,0.9482732451075333,0.848994870426305,0.007159555419530219,0.0022944895440966894,0.7207922900101783,0.9982038993214637,SEKER
211,34469,666.834,230.1579705139116,190.99367111305517,1.2050554825854614,0.5580054112888546,34747,209.49294467231186,0.789667812142039,0.9919993092928886,0.9740989555443877,0.9102137293118394,0.006677245365804393,0.002827161551181672,0.8284890330277667,0.9983752515120378,SEKER
212,34474,672.3000000000001,225.64940925786897,194.6503481240985,1.159255102456879,0.505847536217252,34774,209.50813842235343,0.7933081737849779,0.9913728647840341,0.9584629261575431,0.9284674802003602,0.006545495424315977,0.0030004685198585204,0.8620518617896061,0.999338019362053,SEKER
213,34475,677.6759999999999,241.04318207553527,182.36911353669487,1.3217324874863443,0.6538979603657228,34878,209.51117704013964,0.776463963963964,0.9884454383852285,0.9433436453566266,0.8691852440550901,0.0069918254409147285,0.002461612672565486,0.7554829884831065,0.9985464096213936,SEKER
214,34483,687.567,233.74072431538704,188.58786647936813,1.2394261024261533,0.5907904653297025,35051,209.5354843960865,0.7406778932898015,0.9837950415109412,0.9166105621839155,0.896444062153926,0.006778433556111332,0.0027002370110032633,0.803611956571032,0.9960176351958894,SEKER
215,34491,674.6569999999999,233.18283701023674,188.57636574139076,1.2365432756829042,0.5882130239035973,34829,209.55978893256335,0.785850991114149,0.9902954434522955,0.9522469460133066,0.898693023978277,0.0067606864692307195,0.0027202952338630623,0.80764915134722,0.9986931272094092,SEKER
216,34503,678.2399999999999,236.54464120597964,185.89276944430156,1.272478977601411,0.618394789345927,34885,209.59624045291778,0.7477245145631068,0.9890497348430558,0.9425402900795121,0.8860747780390612,0.006855770257832062,0.0026068588509529766,0.7851285122769713,0.9990595265879174,SEKER
217,34509,668.332,230.32948561905977,190.91974130784058,1.2064204782661767,0.5593991850161442,34776,209.61446383602856,0.7836542828594786,0.9923222912353347,0.9708625007051607,0.9100635260511474,0.0066744758068637096,0.0028241239988642465,0.8282156214486474,0.9991762861355958,SEKER
218,34521,667.908,224.75531771252312,195.68297651232194,1.1485685761651858,0.4919049130926088,34830,209.65090585018362,0.7858004598119779,0.9911283376399656,0.9724335658818553,0.9327961980340814,0.006510683865256601,0.003040559034854247,0.8701087470668374,0.9993795647274312,SEKER
219,34523,673.987,231.91704861257833,189.73417602823065,1.2223261695250478,0.575058573984268,34878,209.65697890337927,0.7858638743455497,0.9898216640862435,0.955026346185607,0.9040171050711114,0.006717754789924929,0.002767645754236746,0.8172469262611529,0.9989423049329141,SEKER
220,34532,689.5509999999999,217.02210258585615,202.71490848465746,1.0705779077037225,0.35707701910226414,35057,209.68430546608548,0.7683339266642933,0.9850243888524403,0.912638553174804,0.9661887105859747,0.006284666471268856,0.003378390381493253,0.9335206244637884,0.9994065569367148,SEKER
221,34543,670.896,235.01801041707847,187.29113518329902,1.2548271982390937,0.6040815875501897,34826,209.71769976276852,0.7691947982542086,0.9918738873255614,0.9644051292438524,0.892347354105286,0.006803636349392886,0.00266107194614872,0.7962838003787049,0.999198570232388,SEKER
222,34543,669.456,226.97544339927447,193.9725569772205,1.1701420393500803,0.5192916204364303,34827,209.71769976276852,0.7867848032069971,0.9918454072989348,0.9685584626362552,0.9239664724163675,0.006570808655857177,0.0029540880314148058,0.853714042149546,0.9989666903026704,SEKER
223,34594,670.0689999999998,233.4408876577448,188.86599082577766,1.2360133586627884,0.5877360433917923,34848,209.8724584374239,0.7814321210752202,0.9927112029384757,0.9682145228529496,0.8990389838866816,0.006748016640392693,0.002719380651584757,0.808271094547997,0.9990338702823178,SEKER
224,34600,673.252,231.43491646698135,190.45782230748082,1.215150491920179,0.5681234594179868,34919,209.89065783840078,0.7777902663819265,0.9908645722958848,0.9592474610280542,0.9069100766752528,0.006688870418120848,0.002791190348755417,0.822485887175113,0.9994441303982432,SEKER
225,34601,685.556,226.51953917195354,194.71875678612517,1.1633164822470474,0.5109485331003042,35048,209.8936909184775,0.7806204173716864,0.9872460625427985,0.925151041778264,0.9266030280908563,0.006546618281898025,0.0029769506974895795,0.8585931716671443,0.9988155881451579,SEKER
226,34622,683.3820000000001,235.92880475975045,187.05308479793214,1.2612933115463842,0.6094337519589811,35010,209.9573754785023,0.7637262038691461,0.9889174521565267,0.9316117235115191,0.8899183619918932,0.006814418715260541,0.002636387534141502,0.7919546910103344,0.9988871548191182,SEKER
227,34623,675.213,228.19437071770486,193.50330052000945,1.1792789585731545,0.5300349695630745,34965,209.96040759477856,0.759576148479663,0.9902187902187902,0.9543176788717901,0.920094597138493,0.0065908318377293955,0.0029137340936469386,0.8465740676834456,0.9983469848927727,SEKER
228,34626,667.845,231.88842108625673,190.4682828757511,1.2174647536331569,0.5703827784056116,34913,209.9695036808911,0.7618481848184818,0.991779566350643,0.9755753782941737,0.9054764472383365,0.006696945101549608,0.0027769312907890216,0.81988759650336,0.9981842506838443,SEKER
229,34629,670.997,233.1312207665088,189.68287486803732,1.22905782047377,0.5813811069138397,34915,209.9785993729693,0.7458163726820444,0.9918086782185307,0.9665151311983214,0.9006884564091574,0.006732253913382101,0.0027329937398894192,0.8112396955087109,0.9970604920437409,SEKER
230,34631,670.02,229.33678369647345,192.40140258159565,1.1919704358663075,0.5442131577940323,34953,209.98466294880544,0.7606862012915696,0.9907876291019369,0.969391848199118,0.9156170221115489,0.006622297470372598,0.0028710706518692494,0.8383545311804206,0.9992938159416198,SEKER
231,34635,667.6379999999999,227.06322454942782,194.41521973071224,1.1679292643031594,0.5166176101830866,34929,209.99678957522744,0.764012970683608,0.991582925362879,0.9764341520723405,0.9248384012511665,0.006555889260846768,0.0029585219032407305,0.8553260684288138,0.9989603458393784,SEKER
232,34638,677.314,234.6904502499939,188.33979967222592,1.2461011993133344,0.5966480298795837,34989,210.00588408550976,0.7578767722737616,0.9899682757438052,0.9488172392504463,0.8948207473368006,0.0067755196677058115,0.0026795789252025055,0.8007041698643904,0.9977584263632048,SEKER
233,34666,681.015,225.79266717652843,195.82776517496245,1.1530166162841813,0.4978028993950144,35034,210.09074719698904,0.7977998711221578,0.989495918250842,0.9392911732279462,0.9304586806299455,0.006513375271924318,0.003011440116912284,0.8657533563596187,0.9982280054864406,SEKER
234,34671,674.8739999999999,235.58951949341233,187.64972443295957,1.2554749025361873,0.6046235865299315,35015,210.10589771711034,0.7657699443413729,0.990175639011852,0.9566010166614723,0.8918304098115257,0.00679500214857986,0.0026515417445817065,0.7953614798645937,0.9985563764140386,SEKER
235,34676,668.424,226.44750669913543,195.1937880282233,1.1601163591660668,0.5069380327487042,34982,210.12104714482197,0.7779073941134242,0.9912526442170259,0.9752922839673075,0.9279017914911059,0.00653038143670364,0.0029862513875079768,0.8610017346524039,0.9988621976406147,SEKER
236,34680,669.5749999999999,231.2624473110722,191.24109612009553,1.2092717099145054,0.5622842699112522,34941,210.13316590061513,0.7759430796080011,0.9925302653043703,0.9720542263546236,0.9086350522701336,0.006668467338842913,0.002803907854341434,0.8256176582139486,0.9983960772839913,SEKER
237,34700,690.412,233.63013623425365,189.50181499077016,1.2328649002418937,0.5848813201491644,35154,210.19374919894773,0.7478770636665374,0.9870853956875463,0.9147926706928105,0.8996859420061846,0.006732856951995782,0.0027210898860729805,0.8094347942435558,0.9979237468573993,SEKER
238,34703,676.387,230.76931554445852,191.76266092952113,1.2034111042570148,0.5563153984100059,35025,210.2028351876928,0.7732397504456328,0.9908065667380442,0.9532051505064941,0.9108786178602523,0.00664983763779669,0.0028237928509219534,0.8296998564750037,0.9984700204824708,SEKER
239,34722,670.391,227.25935149840683,194.73186267916822,1.167037321842032,0.5155315034794671,34999,210.26037066526428,0.7903758166215201,0.9920854881568045,0.9708636617025157,0.9252000821041605,0.006545111211865872,0.0029582811320311387,0.8559951919255452,0.9989783362944445,SEKER
240,34729,671.193,228.81027135269554,193.65763511226822,1.1815194955781032,0.532598936854611,35043,210.2815639781754,0.7771437522377372,0.9910395799446394,0.968740162417395,0.9190215226572613,0.006588449749566516,0.0028991169146633414,0.8446005591072709,0.997912026561407,SEKER
241,34733,670.564,228.3272478148244,193.8600235946251,1.1777943878324946,0.5283211301893465,35019,210.29367348374132,0.7778076363229202,0.9918330049401753,0.9706701895295027,0.9210187373444431,0.006573784234440572,0.0029178910425737364,0.8482755145395523,0.9990941403604061,SEKER
242,34747,672.202,234.54041915496177,188.7259829822753,1.2427563785797806,0.5937318878612967,35043,210.33605126300316,0.7841442498645965,0.9915532345974946,0.9663347063449117,0.8968008670779825,0.0067499473092630085,0.0026931728233819618,0.8042517951918213,0.9994890484588751,SEKER
243,34748,669.267,221.09049586778124,200.26914135255046,1.1039668636646183,0.42365358065880115,35046,210.33907792052676,0.7704656319290466,0.9914968898019746,0.9748568639715147,0.9513709628039183,0.006362682625410994,0.0032152858675912666,0.9051067088664547,0.9992078146691047,SEKER
244,34750,675.599,223.1988365614265,198.52820981082235,1.124267613021408,0.45699757129806434,35091,210.3451311049222,0.8050690390139932,0.9902824085947964,0.9567240179935173,0.9424114137218325,0.006422988102487094,0.003125208734849784,0.8881392727131829,0.9985062201638195,SEKER
245,34757,686.779,231.22986999111677,191.67203308106656,1.2063829358627371,0.559360960741551,35150,210.36631587865975,0.7864108423648664,0.9888193456614509,0.9260152392365317,0.9097713711759707,0.006652756854478717,0.0028113212731106117,0.8276839478114059,0.9985037909271842,SEKER
246,34761,687.872,229.73702139712367,192.88757259850132,1.1910410727980132,0.5432026691064196,35171,210.3784205058565,0.776816840976133,0.9883426686758977,0.9231810096361353,0.9157358236232902,0.00660904523451925,0.00286681259365223,0.8385720986670259,0.9987738120148558,SEKER
247,34766,669.4749999999999,232.1753321905382,190.99404732945808,1.2156155410961256,0.5685792260547987,35054,210.3935503105137,0.7521038399134667,0.991784104524448,0.9747558762991739,0.9061839099161966,0.006678229655138302,0.002777835341760165,0.8211692785910059,0.9982261369259205,SEKER
248,34771,683.1089999999999,230.5865191193665,192.1855584052579,1.1998118955074306,0.5525737876706339,35163,210.4086790272358,0.7839781746031746,0.9888519182094816,0.9363690071575772,0.9124934095488672,0.006631575713076026,0.0028360601720736132,0.8326442224701169,0.9990164428451818,SEKER
249,34772,671.9469999999999,228.04767463030743,194.33663804815546,1.1734672212133184,0.5232560944664002,35103,210.41170464004867,0.7631798428514991,0.9905706065008689,0.9677640750217898,0.9226654250307582,0.006558370948760711,0.002931924121117328,0.8513114865471898,0.99898612450551,SEKER
250,34774,677.7259999999999,228.52221551731438,193.96029003283445,1.178190729033397,0.5287798580540847,35139,210.4177557351578,0.7805611672278339,0.9896126810666211,0.9513848244463001,0.9207759309475763,0.006571640177066612,0.002913864632283952,0.847828315012376,0.9989034605595879,SEKER
251,34787,677.348,230.85663793461165,192.64593164579637,1.1983468114918225,0.5510337390895738,35126,210.45708361255532,0.7268339566661791,0.9903490292091328,0.9528030432329305,0.9116354006340751,0.006636290508943331,0.0028274170823730663,0.8310791036892506,0.9959209940034952,SEKER
252,34792,692.1899999999999,228.0326605474431,194.3385831397018,1.1733782188970683,0.5231508092894979,35231,210.47220776251143,0.7849294980259447,0.9875393829298061,0.9125120687700369,0.9229915015560758,0.006554169365010436,0.0029341899926481315,0.8519133119447396,0.999616524624421,SEKER
253,34794,693.5369999999999,237.49055084799912,186.9933377168114,1.2700481939504298,0.6164785583651098,35187,210.47825711820033,0.7471975260919984,0.9888311023957712,0.9090231680656014,0.8862595011323737,0.0068256179470023316,0.002597558604820307,0.785455903347404,0.997566851474074,SEKER
254,34794,671.293,236.61087920035044,187.42315311623102,1.2624421010226816,0.6103711817702068,35052,210.47825711820033,0.7849746192893401,0.9926395070181445,0.9702641522508076,0.889554435660491,0.006800335667079107,0.0026266380498391204,0.7913070940032546,0.9989793903076214,SEKER
255,34800,671.7959999999999,226.63618857442066,195.6138269634196,1.158589820017183,0.5050018942720228,35120,210.49640414216975,0.7846320346320347,0.9908883826879271,0.9689788118919322,0.9287854930239834,0.006512534154437376,0.0029894512133643997,0.8626424920518039,0.9994488096054734,SEKER
256,34841,675.857,231.95696412530225,191.61127237001733,1.2105601160947046,0.5635764790160812,35137,210.62036695941302,0.7890791321284595,0.9915758317443151,0.9584971880075094,0.9080148455712531,0.006657586295608687,0.0027916975374684895,0.8244909597777866,0.9980958719876318,SEKER
257,34841,670.201,223.72249147378952,198.53079324574804,1.126890634022997,0.46100495546230497,35122,210.62036695941302,0.7875808128758082,0.9919993166676158,0.974743465781251,0.941435818866198,0.006421241969914455,0.0031114417151853783,0.8863014010442687,0.9987647477582464,SEKER
258,34847,686.6329999999999,236.42622361907488,188.06265785829453,1.2571672989819296,0.6060335548792543,35229,210.63850174027115,0.7610176894518453,0.9891566607056687,0.928807931300964,0.8909269814318382,0.006784693764716471,0.002636807705624776,0.7937508862432471,0.9978776577229358,SEKER
259,34850,674.2950000000001,230.43358149767062,192.75218819379856,1.19549139056199,0.5480033763479951,35119,210.64756854523725,0.7725045995611021,0.9923403285970557,0.9631917804269822,0.9141357226501582,0.0066121544188714665,0.002848167148142021,0.8356441194251268,0.9990053503464945,SEKER
260,34865,680.0,224.82509211730212,197.67763201253888,1.1373319774644066,0.4763592233103278,35256,210.6928967174533,0.7931795431795432,0.988909689130928,0.9475054313789631,0.9371413783632506,0.006448446640393005,0.0030679998175890703,0.8782339630405734,0.9988435698613377,SEKER
261,34878,671.541,225.41350364730891,197.1479559296138,1.1433722585882988,0.48483472261530236,35188,210.73217324669008,0.7652040368582712,0.991190178469933,0.9718883387317139,0.9348693394004033,0.0064629136890678625,0.003045171700831411,0.8739806817509465,0.9992852660561209,SEKER
262,34878,679.271,229.29698163508866,193.94987008293307,1.1822486993007066,0.5334276157257188,35217,210.73217324669008,0.7844804318488529,0.9903739671181532,0.9498943181176199,0.9190359669978418,0.00657425831857012,0.002893054130707448,0.8446271086356582,0.9985593005786236,SEKER
263,34879,689.973,236.19313013460476,188.39816244409465,1.253691262539213,0.6031278269200533,35298,210.73519421496195,0.7697859192231296,0.9881296390730353,0.9206820932616074,0.8922155953260177,0.0067717861789215504,0.0026470505805665026,0.7960486685429603,0.9979992603082833,SEKER
264,34879,675.4669999999999,223.80001449334026,198.8687463015881,1.1253654415558263,0.4586824781572389,35258,210.73519421496195,0.7923623889684,0.9892506665154007,0.9606509492671899,0.9416227907404041,0.0064164687775836535,0.0031115995071370594,0.8866534800417472,0.9978091850741907,SEKER
265,34882,680.0649999999999,234.5232448905755,189.53117888154608,1.2373860927501998,0.5889695913955444,35219,210.74425685994848,0.7929168939807237,0.9904313012862376,0.9477862272127905,0.8986071165708035,0.006723331371210811,0.00270423042228096,0.8074947499516938,0.999182773559026,SEKER
266,34883,672.664,232.32246418759735,191.46843872740118,1.2133721136064683,0.5663723420397409,35182,210.74727765500714,0.7997386400110046,0.9915013359104087,0.968784810670316,0.9071325857013615,0.006660048281042266,0.0027818916533215916,0.8228895280412382,0.9984712059040264,SEKER
267,34895,677.7,225.3698384108187,197.2329238681206,1.1426583046627234,0.48384761893066924,35227,210.78352381894913,0.7630324499256538,0.990575410906407,0.9547685290253809,0.9352783198731293,0.006458513781654068,0.0030484271629436436,0.8747455356247037,0.9995352507482097,SEKER
268,34911,677.462,235.2555983892776,189.27998880298898,1.2428973600275413,0.593855566433165,35252,210.83184234419917,0.7625152891839944,0.9903267899693634,0.9558775752486058,0.8961820410978513,0.006738724138216539,0.002681281351148544,0.803142250786311,0.9982233832288836,SEKER
269,34911,670.061,232.39465737889861,191.37687106677916,1.21432990352218,0.5673170773485277,35204,210.83184234419917,0.7710707659687251,0.9916770821497557,0.9771100287554381,0.9072146697437058,0.006656774580473163,0.0027815307796767597,0.8230384569981815,0.9994402100816455,SEKER
270,34912,676.03,230.3106060765244,193.1139791534548,1.1926148851891862,0.544911378424838,35245,210.8348618843525,0.7743767190133972,0.9905518513264293,0.9599589345833428,0.9154370503210748,0.006596889495775791,0.002857807122628297,0.8380249931005502,0.9994410809322811,SEKER
271,34924,816.638,258.3197874639745,181.6399257757125,1.4221531216817698,0.7110324818200706,37992,210.87109299363632,0.7120952613979283,0.9192461570857022,0.6580739114539091,0.8163180028283532,0.007396626602450306,0.002026053716100718,0.6663750817416714,0.9476874027098624,SEKER
272,34934,687.7909999999999,230.15919857070998,193.71721048043955,1.188119517103774,0.5399982066487802,35445,210.90128083010347,0.7570648404993066,0.9855832980674284,0.9279940735574217,0.9163278380347243,0.006588400943800022,0.0028652551775765907,0.8396567067573921,0.9976125209655377,SEKER
273,34936,682.5709999999999,232.02355606683054,192.05225388952454,1.208127222502158,0.5611304285095206,35353,210.90731787889115,0.7868468468468468,0.9882046785279891,0.942296064962636,0.9089909725292841,0.006641388712698378,0.0027969000260403627,0.8262645881397337,0.9982327419211459,SEKER
274,34945,675.1719999999999,234.98990229796314,189.55416792616109,1.2396978914729064,0.5910319585659932,35231,210.93448246024226,0.7600043497172684,0.9918821492435639,0.9633099852765707,0.8976321126887443,0.006724564381112123,0.0026930067546867146,0.8057434097300588,0.9988784061105438,SEKER
275,34958,672.4909999999999,231.2618910878578,192.60812547799873,1.2006860588769628,0.5534879626011663,35254,210.97371401397808,0.7979274611398963,0.9916037896408918,0.9713673216445674,0.9122718534452695,0.00661542110783963,0.0028264047874773848,0.8322399345884675,0.9992588871010479,SEKER
276,34960,681.462,237.561122125691,187.95105123322455,1.2639520799003479,0.611597287235674,35342,210.97974899013715,0.8034934497816594,0.9891913304283855,0.9460149527964267,0.8881072252155386,0.006795226605425944,0.002607626103861303,0.7887344434800437,0.9969225403256445,SEKER
277,34968,673.319,238.10867533527576,187.13764783062942,1.2723718508569593,0.618310695422861,35218,211.00388716869452,0.755509463313456,0.9929013572604918,0.9692569371407628,0.8861663140647204,0.006809330683346939,0.002590270602542073,0.7852907361830527,0.9991818274580548,SEKER
278,34968,750.3949999999999,242.8224520058709,184.3295471891527,1.3173278820931231,0.6509595100145872,35858,211.00388716869452,0.7433673469387755,0.9751798761782587,0.7803704114077497,0.8689636622382552,0.006944133264867047,0.002442329598284448,0.7550978462905203,0.9947114466269699,SEKER
279,34971,673.194,235.0015865596615,189.68945814345585,1.2388753115733906,0.5903002791027391,35269,211.01293827377833,0.782454020673916,0.991550653548442,0.9697001037452475,0.8979213347574869,0.0067198989608435985,0.0026946084554342734,0.8062627234126667,0.9988589826778779,SEKER
280,34980,675.2029999999999,233.00868268863945,191.34276014027327,1.2177554171258997,0.5706650011142992,35276,211.04008925992233,0.7852909482758621,0.9916090259666629,0.9641862696514328,0.9057177046999879,0.006661197332436805,0.0027650531982599826,0.8203245606070145,0.9989546774806155,SEKER
281,34995,679.687,236.99073340175045,188.13168470932632,1.2597066452039378,0.6081323997455951,35298,211.08533314280035,0.7579925489516548,0.9914159442461329,0.9519144838860073,0.8906902397106183,0.00677213125880127,0.0026291290448922666,0.793329103115759,0.9993619430286015,SEKER
282,35022,670.696,231.83618526173709,192.60363305789403,1.2036958056344154,0.5566088644243579,35293,211.16674770359765,0.7917797069994574,0.9923214235117446,0.9783615473570338,0.9108446443129481,0.0066197300343137765,0.0028105885804812986,0.829637966073581,0.9986317399578368,SEKER
283,35031,675.6489999999999,232.0680177644627,192.53678152779827,1.2053178406898681,0.5582739387155637,35369,211.19387891607437,0.798991880302892,0.9904436088099748,0.9643176645229737,0.9100516346480172,0.006624647248564491,0.0028028938899398157,0.8281939777255282,0.9982369769044865,SEKER
284,35042,676.6499999999999,225.61452125429972,197.89593407221227,1.1400664814668346,0.4802314128341106,35380,211.2270345543145,0.8000456621004566,0.9904465799886942,0.9617685622628762,0.9362297842355259,0.006438403094980301,0.003051319883154809,0.8765262088896995,0.9992981508823434,SEKER
285,35049,679.396,228.96319865755376,195.07521618202512,1.1737175184976225,0.5235519415302241,35349,211.24813088740623,0.7774844720496894,0.9915131969786981,0.9542002461187923,0.922629191616759,0.006532659951997311,0.002919971284347474,0.8512446252233943,0.9991207291516411,SEKER
286,35059,671.731,230.03161082652844,194.32181411994793,1.183766278985735,0.535143215814854,35314,211.27826485199577,0.7777062999112688,0.9927790677918106,0.9763793956788215,0.9184749178291198,0.006561271309122577,0.0028802949466948838,0.8435961746812084,0.9986207046689741,SEKER
287,35062,701.9479999999999,223.264100757669,200.25237136479777,1.1149136424005237,0.4421716406566185,35579,211.28730420331524,0.7787402274342573,0.9854689564068693,0.8942041219577548,0.9463559232599003,0.006367694391582597,0.003150503696623309,0.8955895334890981,0.9985049888781162,SEKER
288,35066,674.509,229.03917130401985,195.11797588589872,1.1738496684588282,0.5237079968016227,35356,211.29935607020485,0.7887089518668466,0.9917977146736056,0.9685467647471249,0.9225468065885215,0.006531659479382303,0.002918481451193104,0.8510926103466789,0.9990547784832078,SEKER
289,35069,692.225,234.23665190204719,191.21380747649394,1.2249986284638053,0.577589389799805,35563,211.30839451928412,0.752682864010989,0.986109158394961,0.9196841167471314,0.902114988424821,0.006679307990021021,0.0027287190746198555,0.8138114523407148,0.996917912945513,SEKER
290,35081,677.561,234.79527515743243,190.5792387615869,1.2320086735741422,0.5840987599054279,35395,211.3445444501803,0.7684438797862088,0.9911286904930074,0.9602515746906102,0.9001226464564579,0.006692947041345242,0.002710216000225326,0.8102207786637776,0.9981990268237694,SEKER
291,35083,687.873,229.64987565652868,194.93395000891897,1.1780907104484433,0.5286641771134221,35513,211.35056883752102,0.7676133380010502,0.9878917579477937,0.9317299615288824,0.9203164958539901,0.00654590188001393,0.0028966637179915706,0.8469824525409675,0.9978221592513533,SEKER
292,35083,685.5150000000001,227.9847726655864,196.19418427319565,1.1620363442991926,0.5093519837866206,35477,211.35056883752102,0.7827008455480445,0.9888942131521831,0.9381508213128752,0.9270380927919917,0.006498440061157438,0.00296059635733801,0.8593996254874136,0.998653599093489,SEKER
293,35085,693.747,245.9349428372114,181.85601125932044,1.3523608108093639,0.6732140808196331,35658,211.35659305314604,0.7354574992139189,0.9839306747433956,0.9160709446661364,0.8594004195371564,0.007009689121767462,0.0023586351461351426,0.7385690811006405,0.9988118813559891,SEKER
294,35087,678.15,237.29387575673965,188.49228233049325,1.2589049950632993,0.6074719662768192,35477,211.36261709707006,0.7689458689458689,0.989006962257237,0.9587482157027687,0.890720910613585,0.006763014100856148,0.002625951178692871,0.7933837406042943,0.998794754048751,SEKER
295,35091,688.22,225.85217951680926,197.98850297494795,1.140733810919248,0.48116745403242045,35466,211.3746646698738,0.780250811580024,0.9894264929791914,0.9310028921301042,0.9358982725873675,0.006436185332900438,0.003045950819107194,0.8759055766320185,0.9991751064368638,SEKER
296,35091,685.8470000000001,232.5036810716454,192.62691667872,1.2070155359410926,0.5600042264308951,35452,211.3746646698738,0.7623672032848856,0.9898172176463951,0.9374564943200117,0.9091239489010037,0.006625735404281593,0.002791941055906897,0.8265063544653548,0.9976060103937189,SEKER
297,35105,687.9219999999999,232.37556009207668,192.4946820973787,1.2071791156003113,0.5601702794404213,35508,211.41682576826256,0.7827201783723523,0.9886504449701475,0.9321814238979498,0.909806632351916,0.006619443386756208,0.002797677362174294,0.8277481082715343,0.9992402292830614,SEKER
298,35106,688.658,231.11262010296065,193.5514907516177,1.1940627230794347,0.546472660474056,35503,211.41983695356646,0.7874301863939169,0.9888178463791792,0.9302164569859727,0.9147913984938553,0.006583279784166828,0.002843874093699646,0.8368433027583434,0.9992433928824154,SEKER
299,35106,680.346,234.3642027179762,191.0105524361404,1.2269699224933137,0.5794385877496248,35445,211.41983695356646,0.810387811634349,0.9904358865848497,0.9530847947819232,0.9020995292868168,0.00667590163271168,0.0027271405214428367,0.8137835607394964,0.9984879524468729,SEKER
300,35122,679.818,231.7962315055011,193.1433258860201,1.2001255049438844,0.5529021551068831,35481,211.46801008707766,0.7843934250491335,0.9898819086271525,0.9550009059435813,0.912301329118282,0.0065997446473862855,0.0028200715387380762,0.832293715110984,0.9988569151091913,SEKER
301,35123,685.227,233.22488615599704,192.0042077126316,1.2146863286718148,0.5676676734352497,35457,211.47102054355608,0.7919146825396826,0.9905801393236878,0.9400101292562372,0.9067257959860662,0.006640232501665491,0.0027686428390774,0.8221516691065653,0.9986563925584586,SEKER
302,35128,669.6629999999999,228.4024535949652,195.96686802617927,1.1655156603536312,0.5136675095705473,35376,211.4860721831506,0.7855274044589549,0.9929895974672094,0.9843525709138902,0.9259360784196606,0.00650200562499901,0.00294816054101151,0.85735762131918,0.9992637341710426,SEKER
303,35130,678.016,239.18315016750552,187.16010607107827,1.2779601122723787,0.6226543090880713,35473,211.4920925390504,0.7801465689540307,0.9903306740337722,0.960302652931671,0.8842265535466757,0.006808515518574025,0.0025673578413738575,0.7818565979970323,0.9991815457571877,SEKER
304,35131,684.17,234.52302549370927,190.92454097642158,1.2283545336514488,0.5807286207820569,35466,211.4951026527352,0.7499893258187097,0.9905543337280776,0.9431316561048774,0.9018095438923469,0.006675671785423394,0.002723541814979355,0.8132604534553227,0.998972165041279,SEKER
305,35134,668.885,226.26643168264368,197.95577104704725,1.1430150810246797,0.48434137610654365,35360,211.50413273675105,0.7975755374452339,0.9936085972850679,0.9868122846283266,0.9347570082043901,0.006440098812621497,0.00303296370538438,0.8737706643872225,0.9987330467515494,SEKER
306,35145,681.083,243.76458477973685,183.7065283097566,1.326923909686614,0.6573072362093445,35444,211.53723974685238,0.7828091589451176,0.9915641575442953,0.9520797563284574,0.8677931617424871,0.0069359676989539576,0.0024263403403005576,0.7530649715670222,0.9992599163197518,SEKER
307,35149,682.373,238.92922131128103,187.42233415417653,1.2748172323728193,0.6202222042445493,35509,211.5492773750273,0.7825496482322558,0.9898617251964291,0.9485913692250637,0.885405628553978,0.0067976107801439875,0.0025769451255635836,0.7839431270750649,0.9993842075955274,SEKER
308,35162,673.468,230.2302104459655,194.64245677707342,1.1828365417194215,0.5340936001145812,35450,211.58839493691,0.7862877076857712,0.9918758815232722,0.9742030922346636,0.9190296726352917,0.006547699517830769,0.002881287785678549,0.8446155391841312,0.9990421234510423,SEKER
309,35165,676.0719999999999,232.8834611478344,192.38507847810706,1.2105068802117933,0.5635232263095329,35463,211.59742103960528,0.7858451774380978,0.9915968756168401,0.9667954245042846,0.9085978883888335,0.006622592382989745,0.002784163147661245,0.8255501227846472,0.9993341035905061,SEKER
310,35175,706.545,226.7972341163211,197.67915752911617,1.1472996796989896,0.49019667212102835,35707,211.62750526824092,0.7735529556650246,0.9851009605959615,0.8854505568170022,0.9331132546338733,0.00644768256194232,0.003015232770635605,0.87070034597342,0.9989542280491043,SEKER
311,35176,680.437,235.79133993642603,190.0240086537241,1.2408502568015105,0.5920530189576021,35499,211.63051345589105,0.7953692398136842,0.9909011521451309,0.9547297910844884,0.897533020139547,0.006703187967262509,0.0026832608942925096,0.8055655222408167,0.9995861851429604,SEKER
312,35208,678.5290000000001,232.28553715337583,193.46346937182093,1.2006687252513912,0.5534698696533943,35535,211.72675289399686,0.7676609105180534,0.9907978049810047,0.9609800941161653,0.9114934812071223,0.006597521505151552,0.002809149453678941,0.8308203662830784,0.997540030097998,SEKER
313,35221,674.6829999999999,237.28097805807587,189.12999126355538,1.2545920214601045,0.6038844633067586,35484,211.76583767245643,0.762755544005544,0.99258820877015,0.9723262523345698,0.8924686648106513,0.006736917692799065,0.002636409760960829,0.7965003176689068,0.9992829436378493,SEKER
314,35223,674.2869999999999,231.26896291058634,194.3159599708368,1.1901696749216868,0.5422513380653553,35537,211.77185007504335,0.7667842215256009,0.9911641387849284,0.9735239346028777,0.9156950738647927,0.006565850805172369,0.002847569182342191,0.8384974683002481,0.9979542592695637,SEKER
315,35237,676.073,233.92761460149063,192.0229568916297,1.218227332753293,0.571122485704072,35502,211.81393211456353,0.7782710486792119,0.9925356317953918,0.9687720629706176,0.9054678408763367,0.0066386926980585926,0.002752671900871421,0.8198720108612549,0.9987904929905858,SEKER
316,35246,683.2819999999999,240.09035873712875,186.98551349128581,1.2840051309553338,0.6272560683088074,35599,211.84098043989397,0.7812825571343072,0.9900839911233461,0.9486799909841153,0.8823385560093873,0.0068118469822711445,0.0025467462497794496,0.7785213274207308,0.9996253789663757,SEKER
317,35247,682.573,234.99053962492428,191.2353297428825,1.2288029619886192,0.5811448717286487,35605,211.8439855961936,0.7590120160213618,0.9899452324111782,0.9506788060240157,0.9015000601059275,0.006666965688567092,0.0027162580275450817,0.8127023583709911,0.9986510651814099,SEKER
318,35254,687.0450000000001,225.06364010173775,199.69203361784466,1.1270536737206418,0.46125197532613743,35676,211.8650204967621,0.7698052231635951,0.9881713196546698,0.9385294340585678,0.9413560555627317,0.006384059684056781,0.0030923766406366618,0.8861512233446248,0.9987399917426004,SEKER
319,35259,677.828,234.8896338185103,191.29719248745576,1.2278781029884331,0.5802855493928788,35577,211.88004414719452,0.7522401433691757,0.9910616409478034,0.9643636790306879,0.9020408465999212,0.00666183481716754,0.0027206861030766995,0.8136776889347027,0.9990970171331551,SEKER
320,35272,682.696,232.130230809024,193.59754767242157,1.1990349753902978,0.5517583530411866,35619,211.91910065376044,0.7799226091763405,0.9902580083663214,0.9510103277330053,0.9129319344368745,0.006581147391954638,0.00281990823718523,0.8334447169146539,0.9993293656349358,SEKER
321,35272,682.862,230.08115174289003,195.4208887104841,1.1773621195825954,0.5278198366090656,35637,211.91910065376044,0.7750895466631508,0.989757835957011,0.9505480131628092,0.9210624123203919,0.006523053746396293,0.002895922650107028,0.84835596738946,0.9988221799261976,SEKER
322,35277,676.8580000000001,238.55254852647937,188.77418207535422,1.263692661273218,0.6113871262367389,35527,211.9341204705423,0.7875560913535598,0.9929630984884735,0.9676234313636951,0.8884169202116806,0.006762268575175876,0.0025986001742992633,0.7892846241184078,0.9974131871542221,SEKER
323,35283,681.3729999999999,223.97501221467363,200.83652053491224,1.1152105783257638,0.44265574282123554,35589,211.95214284571585,0.7790805511393747,0.9914018376464638,0.9550047422667821,0.9463204879416004,0.00634795828627593,0.0031402686087291425,0.8955224658980286,0.9986961270978547,SEKER
324,35287,677.949,223.62088687145146,201.0973362343171,1.112003227187903,0.4373775719012347,35627,211.96415691118554,0.7893830253679924,0.9904566761164285,0.9647850219552229,0.9478728032817132,0.006337203130655807,0.0031555687086593513,0.8984628512011333,0.9990935900441049,SEKER
325,35288,676.973,232.62130570286203,193.38772204339386,1.2028752562205818,0.5557620677941555,35608,211.96716032115543,0.7949538184275737,0.9910132554482138,0.9675963312834402,0.9112112911613991,0.006592079622048913,0.002803358097183967,0.8303060171400242,0.9987545631087973,SEKER
326,35300,685.5989999999999,238.21698306609488,188.80762389723606,1.2616915469247751,0.6097591713873832,35640,212.0031979219918,0.7672245164094762,0.9904601571268238,0.9437223021909025,0.8899583698579967,0.006748356460795889,0.0026112986541924573,0.7920259000803032,0.9992923830768049,SEKER
327,35302,679.016,235.93409074834443,190.740547603881,1.2369372622244892,0.5885670054394576,35644,212.00920359324195,0.7816748593950666,0.990405117270789,0.9621641226696458,0.8985950394908313,0.006683306632721785,0.0026879873295226806,0.8074730449975287,0.998793497599315,SEKER
328,35304,686.4079999999999,234.61582284601258,192.04540997515045,1.221668473494735,0.5744314703712079,35737,212.01520909437178,0.7899046851926433,0.9878837059630076,0.9416057576377361,0.903669695089259,0.006645587549456509,0.0027337073453674436,0.8166189178227142,0.9976375867633976,SEKER
329,35313,691.2289999999999,233.15669478576115,193.11714605286107,1.2073329559351516,0.5603263394068723,35743,212.04223174460506,0.7738987508218278,0.9879696723834037,0.9287537444893974,0.9094408888384811,0.0066025739751865075,0.0027860630720702136,0.8270827302913264,0.9985642375655428,SEKER
330,35316,682.911,237.77663021573574,189.24162714061106,1.256471072503842,0.6054546022642155,35637,212.05123852943422,0.7605633802816901,0.9909925077868508,0.9515972006996629,0.89180857823176,0.006732830168074973,0.0026270237820303012,0.7953225402077532,0.9992997650813153,SEKER
331,35321,682.9029999999999,232.94445257447168,193.41110069849924,1.2044006353988925,0.5573338340549433,35670,212.0662489874112,0.7614910313901345,0.9902158676759182,0.9517542254010255,0.9103726087643758,0.00659506957828124,0.002794318289675685,0.8287782867884553,0.998181095212821,SEKER
332,35330,682.6819999999999,234.63951073677117,192.0162336880244,1.221977466332343,0.5747263018882293,35655,212.09326513468858,0.7468713005242685,0.9908848688823447,0.9526132046371681,0.9039111293264843,0.006641367414004279,0.002734892147283358,0.8170553297202803,0.998423201664925,SEKER
333,35337,677.215,228.98296825845944,196.63301405719093,1.1645194442875166,0.5124395229753016,35671,212.1142753147615,0.7652676715176715,0.9906366516217656,0.9682475407420914,0.926332106392045,0.006479977594545644,0.002943202436050123,0.8580911713327231,0.9992638539884068,SEKER
334,35338,680.836,227.46748380325639,198.04492148756546,1.1485650936903133,0.49190024069192917,35669,212.11727659917563,0.7876869580723536,0.9907202332557683,0.9580028639482271,0.9325169164953808,0.006436908817795472,0.0030025067726610283,0.869587799550053,0.9987781924621602,SEKER
335,35339,677.909,228.87115147358702,196.95805369957188,1.1620299204555173,0.509343946215008,35667,212.12027784112465,0.7646486065431886,0.9908038242633247,0.9663207839694118,0.9268108998245875,0.006476446743642633,0.002947685140736895,0.8589784440336616,0.9981586529934398,SEKER
336,35344,694.8199999999999,234.3666269052092,192.35218000026444,1.2184245944334344,0.5713134492082849,35807,212.13528341395636,0.7625458468176914,0.9870695674030218,0.9199854118035643,0.9051428789806135,0.006631015926471514,0.0027455438851338816,0.8192836313693137,0.9982353262771073,SEKER
337,35352,684.112,231.5229542315372,194.65442289916115,1.1894050532387617,0.5414134738033446,35760,212.15929012295803,0.7553846153846154,0.9885906040268456,0.9492255854460347,0.9163639554753853,0.006549076551016554,0.002848602311349912,0.8397228988944939,0.9987706592654128,SEKER
338,35354,687.7410000000001,235.01530838198147,191.82825470978182,1.2251339550450355,0.5777168096922498,35726,212.16529137577368,0.7543635044595229,0.9895874153277725,0.9392876021762533,0.9027722186970536,0.0066474884986700645,0.002723642491843704,0.8149976788512008,0.9984813296434955,SEKER
339,35354,681.2259999999999,237.28968515093158,189.8898462075666,1.2496175540189374,0.5996734073741308,35666,212.16529137577368,0.7685652173913043,0.9912521729378119,0.9573395287830301,0.8941193176636517,0.006711820024634598,0.0026460739502172175,0.7994493542193141,0.9990059465815583,SEKER
340,35364,683.341,222.2949086864787,202.88078942852107,1.0956922501762918,0.40870838460284836,35761,212.1952950939636,0.7921688096411451,0.9888985207348788,0.9516917141281839,0.9545665996032351,0.006285909645019757,0.0032193843900645276,0.9111973930780829,0.9983919219764958,SEKER
341,35376,681.4239999999999,236.60639297443686,190.5127968104755,1.2419448821058243,0.5930186658655048,35693,212.23129395673746,0.7707021633515609,0.9911187067492225,0.9573786499039169,0.8969803870839073,0.006688330873316284,0.0026707257928581633,0.8045738148131963,0.9992363315836087,SEKER
342,35377,687.7569999999998,237.87443389331912,189.49175805870422,1.255328655611639,0.6045013228810036,35712,212.23429358634726,0.7819849690539346,0.9906193996415771,0.9398549366679503,0.8922114500187488,0.00672398546777056,0.002628316723351854,0.7960412715445586,0.9992934192194102,SEKER
343,35384,679.656,235.75769620133033,191.32651806142078,1.232226972978445,0.5842985322154495,35698,212.25528980665945,0.7479812285967953,0.9912039890189926,0.9625836484521589,0.900311180617406,0.006662833376705017,0.002700283044396364,0.8105602219447076,0.9987941687036636,SEKER
344,35402,681.5139999999999,231.00848936988675,195.34593220216274,1.182561043200106,0.5337817066517658,35696,212.30927055292292,0.775900234510268,0.9917637830569251,0.9578292564983839,0.9190539756007713,0.0065252948807944956,0.00287173246096496,0.8446602100675832,0.9988622591671417,SEKER
345,35403,678.413,233.98655109494524,192.87931802818989,1.2131241103867207,0.5661270968736781,35713,212.31226908084932,0.7706691627846227,0.9913196875087503,0.9666329749368043,0.9073695393488616,0.0066092294747604795,0.0027635503202737047,0.8233194809381653,0.9987887128771684,SEKER
346,35408,684.2109999999999,241.9226540355379,186.69071315947372,1.295847286355826,0.6359917319206512,35765,212.32726108529408,0.7350938382328517,0.9900181741926465,0.9504541177581975,0.8776658884293808,0.0068324292260375594,0.0025007586612370777,0.7702974117125342,0.9981878106546039,SEKER
347,35410,704.7009999999999,228.55056820484077,197.43381105033154,1.1576060199059657,0.5037461000205132,35997,212.3332575906848,0.7659528444732857,0.9836930855349056,0.8960371483309817,0.9290427902169072,0.006454407461305867,0.0029660537078075944,0.8631205060540161,0.9991534937124127,SEKER
348,35412,675.129,228.00336842263917,197.942791770045,1.1518649726205552,0.4962891085194731,35693,212.33925392673297,0.7959183673469388,0.9921273078754937,0.9763078758460774,0.9312987584162775,0.006438590546217078,0.00298762899875987,0.8673173774277001,0.9990325072040896,SEKER
349,35414,680.978,237.13798322659952,190.36785632033155,1.2456828994679017,0.5962854027678346,35729,212.34525009345288,0.7647490714347412,0.9911836323434745,0.9596628517924752,0.8954501813846679,0.006696164884695305,0.0026556547696856983,0.8018310273418348,0.9988271990225029,SEKER
350,35432,681.365,233.74223189494586,193.21880911615852,1.2097281468825616,0.5627428659505976,35757,212.39920797652772,0.790645780336502,0.9909108705987639,0.9590602448624284,0.9086899113378423,0.0065969245849781515,0.0027744960284630596,0.8257173549671758,0.9988935256732119,SEKER
351,35437,685.657,228.03713201547083,198.23312431342683,1.150348272042168,0.4942814115253928,35804,212.41419384490283,0.781549115610251,0.9897497486314378,0.9472246346019941,0.9314894989579675,0.006435001044543015,0.0029884103896452357,0.8676726866689656,0.99812577580783,SEKER
352,35438,678.4119999999999,233.18003280462042,193.71057295238867,1.2037548041424295,0.5566696338361645,35726,212.41719089170888,0.7935953420669578,0.9919386441247271,0.9675914570320767,0.91095789093439,0.0065799433603651565,0.0027950856891004712,0.829844279055632,0.9989290376033279,SEKER
353,35438,677.4129999999999,234.42970458074274,192.61404616320047,1.217095581815005,0.5700238339991439,35725,212.41719089170888,0.767454954954955,0.991966410076977,0.970447430033106,0.9061018580030149,0.006615206969375889,0.002750624348141495,0.8210205770765159,0.9992605169390333,SEKER
354,35442,698.8829999999999,236.86749019481775,191.00325799066678,1.2401227742743115,0.591408965105346,36046,212.42917865609618,0.7295895261229363,0.983243633135438,0.9118410339366536,0.8968270761064693,0.006683242768320573,0.0026668700010649958,0.8042988044376789,0.9974292647047663,SEKER
355,35442,681.165,228.7551275093737,197.58655510864625,1.1577464235033041,0.5039257088927654,35791,212.42917865609618,0.7915577889447236,0.9902489452655695,0.9598943510202224,0.9286313315420284,0.006454351546452618,0.002960777070735184,0.8623561499215208,0.99838974835772,SEKER
356,35450,680.9929999999999,235.7961594600828,191.58571952360577,1.2307606226936436,0.5829532704740658,35744,212.45315215562587,0.7754566334901017,0.9917748433303492,0.9605960754676375,0.9010034456968813,0.006651513666010798,0.00270399608104374,0.8118072091576528,0.9991403462500619,SEKER
357,35454,677.1889999999999,235.5324638791981,191.8532648936914,1.2276698236525188,0.5800915851096383,35744,212.4651378909972,0.7816999228309999,0.9918867502238138,0.9715279836478944,0.9020630718658305,0.006643325545190898,0.002713394339901806,0.8137177856240185,0.9989767703799569,SEKER
358,35467,683.5149999999999,226.94747600584535,199.26107784025407,1.1389453397807434,0.4786509815596712,35845,212.5040868621637,0.7667214319685244,0.9894545961779886,0.9539776924940371,0.9363580093602378,0.006398834860739429,0.0030342292009836467,0.8767663216930673,0.9985889161690232,SEKER
359,35473,687.235,241.05014351587448,187.64466369111628,1.2846096381012437,0.627710838792899,35874,212.52206090284,0.7913487708026592,0.9888219880693538,0.9438375337754267,0.8816508374691934,0.006795313154113677,0.0025326532610556586,0.7773081992101301,0.9985376044804546,SEKER
360,35481,679.09,237.90188216637202,190.08448808386592,1.2515586335556688,0.6013260850362565,35754,212.54602392599188,0.7890102070315106,0.9923644906863568,0.9668320642238946,0.893418841374916,0.006705050087832136,0.002635131045277218,0.7981972261236971,0.9989906296352996,SEKER
361,35499,688.485,228.51975069106308,197.9982625631579,1.1541502825974008,0.4992841730948563,35887,212.59993085265464,0.7716502912790192,0.9891882854515562,0.9411026965013127,0.9303350376049967,0.006437357409816138,0.0029747117881861692,0.8655232821954908,0.9989439407405556,SEKER
362,35507,682.1419999999999,239.23241366649103,189.11616314188612,1.2650024709257914,0.612446176853882,35835,212.62388509974937,0.7819202818762387,0.9908469373517511,0.958902086844267,0.8887754039724899,0.006737612686695329,0.0025933068917855864,0.7899217187064626,0.9992529260016231,SEKER
363,35510,676.9749999999999,227.15161254900198,199.3230352394655,1.1396154602808621,0.4795968119606761,35799,212.63286724668328,0.7719565217391304,0.9919271488030392,0.9736778141932021,0.9360834592394246,0.0063968350478457335,0.003029724923968526,0.8762522426616474,0.9985906028429913,SEKER
364,35511,702.0,224.14210686629013,204.15132552774173,1.0979213888857748,0.4128213426235902,36641,212.63586121134497,0.7590740028215981,0.9691602303430583,0.9055210324723593,0.9486653988587289,0.00631190636327589,0.0031534979483613178,0.8999660389917913,0.988091963479897,SEKER
365,35517,678.8290000000001,232.99639503557412,194.23258197169838,1.1995742046487547,0.5523246096616988,35881,212.65382411411926,0.7716222381542072,0.9898553552019175,0.9685574021647175,0.9126914778301658,0.006560137259215984,0.0028079454759402083,0.8330057337038121,0.9992521904756028,SEKER
366,35532,676.181,231.10699672606953,195.88019718065797,1.1798384933874775,0.5306778062515107,35820,212.6987247341408,0.7916406737367436,0.9919597989949749,0.9765704767022556,0.9203474050863635,0.006504193310989235,0.0028785937082681846,0.847039346049203,0.9993696258826058,SEKER
367,35534,684.316,231.10546351139791,196.03701570781,1.1788868682629654,0.5295834947007378,35921,212.70471076734356,0.7776172969187675,0.9892263578408174,0.9535436388996027,0.9203794126522377,0.006503784080356782,0.002878813032165293,0.8470982632340778,0.9986330186550193,SEKER
368,35539,690.7909999999999,247.06248129419754,184.04221243603305,1.3424229040936368,0.6671518623344351,35853,212.71967511338235,0.8261041376104138,0.9912420160098179,0.9358833609328847,0.8609954615491763,0.006951869250519079,0.002356594213742359,0.7413131848082793,0.9951557983932332,SEKER
369,35544,683.3499999999999,232.2347035153484,195.02938088711267,1.190767783084801,0.5429047147115659,35949,212.7346384067875,0.7844625910395057,0.988734039889844,0.9565105549068438,0.9160329407561082,0.006533724496830644,0.002837820657516889,0.8391163485502836,0.9991927141134346,SEKER
370,35555,697.4069999999999,238.23861372252938,190.25462244327284,1.2522093322256265,0.6018773731808168,36021,212.76755394810252,0.756087187666135,0.9870631020793426,0.9186243280030876,0.8930859302090618,0.006700565707285315,0.002629445798619314,0.7976024787373852,0.9987652672812456,SEKER
371,35565,682.802,227.29570172194312,199.38391653348796,1.1399901540391657,0.48012412964907325,35922,212.7974727493399,0.8014286680036956,0.9900618005678972,0.9586125446386968,0.9362142404683953,0.006390994003147564,0.0030286503903657436,0.8764971040558144,0.9991980686674705,SEKER
372,35589,687.9229999999999,235.06390598553864,192.99444701585085,1.217982743131633,0.5708854877071733,35977,212.86926071553805,0.7799986849891511,0.989215332017678,0.9450308572639129,0.9055803774852358,0.006604959565751739,0.002740046542841259,0.8200758200863021,0.9988381969246377,SEKER
373,35598,694.4989999999999,245.39766796278627,185.34863654377733,1.323978813865329,0.6553802537392968,36045,212.8961749620747,0.7536360749444267,0.987598834789846,0.9274536468781421,0.8675558196191159,0.006893580200089507,0.002408875224628348,0.7526531001549959,0.9964967587952741,SEKER
374,35602,688.3779999999999,240.65562646764604,188.5903077767525,1.276076322822098,0.6211998480625671,35941,212.90813575732906,0.7809168677341523,0.9905678751286832,0.9441267343870584,0.8847004280864076,0.006759609754161172,0.002554384888962682,0.7826948474562729,0.9987783628338037,SEKER
375,35605,694.737,245.5544516561925,184.744494120404,1.3291570762382594,0.658756144732823,35968,212.91710591283046,0.7426217540932318,0.9899076957295374,0.9270005593893745,0.8670871347547041,0.006896628329060315,0.0024047368277886724,0.7518400992571226,0.9993135881272799,SEKER
376,35608,689.3040000000001,240.3894549753151,188.87973858838834,1.272711709428919,0.618577370046126,35997,212.9260756904369,0.7841444615723409,0.9891935439064367,0.9417504749701798,0.8857546422421136,0.006750995702519521,0.002563311245742781,0.7845612862534548,0.998520335779386,SEKER
377,35609,686.971,230.16938954782327,197.14094084791626,1.167537237865709,0.516140832760711,36002,212.92906553233732,0.7893290182430784,0.9890839397811233,0.9481844607745777,0.9250972336097548,0.006463798184386624,0.0029202301463071008,0.8558048916324215,0.9991840793284797,SEKER
378,35610,678.391,234.4285952606635,193.82601591913877,1.2094795125875337,0.5624931662929725,35888,212.9320553322565,0.7568061547616518,0.9922536781096746,0.9723479041133495,0.9083023984147293,0.0065832236804454795,0.002764013870514152,0.8250132469659496,0.9978366198186353,SEKER
379,35615,692.536,233.00359069749933,195.22464975740598,1.193515219451227,0.5458834504684759,36004,212.9470037021954,0.7433419602604775,0.9891956449283413,0.9331642756198855,0.9139215540186987,0.00654228810044923,0.002815432420884124,0.8352526068999533,0.9968866984214072,SEKER
380,35634,685.864,235.12304473512202,193.2178621002372,1.2168804797826887,0.5698144360802834,36006,213.00379794053623,0.7842852426543414,0.9896683886018997,0.9519155553654332,0.9059248028218406,0.0065982781819364095,0.0027414415111668804,0.8206997483677908,0.9986935035513292,SEKER
381,35647,683.5479999999999,233.60413276835962,194.4070018619092,1.2016240697662364,0.5544650185823574,35993,213.04264843259517,0.7713129652068548,0.9903870196982747,0.9587266865077996,0.9119815043848001,0.006553262063241216,0.0027962849216334102,0.8317102643399631,0.9994030727025387,SEKER
382,35647,679.754,236.15711476762084,192.34177047607997,1.2277994227831537,0.5802122961049417,35927,213.04264843259517,0.7650884271978022,0.9922064185709911,0.9694586866793143,0.9021225070531101,0.006624880488333404,0.002706573862415257,0.8138250177317887,0.9992138870175801,SEKER
383,35652,680.437,227.4768819749328,199.80969773622857,1.1384676747533449,0.47797462443338845,36002,213.05758904319276,0.7989780825601721,0.9902783178712293,0.9676491503224978,0.9366120512706474,0.006380480252859105,0.003028810468020051,0.8772421345854099,0.9987118131571125,SEKER
384,35672,690.775,241.45647783706127,188.25090175981444,1.2826311883760895,0.6262188261321301,36078,213.1173410114548,0.7793751365523268,0.9887466045789678,0.9394292977876801,0.8826325262446255,0.006768795633467741,0.002534024886085144,0.7790401763849695,0.9992212272293719,SEKER
385,35677,689.725,235.9739476838763,192.72726283629999,1.2243931876120167,0.5770184603257915,36120,213.1322763860894,0.7684371499956922,0.987735326688815,0.9424238247830194,0.9032025716313952,0.006614175734615475,0.0027151645468866813,0.8157748854015657,0.9988292123106506,SEKER
386,35680,686.068,230.90979066952167,197.0362234436228,1.1719154307461186,0.5214139096766952,35991,213.1412371085206,0.8040201005025126,0.9913589508488233,0.9525776407620205,0.923049804386894,0.006471686958226504,0.0028979961421068874,0.8520209413786833,0.9984964885205131,SEKER
387,35683,699.955,237.16407722863244,192.1409057803984,1.2343237181347104,0.5862084826730375,36188,213.15019745424777,0.787495586158192,0.9860450978224826,0.915231551768563,0.8987457120193011,0.006646416423188421,0.002674943640395057,0.8077438548730805,0.9970173982474045,SEKER
388,35684,678.241,237.69250295566894,191.41241131612574,1.241782083624189,0.5928753108421431,35953,213.153184152453,0.7685879210821056,0.9925180096236753,0.9747995401078818,0.8967602322409274,0.0066610386435284425,0.002657217347395735,0.8041789141288022,0.9986149675935017,SEKER
389,35690,699.055,235.79525203059075,192.90219302835956,1.2223565130538732,0.5750874651850387,36122,213.1711034629177,0.7547688533604027,0.9880405293173136,0.91776970807954,0.9040517212588406,0.006606759653420867,0.002722333830954568,0.8173095147110725,0.9990436084879798,SEKER
390,35690,691.225,238.38929085127242,190.76197892291708,1.2496687872356396,0.5997171860802103,36059,213.1711034629177,0.7525725371120108,0.9897667711251005,0.9386799415641196,0.8942142606393843,0.0066794421645074925,0.002634427934317461,0.7996191439308405,0.9992590858464538,SEKER
391,35693,680.082,229.62268467602257,198.08939492550064,1.1591871678056327,0.5057613158529266,35997,213.18006255330764,0.7795444121693931,0.991554851793205,0.9697735957313328,0.9283928669943301,0.006433269399490729,0.002948076040246556,0.8619133154859522,0.9991188550721236,SEKER
392,35699,694.117,236.6649656454806,192.47982181388426,1.2295572773042183,0.5818433631865089,36104,213.1979796046402,0.7584880805677134,0.9887824063815643,0.9311090604296164,0.9008430082718983,0.0066294564454321015,0.002693110252437303,0.8115181255523634,0.9978080169371866,SEKER
393,35702,689.3860000000001,233.52723742888026,194.80381879914324,1.19878161972617,0.5514918337092707,36067,213.20693756567766,0.7839701361440492,0.9898799456566945,0.9440119470449343,0.9129853113198795,0.006541012756396848,0.0028033667655301014,0.8335421786858576,0.9992350430751128,SEKER
394,35703,684.558,235.50780251354715,193.07484936199117,1.2197746277766064,0.5726161895620526,36029,213.20992346905317,0.765304810083169,0.9909517333259319,0.9574014339965561,0.9053199987154934,0.006596302902096383,0.0027333094917477976,0.819604300074221,0.9997325300471389,SEKER
395,35703,677.7339999999999,230.11387721360273,197.71626640785132,1.1638591067612072,0.5116221897908286,35987,213.20992346905317,0.7855445544554456,0.9921082613165866,0.9767783542102545,0.9265409198730831,0.006445225253160876,0.002930058423803812,0.8584780761992591,0.9991475269393493,SEKER
396,35704,683.5649999999999,241.10435198615656,188.65469759888387,1.2780193393264487,0.6226998786816219,35994,213.21290933061312,0.7663118131868132,0.9919431016280491,0.9602119405127557,0.8843179626341009,0.006752866681216574,0.0025474268686218153,0.7820182590373271,0.9994344587561046,SEKER
397,35720,685.105,236.70301303059384,192.34166468206544,1.2306382676985574,0.5828406612679082,36074,213.26067743008792,0.7755775577557755,0.9901868381659922,0.956328371176292,0.9009630874556042,0.006626624104999828,0.002693395261384442,0.8117344849575346,0.9989515203993211,SEKER
398,35720,685.9300000000001,240.81202232968602,189.08915724627852,1.2735369168526212,0.6192235150463686,36024,213.26067743008792,0.7936366868112336,0.9915611814345991,0.9540293131378076,0.8855898279784443,0.006741657959957615,0.0025578610900365605,0.7842693434188905,0.9987959615997235,SEKER
399,35725,684.6729999999999,235.15539485677533,193.90512625689155,1.2127342860716026,0.5657410884896694,36053,213.2756027670856,0.7657271460722324,0.9909022827503953,0.9576695917646001,0.906956027511017,0.006582376343086783,0.002747308295811514,0.8225692358385646,0.9975579149691454,SEKER
400,35730,698.1690000000001,242.2163347048886,187.99091286471773,1.2884470372203185,0.6305752241370808,36142,213.29052705965952,0.7862943157060804,0.9886005201704389,0.9211317613421605,0.8805786253826701,0.0067790745789221545,0.002514332634686521,0.775418715480833,0.9990859465664644,SEKER
401,35734,700.1619999999999,249.46979943467434,182.91504124945104,1.3638561253935317,0.6799967024778153,36085,213.30246574188095,0.7664950664950665,0.9902729666066232,0.915997786114641,0.8550231980995194,0.0069813007061810695,0.0023015886086611066,0.7310646692883302,0.9970670272676857,SEKER
402,35735,684.121,235.48911954100367,193.43232904404923,1.2174237921075597,0.5703429789072334,36043,213.30545030802904,0.7502309371850857,0.9914546513886191,0.9594841540201919,0.9057974768591719,0.006589873220680108,0.002736410502698966,0.820469069084442,0.9988585653917407,SEKER
403,35736,684.029,235.66157331110864,193.3776575259347,1.21865977862258,0.5715409199401071,36088,213.30843483241767,0.7529709228824273,0.990246065174019,0.9597691244888744,0.9051472916665058,0.006594514587841634,0.0027304839065980784,0.8192916196112104,0.9984377437827325,SEKER
404,35738,684.4490000000001,237.85002756017764,191.88928221550202,1.2395170007101242,0.5908712600204109,36051,213.31440375592373,0.7991681388224244,0.991317855260603,0.9586452437646629,0.8968441414283788,0.0066553815983037,0.0026559544727134034,0.8043294140144057,0.9969799828420679,SEKER
405,35758,682.303,239.435320549712,190.4997503899915,1.2568799699712965,0.6057948078141503,36049,213.37408380738265,0.7458906967042136,0.991927654026464,0.9652249122330704,0.8911554206685288,0.0066959930798621845,0.002605005061415547,0.7941579837869026,0.9981612628145475,SEKER
406,35762,690.56,236.8214406664486,192.70757853891885,1.2289160730573998,0.5812497474111995,36157,213.38601781470803,0.7911596831998584,0.9890754210802888,0.9423859997434605,0.9010418026940887,0.006622153142062766,0.002692518789060032,0.8118763302022131,0.9977278715203565,SEKER
407,35764,674.477,222.12292029327193,205.0983638560753,1.0830067881435823,0.3839467260789794,36032,213.39198456809092,0.7745148995148995,0.9925621669626998,0.9879197347730718,0.9606932246629324,0.006210796339706742,0.00326336733744238,0.9229314719132636,0.9995410490734126,SEKER
408,35772,693.3159999999999,245.51020839419022,185.6779933882196,1.3222364369312853,0.6542314537592533,36140,213.41584991341725,0.7464162754303599,0.9898173768677366,0.9351701599556234,0.8692748513770866,0.006863194912059438,0.0024173222932819833,0.755638767236656,0.9991331111981449,SEKER
409,35777,685.8629999999999,221.3199451520588,206.19312170773551,1.0733624056856974,0.36335238213755083,36174,213.43076439911354,0.7971702317290552,0.9890252667661856,0.9557383996979043,0.9643539548705158,0.0061860956802431396,0.0033002151924568404,0.9299785502744048,0.9982040139586326,SEKER
410,35781,688.2130000000001,240.17844945418443,189.85095944678707,1.2650894688867955,0.6125163381089792,36108,213.4426952373139,0.7757062024410866,0.9909438351611831,0.9493286638108316,0.8886837920819763,0.006712457713707958,0.002582559663875212,0.7897588823092013,0.9991156449691768,SEKER
411,35789,685.127,233.6187674102795,195.22443658143996,1.1966676482778473,0.5492563533175248,36146,213.46655491323864,0.7770757338891784,0.9901233884800531,0.9581141673608566,0.9137388972622662,0.006527669602679022,0.002806896370846299,0.8349187723700624,0.9991202838351099,SEKER
412,35795,695.242,249.73614144115294,182.70408558846742,1.3668886529646203,0.6817464978391669,36189,213.484447920206,0.791907258688967,0.9891127138080632,0.9305939618959251,0.8548400191027651,0.006976844292251793,0.002298148957956686,0.7307514582596156,0.998855876432418,SEKER
413,35795,684.9549999999999,227.56501196074035,200.51361541781827,1.134910522093744,0.4728801976114232,36124,213.484447920206,0.7680176797476774,0.9908924814527738,0.9587561223601663,0.9381250926088606,0.006357452492268204,0.0030374273282634747,0.8800786893823833,0.9988105648505385,SEKER
414,35804,683.756,236.58473368713248,192.93280205264494,1.2262545879708748,0.5787692723026953,36096,213.51128461909866,0.785347663961395,0.9919104609929078,0.9623634310463529,0.9024727897339863,0.006607773815415386,0.002703780286142199,0.814457136210244,0.9987317999834315,SEKER
415,35809,681.549,232.7871235420604,196.04782675455326,1.1873996636213866,0.5392020720477384,36094,213.5261924388234,0.7651495726495726,0.992103950795146,0.9687414606825817,0.9172594651707318,0.006500799339329789,0.002838672766441781,0.8413649264452969,0.9990364306439783,SEKER
416,35822,691.654,235.4053042242631,194.23792333566138,1.211943065399544,0.5649556544989531,36203,213.56494789993744,0.749539671911617,0.9894760102753916,0.9409832823418236,0.9072223270571718,0.006571528787456398,0.0027460035650367855,0.8230523507110301,0.9974925889050267,SEKER
417,35835,687.914,237.70417950398124,192.17675908498683,1.2369038828408003,0.5885370367314676,36190,213.60369632940473,0.7908850143456191,0.9901906604034264,0.9515880438969933,0.8986114454324399,0.00663329648399557,0.0026680683748008154,0.807502529862179,0.9988030145902983,SEKER
418,35838,689.511,235.5032280998483,193.965675317458,1.2141489864864337,0.5671389179251708,36193,213.61263727649344,0.7889314489499406,0.9901914734893488,0.9472644329999216,0.9070475976062897,0.006571327308997385,0.0027438045482746235,0.8227353443233417,0.9989232844567524,SEKER
419,35838,684.103,241.7568645839754,189.1084506827811,1.2784032850520737,0.6229950540978081,36131,213.61263727649344,0.7835497835497836,0.9918906202430047,0.962300340064557,0.8835845784320803,0.0067458246716885824,0.0025363391275294283,0.7807217072429973,0.998077195250911,SEKER
420,35842,679.664,232.110748502132,196.7334530536646,1.1798234865466284,0.5306605873278969,36127,213.6245579571733,0.771459319845028,0.9921111633957982,0.9750200922693698,0.9203561633217994,0.006475942985941967,0.002866199918172571,0.8470554673644228,0.9993759348042771,SEKER
421,35845,683.8879999999999,229.29529695231355,199.45790625892673,1.1495924190372948,0.4932748376186368,36169,213.63349803116532,0.7613636363636364,0.991042052586469,0.9630935671117556,0.9316959434872081,0.00639685582235496,0.0029733302106047105,0.8680573311105186,0.9979121271343993,SEKER
422,35853,678.6360000000001,230.97217390594238,197.89479511290148,1.1671462797905818,0.515664436436909,36172,213.657336399642,0.7912822776429045,0.9911810239964614,0.9782764001093184,0.9250349632447438,0.006442199367024862,0.0029096886186684053,0.8556896832252048,0.9987150304314791,SEKER
423,35864,681.39,231.33933160197518,197.81374032762437,1.1694805993700177,0.5184953422139715,36158,213.69010981414624,0.787008997147246,0.991869019304165,0.9706822287478768,0.923708512229149,0.006450460952542248,0.002896745203186586,0.8532374155645879,0.997844604159399,SEKER
424,35872,684.086,232.55203033329644,196.59174620087035,1.1829185854816264,0.5341864050517549,36214,213.71394186795524,0.7697854077253219,0.9905561385099685,0.963261161137032,0.9189940916089091,0.006482828677890735,0.0028522998841422563,0.8445501404120842,0.9990340574645714,SEKER
425,35901,686.097,236.85118343593084,193.25486592902817,1.2255897531858948,0.5781454602745999,36225,213.80031079382712,0.7655940118994307,0.991055900621118,0.9583968310922402,0.9026778236540285,0.0065973422310222785,0.00270196593049447,0.8148272533167734,0.998643932281645,SEKER
426,35901,684.781,238.02645331631712,192.27400921816755,1.2379543875128523,0.5894783109857291,36216,213.80031079382712,0.7783414634146342,0.9913021868787276,0.9620840308068827,0.8982207977938675,0.0066300786417179776,0.002662139866757715,0.8068006015894519,0.9987823445856708,SEKER
427,35915,685.086,238.63706965649348,191.83743848971258,1.2439546291653105,0.5947809181269333,36222,213.841993652237,0.7993901353276354,0.9915244878802938,0.9616024242209524,0.896097131766042,0.006644495883516455,0.0026427869180848536,0.8029900695593274,0.9988832142020999,SEKER
428,35923,684.6650000000001,229.98182987540386,199.11535866653605,1.155018032840755,0.500412097537183,36239,213.86580878092983,0.7710121909340659,0.9912801125858881,0.9629998237009042,0.9299248070893029,0.006402077495626865,0.002953194308765441,0.8647601468400775,0.9988135636823089,SEKER
429,35932,688.7270000000001,242.49623023870546,188.79116159512148,1.2844681297038631,0.6276044691698207,36273,213.89259763120336,0.7427803617571059,0.9905990681774323,0.9519125165040085,0.882045042187478,0.006748754042043456,0.002519801999434179,0.7780034564475101,0.9993206446062742,SEKER
430,35954,710.093,251.6607689463733,182.01482191474545,1.3826388768726183,0.6905814275538084,36380,213.95806736696807,0.7945635359116022,0.9882902693787795,0.8960383862121613,0.8501844298686088,0.006999520747242958,0.0022558003324967737,0.7228135647910112,0.9993901354109374,SEKER
431,35955,683.377,242.6043169513601,188.87369212959385,1.284479136379139,0.6276127446210192,36232,213.96104278805703,0.7436247440590681,0.9923548244645617,0.9674943583891721,0.8819341942334613,0.006747443108089559,0.0025180463474186706,0.7778079229582249,0.9990780491502326,SEKER
432,35955,693.6129999999999,253.66406288607777,180.88373754493966,1.4023596942928946,0.7010787927240308,36295,213.96104278805703,0.7765826475733817,0.990632318501171,0.9391494500947296,0.8434818884224383,0.00705504277252337,0.002202837497296258,0.7114616960966829,0.9977252066392484,SEKER
433,35967,684.169,231.49329479699148,197.95252371789164,1.1694384615520226,0.5184445271035759,36223,213.9967446142338,0.7862154895402977,0.9929326670899704,0.9655778496686306,0.9244187603874172,0.006436269213362012,0.0028992720334048167,0.854550044556209,0.9993436894250254,SEKER
434,35969,704.8,222.2541533320922,206.81454601889976,1.074654358749899,0.36621122884778157,36555,214.00269433953179,0.81179470975896,0.9839693612364929,0.9099267593721799,0.9628737692013742,0.006179047327757019,0.003276262623582868,0.9271258954160614,0.9963398846187734,SEKER
435,35972,685.989,233.49296872674606,196.29221158217203,1.189517234763036,0.5415365834619739,36336,214.0116186173388,0.7615700554685184,0.9899823866138265,0.9605946096382988,0.9165655813293203,0.006490964325774104,0.002825811340687655,0.8400924648775548,0.999304465766412,SEKER
436,35975,685.0859999999999,235.36379237104452,194.90266966132805,1.2075965546291572,0.5605935017936454,36307,214.02054252301923,0.767614048563991,0.9908557578428402,0.963208887967389,0.909318040667962,0.006542426473135359,0.002759191498176856,0.8268592990842213,0.9985124407371857,SEKER
437,35977,702.354,247.1838982123726,185.5014699929911,1.332517193646563,0.6609165978877135,36371,214.02649158675885,0.7570917508417508,0.9891671936432872,0.916479362660125,0.8658593586984944,0.006870608950506507,0.0023821242771359156,0.7497124290457677,0.9990047019940145,SEKER
438,35978,687.586,243.53024520921974,188.4149582664382,1.292520760824323,0.6335741625677259,36297,214.0294660566196,0.7469274206942368,0.9912113948811196,0.9562970822043936,0.8788619494582464,0.006768865562544325,0.002491026222602985,0.772398326205549,0.9983408722466298,SEKER
439,35996,686.723,235.34348189806929,194.80659856966264,1.2080878349401019,0.561090618350306,36312,214.08299944714648,0.7791341991341991,0.9912976426525666,0.9591817803810493,0.9096619023418246,0.006538045391100936,0.0027615169900502947,0.8274847765721474,0.9996742921749393,SEKER
440,36000,691.429,221.69797486467172,207.23462388830407,1.0697921549256322,0.3552771394912305,36450,214.09489393833252,0.7794063521617701,0.9876543209876543,0.9462746006038977,0.9657052305913923,0.006158277079574215,0.0033038271879593335,0.9325865923915746,0.9976738203293347,SEKER
441,36006,693.059,229.38339253024947,199.92675420187877,1.1473371507778616,0.49024728389113803,36489,214.11273443617094,0.7723294723294724,0.9867631340952068,0.9419857347336319,0.9334273596460793,0.006370699120431303,0.002983245281845927,0.8712866357358512,0.9996595261560002,SEKER
442,36013,692.4889999999999,251.2193469974759,182.6927204097825,1.37509226658833,0.6864002899070621,36327,214.13354647169933,0.7766778812974465,0.9913562914636497,0.9437205383166793,0.8523768134539845,0.006975796156873238,0.002271433642136569,0.7265462321139687,0.9990681050988084,SEKER
443,36022,683.433,240.3551824038649,191.07430875412683,1.257914703295629,0.6066533819097132,36323,214.16030183124516,0.7924237757930397,0.9917132395451917,0.969138385971377,0.8910159526803758,0.0066724552330205125,0.0025942232672692945,0.7939094279309177,0.998670342479323,SEKER
444,36029,688.635,238.66050519510193,192.5751141679225,1.239311248633059,0.5906883366164773,36371,214.18110924463713,0.77495052912329,0.9905969041269143,0.9547372959857102,0.8974300505630238,0.00662412237905859,0.002650394620948956,0.8053806956535513,0.9981173555553643,SEKER
445,36032,741.973,238.76822820283184,192.4767408126396,1.2405043185724618,0.5917469820967889,36713,214.1900260887453,0.7717449506307695,0.9814507122817531,0.8224737183214886,0.8970625099533447,0.006626560507405413,0.002647029361789588,0.8047211467637945,0.9982600578070708,SEKER
446,36036,681.481,236.17187033690863,194.55005541575156,1.213938848962092,0.5669318130705109,36286,214.20191463681252,0.7806589978553324,0.9931102904701538,0.9750770578637318,0.906974714352073,0.00655377595562517,0.0027355967013702374,0.8226031324740245,0.9985898997881286,SEKER
447,36044,691.115,233.58022441317493,196.66807115422984,1.187687574512276,0.5395208068605967,36384,214.2256897536666,0.7895382458599842,0.9906552330694811,0.9482922625057684,0.9171396692158642,0.0064804190548544815,0.0028282953985777287,0.8411451728493848,0.9990176701541947,SEKER
448,36059,692.057,237.05324708256862,193.85912916605966,1.2228118846005385,0.5755206090463448,36417,214.27026098739233,0.7916703258101344,0.9901694263668067,0.946106031141815,0.9038908499437652,0.0065740383006342,0.0027069233165400827,0.8170186686120625,0.9990601379193389,SEKER
449,36075,702.685,238.1659954042711,193.08095566208206,1.233503297037197,0.5854630526560325,36522,214.31779341977415,0.7558139534883721,0.9877608017085592,0.9181102542933074,0.8998673091680608,0.006601967994574389,0.002670343169084719,0.8097611741093664,0.9988430780766152,SEKER
450,36076,693.745,243.52621854276308,189.1972144345256,1.2871554122539093,0.6296154171794358,36427,214.32076384677646,0.7591271594806726,0.9903642902242842,0.9419514307955499,0.8800726473282869,0.006750366408214965,0.0024979354008688084,0.7745278645754194,0.9969377328297141,SEKER
451,36082,683.7639999999999,234.15349134607652,196.33165088924943,1.1926426039078253,0.5449413644918412,36409,214.33858554430682,0.7860830918716368,0.9910187041665522,0.9698130037473851,0.915376423866841,0.006489482050498213,0.002810533000542503,0.8379139973712467,0.999331931675658,SEKER
452,36085,689.809,237.31039868389047,193.8350869618133,1.2242902067087682,0.5769212089689724,36414,214.34749583740964,0.7559284397519692,0.9909650134563629,0.9529691923411027,0.903236845187435,0.006576427842147443,0.0027000785752786765,0.8158367985041504,0.9988210026812662,SEKER
453,36092,690.636,236.30096631298065,194.6810894620507,1.2137848979884764,0.5667799675560958,36433,214.3682850810294,0.7696671144947007,0.9906403535256498,0.9508727192208236,0.9071832774356859,0.006547184038373619,0.002735359773593926,0.8229814988589527,0.9989225146389173,SEKER
454,36100,681.5899999999999,236.75184849247827,194.34421258682886,1.2182088951411536,0.5711046287637737,36350,214.3920417481474,0.7699526511112059,0.9931224209078404,0.9764963985415546,0.9055559359442921,0.006558222949930146,0.0027203642964247587,0.8200315531239429,0.9989697323120026,SEKER
455,36104,698.492,247.96825777730464,185.6219019877653,1.3358782294648004,0.6630543900065636,36456,214.40391909458725,0.7559463986599665,0.9903445249067369,0.9299129842275188,0.8646425998892937,0.006868165792635294,0.0023679201240847637,0.7476068255433173,0.9987116824426063,SEKER
456,36105,712.899,247.7712990136734,185.70467735497084,1.334222177614102,0.6620039373774027,36668,214.4068883283908,0.7427789664252797,0.9846460128722592,0.8927322054910996,0.8653419067579681,0.006862520399215438,0.0023736372895014532,0.748816615591516,0.9990877354881345,SEKER
457,36109,690.918,236.91838652745312,194.40386100023687,1.2186917755052429,0.5715718502343194,36461,214.4187648524307,0.771559829059829,0.9903458489893311,0.9505441883384584,0.9050321842690109,0.006561200435554935,0.002715308394727037,0.8190832545627372,0.998210025789675,SEKER
458,36109,708.201,234.77340947403985,196.36276148086483,1.1956106529746378,0.5481307165568886,36550,214.4187648524307,0.7688655140107317,0.9879343365253078,0.9047159646881882,0.9133008943934093,0.0065017975982176145,0.002790414630163024,0.8341185236998017,0.9972809927789607,SEKER
459,36112,723.0769999999999,225.32877595434843,204.66633881869356,1.100956694954899,0.41831734834262185,36709,214.42767181377548,0.7922425518845159,0.9837369582391239,0.8679452100880376,0.9516213404417485,0.006239720202546202,0.0031564692964538097,0.9055831755841501,0.9970078599978878,SEKER
460,36115,688.0889999999999,228.0140680094677,201.8461467277989,1.1296429072632124,0.4651431129733378,36464,214.43657840515547,0.7841540733020671,0.990428916191312,0.9585356126617259,0.940453281138125,0.0063135558080982335,0.0030465105781367456,0.8844523740034653,0.9991153511051246,SEKER
461,36120,683.177,229.65960220264034,200.4695549590914,1.1456083805319246,0.4879015886743134,36437,214.45142190210368,0.7635395087303936,0.9913000521447979,0.9725034080205449,0.9337794712057469,0.006358239263638991,0.0029819057806469216,0.8719441008452844,0.9989064692837314,SEKER
462,36120,682.617,225.73795489601628,203.97960592838507,1.1066692371945768,0.42835114655016177,36472,214.45142190210368,0.7608214849921011,0.9903487606931345,0.9740996920176339,0.9500016158155078,0.006249666525360362,0.003140031343005526,0.9025030700520758,0.9987723841002943,SEKER
463,36128,690.3539999999999,241.89722623025992,190.4901445687506,1.2698674085102382,0.6163353633003174,36465,214.4751693604459,0.7767290864919485,0.9907582613464967,0.9525989383455559,0.886637572091417,0.0066955609563291605,0.002552414804113094,0.7861261842441629,0.998276020348177,SEKER
464,36136,711.044,234.6393276863634,196.27783029835493,1.1954448820312336,0.5479536993828671,36663,214.49891418967565,0.7755837912087912,0.9856258353108038,0.8981667829474083,0.9141643743387768,0.006493229125701887,0.0027972910821447605,0.8356965033102074,0.9990291078135853,SEKER
465,36137,703.387,240.49365440460232,191.50257750891598,1.2558246344930026,0.6049156920683291,36540,214.5018821085134,0.7812391905914908,0.9889709906951286,0.917853323672656,0.8919232511126434,0.006655053114663706,0.0025980124661761765,0.7955270858753475,0.9990425118486917,SEKER
466,36140,693.003,236.5060994091041,194.8376484507631,1.2138624197616044,0.566856441434119,36473,214.51078561864617,0.7643824027072758,0.990869958599512,0.9456442428941396,0.9069989575515732,0.0065441643444688466,0.0027318768105634187,0.8226471089996406,0.9985804103401918,SEKER
467,36144,690.759,222.62023242222045,206.92003480530752,1.0758756764741768,0.3688840429610407,36563,214.52265639066593,0.7832871012482663,0.988540327653639,0.9519036089764772,0.9636260552625932,0.006159258311814421,0.0032759881193191423,0.9285751743809462,0.9990314438942272,SEKER
468,36147,710.044,241.69602195051255,190.86823847016706,1.2662977553926027,0.6134884632681726,36675,214.5315590386224,0.7861461505002175,0.9856032719836401,0.9009726325786044,0.8876089780350125,0.006686475280120412,0.0025601402156360136,0.7878496978883593,0.9976523040227695,SEKER
469,36152,694.1999999999999,248.93547423614388,185.0490032819756,1.3452408271381975,0.6688900840866989,36582,214.54639596428927,0.7615757320412893,0.9882455852605107,0.9426988421624939,0.8618554531957442,0.006885800902747949,0.002343537781948056,0.7427948222032416,0.9992379210146591,SEKER
470,36154,679.6959999999999,234.96809463559833,196.13597237237207,1.197985722830598,0.5506526428880432,36386,214.55233044727126,0.7842856523059569,0.9936239212884076,0.9834149121313596,0.9131126112249879,0.006499089855495888,0.0027869531502567177,0.8337746407781157,0.998850115710393,SEKER
471,36154,691.4789999999999,232.05728915070634,198.68015022904981,1.1679943310047705,0.5166966544634404,36497,214.55233044727126,0.7791810344827587,0.9906019672849823,0.950185124709949,0.9245662191112354,0.006418578557025678,0.002893148394430928,0.8548226935216446,0.9984280600475095,SEKER
472,36156,687.2389999999999,238.86779059000136,193.07613684125266,1.237168893566576,0.5887748600856219,36461,214.55826476611088,0.7627365356622998,0.9916348975617784,0.9619990591741748,0.8982302060740539,0.00660658785789361,0.0026528188818153433,0.8068175031038374,0.998169517625122,SEKER
473,36156,683.782,238.97981067537967,192.87491789263396,1.2390403754230528,0.5904472919605571,36404,214.55826476611088,0.7804014677314914,0.9931875618063949,0.9717508147084789,0.8978091670578733,0.006609686101210855,0.002649090160263007,0.8060613004531524,0.998742496327468,SEKER
474,36166,684.301,238.5692528988332,193.2829525913991,1.2343005407371312,0.5861874572196174,36460,214.5879338986512,0.7873470631776026,0.9919363686231486,0.9705457064610568,0.8994785844831754,0.0065965064673680586,0.002663526771952205,0.809061723943857,0.9986253233536182,SEKER
475,36166,693.373,226.82992223801713,203.3922504292431,1.1152338486806195,0.44269364237336223,36553,214.5879338986512,0.7754288164665523,0.9894126337099554,0.945314870259395,0.9460300994746179,0.006271910696179205,0.0030988420909713586,0.8949729491119555,0.9981041265031702,SEKER
476,36169,685.632,238.456574182716,193.31378530959836,1.2335207952232687,0.5854789768495343,36452,214.59683383854036,0.7915134803921569,0.9922363656315154,0.9668613678222745,0.8999409413393097,0.00659284398746761,0.002667525628332619,0.8098936978986827,0.9990207182782969,SEKER
477,36186,685.681,236.9992929267507,194.91515652301166,1.215910025441098,0.5688673734313708,36484,214.6472598608857,0.7964344668207329,0.9918320359609691,0.9671775605802626,0.9056873428193165,0.006549474739588535,0.0027183127859603533,0.8202695629431143,0.9973739851467206,SEKER
478,36210,690.479,236.32019454324657,195.2178041591907,1.2105463206139684,0.5635626803331197,36567,214.7184293787104,0.7613380711086815,0.9902370990237099,0.9544154028446393,0.9085911163610563,0.00652637930249231,0.002743633003215091,0.8255378167302304,0.999351766570469,SEKER
479,36236,714.592,234.89351347451944,196.58139886997787,1.1948918606987928,0.5473622123133132,36704,214.79550307914585,0.7760976654529878,0.9872493461203139,0.8917308985598953,0.9144377803452892,0.006482324579824468,0.0027959356969589674,0.8361964541228195,0.9991643369765486,SEKER
480,36244,701.3959999999998,237.53230780150517,194.5318785543985,1.2210456690525513,0.5738360677904546,36667,214.81921250060765,0.7454852112386359,0.988463741238716,0.9258047744337214,0.9043789221301306,0.006553700137995397,0.0027043821263418827,0.817901234793257,0.9986947604570402,SEKER
481,36246,684.492,238.56638018425696,193.57122687550068,1.232447528669619,0.5845001922387528,36557,214.82513944711104,0.7874600795150883,0.9914927373690401,0.972149812552053,0.900483711414788,0.006581867797391628,0.0026695149858382084,0.8108709145233512,0.9993558546743783,SEKER
482,36253,698.598,230.52489719421646,200.53061114153442,1.149574600515789,0.4932510598227577,36730,214.8458824722593,0.7881429627375103,0.9870133405935203,0.9334673648959072,0.9319855906551054,0.006358781264839226,0.002959309852103169,0.8685971411887459,0.9985172115912088,SEKER
483,36253,681.763,237.31202763962247,194.78112457819407,1.2183522820988466,0.5712434638436921,36493,214.8458824722593,0.7821574973031283,0.9934233962677774,0.9801373953710246,0.9053307774122606,0.0065459969558277235,0.002712593401110453,0.8196238165298882,0.9985905473317557,SEKER
484,36257,690.403,221.79250639088738,208.3149927148144,1.0646977613105546,0.3432784410341085,36639,214.85773473036244,0.7887443438914027,0.9895739512541282,0.955864628375084,0.9687330659932076,0.006117232710673453,0.003323160065993113,0.9384437531486004,0.9991589630931896,SEKER
485,36261,701.08,232.4588159658658,198.92962962119853,1.168547975525383,0.5173682105791304,36685,214.86958633469217,0.7666335440495571,0.9884421425650811,0.9270741782661591,0.9243339962905239,0.006410711672757668,0.0028867004018487486,0.8543933366984103,0.9983996039013042,SEKER
486,36265,684.1370000000001,240.9473324969239,191.89502533649232,1.2556205252033878,0.6047452613009466,36514,214.8814372853567,0.7498345877098669,0.9931806978145369,0.9736691009343029,0.8918191168939379,0.006644073693559187,0.0025925152151832706,0.795341337257483,0.9986469076032057,SEKER
487,36272,724.509,242.87159338271175,190.57934536616057,1.2743857048941056,0.6198861142280225,36736,214.90217487646285,0.7806473829201102,0.9873693379790941,0.8683479779781376,0.8848386584997806,0.006695842340723196,0.0025318696137097314,0.7829394515756913,0.9977668448856919,SEKER
488,36278,689.9429999999999,246.5483425816633,187.74921273510085,1.3131791020052015,0.6481522822165605,36580,214.9199483619476,0.7461538461538462,0.9917441224712958,0.9576940185836509,0.871715242988342,0.006796084199285057,0.002420678285803977,0.7598874648582243,0.997868338727532,SEKER
489,36299,693.838,243.741422226525,189.8014846751817,1.2841913362461512,0.6273962540610891,36649,214.9821439895455,0.7383398083924902,0.9904499440639581,0.9475199478637539,0.8820090652861966,0.006714824712155293,0.002506724687078459,0.7779399912470302,0.9990237968788429,SEKER
490,36301,713.642,231.5127815971338,200.1100531073493,1.1569272907690373,0.5028760188402903,36793,214.98806644423578,0.767982567487518,0.9866278911749518,0.8957104676422055,0.9286228819035424,0.006377586887334613,0.0029254566694661027,0.8623404567948404,0.9976652084001889,SEKER
491,36311,689.155,240.15117170240404,192.6197446103851,1.2467630054653092,0.5972205601492435,36606,215.01767627076268,0.7831385066643661,0.9919412118231984,0.9607585337083411,0.8953430239233359,0.006613730596855059,0.0026217065539582527,0.8016391304881831,0.9994540116260444,SEKER
492,36325,690.5799999999999,246.17017165134996,188.31032174411797,1.3072579844340864,0.6440778506642283,36623,215.05912317896392,0.738868661391697,0.9918630368893865,0.9571665080922216,0.8736197474142053,0.006776880155577425,0.0024350020855883345,0.76321146307206,0.9977142789125714,SEKER
493,36331,692.7769999999999,235.04849027837892,196.99075071731647,1.1931955658957596,0.5455387773954011,36684,215.07688369458302,0.7838403451995685,0.990377276196707,0.9512623196304125,0.9150319725085552,0.0064696399845415465,0.002797724549424035,0.8372835107128973,0.9990429723802638,SEKER
494,36336,685.99,238.13567019125378,194.47783099872967,1.2244874851201384,0.5771074755169059,36612,215.09168300400847,0.7640033641715728,0.9924614880367093,0.9703120197095472,0.9032316865056881,0.006553711751190384,0.002690690577938521,0.8158274795079098,0.9989705386745416,SEKER
495,36340,683.8449999999999,235.80612338335547,196.76214818675675,1.1984323486829396,0.5511239267629265,36609,215.103521718441,0.8032714412024757,0.9926520800895955,0.9765161612800722,0.9122049870127512,0.0064888861690521596,0.0027715306588230746,0.8321179383309336,0.9972370552151463,SEKER
496,36343,697.705,243.40984459633725,190.96318831167653,1.2746427557496631,0.620086378253096,36737,215.1124003266897,0.7862706070702263,0.9892751177287203,0.9381817218024968,0.8837456869644074,0.006697571598281299,0.002520033747972054,0.7810064392281924,0.995504199956055,SEKER
497,36345,682.374,230.78649307751277,200.74164866086375,1.1496692122291339,0.49337728797429947,36613,215.11831919527327,0.7841423948220064,0.9926801955589545,0.9808658074400679,0.932109658267665,0.006349882874604836,0.0029567425388603566,0.8688284150358636,0.9988652794765681,SEKER
498,36349,686.8510000000001,226.51984814597367,204.81687579831885,1.1059628131864756,0.42713146420144443,36645,215.1301564439036,0.7408788879377115,0.9919224996588893,0.9682271616136202,0.949718791552737,0.0062318041251746585,0.0031273297913449586,0.901965783028391,0.9975406147960214,SEKER
499,36361,685.038,234.79073941157833,197.42007068825396,1.189295184593143,0.5412928414118989,36669,215.1656642824669,0.7894268345636127,0.9916005345114401,0.9736802402033452,0.9164146116738042,0.006457213481795834,0.002809266420922553,0.8398157404892493,0.9987888161093887,SEKER
500,36365,690.321,239.1409014156703,193.83464308891996,1.2337366406992918,0.5856753153301525,36680,215.17749892657037,0.7843031531725834,0.9914122137404581,0.9589396712570786,0.8997937937540547,0.006576128184124028,0.002659022462369415,0.8096288712783144,0.9988688038640666,SEKER
501,36369,689.67,236.8455650320201,195.6472670410296,1.210574359734607,0.5635907251127983,36716,215.1893329198107,0.7684457403651116,0.9905490794204161,0.9608565475911022,0.9085639112166547,0.006512292475240455,0.002737383146994342,0.8254883807653053,0.9993150680133168,SEKER
502,36373,689.957,244.47938147298416,189.70154561194857,1.28875798393909,0.6308056402409972,36684,215.2011662622953,0.7839008620689655,0.9915221895104133,0.9601629335207311,0.8802425994605839,0.006721452216561299,0.00248915767748302,0.7748270339051262,0.9985645261170752,SEKER
503,36384,689.5129999999999,239.4697422767855,193.65352886065,1.23658858005683,0.5882537561753935,36749,215.2337045995449,0.7551994686371373,0.9900677569457672,0.9616906409615653,0.8987929019891459,0.006581732142611738,0.0026494669268135825,0.8078286806660706,0.9989517211540383,SEKER
504,36393,681.9939999999999,233.83134049578157,198.33157242057663,1.1789920164598156,0.5297046502252744,36655,215.2603232171381,0.7828640265020328,0.9928522711771928,0.9832560192555918,0.9205794345648097,0.0064251735360036704,0.0028464902419519525,0.847466495343665,0.9991562322273606,SEKER
505,36396,689.842,231.76705239334544,200.31443390013393,1.1570162363281924,0.5029902134903631,36785,215.26919535823276,0.7986658181738386,0.9894250373793666,0.9610904369805378,0.9288170735885565,0.006367926486244242,0.0029234694778023994,0.86270115618961,0.9981592448104827,SEKER
506,36405,691.958,236.52167028495128,196.2618032809742,1.2051334815585073,0.5580852762166081,36738,215.29580958784032,0.7948689956331878,0.9909358157765801,0.9554576233983999,0.9102582834311167,0.006496955645789075,0.0027513650965876615,0.8285701425549633,0.9985376206126916,SEKER
507,36411,696.862,237.17218868379487,195.64122285596935,1.2122812627193633,0.5652917001243127,36825,215.313550579967,0.7703749153689912,0.9887576374745417,0.9422125934615552,0.9078364195012322,0.006513751028090271,0.0027292374536010185,0.8241669645728174,0.9991221685039195,SEKER
508,36421,687.4599999999999,238.69934565391856,194.4298757249949,1.227688619168482,0.5801090955236973,36706,215.34311565220597,0.7903691326143096,0.9922356018089685,0.96842694046216,0.902152098751138,0.006553893238898398,0.0026779235867909717,0.8138784092810833,0.9991892604613337,SEKER
509,36421,692.256,238.70345835523403,194.44872068371856,1.227590788542642,0.5800179392625078,36776,215.34311565220597,0.794784506273868,0.9903469654122253,0.9550547584157112,0.9021365552724266,0.006554006160051455,0.002677785172666017,0.8138503643588002,0.9990752105389361,SEKER
510,36426,696.3009999999999,242.00509897344287,191.82601702822177,1.2615864246289317,0.6096733171428463,36779,215.35789666627744,0.7425391389432485,0.990402131651214,0.9441202429968363,0.8898899138067763,0.0066437461970417526,0.0025700284660296175,0.7919040586950318,0.9990554100582049,SEKER
511,36439,689.312,237.3111157857188,195.70679318140867,1.212584969218444,0.5655930648180921,36736,215.3963225558983,0.7992761570519851,0.991915287456446,0.9637061622154128,0.9076537432422316,0.006512558406809156,0.00272654208910396,0.823835317621635,0.9989703232592974,SEKER
512,36443,703.908,229.651403267746,202.3781616769839,1.134763757931021,0.47266779207958626,36837,215.40814452750746,0.7676250658241179,0.9893042321578848,0.9242557965744757,0.9379787863798393,0.006301660216440633,0.003008893461576687,0.8798042036985961,0.9983699244325286,SEKER
513,36453,687.95,239.7786797348845,193.7050328362871,1.2378546712182603,0.5893891305274483,36717,215.43769661837476,0.758331599750364,0.9928098700874255,0.967897547949884,0.89848562372842,0.006577748874849381,0.0026442443307225726,0.8072764160466481,0.9992908825676791,SEKER
514,36461,694.029,242.56117650585492,192.0090373264601,1.2632799991254808,0.6110524031828779,36805,215.46133537270384,0.7589874893315848,0.9906534438255672,0.9512248865658622,0.8882762628235482,0.006652619963957514,0.0025548458667691214,0.7890347190957694,0.9967717792492775,SEKER
515,36461,695.283,239.6298858058227,194.02081669845256,1.2350730704234476,0.5868872173229811,36845,215.46133537270384,0.7758484945206937,0.9895779617315782,0.9477967563832035,0.8991421693840677,0.006572224727951036,0.0026497544690964733,0.8084566407646876,0.9985030256134689,SEKER
516,36463,695.4329999999999,239.70463702214536,193.9093326681648,1.2361686450251965,0.5878759209310591,36818,215.46724465606886,0.7856711915535445,0.99035797707643,0.947439901502617,0.8988864267826521,0.006573914297291648,0.0026474214980460715,0.8079968082540842,0.9988203196441348,SEKER
517,36469,692.125,240.75872960124838,193.11591947838284,1.2467057622776594,0.5971710966048005,36766,215.4849715338558,0.7655603837353318,0.9919218843496709,0.9566754864175632,0.8950245413354203,0.00660173653243161,0.0026132305445326124,0.8010689295926795,0.9986972505047902,SEKER
518,36473,690.992,232.63672540634448,199.74966760032788,1.1646413643692222,0.5125901352531947,36858,215.496788642257,0.7855312183670392,0.9895545064843453,0.9599206004809535,0.9263231687337874,0.006378327129831505,0.002896921042360833,0.8580746129330048,0.9993491879368869,SEKER
519,36474,690.0899999999999,233.84464959304685,198.80875112518234,1.1762291562598457,0.5265010635021364,36817,215.49974281810714,0.7715119722480751,0.9906836515740012,0.9624580061076836,0.9215508808652888,0.006411269660389506,0.002852338611355493,0.8492560260235898,0.9989196989383166,SEKER
520,36481,689.4279999999999,230.61825695170307,201.73552465077051,1.1431712751184115,0.4845572357100023,36781,215.5204209152429,0.7813450417648319,0.9918436149098719,0.9644922966925157,0.9345332141695009,0.006321599105060253,0.0029743062139997102,0.8733523283859782,0.9983912948686323,SEKER
521,36496,698.972,218.3369554534332,213.03918310166668,1.0248675960667681,0.21895126335356507,36927,215.56472444408544,0.7714877605377753,0.9883283234489669,0.9387189269350097,0.9873029693778109,0.005982490011328179,0.0035064166319679177,0.9747671533422431,0.9990072691707115,SEKER
522,36518,691.304,232.86544254788112,199.74614367027343,1.1658069501070252,0.5140254202919726,36855,215.6296864873635,0.8008333333333333,0.9908560575227242,0.9602376024394946,0.9259840538298264,0.006376730449309412,0.0028919571481664827,0.8574464679471189,0.9996170516774718,SEKER
523,36520,692.007,233.33187265951443,199.5817192597158,1.1691044326353333,0.5180413418317171,36852,215.6355911572302,0.7968927293357773,0.990990990990991,0.9583400932010246,0.9241583187903899,0.006389153139636211,0.0028748061753752813,0.8540685981894802,0.9984953839179666,SEKER
524,36527,691.8770000000001,238.31435956102013,195.39876597074692,1.2196308322474159,0.5724777780325945,36865,215.65625622861324,0.7652838885397025,0.9908314119083141,0.958884020657944,0.9049234659038441,0.006524334316013364,0.002698754443227627,0.8188864791434257,0.9987391980738526,SEKER
525,36532,697.29,243.7966069949502,191.49353847944258,1.2731322891144055,0.6189069290922053,36893,215.6710157815949,0.8121470810546441,0.9902149459247012,0.9441835705548859,0.884635017853477,0.006673508348706619,0.0025211023527483513,0.7825791148126219,0.9963267398545181,SEKER
526,36536,687.345,231.54174182620235,201.21178854732776,1.1507364627979566,0.49479680240197554,36879,215.6828226967644,0.7847753243405791,0.9906993139727216,0.971809873238169,0.9315072997017452,0.006337358819416531,0.0029432903765475855,0.8677058493976371,0.9985007598849334,SEKER
527,36540,710.343,239.11493957705994,195.10009030054528,1.225601378291067,0.5781563825752165,37058,215.69462896563476,0.7516353313860205,0.9860219115980355,0.9100016857108779,0.9020541725546284,0.006543922812727421,0.002672688898489682,0.8137017302232151,0.9972739620793987,SEKER
528,36549,694.092,239.78447997317207,194.25632798050128,1.2343715258389973,0.5862518454687693,36884,215.7211907081116,0.7755920550038197,0.9909174709901313,0.9533476169509444,0.8996461769846291,0.006560630385870258,0.002651015633889352,0.8093632437630587,0.9990549421618069,SEKER
529,36553,691.653,231.25057519305747,201.4553835958092,1.147899703971317,0.49100589644535103,36884,215.73299487724262,0.7775910483321987,0.9910259190977118,0.9601881910307248,0.932897116892098,0.006326445851039791,0.002955796710800756,0.8702970307055888,0.9990137039140615,SEKER
530,36554,698.1779999999999,247.48452657388827,188.25733938023205,1.3146075865548716,0.649123224117651,36868,215.73594581860746,0.7899809820193637,0.9914831290007594,0.9423504708418947,0.8717148857958922,0.006770381533454294,0.0024115193723487,0.7598868421181454,0.998953007571738,SEKER
531,36565,691.7369999999999,242.28374476325266,192.3284920291064,1.2597392211996659,0.6081591954317375,36892,215.76840350996997,0.7520567667626491,0.9911362897105064,0.9602701513290617,0.8905607915248622,0.006626110891925411,0.002570944758515861,0.7930985234013891,0.9990973162042709,SEKER
532,36566,694.803,245.2090877166219,190.1029227488968,1.2898754220655184,0.6316316116527443,36883,215.77135396707774,0.7785963716889532,0.9914052544532711,0.951839994390276,0.8799484390090626,0.0067059314039441525,0.002480091878684557,0.774309255314486,0.99876247750801,SEKER
533,36568,691.529,241.39219315019128,193.1193048814841,1.2499640742717661,0.5999693412735916,36883,215.77725476026296,0.7896691716334111,0.9914594799772253,0.9609267370264688,0.8938866329699776,0.006601186642698296,0.0025997497600133536,0.7990333126024034,0.9987629348993661,SEKER
534,36576,687.6099999999999,230.15637443193972,202.50333717465475,1.1365559582528502,0.4752494686329623,36883,215.80085631950885,0.781037796284433,0.9916763820730418,0.9721240881925515,0.9376271104901508,0.006292551794399052,0.0030000409703633798,0.8791445983261096,0.9991970313933484,SEKER
535,36587,705.861,248.4867776436177,187.74984870751766,1.3234992163999975,0.6550646944168971,36985,215.83330424942622,0.7517052925706772,0.9892388806272814,0.9227802487629024,0.8685907004636544,0.006791668561063157,0.0023846077315990725,0.7544498049319419,0.9985137256405561,SEKER
536,36589,698.326,241.3724332408798,193.2983034711731,1.2487043543911707,0.5988916373255737,37011,215.8392033489627,0.7793516230723353,0.9885979843830213,0.9428529847542183,0.8942164622981782,0.0065968578873672355,0.0026018816280914095,0.799623081445069,0.9984928236721432,SEKER
537,36592,698.4989999999999,239.81216437438337,194.39871730493311,1.233609808228389,0.5855599657844933,36953,215.84805169597678,0.7790836314086186,0.9902308337618055,0.9424632703392475,0.9000713214822791,0.006553677426059887,0.002653215471271456,0.8101283837548564,0.9993823201242032,SEKER
538,36594,688.1229999999999,235.72605418159364,197.84065505623744,1.1914945091269893,0.5436962166527448,36890,215.85395039247842,0.7631381381381381,0.9919761452968284,0.9711528737825047,0.9156983140531145,0.006441658582871335,0.002793747320389566,0.8385034023597164,0.9990721997959009,SEKER
539,36598,691.7779999999999,242.2988420266956,192.63727200647924,1.257798345579489,0.6065569999511005,36971,215.86574730192254,0.7747904140909476,0.9899110113332071,0.9610228723327382,0.8909070530272664,0.006620548719238636,0.002572784063872915,0.7937153771337285,0.9983338882198041,SEKER
540,36600,693.853,240.8547216602356,193.63501828362863,1.2438593173650103,0.5946976543054483,36908,215.87164551489144,0.7702830685046828,0.9916549257613525,0.9553357031393466,0.896273255624248,0.006580730100006437,0.002619483045064566,0.8033057487472887,0.999199340272191,SEKER
541,36601,692.969,247.36222830075963,188.59059333508154,1.3116360891937733,0.6470982841085217,36924,215.8745945609434,0.7872198563255474,0.9912523020257827,0.9578008133394538,0.8727063789968311,0.006758346173622569,0.002418203234528973,0.7616164239417607,0.9989635877647178,SEKER
542,36606,700.2289999999999,246.88718577008544,188.89145659749587,1.3070320395494182,0.6439207616514049,36991,215.88933918694403,0.7800127849989346,0.9895920629342272,0.9381708896395793,0.8744452998382497,0.006744445876907759,0.002432521164613645,0.7646545824092065,0.9994280383971138,SEKER
543,36609,688.1229999999999,224.37255927154143,207.98200314001585,1.0788075693284447,0.3751864334631392,36943,215.89818547919657,0.7640883286024378,0.9909590450152939,0.9715509525141748,0.96223079230429,0.006128890690036369,0.003240997088830773,0.9258880976585417,0.9988550881051489,SEKER
544,36613,697.6579999999999,233.05020362722448,200.35356719935817,1.1631946807082907,0.5107970673077893,36993,215.90997997171996,0.7570300223306592,0.9897277863379559,0.945279027258517,0.9264526553131823,0.006365231027974339,0.002892589833116316,0.8583145225368463,0.9983868869895358,SEKER
545,36620,688.188,236.19585396684698,197.7146380799981,1.1946300803043164,0.547081713823374,36899,215.93061878344548,0.7886972066076544,0.9924388194802027,0.971659302650551,0.9142015626309598,0.006449914089755516,0.002779083078911839,0.8357644971168886,0.9984294083062454,SEKER
546,36629,686.5419999999999,231.34643201348848,201.70649693720557,1.146945862063681,0.48971827185908806,36913,215.95715150025543,0.7840782601250107,0.9923062335762468,0.9765639868079905,0.9334794992112272,0.006315936334966515,0.0029582620660025733,0.8713839754476433,0.9994302449082748,SEKER
547,36648,728.404,244.72174964200883,191.1254361290357,1.2804248068623807,0.6245425232140361,37297,216.01315431115358,0.7603319502074689,0.9825991366597849,0.8679915528426261,0.8826888277284237,0.006677629055937809,0.002500532893093505,0.7791395665965788,0.9976296290782634,SEKER
548,36655,697.963,241.02284693233727,193.95364309451023,1.2426827518516423,0.5936672704800158,37023,216.0337832661072,0.7787999830025921,0.9900602328282418,0.9455364743000193,0.8963207679924,0.00657544255715011,0.00261793336361822,0.8033909191344859,0.9983600382026631,SEKER
549,36661,689.7429999999999,229.36002505238667,203.77633920433686,1.1255478724759882,0.4589613906452539,36979,216.05146365978592,0.7852002570143499,0.9914005246220828,0.9683660782329693,0.9419752357039505,0.006256240284018076,0.003038443219139064,0.8873173446795131,0.9987181495150691,SEKER
550,36663,698.145,234.7081444232982,199.09311562703402,1.178886289885496,0.5295828281071551,37092,216.05735680282973,0.772259083728278,0.9884341637010676,0.9452498101284204,0.9205362572044726,0.006401771388683365,0.0028355905406371312,0.8473870008280189,0.9989729175033409,SEKER
551,36677,690.331,239.38147034983848,195.21093800999978,1.226270785797751,0.5787844496213358,36981,216.0986043042656,0.7776646947819265,0.9917795624780292,0.9671390449258332,0.9027373922820898,0.006526746199248534,0.0026737587241865636,0.8149347994242678,0.9993307368639295,SEKER
552,36677,687.082,236.0777173463885,198.13166690310715,1.1915193620302917,0.5437232388277935,36958,216.0986043042656,0.7776646947819265,0.9923967747172466,0.9763072783799799,0.91537061071796,0.006436669229936704,0.0027875894577945367,0.8379033549661713,0.9983780709523334,SEKER
553,36701,719.886,234.41587386250418,200.83690704849738,1.1671951998638292,0.5157240975869929,37415,216.16929599581252,0.7602013339409255,0.9809167446211412,0.8899391372699098,0.9221615090904888,0.006387179473652058,0.0028491600473418907,0.8503818488480476,0.9925616120267695,SEKER
554,36705,698.444,247.00467610885735,189.4631854860808,1.3037080289511123,0.6415958031282457,37077,216.18107569698174,0.7717619848612279,0.9899668257949672,0.9455225930161041,0.875210457966021,0.006729455826423031,0.002435620962286164,0.7659933457330923,0.9986316749553574,SEKER
555,36707,697.665,244.37883462298188,191.50074838579383,1.2761246975947105,0.6212373211822568,37074,216.18696530686952,0.7862023174623572,0.9901008793224362,0.9476869135908741,0.884638662101791,0.006657553998501154,0.002515116599297629,0.7825855624852468,0.9986767642684721,SEKER
556,36711,701.5279999999999,244.5579161784373,191.29654932704875,1.2784230402417278,0.6230102308070572,37042,216.19874404531714,0.7551528366314231,0.9910641973975487,0.9373808122620945,0.8840390342857338,0.006661706741261129,0.0025098689110007646,0.781525014140853,0.9991195846029083,SEKER
557,36730,692.3489999999999,235.96806531963028,198.49626690805619,1.1887783533426908,0.540724566215777,37038,216.25468429174552,0.7666777991149704,0.9916842162103785,0.9628988185531409,0.9164574197733832,0.006424396006524102,0.0027955111765137473,0.8398942022576872,0.9984480467419663,SEKER
558,36733,696.7139999999999,235.20840050643247,199.11097578655915,1.1812929929014493,0.5323409601691532,37081,216.26351563950107,0.7705361637858701,0.9906151398290229,0.9509489163667424,0.9194548969078453,0.00640319060535302,0.002822915725718329,0.8453973074478168,0.9986619155058581,SEKER
559,36736,695.8059999999999,248.18559701483937,188.70286184843806,1.3152190411090665,0.6495374213365643,37023,216.272346626634,0.7507868383404864,0.9922480620155039,0.9535103063358563,0.871413769485192,0.006755923263687918,0.002403046325267932,0.7593619576483915,0.9987273057930212,SEKER
560,36738,690.192,237.93285290263927,197.05842320903392,1.2074229004169335,0.5604175338656808,37032,216.27823375106522,0.74666178891531,0.9920609202851588,0.9691377970034395,0.9089885281187504,0.006476478112652819,0.002727421589187503,0.8262601442514924,0.9976454198710506,SEKER
561,36740,708.7319999999999,239.51141444529108,195.929858842445,1.2224344766046698,0.5751616806590745,37128,216.2841207152524,0.7535482812371811,0.9895496660202543,0.9191469107452988,0.9030221846260099,0.006519091302267041,0.0026739944741519237,0.8154490659267315,0.996833052103911,SEKER
562,36741,692.928,238.6154110407801,196.4650043852313,1.2145440954608877,0.5675278293176036,37052,216.2870641372586,0.7526425762045231,0.9916063910180287,0.9615782137400691,0.9064253779496853,0.006494526851222887,0.0027043039640750623,0.8216069657912299,0.9978778890912736,SEKER
563,36746,701.775,243.97109228862598,191.9849459705951,1.2707824098145342,0.6170591412872137,37125,216.30178064648078,0.75923056261493,0.9897912457912458,0.9376141415975863,0.8865877453652932,0.006639391832815163,0.0025304336773420335,0.786037830231914,0.9988830481074992,SEKER
564,36768,699.477,244.34699004645495,191.69754674476673,1.274648498093654,0.620090849895512,37178,216.3665213955765,0.781732363821916,0.9889719726720103,0.9443500194405632,0.8854887934344564,0.006645642679679475,0.0025202813530493724,0.7840904032980092,0.999439654933455,SEKER
565,36775,691.274,244.7388892547574,191.47991200118796,1.2781439405154886,0.6227957159000702,37039,216.38711666278934,0.7551799905538329,0.9928723777639785,0.9670793282738624,0.8841550164818486,0.006655034378103532,0.0025086711037948114,0.7817300931700181,0.999163581703867,SEKER
566,36778,686.751,231.398456075584,202.78526912892787,1.141100914625432,0.4816809042294005,37050,216.3959426058396,0.7542657916324856,0.9926585695006748,0.9799397429961925,0.9351658877756558,0.006291762903789874,0.0029682927930148118,0.8745352376592302,0.9979329595651173,SEKER
567,36789,687.353,237.48879469242232,197.36928433557023,1.2032712967061292,0.5561711538321388,37058,216.42830131769253,0.7879417434140072,0.9927411085325706,0.9785165647286819,0.9113200544808618,0.006455429467841538,0.0027465569774311476,0.830504241699001,0.9993219158290976,SEKER
568,36791,699.6320000000001,245.28193559803375,191.52053206835862,1.2807083029118063,0.6247586474175333,37159,216.43418420007356,0.7913404456680719,0.9900966118571544,0.9445221043879743,0.8823894171919954,0.006666900481042477,0.0024931298489132814,0.7786110835724294,0.9971736794703686,SEKER
569,36805,699.998,236.57444527078007,198.47385297352466,1.1919678170521426,0.5442103163326566,37153,216.4753599003306,0.7770997846374731,0.9906333270529971,0.9438937007348485,0.9150411814452558,0.00642778006441462,0.0027797345868920357,0.8373003637407296,0.9980350867850024,SEKER
570,36806,692.8389999999999,243.3129110180663,192.89882746457184,1.2613498703757213,0.6094799985730773,37082,216.47830072208714,0.756624524617124,0.9925570357585891,0.9635268767346927,0.8897115233889638,0.006610686057112055,0.002555189756124119,0.7915865948511106,0.9984676488066069,SEKER
571,36813,691.769,243.00747297141507,193.3256032231471,1.2569854634873292,0.6058824943069855,37100,216.49888535587326,0.778303981056682,0.9922641509433963,0.9666936868946869,0.8909145167784202,0.0066011320178039025,0.002565324584079037,0.7937286762065259,0.997705407944644,SEKER
572,36824,689.547,236.36141578127956,198.57726700300114,1.1902742914560678,0.5423657496450831,37125,216.53122868382664,0.7671986332763865,0.9918922558922559,0.9732246028501162,0.9161022663876617,0.00641867846462306,0.0027886962572000974,0.8392433624806104,0.9989297986358164,SEKER
573,36831,692.4899999999999,240.3522782552022,195.32687303533362,1.2305131112794896,0.5827254164957165,37129,216.55180828647167,0.7822568655353312,0.9919739287349512,0.9651534379461492,0.9009767240755688,0.006525814619619402,0.0026525817744406624,0.8117590573259437,0.9988801632394525,SEKER
574,36839,693.645,239.66612381187727,195.87266385795417,1.2235812751578337,0.5762506074966366,37173,216.57532543782233,0.7937728937728937,0.9910149839937589,0.9621508691762912,0.903654308724166,0.006505771704223167,0.002676010892091855,0.8165911096757504,0.9991655912596049,SEKER
575,36841,689.544,238.38848839779695,197.08274019917104,1.2095858224666578,0.5625999641015572,37129,216.58120432666388,0.7971654224818782,0.9922432599854561,0.9736823696314866,0.9085220758028238,0.006470738807247277,0.0027194155124311377,0.8254123622210721,0.9984070910313224,SEKER
576,36847,691.017,235.62074925588826,199.31102946641366,1.182176169009218,0.5333453174259778,37168,216.5988400358057,0.7650955149501661,0.9913635385277658,0.9696936124480766,0.9192689553863338,0.006394570772542901,0.0028168358300984003,0.8450554123370815,0.9990043699571559,SEKER
577,36851,699.211,240.53715220722287,195.53654817026094,1.2301390939855308,0.582380673451061,37198,216.61059637754448,0.7689306207616067,0.9906715414807248,0.9472020678790828,0.9005286476117184,0.006527289685686219,0.00264790733554168,0.8109518451693905,0.9975835680825683,SEKER
578,36856,693.2729999999999,239.92745705157168,195.7341718753037,1.2257821654382464,0.5783261735703028,37126,216.62529090750036,0.7908164360047205,0.9927274686203739,0.9636281758892591,0.902878284834809,0.006509861543617638,0.0026685069987021745,0.8151891972262467,0.9992443794178543,SEKER
579,36860,704.3219999999999,238.8886589856212,196.71001574901751,1.2144204151273081,0.5674061584730576,37289,216.63704581381756,0.7803700724054706,0.9884952667006356,0.9337329543844118,0.9068536226613296,0.006480972842800358,0.0027037637018909343,0.8223834929339773,0.9987193028827265,SEKER
580,36863,690.538,236.75422111622532,198.35879874599394,1.1935655116534467,0.5459376340661679,37161,216.64586157499593,0.7684594538253074,0.9919808401280913,0.9714610108394743,0.915066521532649,0.006422543502054237,0.0027777776789076475,0.837346738829862,0.9994281887628091,SEKER
581,36864,698.9150000000001,248.77811566751183,188.82613826474667,1.3174982973951865,0.6510739955198193,37195,216.64880008233843,0.7466277798031352,0.9911009544293587,0.9483389731010803,0.8708515196404424,0.00674853829393207,0.002394230370190262,0.7583823692600679,0.9991674802746671,SEKER
582,36870,692.977,245.22846329591852,191.52879904831025,1.2803738368038498,0.6245036428492161,37138,216.6664302894785,0.7551459293394778,0.9927836717109161,0.9648179184269777,0.8835288831379494,0.006651165264331937,0.002500118004007927,0.7806232873389922,0.9994896335086595,SEKER
583,36872,692.414,237.20610332533673,198.1927711958059,1.196845383886314,0.5494451121748267,37183,216.67230670640612,0.7845106382978724,0.9916359626711131,0.9664399594592556,0.9134347880131576,0.006433231268315707,0.002762607060052781,0.8343631119526421,0.9986036390255397,SEKER
584,36880,694.7049999999999,239.58275779383055,196.27472370373556,1.220650083071653,0.5734570916656382,37219,216.69581078053355,0.7760942760942761,0.990891748837959,0.9602845181004157,0.9044716438526347,0.006496278682045297,0.0026817867042668157,0.8180689545334873,0.9985759373096414,SEKER
585,36883,696.855,237.68661578499734,197.7173757558593,1.202153401421289,0.5550146173803497,37217,216.70462415109424,0.7796685409884582,0.9910256065776393,0.9544457789532237,0.911724134888257,0.006444340638912164,0.00274670524708373,0.8312408981377405,0.9992790730967719,SEKER
586,36888,697.864,249.44492608921607,188.60302028823054,1.3225924256568349,0.6544667007221301,37205,216.71931230555037,0.7775880604565863,0.9914796398333557,0.9518168359760756,0.8688062559670542,0.006762224194567775,0.002376627323619143,0.7548243104074907,0.9983249156465908,SEKER
587,36892,697.906,243.86068635065536,192.90208529997682,1.264168222813321,0.6117722356953491,37200,216.73106211240145,0.7653306779520371,0.9917204301075269,0.9518054778220358,0.8887494960985908,0.006610123776175197,0.002543939768697205,0.7898756668154993,0.9985357179616365,SEKER
588,36898,695.299,239.85941764809385,196.36856488374494,1.2214756358284564,0.5742472803856348,37250,216.74868562839782,0.7758037047160489,0.9905503355704698,0.9591123451193353,0.9036488446177978,0.00650060755726852,0.0026738220580818962,0.8165812343790809,0.9974340824687735,SEKER
589,36906,702.4119999999999,246.36820220583937,190.9485904483975,1.2902331545223875,0.631895354009402,37298,216.7721814209469,0.7792322959334488,0.9894900530859564,0.9399894872951869,0.8798707766671726,0.0066755595893849065,0.002467987832414846,0.7741725836328935,0.9988631347254151,SEKER
590,36911,690.768,229.5186144910767,204.91462952158741,1.1200694407565337,0.4504497378998984,37249,216.78686499813494,0.7770900440009263,0.9909259308974737,0.9720783131947827,0.9445284665857168,0.006218162999947894,0.0030528261320218247,0.8921340241907656,0.9992520575552266,SEKER
591,36917,700.833,236.92547695658902,198.7767874989929,1.1919172250320698,0.5441554164750302,37353,216.80448397804875,0.7717086834733894,0.9883275774368859,0.944511345821973,0.9150745912301066,0.006417787928504185,0.0027758187871980474,0.8373615075149469,0.9980656043858862,SEKER
592,36919,706.713,248.88400723850722,189.0083082873627,1.3167887141771104,0.650596869693234,37346,216.81035665317623,0.7704620393171668,0.9885663792641782,0.9289099879996751,0.8711301262736637,0.006741352887090854,0.0023947432461459057,0.7588676969015692,0.9992684188335625,SEKER
593,36934,697.6080000000001,244.05359186882936,192.903767686272,1.2651572066012966,0.6125709509663945,37227,216.8543966472631,0.7754030903594222,0.9921293684691219,0.9537033413267385,0.8885523666613974,0.006607829963416617,0.002540801478666887,0.7895253082995702,0.9988736335893117,SEKER
594,36939,695.361,241.64361040320026,195.29701330420883,1.237313394172591,0.5889044316096853,37283,216.86907465789625,0.7303373008027205,0.9907732746828313,0.9600068674886835,0.8974748982438813,0.006541693343165767,0.0026179369717129293,0.8054611929778651,0.9966079225577464,SEKER
595,36952,696.83,242.21981633673988,194.41354475737774,1.2458999018768109,0.5964735968093149,37282,216.9072328371134,0.7862964145121821,0.9911485435330722,0.9562999517656134,0.8954974705106856,0.006554985287311644,0.0026002130749256595,0.8019157196910364,0.9991067164765342,SEKER
596,36955,708.623,241.90023967139,194.6788050264854,1.2425607381269896,0.5935601461995673,37410,216.91603761752597,0.7746567445760403,0.9878374766105319,0.9248101383659447,0.8967169189753433,0.006545805430155325,0.0026107441326486806,0.8041012327766325,0.9991446213277547,SEKER
597,36955,697.491,235.64459356831577,199.85361319779327,1.179085980972986,0.5298128686510116,37319,216.91603761752597,0.7687747035573123,0.9902462552587153,0.9545657646731134,0.9205220214595748,0.006376528035944142,0.002824234580084272,0.847360791992022,0.9991112306639597,SEKER
598,36957,696.21,245.41002548429907,191.99584679591317,1.2782048652602567,0.6228425607035846,37260,216.92190727258833,0.7679536198154767,0.9918679549114332,0.9581335772020194,0.8839162411743714,0.006640420637072789,0.0025004594059014444,0.7813079214118295,0.9986715864149788,SEKER
599,36968,693.68,246.9912937284418,190.77464967680444,1.2946756508103945,0.6351434139902847,37213,216.95418753683805,0.7777824531874605,0.9934162792572488,0.9654226264775251,0.8783879960375102,0.006681218722366419,0.0024534715178595404,0.771565471582793,0.9989270290642814,SEKER
600,36975,694.805,241.36787303421073,195.18917138786676,1.2365843418361604,0.5882499459839178,37252,216.9747270227172,0.7774226782447804,0.9925641576291205,0.9624810255153572,0.89893789216912,0.006527866748727809,0.00262947951932695,0.8080893339774604,0.9992706172013393,SEKER
601,36975,692.588,239.6615036217393,196.52641312142276,1.2194874969486456,0.5723397274414532,37239,216.9747270227172,0.7574360865290068,0.9929106581809394,0.9686527629781317,0.9053382530937094,0.006481717474556844,0.0026860453664392936,0.8196373525147695,0.9995375034238511,SEKER
602,36976,692.7189999999999,242.85084541461887,194.06002160580127,1.25142130463083,0.6012095619604275,37264,216.97766107626694,0.799377378069872,0.9922713610991842,0.9683126216215012,0.8934605959712486,0.006567796554917213,0.002581672026920306,0.7982718365532989,0.9989743831495779,SEKER
603,36980,697.756,227.46902599799526,207.20022901169023,1.0978222711576322,0.4126398622167692,37374,216.98939689373375,0.7928816466552315,0.9894579119173758,0.9544861071922514,0.9539294237609569,0.006151136452082078,0.003141956028339524,0.9099813455169115,0.9989977874464538,SEKER
604,36982,708.8960000000001,244.45263981385455,192.91531557200696,1.2671499880091734,0.6141715317969133,37558,216.9952645644503,0.7600238393719558,0.984663720112892,0.9247731388340015,0.8876781397398186,0.006610043800060963,0.0025316647792876217,0.787972479771945,0.9984793182945787,SEKER
605,36986,693.771,232.713769477169,202.59163672236417,1.1486839893400183,0.4920597126275721,37350,217.00699942991406,0.7717475221700574,0.9902543507362784,0.9656393278227199,0.9325060563345999,0.00629194207205886,0.0029347500769142383,0.8695675451007082,0.9988583167068877,SEKER
606,36988,697.8729999999999,242.5012245410616,194.49817646836013,1.2468046176284349,0.5972565101585291,37312,217.012866624687,0.7621677313002266,0.9913164665523156,0.9543725082338667,0.894893900166435,0.006556213489268455,0.0025936958135668905,0.8008350925550936,0.9984848913565855,SEKER
607,36993,697.963,234.35381090186817,201.19272433762075,1.1648224938223906,0.5128137220668767,37364,217.02753391767567,0.7773925104022191,0.9900706562466546,0.9542553756317177,0.9260678675652192,0.006335085310784964,0.0028741107040332983,0.8576016953367924,0.9989537454685126,SEKER
608,36995,694.774,245.20670807928096,192.3369273133516,1.2748810720044153,0.6202718805480991,37328,217.03340055732744,0.741234221598878,0.9910790827261037,0.9630875752154334,0.885103846698825,0.006628104016198972,0.0025092618909081103,0.7834088194410573,0.9987530755467285,SEKER
609,37004,696.689,246.47410931330762,191.40563625559213,1.287705598095242,0.6300247923927759,37330,217.0597984735542,0.790768244470563,0.9912670774176265,0.958033353815627,0.8806596322765764,0.0066607423336208955,0.002471352838529746,0.7755613879215149,0.9986947408930503,SEKER
610,37008,691.802,242.24709164424965,194.61444888006562,1.2447538866630525,0.5954779349644354,37288,217.07152985032124,0.7933459097924884,0.9924908817850246,0.9717215919595518,0.8960748646225243,0.006545803384247991,0.002603274115887,0.8029501630082753,0.9994753362012821,SEKER
611,37027,698.1129999999999,245.18132652167472,192.43787009621965,1.2740804416463514,0.6196480471132196,37328,217.12724523400757,0.7862694300518135,0.9919363480497214,0.9547220200528164,0.885578230260586,0.0066216902941549334,0.002512212399721508,0.7842488019114715,0.9991960598999896,SEKER
612,37031,700.842,245.13970423133125,192.4627247755492,1.2736996450466664,0.619350705031127,37423,217.13897296682558,0.764503076097279,0.9895251583250942,0.9474036716267842,0.8857764336776625,0.006619851049967088,0.002513763793998072,0.7845998904587184,0.999344601980923,SEKER
613,37039,690.6949999999999,236.01624923149978,200.05250014845126,1.1797715552485533,0.5306009917143905,37324,217.16242653241304,0.7728534167970788,0.9923641624691887,0.9756554898947667,0.9201164209647543,0.006372101007897076,0.0028173028850503054,0.8466142281289891,0.998811384615291,SEKER
614,37043,710.832,246.1208288974447,191.8970266070555,1.2825671832916017,0.6261703829933437,37450,217.1741523653877,0.762892330504984,0.98913217623498,0.9212597022159189,0.8823883510317662,0.006644192665211908,0.0024846261083359103,0.7786092020365595,0.9986186111409516,SEKER
615,37047,710.5229999999999,249.18603791682898,189.47116047422034,1.315166051092686,0.6495015593907506,37442,217.18587756528638,0.7978077353777242,0.9894503498744726,0.9221607379860883,0.8715812466097185,0.00672621367227654,0.0023943185535798524,0.7596538694417511,0.9990709796709867,SEKER
616,37049,692.49,235.95261826984944,200.1860404433301,1.1786666929787462,0.5293296059084152,37347,217.1917399278643,0.7838072268765338,0.992020778108014,0.9708661106803201,0.9204887893190102,0.00636866361493831,0.0028203440309844774,0.8472996112619773,0.998683830768332,SEKER
617,37053,735.0790000000001,243.11933961186793,194.37744248809094,1.2507590206963615,0.6006467596173761,37533,217.20346417834128,0.7548588192152549,0.9872112540963952,0.8617180872310567,0.8934026578268084,0.006561394208616521,0.002578486454351469,0.7981683090120053,0.9983162125307267,SEKER
618,37068,704.024,245.36498060505798,192.52709939543806,1.2744438646587324,0.6199314417994688,37452,217.2474244824159,0.8095217296352916,0.9897468760012816,0.9397970763029044,0.885405178631011,0.006619320724211125,0.0025093510286000975,0.7839423303466126,0.9990904931565097,SEKER
619,37074,720.1839999999999,235.53074647003643,200.75248470458286,1.173239508425669,0.5229866318621337,37612,217.26500611352813,0.7548406800366487,0.9856960544507072,0.898239961585105,0.9224485948002036,0.006352989870799925,0.002837439564398169,0.8509114100488704,0.9983228844395295,SEKER
620,37075,699.1789999999999,233.450953987875,202.3679044286567,1.1535967358409664,0.4985619919344512,37441,217.26793624705914,0.7922008547008547,0.9902246200689084,0.9530468984484871,0.9306791535250852,0.006296721618014161,0.0029140312223974057,0.8661636868061693,0.999203601803574,SEKER
621,37083,704.9839999999999,237.16033876055505,199.69180268640017,1.1876318184827857,0.5394591143540575,37498,217.2913758928643,0.767541499358364,0.9889327430796309,0.9376185783962165,0.9162213927862908,0.006395392464486558,0.0027800248313649234,0.8394616405992505,0.9969713547714305,SEKER
622,37090,693.4470000000001,242.4224979417506,194.95272477090646,1.2434937661252337,0.5943780251031171,37376,217.31188350899538,0.7892328971167145,0.9923480308219178,0.969259686818467,0.8964179700896044,0.006536060877372623,0.002603383017758487,0.803565177099567,0.999228288398631,SEKER
623,37092,706.3879999999999,238.34724023053576,198.40917758344094,1.2012914076532517,0.5541189682619453,37492,217.31774247243746,0.7937853107344632,0.9893310572922224,0.9341217608478783,0.9117694933754718,0.006425839540346591,0.002739364781842727,0.8313236090501647,0.9986619085312537,SEKER
624,37094,691.978,240.59051343030566,196.49778738260335,1.224392990043439,0.5770182737885169,37364,217.3236012779241,0.7598738118649623,0.9927737929557863,0.9734843123480053,0.9032924789068147,0.006485968443152684,0.0026635948760175693,0.8159373024496183,0.9990279134342659,SEKER
625,37109,694.497,239.85975573306519,197.20229039876537,1.2163132347400305,0.5692613304634803,37419,217.36753728553202,0.7874755962991257,0.9917154386808841,0.9668261028287644,0.9062276271449043,0.006463654524052526,0.00268910085063673,0.8212485122006838,0.998895434400251,SEKER
626,37109,694.2189999999999,249.22242521833817,189.71022582687775,1.313700535287797,0.6485072363931181,37369,217.36753728553202,0.7690028183023873,0.9930423613155289,0.96760058889899,0.8721828988507001,0.00671595637765335,0.0023972752278350923,0.7607030090476107,0.999335950180884,SEKER
627,37114,702.7099999999999,238.44660351915692,198.39143950798763,1.201899659130991,0.5547513183187804,37525,217.38218064804857,0.7625328731097962,0.9890473017988008,0.9444856409440593,0.9116597906607798,0.006424707752307941,0.0027375643807438584,0.831123573907657,0.9989271401753438,SEKER
628,37117,699.991,249.51442671535642,189.77797742607825,1.3147701861905792,0.6492334507596952,37429,217.39096619210062,0.7500505193388028,0.9916642175852948,0.9519142288476486,0.8712560995124264,0.006722375911721218,0.002389383625905718,0.7590871909376072,0.9980252073639215,SEKER
629,37135,696.823,242.78900970049636,195.13057042003538,1.2442387124573668,0.5950289090377535,37424,217.44367200206187,0.7506114446263619,0.9922776827704147,0.9610552120200172,0.8956075576497453,0.006538010224868624,0.0025947549980501823,0.8021128973193419,0.998019918606066,SEKER
630,37138,707.7719999999999,252.25606430537616,187.5939608168799,1.3446918184728571,0.6685526415647783,37506,217.45245506173177,0.7503535782115004,0.9901882365488188,0.9316260434647278,0.8620306340722425,0.006792397660223388,0.002313628711409723,0.7430968140789923,0.999236206225267,SEKER
631,37152,694.797,246.69068502283292,192.21658536090763,1.283399580528622,0.6267995370173306,37406,217.49343798377174,0.7768484442957511,0.9932096455114153,0.9671107102947684,0.8816443067708098,0.006640037818228707,0.002474707902757138,0.7772966836613819,0.9975822377573067,SEKER
632,37164,710.014,251.92494869564143,188.17405065773775,1.338786872127537,0.6648859644601987,37548,217.52856005715108,0.7448591012947449,0.9897730904442313,0.9263998819694829,0.8634657312958482,0.0067787361074061305,0.0023243895541075633,0.7455730691222741,0.9981634371527373,SEKER
633,37165,692.541,236.98426521346033,199.9171911696468,1.1854121390308998,0.5369902339304673,37477,217.53148664062937,0.750307875557709,0.9916748939349468,0.9737624463141705,0.9179153157898093,0.006376544200550527,0.002792386967193775,0.8425685269615055,0.9987909598255527,SEKER
634,37170,693.7449999999999,232.97539250251378,203.25897970927883,1.1461997538103277,0.48870646039428733,37485,217.546118967464,0.7926556202418271,0.9915966386554622,0.9705159852165042,0.9337729475661971,0.006267834073244923,0.002939425144174155,0.8719319176064639,0.9994081492998957,SEKER
635,37177,692.0519999999999,235.08573194165908,201.57287701309025,1.1662567674042401,0.5145771004266158,37506,217.56660257176225,0.7804227806117093,0.9912280701754386,0.975453899700437,0.9254777003044807,0.006323418563672676,0.0028615117105114827,0.8565089737608703,0.9989093869910756,SEKER
636,37179,704.496,240.38358689529824,197.17924513197525,1.2191120152346948,0.5719777005470468,37555,217.57245467592767,0.7716687422166875,0.9899880175742245,0.9413486524017569,0.9051052839588993,0.0064655742998816065,0.0026765987494451957,0.81921557505032,0.9987155506112452,SEKER
637,37187,706.995,246.09295569091353,192.84468572414787,1.276119975859402,0.6212336638160616,37563,217.59586151870283,0.742611230928988,0.9899901498815323,0.9349068094643478,0.8842019102407697,0.006617714676927785,0.0024951324055219872,0.7818130180734261,0.9976872097504266,SEKER
638,37189,700.2529999999999,243.34340120391332,194.9100617393086,1.248490709162999,0.5987083451179707,37534,217.60171283598842,0.7848264218634589,0.9908083337773752,0.9530471968503692,0.8942166163513336,0.0065434241631641965,0.002580808490627221,0.7996233569588282,0.9983223319928254,SEKER
639,37190,738.9639999999999,243.82961332688427,194.38422597852517,1.2543693404104799,0.6036976513551642,37707,217.60463843562871,0.7856599628189961,0.986289017954226,0.8558338889154938,0.8924454887434133,0.0065563219501716665,0.002565469338665185,0.7964589503784698,0.9990536882502644,SEKER
640,37191,698.872,234.88885106083984,201.76366629402258,1.1641781465179424,0.5120174180103096,37541,217.60756399593612,0.7873610670053985,0.9906768599664367,0.9568688966849033,0.9264278104862985,0.0063157444290511105,0.0028697934838799017,0.858268488042437,0.9991774176240011,SEKER
641,37196,700.4849999999999,233.09920137961058,203.34569734210675,1.1463198111708597,0.48886954729880533,37561,217.62219120753545,0.7741425241425242,0.9902824738425494,0.9525952757250263,0.9336033324847379,0.006266781411431621,0.0029367966917756647,0.871615182426608,0.9991497513329236,SEKER
642,37211,701.519,244.69685922660886,194.12859420429356,1.2604884933597118,0.6087746179002077,37559,217.6660669446208,0.7926003237624606,0.9907345775979126,0.9501722210110022,0.8895335544255786,0.006575928064997147,0.0025397218545675114,0.7912699444490036,0.9973866601193473,SEKER
643,37212,698.087,241.88610371394975,196.05636563977788,1.2337579701868833,0.5856947080025442,37535,217.66899167930393,0.7767387492694331,0.9913946982816039,0.9595636224610663,0.8998821690753903,0.0065002177715239645,0.002629361232191438,0.8097879182198293,0.9990822982647584,SEKER
644,37220,697.179,246.03018601011996,192.88187882247377,1.2755484730453257,0.6207905292651246,37513,217.69238814217357,0.7624549328089151,0.9921893743502253,0.9622715340133878,0.8848198331777842,0.006610160827783986,0.0024992585350165544,0.7829061371847621,0.9986347278238373,SEKER
645,37225,713.7979999999999,252.81336847921958,188.52729210439898,1.3409908223750517,0.6662625384041331,37629,217.7070096546421,0.7928985260287978,0.9892635998830689,0.9181083070617477,0.8611372530030463,0.006791494116298712,0.0023037460352069283,0.7415573685096327,0.9944216254360119,SEKER
646,37227,698.145,241.32395847568054,196.7439616438663,1.2265888948221455,0.5790823144912115,37555,217.71285798467648,0.7827211370660836,0.9912661429902809,0.9597909249556966,0.9021601475454685,0.006482498145853293,0.0026488460486505366,0.8138929318192615,0.9983120317437437,SEKER
647,37240,695.977,244.75278388436138,194.08449372110394,1.261063051415467,0.609245374024208,37527,217.75086830122507,0.7899537567349709,0.9923521731020332,0.9661170819546744,0.8896767785248403,0.006572308912039779,0.0025399592640743085,0.7915247702463376,0.9981626420377729,SEKER
648,37248,705.1159999999999,232.27103323702875,204.47899274529482,1.1359163604955378,0.4743311374270322,37661,217.774255967723,0.781371932032725,0.9890337484400308,0.9414379123599748,0.9375868050902757,0.006235798787506141,0.002972472210123559,0.8790690170793907,0.998548878505211,SEKER
649,37248,703.5569999999999,249.15204425220546,190.70676618718346,1.306466724980573,0.6435271992334797,37633,217.774255967723,0.7359810314167161,0.9897696170913826,0.9456147674918334,0.8740616863945129,0.006689004624468574,0.0024082945015475093,0.7639838316228198,0.998119454438375,SEKER
650,37256,693.8059999999999,245.9339799235677,193.07607093553082,1.2737672707545744,0.6194035399438554,37502,217.79764112279364,0.7750686527419489,0.9934403498480081,0.972590417599765,0.88559393537437,0.006601191215470466,0.002504612887801258,0.7842766183718641,0.9989858877001563,SEKER
651,37264,693.036,239.74359582158854,198.16403438839592,1.2098239549952736,0.5628390139474819,37541,217.82102376724592,0.7834990853850844,0.9926214006020084,0.9749621271457791,0.9085582579204456,0.006433651669750659,0.0027042598896293434,0.825478108035435,0.9986831894254455,SEKER
652,37265,700.1869999999999,232.93729159444945,204.15828162239058,1.1409642055338627,0.4814898177270327,37602,217.82394642131484,0.778950668896321,0.991037710760066,0.9551749035771979,0.9351183957292362,0.0062508329959600015,0.0029483841031573586,0.8744464140312203,0.9977120580670663,SEKER
653,37268,714.7289999999999,250.0604703845461,189.92289830442914,1.3166420300922426,0.6504980989596854,37667,217.83271414824276,0.7512497984196097,0.9894071733878461,0.9167758048895784,0.8711201487114573,0.00670979044715429,0.00238342206424282,0.7588503134910715,0.9991342172910189,SEKER
654,37301,711.8879999999999,229.38157438978243,207.10910182152364,1.1075398056984096,0.4298462801433358,37731,217.92913586339554,0.7819916142557652,0.9886035355543187,0.9249260140845419,0.9500725437217288,0.0061494751987824035,0.003090614851373379,0.902637838333876,0.9997073360843335,SEKER
655,37301,699.0319999999999,251.58746220203588,189.09896256787573,1.330453952711297,0.6595927759343062,37579,217.92913586339554,0.7377425288265659,0.9926022512573511,0.9592597556278064,0.8662162015386474,0.006744791351492879,0.00234235918441862,0.7503305078080424,0.9982801899530849,SEKER
656,37308,698.8729999999999,240.09766501484077,198.4496452619752,1.2098669397865924,0.5628821384708665,37607,217.94958347053444,0.7995370965667995,0.9920493525141596,0.9598763850489986,0.9077538653158608,0.006435554439124069,0.0026954926912633394,0.8240170799958858,0.9969510229065061,SEKER
657,37311,694.501,240.87659140281528,197.61534094331248,1.2189164578670673,0.5717889273069446,37590,217.95834614350892,0.7480152365677626,0.9925778132482043,0.9720777491674831,0.904854825760215,0.00645591357516055,0.002669642442804979,0.8187622557015491,0.9980027885549823,SEKER
658,37315,701.9989999999999,238.05465894339184,199.83585018446388,1.1912510128870724,0.543431306395839,37735,217.9700291594984,0.7753927354334635,0.9888697495693654,0.9515252624072239,0.9156301755527941,0.0063795969166124036,0.002766007731300701,0.8383786183828409,0.9987193783314233,SEKER
659,37322,695.359,240.96243539939232,197.32881047539843,1.2211214105982453,0.5739085585685059,37630,217.99047293082728,0.772712215320911,0.9918150411905394,0.969966225790723,0.9046657939421583,0.0064563108997211386,0.0026675764622967816,0.8184201987289957,0.9993904275340473,SEKER
660,37348,702.527,242.76090940229184,196.6162256718177,1.2346941793476223,0.5865442848952397,37715,218.06639015852227,0.815013638843426,0.9902691236908392,0.9509357485629258,0.898276376931646,0.006499970799033197,0.00261054439335853,0.8069004493534445,0.9962752881296789,SEKER
661,37348,701.625,239.79061492446633,198.5159349536277,1.2079162057216222,0.5609170692324414,37690,218.06639015852227,0.7859427609427609,0.9909259750596975,0.9533823415364192,0.9094033568712139,0.006420440583818848,0.0027087617357438986,0.8270144654886323,0.9989641752299243,SEKER
662,37350,699.848,238.17299089404383,199.95433073558755,1.191136946210959,0.5433071079115073,37637,218.07222885057675,0.7862826828344069,0.9923745250684167,0.9582813113658007,0.9156043598058131,0.006376786904793677,0.002764477597503093,0.838331343695413,0.998567436642284,SEKER
663,37352,703.246,241.94129098985962,196.93131081948198,1.2285567489653093,0.580916419301409,37811,218.0780673863096,0.8027509133892112,0.9878606754648118,0.9490939034886337,0.9013677098856591,0.006477331628556961,0.002637447842114587,0.8124637484245177,0.9981578214165944,SEKER
664,37353,701.883,237.32265120556275,200.89589749744027,1.181321540966692,0.5323734902319212,37752,218.08098659555932,0.7764405088550761,0.9894310235219326,0.9528091179522525,0.9189219212230324,0.0063535097905272064,0.0027945244508033123,0.8444174973042291,0.9975285791346692,SEKER
665,37362,721.3090000000001,234.39346536920584,203.51149970212884,1.151745555962575,0.496131615282673,37914,218.10725772058834,0.7615728000978413,0.9854407342934008,0.9023962419649266,0.9305176549057619,0.0062735791812324245,0.0029013065368804214,0.8658631060913188,0.9972539845126281,SEKER
666,37362,714.562,263.88581735851676,180.41298718845908,1.462676393040719,0.7297835876442961,37693,218.10725772058834,0.7398415841584158,0.9912185286392698,0.9195178116795534,0.826521333748932,0.007062946773687617,0.002033208738200481,0.6831375151421135,0.9992091165988661,SEKER
667,37365,700.139,247.56829391150427,192.31899105759356,1.2872794961646052,0.6297078130358864,37673,218.11601405909965,0.7548484848484849,0.9918243835107371,0.957869424711197,0.8810337164462076,0.006625673595918755,0.0024625208438146438,0.7762204095150167,0.9992126176731742,SEKER
668,37365,702.379,247.35402214285128,192.7094908526993,1.283559107796722,0.6269199013788553,37705,218.11601405909965,0.7845175107079869,0.9909826282986341,0.9517695665573329,0.8817969167007677,0.006619939037678343,0.0024689259053031895,0.7775658023029804,0.9980516674572558,SEKER
669,37366,700.27,238.9641176880686,199.22708462378893,1.1994559782838625,0.5522005725732331,37744,218.11893276048755,0.7620737477565671,0.9899851632047477,0.9575367055041601,0.9127685565127762,0.006395228755769111,0.0027382842595252907,0.8331464377584171,0.9993224755552375,SEKER
670,37388,707.703,232.97050158490632,204.6242163253143,1.1385284975974042,0.4780608479633755,37784,218.18313431280217,0.8069933088711418,0.9895193732796951,0.9380803196262115,0.9365268685455661,0.0062311570981305854,0.0029568509286170136,0.8770825755077641,0.9985835069617164,SEKER
671,37393,699.759,237.23057614327692,200.9293747121533,1.180666472899385,0.5316259544093281,37751,218.19772294018546,0.7638707305115215,0.990516807501788,0.9596286108976735,0.9197706572545841,0.006344250959892946,0.0028007756290489745,0.8459780619465297,0.9988179345486664,SEKER
672,37393,696.7230000000001,244.04334752025642,195.23651756165458,1.2499882223272545,0.5999899494930355,37667,218.19772294018546,0.7822803347280335,0.9927257280909019,0.9680100771773852,0.8940941236764273,0.006526444722815939,0.0025727014359405408,0.7994043019927184,0.9992459623686379,SEKER
673,37394,704.489,240.07197140071835,198.61765107091233,1.208714180770397,0.5617228895201555,37814,218.2006405486168,0.7587452317182047,0.9888930025916327,0.9468111310479531,0.9088967748942469,0.006420066625681081,0.002702573707657767,0.8260933474131634,0.9985107436583767,SEKER
674,37410,697.3449999999999,241.49487591185886,197.43391246803856,1.223168162414616,0.5758589320610402,37739,218.24731697902365,0.7530193236714976,0.9912822279339675,0.966723307675598,0.9037347734809904,0.006455356212559713,0.002656219419566631,0.8167365407987374,0.9990061337856615,SEKER
675,37420,704.994,238.97298057509934,199.78974036963695,1.1961223841272746,0.5486763406447863,37757,218.27648467938496,0.7558985132514544,0.9910745027412136,0.9461125546350232,0.9133939918818131,0.006386236787148566,0.002741936432976153,0.8342885844057938,0.997911250629627,SEKER
676,37424,695.317,238.5826817196002,199.83953088707955,1.1938713059450319,0.5462668264387444,37686,218.28815066825942,0.7813432991627868,0.9930478161651541,0.9727346204995965,0.9149371156989827,0.0063751250993907705,0.002755709649396739,0.8371099256835738,0.9994015201953969,SEKER
677,37429,710.889,252.612579350258,188.78381200419838,1.338105087869717,0.6644581681293935,37813,218.30273227766162,0.7708419144904852,0.9898447623833073,0.930710256202666,0.8641799740897925,0.006749113771414091,0.0023218988912269926,0.7468070276178347,0.9993062833122847,SEKER
678,37430,699.619,245.26131498111698,194.85037869749777,1.2587161319397866,0.6073160844376725,37742,218.30564848266556,0.7368980588258456,0.9917333474643633,0.9609626327948976,0.8900940961662593,0.006552533128002057,0.0025370712845235333,0.7922675000300302,0.9972398830994041,SEKER
679,37438,698.9889999999999,238.7938727775571,199.7549906305612,1.1954338263277575,0.5479418889843398,37738,218.32897672044135,0.7762227612946031,0.992050453124172,0.9629014071639376,0.9142989063367661,0.006378382199304373,0.0027494327589573,0.8359424901286068,0.9993139295643939,SEKER
680,37438,711.096,248.50914295969105,192.08707653508705,1.293731715024034,0.6344574560983279,37803,218.32897672044135,0.7918358714043994,0.9903446816390233,0.9303921395829767,0.8785551071489349,0.006637885115649635,0.0024394140742902935,0.7718590762974765,0.9985785665352012,SEKER
681,37445,703.374,241.23797124023307,197.8564001935228,1.219257860773161,0.5721183868705472,37798,218.34938688397585,0.7504609587942921,0.9906608815281231,0.9511107218821965,0.9051203082226886,0.0064424615099541475,0.002667207676627226,0.8192427723571349,0.9988681900780342,SEKER
682,37446,698.2959999999999,241.43305422393615,197.69453068088706,1.2212429620202827,0.5740248457826762,37754,218.352302465884,0.7497297080847315,0.9918419240345394,0.9650197204565595,0.9044010281349294,0.006447499178121459,0.00266081847731145,0.8179412196915175,0.9989049578945514,SEKER
683,37453,706.241,236.52257029034766,201.97970947812422,1.1710214402301864,0.5203463221644326,37925,218.37271044928218,0.7541125541125541,0.9875543836519446,0.9436058436675318,0.9232637298893493,0.0063151835711517815,0.0028305370316849864,0.8524159149291937,0.9981973123755165,SEKER
684,37454,698.8090000000001,245.96774205495223,193.99756626420069,1.2678908647749456,0.6147636142356514,37765,218.37562571979223,0.753162138792254,0.9917648616443797,0.963809251819553,0.8878222156099007,0.006567195548004278,0.002516887147098511,0.7882282865304729,0.9993874438491951,SEKER
685,37459,699.387,244.59047926298496,195.1576945400707,1.253296621685416,0.6027955152145337,37773,218.3902014886072,0.7540056360708535,0.9916871839673841,0.9623453060518382,0.8928810399598298,0.006529551756933846,0.0025599856758270916,0.7972365515197475,0.9991738767038305,SEKER
686,37475,713.2379999999999,241.19562614808473,198.30113251489348,1.2163098772518086,0.5692580527607275,37837,218.43683741290118,0.7774896265560166,0.9904326452942886,0.9257262066932437,0.9056417850578661,0.006436174146713402,0.002670750740295848,0.8201870428427981,0.9976016014036476,SEKER
687,37479,703.2639999999999,229.01636808253681,208.46678804781138,1.0985748388372178,0.4140145657859582,37879,218.44849483832377,0.7814637197664721,0.9894400591356688,0.9522721555014979,0.9538553801516736,0.006110525042891668,0.0031202430581909733,0.9098400862442938,0.9995274261134653,SEKER
688,37482,705.803,244.4974880171503,195.38038840705588,1.2513921689405374,0.6011848325991695,37878,218.45723749915763,0.7776348547717842,0.989545382543957,0.9455088982543992,0.8934948136720077,0.006523064084551259,0.0025644813898643773,0.7983329820587758,0.9990276419552986,SEKER
689,37482,693.2939999999999,239.2847356196358,199.59046682678516,1.1988785808457443,0.5515938678349211,37731,218.45723749915763,0.7615197074360016,0.9934006519837799,0.9799360548429799,0.912959353355555,0.0063839905986776534,0.0027357585865594816,0.8334947808793932,0.9992590400430216,SEKER
690,37483,699.8079999999999,244.46939416346024,195.45264626017533,1.2507857982031956,0.6006695424587325,37793,218.4601516416852,0.7747622984704423,0.9917974228031646,0.9618036063091282,0.8936094122915672,0.006522140548074066,0.0025654340467651483,0.7985377817360804,0.9987997167241726,SEKER
691,37492,701.925,242.9843492622929,196.9110602263288,1.2339801988928791,0.5858966593469804,37814,218.48637717535325,0.771440329218107,0.9914846353202518,0.9562403182608404,0.8991788065308891,0.0064809652529150994,0.0026133868662881446,0.808522526114314,0.9977007875839143,SEKER
692,37492,701.454,246.6305158474632,193.8404208243373,1.2723379097023604,0.6182840449798362,37828,218.48637717535325,0.7514029180695847,0.9911176905995559,0.9575249082684772,0.885885416184603,0.0065782171089155865,0.0024991836701359934,0.7847929706085672,0.9985218477732104,SEKER
693,37493,695.177,242.8672064423218,196.68383180856813,1.234810224150523,0.5866493713060491,37758,218.48929092922486,0.781771930190371,0.9929816197891838,0.97492064215163,0.8996245072762163,0.0064776680031558365,0.0026172400632763263,0.8093242540919751,0.9993618636057665,SEKER
694,37506,700.778,247.57994074556936,193.21824587465724,1.2813486615864278,0.6252460247795717,37812,218.52716619413022,0.7429726035538123,0.9919073310060298,0.9597313794563326,0.8826529545812606,0.006601075581122203,0.002471464549230421,0.779076238231029,0.9982682951311178,SEKER
695,37512,712.467,250.53962767725415,190.91804346928737,1.3122888917388156,0.6475448623467073,37891,218.5446448717182,0.7909919028340081,0.9899976247657755,0.9286468217250088,0.8722957198341813,0.006678919483825286,0.00238528862251936,0.7608998228410326,0.9985203852403199,SEKER
696,37512,704.3059999999999,243.24725574602653,196.67845469050627,1.2367763216809946,0.5884224732347265,37910,218.5446448717182,0.7757305043737205,0.9895014508045371,0.9502925125012621,0.898446497171996,0.006484518440659696,0.002606311808050744,0.8072061082806293,0.9983334014377474,SEKER
697,37513,706.0939999999999,232.98189290346417,205.40782205353253,1.1342406076568272,0.4719092090467166,37951,218.5475578487441,0.7541514213340839,0.988458802139601,0.9455110720500702,0.938045249461936,0.00621069743564802,0.0029663014818178935,0.8799288900381058,0.9980510789316186,SEKER
698,37516,708.078,244.59703523616443,195.63311158987617,1.2502844393178998,0.6002425896874766,37869,218.55629654687226,0.7790190622534159,0.990678391296311,0.9402951349597759,0.8935361638208362,0.006519805822480127,0.0025636749582535114,0.7984068760556562,0.998235693376802,SEKER
699,37533,703.3539999999999,237.38814631723622,201.4126248140678,1.178616020402787,0.5292711368962061,37918,218.60580923787194,0.7740678105923114,0.9898465108919247,0.9534001579336705,0.9208792125017721,0.006324784757872705,0.0028056674337925943,0.8480185240178841,0.9994882180058037,SEKER
700,37539,701.891,239.57290117932854,199.71878446172673,1.1995511680336672,0.5523004458786717,37844,218.62328162803996,0.7850555241859589,0.9919405982454286,0.9575318218924534,0.9125543020593674,0.006381973445731866,0.0027300438510949993,0.8327553542070592,0.9989326578253681,SEKER
701,37540,711.0889999999999,235.93087203941084,202.97401749666412,1.162369819296149,0.5097688738392296,38001,218.62619355730916,0.766748366013072,0.987868740296308,0.932945364828961,0.9266536069124051,0.00628478614915852,0.0028585115378144317,0.8586869072037702,0.9981117451584153,SEKER
702,37548,703.892,246.05992926758498,194.43185322229286,1.265533014213808,0.6128736945279392,37881,218.64948759536549,0.7827392120075047,0.9912093133760989,0.9523237483828771,0.8886025784295369,0.006553210004995871,0.0025203689736571578,0.7896145423916214,0.9992832718999253,SEKER
703,37553,702.511,241.559960835638,198.04922086739757,1.2196965975310388,0.5725410911559996,37880,218.66404510902007,0.7782037466843501,0.9913674762407603,0.9561989083445276,0.9052164288841031,0.006432507678098634,0.0026642181688326886,0.8194167831216886,0.9994398623333529,SEKER
704,37557,697.1129999999999,244.9331916570023,195.32849396208758,1.2539552560341902,0.6033498483905044,37810,218.67569042218318,0.7650953389830508,0.9933086485056863,0.9711680689861234,0.8927972927752911,0.006521638886412715,0.0025559241944095087,0.797087005986889,0.9995114406738155,SEKER
705,37564,736.7059999999999,236.46020557949157,202.52601702429507,1.1675547124946706,0.5161621047851123,38184,218.69606822810428,0.7662994696042431,0.9837628326000419,0.8697476861871212,0.9248747276191661,0.006294862250545511,0.002841172767928982,0.8553932617886268,0.9987184338374986,SEKER
706,37574,712.4699999999999,253.49931585286637,188.90444472582448,1.3419446864831304,0.6668553372477356,38001,218.7251760860624,0.7481134892981582,0.9887634535933265,0.9301738598890202,0.8628235360327866,0.006746668330570777,0.0023065191051107143,0.7444644543321214,0.9990301187665533,SEKER
707,37577,704.505,246.68192754503693,194.2830571331473,1.2697037569054686,0.6162056580040325,37883,218.73390768811592,0.7554380603916208,0.9919224982181981,0.9514014508349568,0.8867042262274422,0.006564705206510283,0.0025032838925676125,0.7862443848096069,0.9982974492385867,SEKER
708,37580,703.0400000000001,243.49361162053046,196.7097491836039,1.237831945956373,0.5893688014699462,37934,218.74263894162794,0.7988945578231292,0.9906680023198187,0.9554469299902669,0.8983506281163739,0.006479340383728857,0.0026031192366225194,0.8070338510370837,0.998972282281899,SEKER
709,37580,698.245,242.68658013745187,197.39858901305263,1.2294240873292395,0.5817201844619139,37888,218.74263894162794,0.7863240709742216,0.991870777027027,0.9686145105779587,0.901338008956809,0.006457865357569236,0.0026291749781254467,0.8124102063902249,0.9987966765282612,SEKER
710,37606,700.716,229.64382696109342,209.019181954909,1.0986734557722733,0.4141941607997138,37942,218.8182952115991,0.7857336871356637,0.9911443782615571,0.9624605499126182,0.9528594698461962,0.006106574136071197,0.0031052231460277015,0.907941169275574,0.9975308620859135,SEKER
711,37606,696.1360000000001,238.35598361032405,201.09867495602242,1.1852687923600158,0.536829925366119,37883,218.8182952115991,0.7806123508043591,0.9926880130929441,0.9751666017373525,0.9180314750114849,0.006338243461424349,0.00277701973026753,0.8427817891117625,0.9989229534035121,SEKER
712,37631,744.1279999999999,248.89972903920886,192.99272096972095,1.2896845424458225,0.6314907485528634,38388,218.89101696490175,0.7503539311279934,0.9802802959258101,0.8540048369386493,0.8794345329737989,0.006614220431006587,0.002440464462170319,0.7734050977868439,0.9974485996644923,SEKER
713,37637,703.3539999999999,250.54410289091163,191.52837555478752,1.3081304645600276,0.6446833233760166,37959,218.90846659094143,0.7863321076383085,0.991517163255091,0.9560419296125957,0.8737322653579097,0.006656856361849022,0.002393108799537457,0.7634080715274648,0.9986373552560972,SEKER
714,37642,699.339,240.4396377004602,199.76703807633112,1.2036001535377825,0.5565103081326623,37928,218.9230068835183,0.7468947180443668,0.9924593967517401,0.9671794447814254,0.9105112991238685,0.006387536201595563,0.002708036387992198,0.8290308258322346,0.9978216292592323,SEKER
715,37644,695.582,238.9158223067575,200.79433447575678,1.1898534036357653,0.5419051243293479,37973,218.92882273015232,0.7791530405265554,0.9913359492270823,0.9777075273504606,0.9163429220232105,0.0063467172007958105,0.002760330146990524,0.8396843507420358,0.9991012827100992,SEKER
716,37646,703.337,249.23792619921727,192.55072863768874,1.2944013661365752,0.6349443224060458,37941,218.93463842229244,0.8035775273224044,0.99222477003769,0.9563167720835593,0.8784162256561899,0.0066205686181590945,0.002431512188100992,0.7716150654960665,0.9987795949096714,SEKER
717,37652,693.787,231.77873232919086,206.94603359298583,1.1199960120281653,0.4503337043787598,37917,218.95208457187235,0.7832743915123778,0.9930110504523038,0.9829820746942269,0.9446599451622634,0.006155814626824361,0.0030238991316632515,0.8923824119939704,0.9994647426373221,SEKER
718,37657,704.4159999999999,252.0951069483164,190.5731440702591,1.3228259846275918,0.6546208937440811,37993,218.96662196803425,0.7474593092497023,0.9911562656278788,0.9536678864346351,0.8685873542675541,0.006694508509661322,0.0023504578604114745,0.7544439919935096,0.9979981165551852,SEKER
719,37663,712.3449999999999,233.56979517470614,205.82816005272664,1.13478056216833,0.4726921211548319,38084,218.9840655695305,0.7539989189405617,0.9889454889192312,0.9327043745036242,0.9375530145314133,0.006201571706308742,0.002955730755260147,0.8790056550569406,0.997478531394656,SEKER
720,37669,698.9899999999999,243.28546189875,197.6686076327393,1.230774399700154,0.5829659466520388,37937,219.00150778163342,0.7549502966169633,0.9929356564831168,0.9688399306543425,0.9001832911527488,0.00645850598366694,0.0026159872255962654,0.8103299576705945,0.9973333672110771,SEKER
721,37679,707.574,242.4523171951429,198.13085658063684,1.2236979205531662,0.5763610799528582,38045,219.0305750484991,0.7784917355371901,0.9903798133788935,0.9457263717938816,0.9033965011446258,0.006434680251470127,0.0026437497923840598,0.8161252382803519,0.9986907569946238,SEKER
722,37681,703.8359999999999,248.22105558837183,193.6317497971853,1.2819233201598639,0.6256824535431521,38044,219.03638803898696,0.7544347895727386,0.990458416570287,0.9558490896907075,0.8824246900400659,0.0065874328066763575,0.002463806322313519,0.7786733335923063,0.9981995051185985,SEKER
723,37682,715.569,246.5710052460358,194.78075851301338,1.2658899530343615,0.6131608498891697,38157,219.03929447638018,0.7744096672763517,0.9875514322404801,0.9247849934477959,0.8883416533822228,0.006543469169524861,0.0025136680669016146,0.7891508931338613,0.9989781870462483,SEKER
724,37688,710.5,238.5816472002305,201.47174004907734,1.18419410653878,0.5356246867989853,38083,219.05673229092687,0.777649389237372,0.9896279179686475,0.9381770194126773,0.9181625446113327,0.0063304406495497375,0.002775185343226652,0.8430224583271577,0.9983022268308545,SEKER
725,37690,702.993,247.2788263340442,194.41023461562028,1.2719434592677359,0.6179740833975707,37977,219.06254458731252,0.7793631100082713,0.9924427943228796,0.958371742932506,0.885892851543161,0.0065608603431691215,0.0024926732045149917,0.7848061444152732,0.9982290421821368,SEKER
726,37693,709.3589999999999,252.2616301354444,190.47367168195078,1.324391071521244,0.6556511105304287,38032,219.07126274274881,0.775002056090139,0.9910864535128313,0.9413224187413816,0.8684287920645125,0.006692532569321741,0.002348048757977238,0.7541685668866285,0.9988141164066229,SEKER
727,37693,701.429,246.67428558363787,194.8832128370698,1.265754407435121,0.6130518486320085,37995,219.07126274274881,0.7699677248028761,0.9920515857349651,0.962726959355573,0.8880993096804575,0.006544299620185124,0.002511244897084085,0.7887203838549052,0.9983263020982667,SEKER
728,37706,717.777,250.62713468446347,191.96843725772754,1.3055642805904786,0.6428973723042983,38097,219.1090374078259,0.7673178673178673,0.9897367246764837,0.9196895488757899,0.8742430770063326,0.006646876748646461,0.0023951140374769554,0.7643009576935004,0.9978440299857287,SEKER
729,37720,706.2259999999999,238.25363235634876,201.96476657022842,1.1796791905953643,0.5304949593652641,38103,219.14971053462594,0.7554273812384843,0.9899482980342755,0.9503731182455947,0.9198168706483784,0.006316374134579765,0.002789029401429234,0.8460630755293757,0.9980830041331183,SEKER
730,37722,699.287,237.20518644140833,202.8017110895272,1.1696409520760584,0.5186886200774857,38031,219.15552036510465,0.7986027310257224,0.9918750493018853,0.9693791301229518,0.9239069501511001,0.006288245226695518,0.0028263254492421337,0.8536040525375076,0.9984102567059521,SEKER
731,37733,715.1139999999999,251.95159713609755,190.79696837282592,1.3205220150237016,0.6530946599279228,38142,219.1874716800481,0.7786100449836986,0.989276912589796,0.9272154055183446,0.8699586514692695,0.006677221454326387,0.002359228404861726,0.7568280552662301,0.9994081085666316,SEKER
732,37735,722.21,251.77119787518328,191.26249188212978,1.3163647268087644,0.6503112436531263,38145,219.19328050964828,0.7912560285175089,0.9892515401756455,0.9091325835350121,0.8706050666618124,0.0066720868656468335,0.002364428664535042,0.7579531820972188,0.997742833485239,SEKER
733,37761,698.336,236.55891092635025,203.46511268447654,1.1626509714871558,0.5101198100416657,38115,219.2687812907813,0.7814938223059252,0.9907123179850452,0.9730260982843028,0.9269098358296382,0.006264635759814365,0.002852499326726144,0.8591618437577266,0.9989053523096167,SEKER
734,37765,704.9429999999999,237.20473018664228,202.99530769100684,1.1685232180228913,0.5173382193793982,38130,219.280394488252,0.7839128178515827,0.9904274849200105,0.9549735614379518,0.9244351675268588,0.006281073220882888,0.0028295635571132433,0.8545803789604116,0.998597014482042,SEKER
735,37771,712.802,242.64829862707646,198.54371693595738,1.2221404050038287,0.5748816220982401,38155,219.29781313134848,0.748592833359759,0.9899357882322107,0.9341799198680203,0.9037681878346278,0.006424195775252878,0.002643788636008158,0.8167969373418869,0.9982405398089005,SEKER
736,37776,700.6709999999998,246.1757026473636,196.03363130199622,1.2557830052544499,0.6048809423977548,38029,219.3123276104549,0.7355140186915888,0.9933471824134213,0.9669355952567322,0.8908772281422535,0.006516722327598571,0.0025320974227447416,0.7936622356224249,0.9966675474068941,SEKER
737,37777,716.007,250.17466184141185,192.70403347507929,1.2982326178126662,0.6377082653148232,38174,219.31523039100645,0.7705188871665171,0.9896002514800649,0.9259825313746038,0.876648453431437,0.006622406804177458,0.002412667654545974,0.7685125109037305,0.9977080088523352,SEKER
738,37784,702.2710000000001,242.2268399612273,198.87150779329843,1.2180067554623824,0.5709087654149299,38106,219.33554877920128,0.8017995076818606,0.9915498871568782,0.9627384720977368,0.9054964710529593,0.006410831038567312,0.002658527408265789,0.8199238590893628,0.9986727993356305,SEKER
739,37791,713.5439999999999,245.0519161757729,196.52777805706575,1.2469072748821146,0.5973451742307001,38169,219.35586528535435,0.7640101892285298,0.9900966753124263,0.9327316867251471,0.8951403796737216,0.0064843988297682755,0.0025681126827440262,0.8012762993224145,0.9991172468157375,SEKER
740,37810,713.0139999999999,243.74545392772924,197.75015031084337,1.2325930146934698,0.5846331167360505,38222,219.4110006048842,0.7815212897891691,0.9892208675631835,0.9345884871445421,0.9001644833545892,0.006446586985658007,0.0026109412758675873,0.8102960970930345,0.998765309110256,SEKER
741,37810,712.6320000000001,241.1020938059275,200.0346227844618,1.2053018145049625,0.5582575444079945,38253,219.4110006048842,0.7976793248945148,0.9884192089509319,0.9355907112625899,0.9100335759899982,0.006376675318855527,0.002697762611992928,0.828161109429144,0.9981840878973901,SEKER
742,37822,699.7579999999999,235.23178155076494,204.88147038657587,1.1481359495659773,0.49132379646599106,38130,219.4458157745855,0.7859280192835176,0.9919223708366116,0.9706409503789071,0.9328918666002081,0.006219443222218945,0.0029057382948407674,0.8702872347688206,0.9992080606864484,SEKER
743,37826,704.2249999999999,242.5862149549615,198.86573959874823,1.2198492080356733,0.5726879449371323,38170,219.45741960378618,0.7645322984881558,0.9909876866649201,0.9584675309564753,0.9046574210514419,0.006413213529185256,0.002649671676039487,0.8184050494634457,0.9983307514403802,SEKER
744,37833,703.9019999999999,242.01600364861875,199.2346794211538,1.2147283010756944,0.5677089248606954,38173,219.47772482866094,0.7609211584875302,0.9910931810441935,0.9595248929021577,0.906872775022428,0.006396955135691559,0.002668938242550174,0.8224182300768793,0.999014699394967,SEKER
745,37838,702.4699999999999,242.0141713798547,199.3740178863578,1.2138701619475893,0.5668640775943902,38142,219.49222741065134,0.7778874223921713,0.9920297834408264,0.9635682320941099,0.9069395653948962,0.0063960614033472885,0.0026693515961592035,0.8225393752786833,0.9984560046778042,SEKER
746,37844,703.919,245.7749898630674,196.19051820359618,1.2527363305499557,0.602322860780063,38174,219.5096292442714,0.7676890619928595,0.9913553727668046,0.9597575172273781,0.8931324923116479,0.006494424211580895,0.0025490829799362184,0.7976856488228162,0.9992897926386552,SEKER
747,37848,697.327,240.96212944101597,200.14627355800806,1.2039301314854525,0.556850131980645,38105,219.52122970031039,0.7957780534471521,0.9932554782836898,0.9780922930434777,0.9110196287257081,0.006366574969377932,0.0027051824267862404,0.8299567639235271,0.9992099559176925,SEKER
748,37849,713.6179999999999,251.88154244172134,191.670593880715,1.3141376428273512,0.6488043128024796,38243,219.52412971853727,0.775530694205393,0.98969746097325,0.9339694734878828,0.8715371820836347,0.006654906138648877,0.002368456306511137,0.7595770597542827,0.9981888068512231,SEKER
749,37856,708.7159999999999,248.43033028263315,194.36032380622754,1.2781946717186583,0.6228347236404276,38232,219.5444287735271,0.7446398363428931,0.9901653065494873,0.9471093235611477,0.8837263490482693,0.006562508724710301,0.002468998765055171,0.7809722600021837,0.9982345814948699,SEKER
750,37861,712.99,253.52017894300644,190.3512936023889,1.3318542477182556,0.6604921966504493,38226,219.5589269495048,0.7478716049382717,0.990451525139957,0.9359121107765443,0.8660412274277527,0.006696077201949406,0.002323563161269327,0.7500274076045687,0.9989271887232561,SEKER
751,37865,707.053,243.05802121758728,198.494562517539,1.2245072012796856,0.5771260828906637,38220,219.57052480102362,0.779821237334212,0.9907116692830978,0.9517960246823207,0.9033667093194284,0.00641906830100587,0.0026369875990419666,0.8160714115066127,0.9992853201483248,SEKER
752,37884,699.809,249.37101458147941,193.59150241571692,1.2881299616446078,0.6303400077809109,38145,219.62560623193943,0.7553986959382665,0.99315768777035,0.9720903793040402,0.8807182607029856,0.0065824890344599145,0.0024429687478481053,0.7756646547356921,0.9991568819537652,SEKER
753,37884,703.2139999999999,246.51487758731605,195.9839048680213,1.2578322579771186,0.6065850947674629,38173,219.62560623193943,0.7994935106046217,0.9924292038875645,0.9626993426618827,0.8909223182854252,0.006507097391704045,0.002528869528928975,0.7937425772190765,0.9983950181560483,SEKER
754,37889,707.045,240.15443139891042,201.17930078314762,1.1937333038937954,0.546118320946906,38247,219.64009904949182,0.7841428837517332,0.9906397887416006,0.952420854577734,0.9145785808326681,0.006338368164873985,0.00273552903537312,0.8364539805178971,0.9985029737187456,SEKER
755,37891,713.155,227.01142647574866,212.78427097407058,1.0668618758169948,0.34844706409864723,38377,219.64589590875593,0.7836652809662675,0.9873361648904292,0.9362203314445429,0.9675543619925248,0.005991170105717682,0.003238865504317965,0.9361614434107617,0.9987549535847506,SEKER
756,37904,710.507,231.73322265956654,208.6706859709841,1.1105212099211161,0.43490141255698217,38307,219.68357176548636,0.8093956865257314,0.9894797295533453,0.9435353707142523,0.9480020570387441,0.006113687807607813,0.003045931550545435,0.8987079001496903,0.9980341846398996,SEKER
757,37906,699.8159999999999,242.12581159972837,199.70930237495284,1.2123912542898918,0.5654008882906284,38203,219.68936747765258,0.7949083588474605,0.9922257414339188,0.9726354336041838,0.9073355955986769,0.006387532622796612,0.0026704514693018854,0.8232578830404059,0.9981106574233989,SEKER
758,37916,732.54,259.5328974307792,186.685900601953,1.3902115617405342,0.6946840730411085,38307,219.7183437453014,0.78491284726535,0.9897929882266948,0.887911519394933,0.8465914954149624,0.0068449440191681405,0.0021689286668374404,0.7167171601089423,0.9963884824812932,SEKER
759,37918,701.9909999999999,234.7831508541705,205.8916004904306,1.1403240845907296,0.48059315514842854,38269,219.72413854027943,0.7794840168568198,0.9908280853954898,0.9669236835021939,0.9358599104786502,0.006191865363525779,0.002929844980357227,0.8758337720411071,0.9987343443564214,SEKER
760,37919,701.737,243.35352288651782,198.7999406007841,1.2241126539127245,0.5767534384996589,38208,219.72703588045925,0.7534374503258623,0.9924361390284757,0.967649302430118,0.9029129033111379,0.006417719952702282,0.0026311400340718045,0.8152517109657483,0.9979599355171718,SEKER
761,37927,697.7479999999999,233.25987140053115,207.1627476509381,1.125974018232109,0.4596117238519843,38208,219.75021322667817,0.7918450007307347,0.9926455192629816,0.9789514523953179,0.9420832306356908,0.0061502325889348265,0.002988328908317787,0.88752081344498,0.9993253765792742,SEKER
762,37928,703.2650000000001,241.15315354476365,200.68436133067178,1.2016539402759472,0.5544960666282529,38236,219.75311022307568,0.7541857228077152,0.9919447640966629,0.9636776754815112,0.911259533590484,0.006358182702614523,0.0027044633829952443,0.8303939375595464,0.9978461470496877,SEKER
763,37937,700.0649999999999,242.41951051538058,199.49114124358732,1.215189351287413,0.5681615771804468,38213,219.7791814722629,0.7820449391877964,0.9927773270876403,0.9727385279205775,0.9066068197440683,0.006390054841325898,0.002662933214530737,0.8219359256064535,0.9988077842375256,SEKER
764,37951,699.2219999999999,240.52546465512663,201.14879458545047,1.1957589164321263,0.5482889277501521,38269,219.81973060270127,0.7757292071213948,0.9916904021531788,0.9754452975146257,0.9139145866234416,0.006337789904221934,0.002727344741337042,0.8352398716430962,0.9987455238768571,SEKER
765,37957,713.931,255.1594977962595,189.96236367474302,1.343210796393059,0.6676394281124359,38297,219.83710651187295,0.7864290894022584,0.9911220200015667,0.9358134087372462,0.8615674055269114,0.0067223304738588275,0.0022848445798995887,0.7422983942663733,0.9970632173238243,SEKER
766,37968,709.2679999999999,252.1497998937221,191.89992501695767,1.3139650777426846,0.6486870820853767,38292,219.8689587788705,0.7853065276743609,0.9915387026010655,0.9484334277618507,0.8719775263416526,0.00664111356652239,0.0023683279335629834,0.7603448064449075,0.9990665227116292,SEKER
767,37969,699.361,239.41264005658286,202.30154467157575,1.1834444489549238,0.5347804026561539,38269,219.87185421069563,0.7933181504774242,0.9921607567482819,0.9755200566816036,0.9183803084028105,0.006305476574483997,0.0027668647594996446,0.8434223908620413,0.9981435465899728,SEKER
768,37970,703.4159999999999,246.49836068999315,196.48919672370286,1.254513554944253,0.6038186539935717,38241,219.8747496043921,0.7500395069532237,0.9929133652362647,0.9643306621228221,0.8919927458702898,0.006491924168817307,0.002535119821679104,0.7956510586852196,0.9981550381263532,SEKER
769,37987,701.371,244.4664751986659,198.01096591105673,1.234610790740126,0.5864687409470439,38307,219.92396546500933,0.7758782679738562,0.9916464353773462,0.9703965660441327,0.8996078717390101,0.006435529923359726,0.002600022249811615,0.8092943228947914,0.9991635039306334,SEKER
770,37995,703.8599999999999,252.80312172970758,191.75958939009035,1.3183336621327362,0.6516342636042377,38262,219.9471220593998,0.7834020618556701,0.993021797083268,0.9637485608200984,0.8700332517830345,0.006653589201992567,0.0023516850121297023,0.7569578592081609,0.997923026610051,SEKER
771,37996,723.8239999999998,247.2044980605834,196.76459283252012,1.2563464518791556,0.6053508129368089,38627,219.95001646228,0.7678131188619003,0.9836642762834287,0.9113428381556078,0.8897492488521627,0.0065060663770024054,0.0025151782722157333,0.7916537258329878,0.9945913495671881,SEKER
772,37997,706.2259999999999,246.90381736928046,196.21978335479736,1.2583023645624871,0.6069741880472791,38305,219.9529108270722,0.7761776361482208,0.9919592742461819,0.9573522633610249,0.8908445125338047,0.006497981876708173,0.0025244448948213098,0.7936039455115923,0.9985937211633555,SEKER
773,37998,727.603,247.75758682163735,196.10551059407646,1.2633892136487523,0.6111410402267402,38651,219.9558051537779,0.7534950127902595,0.9831052236682104,0.9019482916921926,0.8877863559113766,0.006520279667920347,0.0024985028633402896,0.7881646137424014,0.9957586715817851,SEKER
774,38001,725.626,240.24218798567952,201.81667794349664,1.1903980901565578,0.5425010692569832,38491,219.96448790539102,0.749260617532237,0.9872697513704503,0.9069413814331042,0.9155947577304898,0.006321996473400161,0.0027406097708171846,0.8383137603835543,0.9979270993125454,SEKER
775,38008,715.481,255.36250597933102,189.70019656681944,1.3461372766125883,0.6694398256430558,38388,219.98474632640796,0.7604641856742697,0.990101073252058,0.9330150964320579,0.8614606341003462,0.006718651493878421,0.0022824623508733155,0.7421144241045707,0.9989878897990463,SEKER
776,38010,713.114,239.84701361488274,202.0040736828368,1.187337508804216,0.5391332077201823,38445,219.99053410404625,0.7526136543640107,0.9886851346078814,0.9392686091852055,0.9172118959849981,0.00631010296276987,0.002754830759786555,0.841277662136395,0.9988805235736622,SEKER
777,38016,702.523,242.05927301696465,200.26195766351478,1.208713206647459,0.561721907497061,38312,220.00789652340197,0.7489361702127659,0.992273961160994,0.9679550467620095,0.9089009224116061,0.006367299900488338,0.0026804100960732876,0.8261008867606684,0.998519051850797,SEKER
778,38017,707.111,246.26877679693223,196.80972121950455,1.2513039257967615,0.6011099181385471,38373,220.01079012674964,0.757808918213168,0.9907226435253954,0.9554600221297959,0.8933767121772228,0.006477859294445438,0.0025453633292074804,0.7981219498605844,0.9986931291251151,SEKER
779,38019,716.827,246.13656898096752,196.98499062826082,1.2495194085394195,0.5995895182415539,38422,220.01657721927717,0.7602735617013618,0.9895112175316225,0.9297835182519085,0.8938800850689111,0.006474041110522831,0.0025496012431009307,0.7990216064828037,0.9983930051426096,SEKER
780,38025,713.907,245.8047775698805,197.17538977679658,1.246630108595868,0.5971057079054276,38428,220.03393758362495,0.7895884380580589,0.9895128552097429,0.9375529531116309,0.8951572860339173,0.006464293953185549,0.0025603436680830386,0.8013065667396085,0.9989328923131803,SEKER
781,38042,723.1779999999999,243.92041049199676,198.8758364349051,1.2264959628307353,0.5789953364081261,38508,220.08311784599712,0.7838862559241706,0.9878986184688896,0.9140770255569927,0.9022743008757697,0.006411871365648409,0.0026213132005073387,0.814098914020859,0.9984890313914693,SEKER
782,38048,710.9559999999999,250.69923706379052,193.8429912774588,1.2933108151687056,0.634150864308118,38384,220.10047296197132,0.7690659551674651,0.9912463526469362,0.9459240108271239,0.8779463214160746,0.006589025364376328,0.0024147534545147465,0.7707897432880175,0.9968707112155033,SEKER
783,38058,702.407,243.77673697116612,198.99908770733387,1.2250143444360224,0.5776041911493918,38365,220.1293951146253,0.7431461376239944,0.9919979147660628,0.9693445298016126,0.9029959045709197,0.006405400624603661,0.0026270551075222403,0.8154016036718534,0.9988786609741569,SEKER
784,38061,701.644,240.18728689921673,201.96288401609974,1.1892644931732599,0.5412591323978184,38398,220.13807101945142,0.784277766330105,0.991223501224022,0.971530472707667,0.9165267398678848,0.006310587921999336,0.0027468196471967386,0.8400212648928532,0.9990074638475598,SEKER
785,38066,704.6949999999999,236.66274004081455,205.13896331414915,1.1536703521231606,0.4986581552008724,38393,220.15253010103856,0.7956939799331104,0.991482822389498,0.9632626634618154,0.9302373920925252,0.006217168602974165,0.002871756270841045,0.8653416056471025,0.998318954893714,SEKER
786,38067,707.2919999999999,247.87521090554338,195.71019638573247,1.2665421397717926,0.6136845573199287,38350,220.15542180340105,0.7868334022323275,0.9926205997392438,0.9562270485115743,0.8881703862162104,0.006511550973429568,0.002499478249679514,0.7888466349514522,0.9991075049831906,SEKER
787,38084,715.1659999999999,249.17457163594486,194.81925429973614,1.2790038260416559,0.623455934110593,38468,220.2045749336147,0.7685818651490384,0.9900176770302589,0.9357044650927846,0.8837361432503771,0.0065427626204165755,0.0024616788566348496,0.780989570887051,0.9988886492631694,SEKER
788,38090,805.2659999999998,234.89407079345244,207.54297144015257,1.1317852354310485,0.4683182468191577,39006,220.22192047787237,0.7923861035989183,0.9765164333692252,0.7381457292275805,0.9375371618959185,0.0061668172957062865,0.002938967674706529,0.8789759299358537,0.994811979800675,SEKER
789,38091,716.472,247.03809979763997,196.93878916554337,1.2543902643271763,0.6037152115779817,38511,220.22481126909173,0.7812737155163573,0.9890940250837423,0.93246769118148,0.8914609181720867,0.00648547162840671,0.002526565490744604,0.7947025686282201,0.9968671651230389,SEKER
790,38093,737.757,233.46849226157562,207.99793092510194,1.1224558399364337,0.4541923534999739,38859,220.23059273769516,0.7701156396571244,0.9802877068375409,0.879484850567465,0.9432989891027829,0.006128907995211079,0.002993369579431645,0.8898129828423321,0.9987757790426334,SEKER
791,38094,725.104,250.17883787737,194.25730491768826,1.2878735138602746,0.6301495755972163,38577,220.2334834150822,0.7743312464428003,0.9874795862819815,0.910470417877259,0.880304206717252,0.006567407935038851,0.0024327913614107513,0.7749354963640904,0.9980189007174771,SEKER
792,38095,707.2850000000001,249.07289700994497,194.92957061607444,1.277758403831449,0.6224990410158255,38413,220.2363740545281,0.7766089739669337,0.9917215525993804,0.9569493383240766,0.8842245651711135,0.00653820441028862,0.0024654066409788163,0.7818530816520447,0.9990193456424161,SEKER
793,38104,704.491,250.54430194690121,193.8348636511615,1.292565729546971,0.6336070300609202,38377,220.26238810243714,0.7649101676201947,0.9928863642285745,0.9647827591591587,0.8791354917707056,0.006575275612715232,0.0024227967254319828,0.7728792128909202,0.9989971836620412,SEKER
794,38115,711.3269999999999,238.47896062097587,203.80507994042915,1.1701325633820396,0.5192802308864781,38531,220.29417887811,0.7877604166666666,0.9892034984817419,0.946601527367861,0.9237468089616188,0.006256826987300955,0.0028102548982987274,0.8533081670667735,0.9984836728846733,SEKER
795,38116,722.078,250.74830560429112,194.04356440861002,1.2922268582753627,0.6333592236123387,38556,220.29706872113724,0.7565700674870981,0.9885880278037141,0.9186476232317935,0.8785585537267424,0.006578557708161694,0.0024176492672951023,0.7718651323264254,0.9974248549584738,SEKER
796,38117,699.123,238.59401675666217,203.59578860737574,1.1719005505402607,0.5213961778627797,38406,220.29995852625618,0.7677449242668385,0.9924751340936312,0.979989440825869,0.9233255784068392,0.006259517190667213,0.0028063385768367292,0.8525301237403242,0.9990805213634425,SEKER
797,38118,716.011,259.92426813684443,186.9186497841084,1.390574286926734,0.6948783033626199,38468,220.30284829346834,0.730117989580141,0.9909015285432048,0.9343306181712329,0.8475655231141547,0.006818937723302493,0.0021706490688739454,0.7183673159717706,0.9989431181589168,SEKER
798,38118,707.8059999999999,249.0978611579188,195.20533473192867,1.2760812172474671,0.6212036397854906,38477,220.30284829346834,0.7585671641791045,0.9906697507601944,0.9561179907797598,0.8844028096805076,0.006534914244134498,0.0024661535302391265,0.7821683297707761,0.9981103143463101,SEKER
799,38121,704.92,236.59813097483297,205.36399062357492,1.1520916118566724,0.4965877408552982,38440,220.31151736767902,0.7798895253682487,0.9917013527575442,0.9640387336437668,0.9311633885692598,0.006206503789901445,0.0028782622118300348,0.8670652562117865,0.9989386086139557,SEKER
800,38122,710.41,246.9057229779711,196.83463061770507,1.254381519162219,0.6037078724401408,38481,220.31440698327896,0.7748373983739837,0.9906707206153686,0.9492211554053703,0.8923017430541105,0.00647672532862838,0.0025326910029734575,0.7962024006574039,0.99874157689724,SEKER
801,38125,704.9179999999999,238.64973021930214,203.50742005475718,1.1726831884316027,0.522327067826356,38406,220.3230756026887,0.7938738963851407,0.9926834348799667,0.964145360245625,0.9232068915402815,0.006259665054932515,0.002804962174544977,0.852310964587469,0.999490739487648,SEKER
802,38134,717.612,247.75186889695675,196.2718315198109,1.2622894838169871,0.6102468740636063,38522,220.34907941475655,0.7784037558685446,0.9899278334458231,0.9305567021804707,0.8893942168662413,0.00649687598722811,0.0025076189580454738,0.7910220729951148,0.9984988442088467,SEKER
803,38145,762.9430000000001,256.113302485211,190.1054339741355,1.3472171580327164,0.6701000021033515,38876,220.38085768487875,0.7402771308802981,0.9811966251671983,0.8234994203328592,0.860481886518192,0.006714203761573234,0.0022706030166308715,0.7404290770259069,0.9975187568756292,SEKER
804,38148,700.346,240.67796953774703,202.09615218252492,1.1909082233311232,0.5430578758757696,38456,220.3895236905715,0.7742956888852806,0.9919908466819222,0.9773639879076002,0.9157029374722494,0.006309058654129889,0.002736293993631881,0.8385118696953063,0.9985906809808955,SEKER
805,38151,715.0889999999999,240.29802795401102,202.59085110777244,1.1861247763166731,0.5377856255875526,38724,220.39818935551898,0.7771960560625815,0.9852029748992872,0.937552497580706,0.9171868418233522,0.006298603652696156,0.002749510014739647,0.8412317028138949,0.9978057653306251,SEKER
806,38153,705.654,236.4775467754901,205.6593189101195,1.1498508700149848,0.49361947264860323,38510,220.4039662762008,0.7849119486504279,0.9907296806024409,0.9628418113352298,0.9320291472976526,0.006198137676604464,0.0028850872963519926,0.8686783314123894,0.9988505351377012,SEKER
807,38159,707.153,247.71441264112607,196.55993433953282,1.2602487555435904,0.6085778938567976,38483,220.42129612981833,0.750599944923089,0.9915806979705324,0.9589149128157185,0.8898202320151295,0.00649163795280605,0.0025104013398566465,0.791780045303459,0.997839816757932,SEKER
808,38159,701.909,243.53968314440021,199.75374327287884,1.2191995962333804,0.5720621936164881,38461,220.42129612981833,0.784486657620986,0.992147890070461,0.9732966463059974,0.9050734290358977,0.006382234417683907,0.0026417260270230306,0.8191579119467983,0.9987169954969155,SEKER
809,38170,723.2099999999999,247.58158392735137,196.64824725157968,1.2590073259621313,0.6075563810685892,38617,220.45306398991409,0.7691067722500957,0.988424787010902,0.9170714614785972,0.8904259375552033,0.006486287239385679,0.002515168867810245,0.7928583502710628,0.9982144714415178,SEKER
810,38171,707.4559999999999,233.94573544278586,208.0393399919718,1.124526425876057,0.45739579190300905,38570,220.45595175019858,0.7931801180284266,0.9896551724137931,0.9583949866515907,0.9423379799291688,0.0061288867318850925,0.0029811795877792615,0.8880008684169868,0.9985804427357888,SEKER
811,38172,712.28,255.3327746673524,190.54541437313145,1.340010073227753,0.6656511586178118,38486,220.45883947265673,0.744093567251462,0.9918411890037936,0.9454820303039476,0.8634177095356073,0.0066890069859413285,0.0022931117575674892,0.7454901411397143,0.9989642986191964,SEKER
812,38179,719.1450000000001,250.86279276237468,194.00468357694055,1.2930759615547358,0.6339795976242526,38618,220.4790524708499,0.7376729268104181,0.9886322440312808,0.9276870250548973,0.8788830341998733,0.0065707009812298565,0.002418331264849663,0.7724353878043758,0.9988176318240485,SEKER
813,38183,721.729,246.5615484564542,197.51350686908754,1.2483275314425755,0.5985682491712561,38626,220.49060192358021,0.7981730005435009,0.98853104126754,0.9211526358986578,0.8942619127106981,0.006457364493529953,0.00254738156144966,0.7997043685249963,0.9982929802446522,SEKER
814,38185,713.378,228.1868579137133,213.45532091247614,1.0690146159780087,0.35348311551329004,38677,220.49637642308818,0.7753614359974009,0.9872792615766476,0.9428947880239099,0.9662974390333504,0.005975824483795032,0.003213815272030322,0.9337307406824114,0.9981718091774698,SEKER
815,38187,732.3499999999999,252.53686390330833,192.80053963986813,1.3098348395446486,0.6458609860826502,38625,220.5021507713738,0.788287265445988,0.9886601941747573,0.8947218295217512,0.8731483687696382,0.0066131632205543335,0.0023710526208748717,0.76238807388508,0.9986024604280176,SEKER
816,38190,706.1919999999999,250.17822975055836,194.6882699781568,1.28501953291088,0.6280186503834707,38507,220.51081201028637,0.7969865186360032,0.9917677305424988,0.9623076439830862,0.8814148706310215,0.006550883208969844,0.00243893998034501,0.7768921741695005,0.9983216187734096,SEKER
817,38191,703.597,249.38510180258132,195.2092877288494,1.2775268262285935,0.6223206422099695,38438,220.51369901432565,0.7785660408129982,0.9935740673292055,0.9694444665698518,0.8842296409064929,0.0065299442748967375,0.0024623484716326076,0.7818620578576253,0.9988497533234089,SEKER
818,38192,706.3810000000001,251.309088206996,193.92900452188542,1.295881907023532,0.6360167466929644,38486,220.5165859805682,0.8143457216571782,0.9923608584939978,0.9618431297284076,0.8774715930644542,0.006580149984473083,0.002406289180100044,0.7699563966350711,0.9977725635964229,SEKER
819,38194,703.614,243.42454367163828,199.97696845030188,1.2172628956125713,0.5701865810564269,38483,220.5223597996693,0.769326833984611,0.9924901904737157,0.9694737703335069,0.9059167020443825,0.006373371306269002,0.0026479028688016085,0.8206850710429705,0.998989485963775,SEKER
820,38195,719.4569999999999,243.2856909081822,200.21206195181995,1.215140029708738,0.5681131958089465,38604,220.52524665253077,0.7785364859355891,0.9894052429800021,0.9272710339069139,0.9064456106288578,0.006369569077318555,0.0026525086919969216,0.821643645028323,0.9984120832297122,SEKER
821,38200,701.769,239.606249185186,203.17874734991292,1.1792879536388612,0.5300453171946988,38503,220.53968035000688,0.7585686484769053,0.9921304833389606,0.9747311997823213,0.9204254108562794,0.006272414900135759,0.0027769556303512536,0.847182936949951,0.9990726320734679,SEKER
822,38210,705.6299999999999,236.73101096495566,205.91602107262943,1.149648335917764,0.4933494408730236,38529,220.56854491139612,0.7821583558503235,0.991720522204054,0.9643458779385592,0.9317264519435853,0.006195525018711219,0.0028801266078107833,0.8681141812513822,0.9980260238622637,SEKER
823,38216,710.1460000000001,241.94926550705154,201.20459578822692,1.2025036732347278,0.5553776029238388,38542,220.5858618352477,0.7767479674796748,0.9915416947745317,0.9522693406468437,0.9117029612508528,0.0063310986368811896,0.002698188606851152,0.8312022895535738,0.9995238063892884,SEKER
824,38217,713.0319999999999,242.9114812612485,200.5515464879146,1.211217193360743,0.5642327726895016,38593,220.58874785705572,0.7582738095238095,0.9902573005467312,0.944601029503205,0.90810342397861,0.0063561106643966955,0.002666321197724477,0.8246518286416753,0.9988324733871743,SEKER
825,38218,715.6039999999999,248.50889870732354,196.2365436847729,1.266374213696502,0.6135498323597616,38565,220.5916338411057,0.76436,0.9910022040710489,0.9378476643612564,0.8876609046539744,0.0065024045922686576,0.0024902452585472577,0.7879418816511123,0.9978292808144696,SEKER
826,38220,709.411,253.53066059342498,192.26035943845116,1.3186840039929733,0.6518687733330752,38562,220.59740569593723,0.7559185933822511,0.9911311653959857,0.9543434786703114,0.8701014906031376,0.006633455274553244,0.0023453044018486345,0.7570766039498018,0.9983448074259271,SEKER
827,38222,709.963,246.2705253476579,197.70361605677863,1.2456551390386876,0.5962613163186917,38555,220.60317739975412,0.7807737876373738,0.9913629879393074,0.9529099032013824,0.8957758021928551,0.006443161669919363,0.0025590342450758554,0.8024142877942533,0.99953148122898,SEKER
828,38222,715.8429999999998,246.22348946564884,198.21208348915414,1.2422223969969106,0.5932628267104245,38662,220.60317739975412,0.7579369013861073,0.9886193161243598,0.9373196187385078,0.8959469215488107,0.006441931072828445,0.002560501076222308,0.8027208862327909,0.9971578634155821,SEKER
829,38222,701.048,241.24387592834367,201.87552646026538,1.1950129872519593,0.5474918888083407,38491,220.60317739975412,0.7923300165837479,0.9930113533033696,0.9772996941604098,0.9144405284935795,0.006311649728646948,0.0027223534865456304,0.8362014801516171,0.999271628740494,SEKER
830,38233,709.54,239.66968992840052,203.32352521852027,1.1787602525129224,0.5294375236517955,38594,220.63491907189004,0.7831100733275982,0.9906462144374774,0.9543209843909505,0.920579148484746,0.0062686603177464625,0.002777148063648259,0.8474659686249001,0.9989591991723956,SEKER
831,38240,703.058,240.67701135943,202.41271452433352,1.1890409746493293,0.5410134953136294,38518,220.65511594040285,0.7837671654027465,0.9927825951503193,0.9721772163498675,0.9168101045216728,0.006293854899566684,0.0027429257639734832,0.8405407677530407,0.999437413721571,SEKER
832,38241,709.687,237.38682725946327,206.3266894443388,1.150538633168462,0.49453428139621886,38572,220.6580010564252,0.7215555303973735,0.9914186456496941,0.9541252840959699,0.9295292565465164,0.0062076521863827635,0.002858639513653548,0.8640246387759196,0.9940937269211205,SEKER
833,38241,705.456,246.3847077292288,197.8848538896466,1.2450912886270158,0.595771529426309,38534,220.6580010564252,0.7811619070964579,0.9923963253230913,0.9656044119854331,0.8955831840786294,0.006442946254784886,0.0025567484017522315,0.8020692396044162,0.9986494231071532,SEKER
834,38273,710.319,248.51442620110075,196.35973754479133,1.2656078547895415,0.6129339346488083,38635,220.75030485969637,0.7829991816693944,0.9906302575385013,0.9532251806781937,0.8882796392715756,0.0064932047710161405,0.0024936626009136823,0.7890407175444405,0.9986161298730197,SEKER
835,38273,704.621,242.7123621732252,200.9519059724579,1.2078131879301055,0.5608128377128033,38580,220.75030485969637,0.79060111547201,0.992042509072058,0.968704248762573,0.9095140555805131,0.006341607978816011,0.0026768054903436723,0.8272158172985128,0.9991221733975244,SEKER
836,38276,706.425,242.76264160132482,200.95574069324198,1.208040341439665,0.5610426063465578,38627,220.75895636255188,0.7528125245850051,0.9909130918787377,0.9638385430269972,0.9093613206149391,0.006342424537603846,0.00267535231589581,0.826938011430546,0.9989744776779944,SEKER
837,38284,716.131,250.46165520610796,195.17927364369103,1.2832389962847055,0.6266783064596034,38694,220.7820253794248,0.7838175378252769,0.9894040419703313,0.9380850692225257,0.8815003046983003,0.006542201839047852,0.002436652338788958,0.7770427871831961,0.9971316062952348,SEKER
838,38285,709.2869999999999,247.613776639816,197.32691493268453,1.2548403583174965,0.6040926131014444,38609,220.78490883705277,0.7423314072982511,0.9916081742598876,0.9563007917410633,0.8916503428571786,0.0064676446817243305,0.0025217628298358336,0.7950403339173243,0.9976486974896771,SEKER
839,38286,725.536,263.2077967056606,185.3746671541528,1.4198692882171637,0.7099122051054886,38646,220.7877922570232,0.7352794315344728,0.9906846762925011,0.9139699696571157,0.8388345444946118,0.00687477920664631,0.0020996347201538003,0.7036433930374831,0.999081643630841,SEKER
840,38290,708.5329999999999,244.95770893175307,199.23852599031275,1.2294695903525368,0.5817622746769723,38631,220.79932556035894,0.7497992832944955,0.9911728922368046,0.9584623674342232,0.9013773296756101,0.006397432983331237,0.0026050258186192956,0.8124810904531337,0.9989207934485966,SEKER
841,38300,709.442,244.00483293142025,200.1783034883922,1.2189374606502719,0.5718092088203445,38656,220.82815618339237,0.7784552845528455,0.9907905629139073,0.9562574825722922,0.9050155012522154,0.00637088336635562,0.002636352564671146,0.8190530575067986,0.9983744540551783,SEKER
842,38303,704.6899999999999,245.04546200579108,199.25020461896992,1.2298379440783829,0.5821027173118078,38608,220.8368046363444,0.7536993309720582,0.9921000828843763,0.9692737187003451,0.9012074854547824,0.006397552724480878,0.0026031116618241974,0.8121749318397318,0.9988435484057765,SEKER
843,38307,710.914,253.19953983456577,192.82645661527593,1.3130954345115888,0.6480952699345458,38617,220.84833538011978,0.7804694185241026,0.9919724473677396,0.9524756285679842,0.8722303979083712,0.00660974599510705,0.002359877206328019,0.7607858670353957,0.9989844486451187,SEKER
844,38331,702.785,237.59841873644635,205.92845966949253,1.15379107442353,0.4988157720297565,38639,220.91750720403198,0.7879740980573543,0.9920287792127126,0.975247951051657,0.9297936761485037,0.006198596925111433,0.0028577189289039464,0.8645162802057487,0.9974711677952244,SEKER
845,38333,718.1899999999999,237.94492730823922,205.49057565930377,1.157935961514574,0.5041679670678891,38776,220.92327054507635,0.785158330260948,0.9885754074685372,0.9339077204237264,0.9284638804629248,0.006207312949892761,0.0028454008526058927,0.8620451773242723,0.9981931112739826,SEKER
846,38338,718.737,247.10909824465153,197.70500695098596,1.2498879115687425,0.599904330711263,38802,220.93767823994318,0.7641313880251933,0.9880418535127056,0.9326083766437112,0.8940896138967849,0.006445539627644935,0.00254075767083902,0.799396237678102,0.999155694027393,SEKER
847,38344,719.6049999999999,249.93029870722046,195.64780055419382,1.2774500812136171,0.6222614879998158,38741,220.9549662336764,0.7785583756345178,0.989752458635554,0.9305054806563811,0.8840663472039176,0.0065181071016904985,0.0024560697221226737,0.7815733062584779,0.9984208835542878,SEKER
848,38347,705.936,245.57167810563126,199.19233968236358,1.2328369579735103,0.5848558241712545,38686,220.9636097233191,0.7780189904236325,0.9912371400506643,0.9669646507268753,0.899792726212804,0.00640393454782985,0.002589384592663856,0.8096269501454701,0.9981380263107122,SEKER
849,38348,705.689,241.9954290780353,201.84323322918615,1.1989276291628648,0.5516454657454267,38638,220.96649081139887,0.7712791633145616,0.9924944355297893,0.9676669025270559,0.9131019195414004,0.006310509780902141,0.002705959112154777,0.8337551154701902,0.9996120438930856,SEKER
850,38354,715.5269999999999,253.6098213000785,192.8160003930118,1.3152944816983665,0.6495884662183491,38702,220.98377655106816,0.7963043703934393,0.9910082166296316,0.9413876042448216,0.8713533861513737,0.0066123434661333495,0.0023513239084050116,0.759256723557465,0.9986461786875159,SEKER
851,38376,720.9549999999999,240.80864196475673,203.7592797406816,1.181829079250902,0.5329510975270958,38872,221.047146031693,0.7256637168141593,0.9872401728750771,0.9277976181280388,0.9179369321141061,0.006274980247153344,0.0027481694022682083,0.8426082113390571,0.9958188865760873,SEKER
852,38377,706.076,245.3423567649872,199.3552145541347,1.230679404668217,0.5828785277817501,38698,221.05002603098995,0.7943246264022851,0.9917049976742984,0.9673374165731884,0.9009859893158735,0.006392952986554113,0.00259868370818306,0.8117757529435032,0.9990357003566044,SEKER
853,38380,784.252,257.65208232100736,190.13489745381892,1.3551014872668885,0.6748530842332301,39006,221.05866580375343,0.7758394145828701,0.9839511869968722,0.7841579767148612,0.8579735269841041,0.00671318609486731,0.0022439025917166656,0.7361185730055433,0.9975153730845915,SEKER
854,38396,709.443,250.38045589497693,195.73888967873629,1.2791553906631592,0.6235720947241158,38723,221.10473889008193,0.7484308603953063,0.9915554063476487,0.9586516656151872,0.8830750710943077,0.0065210036434778865,0.0024461591279305865,0.7798215811882165,0.9975129793323756,SEKER
855,38407,703.703,245.25106789514223,199.626405768329,1.2285502358829308,0.5809103729558097,38689,221.13640856865564,0.7838163265306123,0.992711106516064,0.9746337459960742,0.901673580737284,0.006385582521288885,0.0026036203905635846,0.8130152461995954,0.9988300724949319,SEKER
856,38411,704.9689999999999,242.8942883749366,201.47893098540982,1.2055567655981154,0.5585182171885394,38707,221.14792369095926,0.7662736648911764,0.9923528044023044,0.9712374901171652,0.9104698392478904,0.006323560656450928,0.002680425285613031,0.8289553281800794,0.9993527042661008,SEKER
857,38426,718.102,248.3744090761205,197.25436235885215,1.2591580034324865,0.6076806191115717,38830,221.19110006054348,0.7757813130905273,0.9895956734483646,0.9364029427789873,0.8905551134809303,0.006463707101340772,0.00250786779144538,0.7930884101470327,0.9986236190661827,SEKER
858,38426,721.068,230.71929188867117,212.3871880650995,1.086314546515643,0.3906396251668817,38886,221.19110006054348,0.777319253954768,0.9881705498122718,0.9287152933804342,0.9587022318327618,0.006004249515657918,0.0031287686259604762,0.9191099693211189,0.9984425295210778,SEKER
859,38426,709.22,244.38868005352143,200.50691799862057,1.218854104850401,0.5717287051783312,38709,221.19110006054348,0.753052305642111,0.9926890387248444,0.9600041137020414,0.9050791551069483,0.006359982305041415,0.0026325820825068725,0.8191682770091074,0.9984466169957811,SEKER
860,38426,711.412,246.69660841140393,198.55575547579647,1.2424550868356758,0.5934673465064951,38799,221.19110006054348,0.7520942613324982,0.990386350163664,0.9540973055743271,0.8966118402879453,0.006420043939296412,0.0025593851271319143,0.803912792144536,0.99882553797225,SEKER
861,38438,706.251,244.91487786383462,200.07051490572886,1.224142787752788,0.5767819206887155,38751,221.22563508899728,0.7559095378564405,0.9919227890893139,0.9683949030377325,0.9032756075030777,0.006371686296473142,0.002616467100583229,0.815906823110054,0.9987864529884622,SEKER
862,38445,705.779,235.18253248405378,208.47397305605256,1.1281145988464472,0.46285354739176465,38763,221.24577803280974,0.7696696696696697,0.9917963005959292,0.9698671843413464,0.9407406906285057,0.006117376316401451,0.002955457220377271,0.8849930470041982,0.9983735762030362,SEKER
863,38457,710.385,240.69645727590805,203.77031738363593,1.1812145182202947,0.5322515171281271,38801,221.2803045277192,0.7789863879436072,0.9911342491172908,0.9576299077586709,0.9193334502388114,0.006258846433052709,0.0027578224837723803,0.8451739927279973,0.998331790632524,SEKER
864,38463,714.9649999999999,228.50837751022235,214.51206491803862,1.0652472046154209,0.3446010316289303,38878,221.29756575513557,0.7914197530864198,0.9893255825916971,0.9455477264326058,0.9684439938979296,0.005940992057567593,0.0032235675467472726,0.9378837693169735,0.9990780635190802,SEKER
865,38472,734.036,251.05024658880313,195.38913484972812,1.2848731163167462,0.6279087495960778,38999,221.32345507209843,0.7534665099882492,0.9864868329957178,0.8972633075854256,0.8815902715865704,0.006525531466749925,0.002431435801825836,0.7772014069560831,0.9986051937614221,SEKER
866,38475,708.856,250.09969866821544,196.0365344245386,1.2757810650059602,0.6209709875483823,38772,221.33208417146705,0.7647584973166368,0.9923398328690808,0.9622157316262918,0.8849754132054682,0.00650031705440456,0.0024594563721109133,0.7831814819781895,0.9991681051710808,SEKER
867,38487,711.559,255.003869963116,192.35262948457347,1.325710340671829,0.6565154357064075,38835,221.36659720522923,0.791327411793733,0.991039011201236,0.9552171070631574,0.8680911283316912,0.00662571439611079,0.0023209925461196595,0.7535822070881889,0.9990317244831117,SEKER
868,38489,707.9780000000001,244.11939921007513,200.95008382187115,1.214826063105655,0.5678049793957785,38782,221.37234885439437,0.7888706702193072,0.9924449486875354,0.9649547910495921,0.9068199805943896,0.00634257578035478,0.0026456339209717183,0.8223224772052089,0.9989787775864939,SEKER
869,38493,728.181,243.00251494063758,201.95457021296457,1.2032533588340548,0.556152640323581,38990,221.3838517044335,0.7507606490872211,0.9872531418312388,0.912248037626656,0.9110352284152893,0.006312901435082679,0.0026825600632201236,0.8299851874136985,0.9986824645380453,SEKER
870,38495,797.0020000000001,250.95401706968738,195.95066759408436,1.2806999851082086,0.6247523094188588,39373,221.38960290533086,0.7654298894456375,0.9777004546262668,0.7615446396263261,0.882191907068988,0.006519132798277371,0.002435689187635364,0.778262560898018,0.996720850152368,SEKER
871,38495,714.189,249.51450776797319,196.65870666974834,1.2687691889837673,0.6154634608234943,38855,221.38960290533086,0.7708558612679722,0.9907347831681894,0.9483919832895754,0.8872814846950862,0.006481738089829152,0.0024780890978048286,0.7872684330827165,0.9988619313548796,SEKER
872,38511,711.884,248.38459998192468,197.77667839456603,1.2558841719770186,0.6049653810290556,38826,221.43560713511243,0.7642891164562992,0.9918868799258229,0.954940243358377,0.8915029641581106,0.006449705278541837,0.0025131059511122457,0.7947775351026972,0.998148526578387,SEKER
873,38511,711.1120000000001,249.65467038397853,196.62740161478294,1.2696840233543973,0.6161900125566425,38797,221.43560713511243,0.8050294744763578,0.9926282960022682,0.9570147802422294,0.886967613281722,0.006482684697462505,0.0024749459050592676,0.7867115470106743,0.998875082227875,SEKER
874,38512,710.718,246.2116356907625,199.44798017778916,1.2344654253770229,0.586336990725199,38880,221.4384820821363,0.7576627975604958,0.9905349794238684,0.9581010309244898,0.8993826853912751,0.006393114761392878,0.0025803008939813674,0.8088892147816211,0.9985457686082799,SEKER
875,38518,716.158,244.1767608540092,201.16127316985342,1.2138358293638112,0.5668302132835873,38895,221.45573098050318,0.7508967560823456,0.9903072374341175,0.9437476810743273,0.9069484344290623,0.00633928970491742,0.002645761813892856,0.8225554627133272,0.9984472922803649,SEKER
876,38533,719.241,251.8181994808516,195.15907887590384,1.290322750708286,0.631961358251771,38942,221.49884734977746,0.7841473341473342,0.9894972009655385,0.9360387201554035,0.8795982490797706,0.006535130913265295,0.002413078662100558,0.7736930797841983,0.9983137829111122,SEKER
877,38542,723.7639999999999,254.71159572378366,192.90092189866144,1.3204270524823818,0.6530315050200789,38941,221.5247131432126,0.7865714285714286,0.9897537300017976,0.9245920525080733,0.8697080025498335,0.006608676138336974,0.0023323197891253374,0.7563920096992214,0.998760471888368,SEKER
878,38543,717.5550000000001,254.9755004822309,192.93536893198655,1.3215591412485634,0.6537831192706806,38878,221.527586933834,0.7833943089430895,0.9913833016101651,0.940686668136577,0.8688191081686772,0.006615351697642397,0.0023251456148413777,0.7548466427190158,0.9975744809261037,SEKER
879,38548,704.398,242.2028844290159,202.96869019755334,1.1933017067473568,0.5456532808338805,38857,221.54195532776865,0.783750813272609,0.9920477648814885,0.9762824580447401,0.9146957760228388,0.006283150472891354,0.0027130882316536336,0.8366683626740234,0.9983977851604287,SEKER
880,38550,714.5189999999999,238.48526086482735,206.13827108824495,1.156918895292059,0.5028652374284713,38916,221.54770242442262,0.7920364891518737,0.9905951279679309,0.9488699278292526,0.928978594404604,0.00618638808987879,0.0028421026008064033,0.8630012288619539,0.998422428330661,SEKER
881,38552,714.493,234.99708492309892,209.03263459981977,1.1242124244043832,0.45691257521996426,38959,221.5534493719969,0.8016635475150758,0.9895531199466105,0.9489882183705866,0.9427923305708181,0.0060955873864676005,0.002970704734018001,0.8888573785831548,0.999264508526693,SEKER
882,38554,702.846,244.61568340397676,200.91278963494327,1.2175217110291547,0.5704381087012347,38816,221.55919617050307,0.7649603174603175,0.9932502061005771,0.9807514343730662,0.9057440352448847,0.006344754977537396,0.0026340047182735987,0.8203722573816867,0.9988210344882016,SEKER
883,38554,709.931,252.79709641169532,194.46872038557322,1.29993705882609,0.6389262258863523,38842,221.55919617050307,0.7738659173022883,0.9925853457597446,0.9612736236441666,0.8764309373620358,0.0065569615710871845,0.0023864547213538873,0.7681311879652968,0.9985221972761982,SEKER
884,38559,741.2479999999999,249.16818669789055,197.84753276702094,1.2593949654722418,0.6078758598133465,39182,221.5735625146717,0.77118,0.9840998417640754,0.8818780987343368,0.8892530200226703,0.0064619981508309485,0.0024925735791697335,0.7907709336194397,0.9958929326421067,SEKER
885,38559,715.7180000000001,232.60194713676717,211.3998534554849,1.1002937955477194,0.4171270886594416,39012,221.5735625146717,0.7684902840059791,0.9883881882497693,0.9459142039763518,0.9525868774623331,0.006032364613625021,0.0030639785771678185,0.9074217591134381,0.9984305314975135,SEKER
886,38567,707.74,245.28027589158984,200.67788929066091,1.2222585993832487,0.574994224995015,38880,221.59654672805942,0.7795092570135015,0.9919495884773663,0.9675607409254668,0.9034421782288019,0.006359848468680215,0.0026135329500486314,0.8162077694028024,0.9976169650359947,SEKER
887,38577,728.126,243.87711366908988,201.64386234379052,1.2094447648165667,0.5624582485352788,38948,221.6252736428054,0.7826854406752151,0.9904744787922358,0.9143768807142445,0.9087579818724714,0.006321826831248927,0.002659593799422299,0.8258410696169269,0.9988091582187059,SEKER
888,38579,716.173,244.75395857013697,201.0759050591349,1.2172217178291784,0.5701465377336564,39039,221.63101857893864,0.7979440721436254,0.9882169112938344,0.9452026756973976,0.9055257772896359,0.006344227651575649,0.002631248055119068,0.8199769333359994,0.9980937313755469,SEKER
889,38581,709.625,234.03278017434332,210.32897904516446,1.1126986934315355,0.43853134838845353,38948,221.63676336616024,0.7797922224917132,0.9905771798295163,0.9627766074699634,0.947032989143877,0.006066011253579309,0.0030098399662446414,0.8968714825267868,0.9979477267835599,SEKER
890,38591,715.2729999999999,254.47325758968918,193.22145155897806,1.3170031357103995,0.6507411655675215,38926,221.6654850689991,0.7907343660355709,0.9913939269382932,0.947877540850305,0.8710757553409046,0.006594108926684698,0.0023418527507757616,0.7587729715427276,0.9993063828140699,SEKER
891,38594,725.607,261.24360145179213,188.3145341256311,1.38727264289387,0.693102712099305,38974,221.67410085417933,0.8085899853341714,0.9902499101965413,0.9211423061989352,0.8485340870447514,0.006769021128978394,0.0021646256772304695,0.7200100968768698,0.9988503100046464,SEKER
892,38594,708.534,246.14409613590283,199.84169304416477,1.2316954104342244,0.583811778283381,38925,221.67410085417933,0.7659363340477892,0.9914964675658318,0.9660692659578424,0.9005867064623279,0.006377781420321885,0.0025879240226579885,0.8110564158566631,0.9989744650138837,SEKER
893,38600,716.5169999999999,254.129287559021,193.99164051107155,1.3100012293803829,0.6459755945882685,38940,221.69133142001127,0.715265166956973,0.9912686183872624,0.9448093248929029,0.8723564825975594,0.006583660299456503,0.0023519232635556176,0.7610058327299859,0.9969185764419237,SEKER
894,38602,712.975,246.95709428027143,199.2321306514464,1.239544512588279,0.5908957081965639,38979,221.6970746443596,0.7515965732087228,0.9903281254008569,0.9542695513860624,0.8977149463572637,0.006397520705669951,0.0025629804102124056,0.8058921249132248,0.9989391611742958,SEKER
895,38609,710.915,248.68026325132996,197.97531563140407,1.2561175238347884,0.6051600250596996,38911,221.71717475802342,0.7738204994588528,0.9922386985685282,0.9599819377053264,0.8915752776646526,0.006440992080896422,0.0025105252743365686,0.7949064757428024,0.9984959539902873,SEKER
896,38613,712.049,252.23187008072873,195.6011238160212,1.2895215792214638,0.6313704124796691,38925,221.72865971916852,0.7665872543180464,0.9919845857418111,0.9570258032484541,0.8790667874293704,0.0065323044073428305,0.0024062107658325196,0.7727584167613941,0.9964886539388308,SEKER
897,38618,706.341,241.86499939115765,203.53446343987247,1.1883245485971896,0.5402244857669051,38913,221.74301508408897,0.7914822101983932,0.992418985943001,0.9726818463220062,0.916804893813816,0.006263012051146037,0.002729422086214626,0.8405312133209626,0.998823874651481,SEKER
898,38625,724.328,241.4480238712055,203.97641637075552,1.1837055879653269,0.5350748376140743,39111,221.76311103381389,0.7699284390136942,0.9875738283347396,0.9251407454806391,0.9184714270103447,0.006251081524173605,0.002744084790162647,0.8435897622344188,0.9985619155072233,SEKER
899,38627,715.538,254.5137120241124,193.6254949674505,1.3144638420002364,0.6490257297105103,38930,221.76885239926082,0.7733287953712787,0.9922167993835088,0.948059158839171,0.8713434362163192,0.006589010589072732,0.0023429198093197546,0.7592393838372626,0.9979927174766205,SEKER
900,38628,720.5989999999999,251.41634811282194,196.67850322130562,1.2783112744656413,0.6229243538236736,39014,221.77172302624575,0.7402552604346326,0.9901061157533193,0.9348130715983092,0.8820895088601267,0.006508655589541833,0.002430645823586156,0.7780819016410997,0.994630867325484,SEKER
901,38631,710.756,236.00332477960927,208.60357062264546,1.131348442767208,0.4676740887735799,39019,221.78033468426383,0.786541789677288,0.9900561265024731,0.960958749343769,0.9397339418475248,0.006109169443700895,0.002938878194377622,0.883099881460287,0.9990936756980018,SEKER
902,38641,718.184,247.7468033005642,198.84969136088793,1.2458998633844192,0.5964735634410021,39027,221.80903779627965,0.7532065026704612,0.9901094114331104,0.9414272611165536,0.8953053474001152,0.00641150082297467,0.0025411141746359655,0.8015716650832411,0.9986780280200317,SEKER
903,38642,723.426,236.4650119009484,208.29485438712425,1.1352417350717114,0.4733588954893168,39103,221.81190790319656,0.7670107185391029,0.9882106232258394,0.9278573954229963,0.9380326760396595,0.006119378186971389,0.002922529646408809,0.8799053013181248,0.998905220967185,SEKER
904,38650,705.3159999999999,246.2123643191894,200.14660108323108,1.2301601075743567,0.5824000560611305,38932,221.8348674217244,0.7843734145104008,0.9927566012534675,0.9763193358691187,0.9009899565163103,0.006370306968154965,0.002589523892797119,0.8117829017432627,0.9986229417355155,SEKER
905,38653,713.967,250.19554288585877,196.97251141079585,1.2702053758357361,0.616602981022481,38972,221.84347662856402,0.7723031429199385,0.9918146361490301,0.9528768874012038,0.8866803703604377,0.006472862206966051,0.002467996279737521,0.7862020791825232,0.9986381074708741,SEKER
906,38669,721.004,248.33156069907315,198.76155260330182,1.2493943493926394,0.5994825791858358,39053,221.88938675692444,0.7407003026472053,0.9901672086651474,0.9347542683418179,0.8935206871502281,0.006421980415813006,0.002525033749370015,0.7983792183654161,0.997490484098263,SEKER
907,38670,711.5619999999999,245.52146975058332,200.80514175010944,1.222685174347382,0.5754001651268686,39010,221.8922558245527,0.7636255924170616,0.9912842860804921,0.9597509304916729,0.9037590726789201,0.0063491458430458576,0.0026127974672561327,0.8167804614494614,0.99866536091087,SEKER
908,38677,741.2959999999999,257.0073180746403,191.81327151381294,1.3398828769579303,0.6655717273954513,39266,221.91233825932682,0.7768961915474851,0.9849997453267458,0.884462310493081,0.8634475466370917,0.0066449651750301285,0.0022783283349173834,0.7455416657936126,0.9989385120555534,SEKER
909,38677,710.617,248.83074949885076,198.07548746551825,1.256242015015453,0.6052637959963958,38972,221.91233825932682,0.7742988128365799,0.9924304628964384,0.9624794348624792,0.8918203988303773,0.006433558691182117,0.00251038676946835,0.7953436237699735,0.9991440765544839,SEKER
910,38692,706.244,234.59640570345346,210.19869183309487,1.1160697702616114,0.4440513644539858,38959,221.95536592948798,0.7677288781300845,0.9931466413408968,0.9748134228974814,0.9461157994468822,0.0060631759977115025,0.0029967955651657345,0.895135105963013,0.9990332320652432,SEKER
911,38695,713.2139999999999,244.5323481886982,201.70088555509122,1.2123513861415758,0.565361317218747,39019,221.96397046261163,0.7735905637744902,0.9916963530587662,0.95592758893288,0.9077080071685598,0.006319481798389926,0.002646341552408229,0.8239338262779182,0.9988973163769665,SEKER
912,38701,718.151,248.23479684393217,199.6790344787432,1.2431690562403934,0.5940937257053138,39125,221.98117852826067,0.7646001264422317,0.9891629392971246,0.9429757228793978,0.8942387664845496,0.006414170094931195,0.002530079735498136,0.7996629714838087,0.9941162615699153,SEKER
913,38702,705.0360000000001,240.7685271652587,204.9088231174785,1.1750032209556007,0.5250660231084855,38966,221.98404640951176,0.7747993033172509,0.9932248627008161,0.9784095572250593,0.9219811618365982,0.006221087467450227,0.00277290033563128,0.8500492627815635,0.9988106217392708,SEKER
914,38702,714.602,251.905962680185,195.89630108034254,1.2859148503108864,0.6286894452380077,39018,221.98404640951176,0.7930087697729694,0.9919011738172125,0.9523899807094082,0.8812179118258445,0.0065088616267940935,0.0024211297608280123,0.7765450081227018,0.9985707578797702,SEKER
915,38702,708.7159999999999,251.2348757255557,196.42995481702246,1.2790049051306094,0.6234567613574294,39004,221.98404640951176,0.7510722117642492,0.9922572043892934,0.9682751754137665,0.8835717802651054,0.006491521774728844,0.002440583260477258,0.7806990908808478,0.9985179666676115,SEKER
916,38713,711.1629999999999,242.9600789455037,203.04924888984965,1.1965573882881237,0.5491391800444841,39057,222.01559065825165,0.7719287750992004,0.9911923598842717,0.961896589605848,0.9137945279810765,0.006275930022098615,0.002699305673283816,0.8350204393681584,0.9991498760975651,SEKER
917,38723,716.9939999999999,254.29115153569995,194.5626857715582,1.3069882877453218,0.6438903292021622,39073,222.04426335931245,0.7552317984124198,0.9910424078007831,0.9465592795445836,0.8731891063387617,0.006566927963631433,0.0023549150800045763,0.7624592154286851,0.9965252644487786,SEKER
918,38727,711.247,245.08288605555435,201.80264171187588,1.21446817532484,0.5674531501873381,39004,222.05573140308414,0.7491440177966922,0.992898164290842,0.962017172285803,0.906043400161158,0.006328475896804667,0.0026307216439133744,0.8209146429755924,0.9969747085520101,SEKER
919,38729,727.147,240.5189669747756,205.2125206879103,1.1720482072366323,0.5215720745682694,39234,222.061465202876,0.7827835718328078,0.9871285109853698,0.9204532046612109,0.9232596829927541,0.006210306668769542,0.0027834812090719394,0.8524084422398809,0.9990637865606228,SEKER
920,38746,714.4219999999999,250.53922438827846,197.05471388787947,1.2714195943103939,0.617561740088952,39096,222.11019652485254,0.7679166006025051,0.9910476775117659,0.9539532645208965,0.8865286346565541,0.00646619584959166,0.0024637673083741547,0.785933020066014,0.9992506415274741,SEKER
921,38747,704.737,245.5420686595716,201.2303264103772,1.2202040966669592,0.573029088182525,39008,222.11306274024798,0.7918863682812181,0.993309064807219,0.9803785486846331,0.9045825179887751,0.006337060124901841,0.002617341260453475,0.8182695318509129,0.9984558349422386,SEKER
922,38760,709.626,247.17377540938753,199.97856861598365,1.2360013231419424,0.5877251985450035,39056,222.15032017517981,0.7695209354960393,0.9924211388775093,0.9672407695828242,0.8987616902611856,0.006377032389303084,0.0025667087719524347,0.8077725758811434,0.9984079725868684,SEKER
923,38768,717.447,245.1300901293153,201.57377728474833,1.2160812454441343,0.5690347457165716,39165,222.17324472197996,0.7693895371913948,0.9898633984424869,0.9464629393246728,0.9063483173557977,0.006323000673991831,0.0026319856802281927,0.8214672723736857,0.9989709436797877,SEKER
924,38771,716.198,249.3478187173627,198.17116322471466,1.2582447146188303,0.6069265097726745,39156,222.18184081721662,0.7821149035745986,0.9901675349882522,0.9498404464025846,0.8910518726817542,0.006431297070422809,0.002500865195535158,0.7939734398096613,0.9990128841882384,SEKER
925,38776,711.692,242.08401291073227,204.08553161766812,1.1861890012088174,0.5378571804080678,39108,222.19616690359595,0.7752099160335866,0.9915106883502097,0.9620301935263028,0.9178473383351015,0.0062431404196083215,0.0027331576151953243,0.8424437364888302,0.9992974943603097,SEKER
926,38792,718.64,242.78168222199426,203.60179060236084,1.1924339245923072,0.544715523553953,39186,222.24200417420292,0.7609855618330195,0.989945388659215,0.9439071194528343,0.9153985677180937,0.006258550273819196,0.002710780932728924,0.8379545377803375,0.9992054181153405,SEKER
927,38794,721.177,254.06075926383423,194.61343953197476,1.3054635891273703,0.642826979179604,39179,222.24773316831806,0.7797788944723618,0.990173307128819,0.9373260569465336,0.8747818191691723,0.006548970440373105,0.0023656570579345336,0.7652432311489266,0.9989971750911035,SEKER
928,38795,715.6940000000001,249.871763199937,197.90229523860071,1.262601643395188,0.610501054836833,39140,222.25059760999665,0.8008711628579096,0.9911854879918243,0.9517674927544945,0.8894586357569381,0.006440823899985487,0.0024867046820825586,0.7911366647225934,0.9988904530289344,SEKER
929,38798,716.355,251.71882929219007,196.49118753344231,1.2810693062219298,0.6250335438481496,39139,222.25919071353346,0.7925399354496058,0.9912874626331791,0.9500853242446613,0.8829660909297316,0.006487933122640086,0.002432552538558436,0.779629117731731,0.9987589329630041,SEKER
930,38800,721.457,248.2674410200433,199.3780454917134,1.2452095234846798,0.5958743222701701,39236,222.26491926465658,0.7745129351644842,0.9888877561423183,0.936743496291363,0.8952640682622275,0.006398645387114518,0.002535551418824418,0.8014977519214345,0.9980326337441315,SEKER
931,38802,707.0930000000001,245.75149133487085,201.2395485334108,1.2211888424807809,0.5739730772764524,39092,222.27064766813854,0.7919583630982754,0.9925816023738873,0.9752386386930055,0.9044528945106731,0.006333474855287636,0.0026143614154910664,0.8180350383887348,0.9989752616386601,SEKER
932,38807,711.7159999999999,245.51752404289192,201.72411899859893,1.2170955325604726,0.5700237860722622,39161,222.2849680309882,0.7915272905278616,0.9909603942698092,0.9627343690106029,0.9053731251874103,0.006326629835928877,0.002622180499970961,0.8197004958116183,0.997653811489925,SEKER
933,38807,722.477,251.35156222402077,197.06495770746244,1.2754756865355297,0.6207340262205483,39200,222.2849680309882,0.7548825085589791,0.9899744897959184,0.9342688796607775,0.8843588082928782,0.006476964522483592,0.0024437979947024603,0.7820905018051997,0.9975374197229041,SEKER
934,38814,717.913,254.34548821172805,194.54329793472107,1.307397843625914,0.6441750282908072,39196,222.30501498920486,0.7459926965212378,0.9902541075619962,0.9463561968698919,0.8740277508054268,0.006552931628065339,0.002358936699452046,0.7639245091779933,0.9987532559922934,SEKER
935,38819,730.463,249.17743694319097,198.9668858209573,1.2523563200733625,0.6020017161644969,39314,222.31933313833565,0.7802814070351759,0.9874090654728596,0.9142348291150638,0.8922129381602933,0.006418955587294648,0.002509101329299851,0.7960439270206238,0.9969306430602967,SEKER
936,38823,724.18,255.1920319175682,193.7837191260151,1.3168909806691245,0.6506657031433072,39221,222.33078699373422,0.7485683435204288,0.989852375003187,0.930263332136241,0.8712293456934864,0.006573217729633676,0.0023360802739008377,0.7590405727975004,0.9995736842789544,SEKER
937,38825,721.7320000000001,249.28135487942123,198.61565665890714,1.255094180754969,0.6043051590843294,39189,222.3365137001628,0.7602012844611529,0.9907116792977622,0.9366328935215804,0.8919099216534193,0.006420640177190502,0.0025063520601130967,0.7955033083438087,0.99843157307364,SEKER
938,38830,710.5109999999999,249.02520038814546,198.74985514961557,1.2529578962494512,0.6025098908929397,39153,222.35082982095292,0.7651231527093596,0.9917503128751309,0.9665751880074692,0.8928848545222882,0.0064132165951106225,0.002514418108877814,0.7972433634352878,0.9989123674487148,SEKER
939,38830,724.3629999999999,253.4957436851408,195.34292451783983,1.2976960609698978,0.6373233754046427,39225,222.35082982095292,0.7611934446796832,0.989929891650733,0.9299610027803829,0.8771383163621397,0.006528347764232316,0.002383720741303985,0.7693716260306092,0.9984105285219267,SEKER
940,38834,713.685,248.80863054463867,198.81650042160808,1.251448597158776,0.601232724420224,39151,222.362282053961,0.7726006684704759,0.991903144236418,0.9580956145994592,0.8937080742223974,0.00640697920751503,0.002521249375757176,0.7987141219303063,0.9995496674205855,SEKER
941,38837,715.528,253.2922344855801,195.38221642306416,1.2963934953891734,0.6363860410292246,39154,222.37087084166288,0.787960558350917,0.99190376462175,0.953240032173516,0.8779221806514658,0.006521931006143114,0.002389901761140163,0.7707473552798249,0.9991918579731731,SEKER
942,38838,711.171,244.23925373698188,202.89699254568853,1.2037598520933417,0.5566748325837517,39190,222.3737336971798,0.7878529698149951,0.9910181168665476,0.9649807368191495,0.9104749965239053,0.0062886671233581,0.0026656950432581233,0.8289647192952055,0.9978744478893952,SEKER
943,38841,721.7729999999999,257.9059405611503,191.96277683557034,1.3435205762941476,0.6678307947747716,39169,222.38232204259955,0.7871473735408561,0.991626030789655,0.9369124343106285,0.8622613405443137,0.006640043782630476,0.002264156100088172,0.7434946193972768,0.9989003195242272,SEKER
944,38844,708.1539999999999,246.91183855415244,200.53321723970825,1.2312765034782507,0.5834274526730723,39120,222.39091005635245,0.7804701627486438,0.9929447852760737,0.973370958008385,0.9006895390622508,0.006356498778554022,0.0025804663818271667,0.81124164577617,0.9988627770872243,SEKER
945,38845,710.0219999999999,242.84796082717017,203.97855496833253,1.1905563350268467,0.5426739300893858,39162,222.39377265390638,0.7690860853726142,0.9919054185179511,0.9682809302715186,0.9157736877691116,0.006251717359432879,0.002712262644266793,0.8386414472102383,0.9984498877922321,SEKER
946,38848,709.386,245.7824019329071,201.9473772673989,1.2170616190150674,0.5699907843249005,39160,222.40236022549672,0.7742346938775511,0.9920326864147089,0.970092847564842,0.9048750377425614,0.00632677105469798,0.0026164733329273443,0.8187988339296018,0.9965286344700105,SEKER
947,38848,719.237,260.7438933717162,189.98178580448587,1.3724678514184145,0.684924000394808,39210,222.40236022549672,0.7280769158685834,0.9907676613108901,0.9437011565737214,0.8529532843495597,0.006711900055902908,0.0021914230580743358,0.7275293052827009,0.9985105824652803,SEKER
948,38852,716.9029999999999,252.0850582475063,197.16165155485496,1.278570433243558,0.6231234300085606,39209,222.41380980517044,0.7442911877394636,0.9908949475885639,0.9499537216975052,0.8822966793485889,0.006488341867793326,0.0024253368540753687,0.778447430389547,0.9952998683304974,SEKER
949,38854,714.487,241.10480617861262,205.4145847868608,1.1737472605890384,0.5235870724800202,39202,222.41953437398436,0.7869323935674647,0.9911229018927605,0.9564382525954997,0.9225014544472164,0.006205405007942879,0.0027721589791826337,0.8510089334572298,0.9988694043822228,SEKER
950,38855,727.3619999999999,255.88035937973493,193.43842311825867,1.3228000686466637,0.6546037901227258,39228,222.42239660314056,0.7897999837385153,0.9904914856734985,0.922901944240744,0.8692437244589701,0.0065855194795968325,0.0023191885450379516,0.7555846525113019,0.9994874302103157,SEKER
951,38865,711.9659999999999,250.40822262619508,197.8104767411699,1.2658996972837189,0.6131686837945862,39179,222.45101686917977,0.7621335425041671,0.9919855024375304,0.9634962470165606,0.8883534835086093,0.006443026440915865,0.0024752149251478137,0.7891719116618809,0.9990124840775887,SEKER
952,38866,727.944,250.82295741950995,197.6335924860025,1.2691311950789672,0.6157512525947079,39268,222.45387869326268,0.7549141480848419,0.9897626566160742,0.9216876511962608,0.8868960041851391,0.0064535315550741,0.0024630203131308804,0.7865845222395665,0.9982789547405194,SEKER
953,38867,719.7959999999999,251.85356525290723,196.74031962284843,1.280131930941817,0.6243190187724186,39272,222.4567404805293,0.7818434180881879,0.9896873090242412,0.9426967863522133,0.8832781074873484,0.006479881782821088,0.002432969759611804,0.7801802151664319,0.9987336053236068,SEKER
954,38871,717.084,260.50727840303904,190.16206270319267,1.3699224477262957,0.6834809717066257,39136,222.46818726146108,0.7743227091633467,0.9932287408013083,0.9499385508149601,0.8539806972965781,0.006701841434566619,0.002198700769262562,0.7292830313551497,0.9990611953992995,SEKER
955,38886,716.01,243.28019258251146,203.94868833132531,1.1928499985608638,0.5451656050707453,39295,222.51110744538468,0.7424251102583195,0.9895915510879246,0.9531581379913995,0.9146289514298099,0.00625624113003424,0.002700679320922994,0.8365461187935939,0.9978740365990345,SEKER
956,38887,710.41,246.81801463233484,201.01861741304484,1.2278365944840983,0.5802469068187656,39248,222.5139684966233,0.8082766934796616,0.9908020790868325,0.9682693213957462,0.9015305014428735,0.006347057233325657,0.002586270084405539,0.8127572450318389,0.9979330878821708,SEKER
957,38888,711.477,244.82227459748566,202.41859826714622,1.2094850803895811,0.5624987608515886,39192,222.5168295110754,0.7937136442494132,0.9922433149622372,0.9653921026537422,0.908891275832304,0.006295573817051164,0.0026501034188103393,0.8260833512840735,0.9991354885363121,SEKER
958,38890,718.332,243.01289356875785,204.09320730238824,1.1906956472525099,0.5428260070239995,39276,222.52255142962585,0.7581487835308796,0.990172115286689,0.9471033654596436,0.915682078270738,0.006248724442498273,0.0027098795853980604,0.838473668466218,0.9983669473785699,SEKER
959,38896,726.873,241.08404460456165,205.75805329828063,1.1716870408715916,0.5211416108296465,39321,222.53971630254878,0.7821750321750321,0.9891915261565067,0.9251192785459326,0.9230794043943048,0.006198170624345991,0.002775872630059437,0.8520755868169444,0.9983659229164705,SEKER
960,38897,708.832,248.95506240375204,199.05946839459187,1.2506567228957584,0.6005597011565904,39175,222.54257698598627,0.7640795961262695,0.9929036375239311,0.9728353430031682,0.8939066144598805,0.006400366671047948,0.002520886085833359,0.7990690353751254,0.999361061149729,SEKER
961,38898,728.2579999999999,255.20310518266328,194.6186371995843,1.3112983877332811,0.6468668816196045,39279,222.54543763265147,0.7385228782988419,0.9903001603910486,0.921651231672419,0.872032640329212,0.006560828453459388,0.0023402885559238263,0.7604409257995368,0.9971649599673362,SEKER
962,38899,720.474,254.55055963067494,194.9621464602013,1.305640937240285,0.642950946673005,39215,222.54829824254577,0.7623219080094852,0.9919418589825322,0.9416980584957514,0.8742793516755141,0.006543884409128125,0.0023583934949220862,0.7643643847661572,0.9979854317191793,SEKER
963,38927,716.92,243.51260028069925,203.7606869287971,1.1950911824604968,0.5475755663215479,39284,222.62838039635847,0.7521544228465432,0.9909123307198859,0.9517423767080493,0.9142376211322645,0.006255622069018914,0.0026957934916822177,0.8358304278935818,0.9988935744078037,SEKER
964,38928,717.454,252.30580542637966,196.67595712052878,1.2828502737208458,0.6263845606969178,39271,222.63123994051332,0.8017134854600874,0.9912658195615085,0.9503505559713618,0.8823865133197457,0.006481345186662034,0.002423708360923278,0.7786059588885778,0.9988348674808936,SEKER
965,38929,715.093,247.6372279574623,200.47036343551818,1.2352809847482291,0.587075180427652,39229,222.6340994479398,0.7503083802328271,0.9923525962935583,0.956660975165808,0.8990332402129078,0.006361253254834758,0.002563453512987633,0.8082607670077199,0.9984291562026553,SEKER
966,38934,708.524,242.49149718418622,204.71107565973293,1.1845548483524713,0.5360299195567112,39207,222.64839643419583,0.7953505474750776,0.9930369576861274,0.9746075176180096,0.9181699111910782,0.006228270847695747,0.0027304830174536923,0.8430359858166323,0.998622364334697,SEKER
967,38938,781.143,241.33528812092467,205.87681537162536,1.1722315001098775,0.5217902481356034,39426,222.6598333622339,0.7881388523428803,0.9876223811697864,0.8019040635068995,0.9226161457609418,0.006197937442111169,0.002770200179680652,0.8512205524187753,0.9978275450862195,SEKER
968,38940,715.812,241.5768500655957,205.47426704805815,1.1757036710056425,0.5258869764870374,39325,222.66555160596178,0.7691851851851852,0.9902097902097902,0.9550098738871399,0.92171725703643,0.006203822549193521,0.002762040260053024,0.8495627019187605,0.9988339873953591,SEKER
969,38944,712.5129999999999,248.5226499962449,199.83027188237608,1.2436686776992931,0.5945310201778672,39279,222.6769876528919,0.7610709400039085,0.991471269635174,0.9639729234975133,0.8960027895093525,0.006381538876238827,0.002537129464902537,0.8028209988085412,0.9984433300174442,SEKER
970,38945,718.24,241.87808573710933,205.26480117174668,1.1783709839989955,0.5289882017306758,39299,222.67984657285652,0.7839170692431562,0.9909921372045091,0.9486857912741437,0.9206284475679254,0.006210760963849257,0.0027520868777422464,0.8475567384713283,0.9987362679074384,SEKER
971,38959,718.457,258.54213230749446,192.14264758722584,1.3455739033164182,0.6690945218225982,39336,222.7198675990474,0.7729960317460317,0.990415904006508,0.9484536318162488,0.8614451563900533,0.0066362620269384345,0.0022543109573406723,0.7420877574678834,0.9985339204193872,SEKER
972,38971,716.5070000000001,249.87992017979596,199.05782461353513,1.255313227023004,0.6044884205179658,39315,222.7541656128433,0.7549154446661371,0.9912501589724024,0.9539168905703804,0.8914448405960956,0.006411945297267095,0.002497741411615886,0.7946739038253984,0.9975646626420294,SEKER
973,38974,717.63,245.8855940064036,202.11892299315963,1.2165392055583295,0.5694818257261524,39309,222.7627392911755,0.7610325704912911,0.99147777862576,0.9510069116539447,0.9059609213436639,0.006308964797208488,0.002621656125070219,0.8207651910018605,0.9984930334113341,SEKER
974,38976,716.184,257.74446208466486,192.8115844733229,1.3367685494038661,0.6636168325628224,39281,222.76845489341102,0.7689393939393939,0.9922354318881902,0.9549000188040586,0.8642996753126561,0.006612901839200145,0.002276298636734064,0.7470139287455625,0.998584725913689,SEKER
975,38986,713.852,244.3061049876192,203.53240241630442,1.2003302770824489,0.5531163195372236,39300,222.7970307051803,0.7763351786212115,0.9920101781170484,0.9613957130471272,0.9119585067940529,0.006266508618160857,0.002673657171341308,0.8316683181140385,0.9982766627225181,SEKER
976,38988,713.031,239.83127352860384,207.25767119263546,1.157164760891735,0.5031807834786411,39351,222.80274542773148,0.7825772782015255,0.9907753297247847,0.9636603668130482,0.9289978831770602,0.006151412576397964,0.002826269140599016,0.8630370669474587,0.9986760812149605,SEKER
977,38990,720.442,235.31344485428946,211.14221482312558,1.1144784336538867,0.4414604487721066,39379,222.80846000370812,0.763746057863705,0.9901216384367303,0.9439849118759356,0.9468581794876844,0.006035225566922017,0.002992354276576413,0.8965404120627317,0.9991749541430834,SEKER
978,38997,719.3659999999999,251.6604811902557,197.4855859301735,1.274323287975241,0.619837458195107,39347,222.82845986551436,0.7846794639623325,0.9911047856253336,0.9469809605347523,0.8854328610182371,0.00645332926097535,0.002446730470250973,0.7839913513709409,0.99905843662317,SEKER
979,39014,709.353,241.775143654186,205.65395831456962,1.1756406034469085,0.5258131715516763,39295,222.87702348671485,0.7624389290599961,0.9928489629723883,0.9743287643220637,0.9218359675777864,0.006197138044142769,0.0027604858772966143,0.8497815511200736,0.9990376955568532,SEKER
980,39023,711.172,248.19139717642292,200.43168114509467,1.2382842660325464,0.589773085641013,39313,222.90272935565469,0.7835943775100401,0.9926233052679775,0.9695745762729552,0.8981082015393459,0.006360131132317426,0.0025524690354133813,0.8065983416722385,0.9987980355006769,SEKER
981,39034,707.5179999999999,241.3054991511711,206.2840327681642,1.1697730353292364,0.5188477101877376,39306,222.93414361463869,0.7703876213783848,0.993079936905307,0.9798913756647191,0.9238668177842757,0.006181931115211639,0.0027780585849429182,0.8535298970028441,0.9984362583612675,SEKER
982,39037,712.7939999999999,250.78223126575983,198.44419199862824,1.2637418547754393,0.6114269945207661,39368,222.94271037158077,0.7414434947768281,0.9915921560658403,0.9655132276041773,0.8889892607077219,0.006424218850469038,0.0024750623762180234,0.7903019056536619,0.9987375960833229,SEKER
983,39040,717.134,248.73207979143345,200.08426426796663,1.2431366389628438,0.594065323087631,39366,222.9512767993508,0.7547461624714844,0.9917187420616775,0.9539355777128938,0.8963511139628618,0.006371211060231389,0.002536964587988155,0.8034453195024636,0.9987923140767206,SEKER
984,39052,711.179,244.5155219447582,203.60225348079516,1.200947031599639,0.5537602014904347,39399,222.9855392194695,0.7910387295414033,0.9911926698647173,0.9702760162816348,0.911948400845682,0.006261280393955705,0.002671308094087008,0.8316498858049967,0.9987674616876894,SEKER
985,39059,724.031,250.63703320721095,199.00089080732505,1.2594769409845537,0.6079433618489964,39468,223.00552320023536,0.7636765338442889,0.9896371744197832,0.9363035318929667,0.8897548791836696,0.0064168830028216535,0.002480763690103876,0.7916637450311466,0.9970822318802042,SEKER
986,39064,717.1909999999999,247.84894479684874,200.9042474753546,1.233667022531482,0.5856120073416918,39399,223.01979637586973,0.7622838855715568,0.991497246122998,0.9543702949593874,0.899821447933416,0.0063446893507282595,0.0025657567994692284,0.8096786381609893,0.998873834747413,SEKER
987,39070,715.4150000000001,251.97337420032724,197.7267640417923,1.274351377879573,0.6198593565531062,39403,223.03692298093338,0.7691550515788644,0.9915488668375504,0.9592618919738697,0.8851606789359084,0.0064492801177457705,0.002442190042273162,0.7835094275342784,0.9984663185599432,SEKER
988,39073,727.3559999999999,249.15142441797215,200.23722781114654,1.244281231524834,0.5950660026167426,39539,223.04548579031365,0.7620728662817913,0.9882141682895369,0.9280952927728561,0.8952205925025593,0.0063765624451148405,0.0025263099590866317,0.8014199092406334,0.9971917516384561,SEKER
989,39074,781.0219999999999,253.7038801147303,196.81827274552037,1.289026047102655,0.6310040777085286,39744,223.04833998705692,0.7286119191467144,0.9831421095008052,0.8049542569898491,0.8791680280419428,0.006492907818875219,0.002392800794449975,0.7729364215311586,0.9963351801079808,SEKER
990,39082,719.4999999999999,247.51614061720886,201.45851138348604,1.2286209151324954,0.5809759787262034,39529,223.07117224630264,0.7493289362681187,0.9886918464924486,0.948691583946626,0.9012388916942952,0.0063332516405815685,0.002577307314593946,0.8122315399023617,0.9979246578543156,SEKER
991,39085,708.8729999999999,246.3360889688538,202.29761264504643,1.2176915275865254,0.5706029962042496,39341,223.0797337410412,0.7775943020849913,0.993492793777484,0.9774242514061429,0.9055909537040954,0.006302573595211815,0.0026147248266013535,0.820094975430693,0.9986227033982346,SEKER
992,39087,716.009,253.83417422488967,196.49480325210496,1.2918111320186807,0.6330548163142516,39382,223.0854412216613,0.7825068567195852,0.992509268193591,0.9580876460867893,0.8788629108073294,0.006494081772069733,0.0023899128469257436,0.7724000159927318,0.9977949390308182,SEKER
993,39088,719.97,254.2456423266466,195.92275540290248,1.2976830680224298,0.637314046329807,39470,223.0882949072139,0.7834208522066781,0.9903217633645807,0.9475988232839473,0.87745179372867,0.006504442343600251,0.0023783890437049466,0.7699216503176605,0.9991142893211139,SEKER
994,39091,717.8539999999999,248.1300287768824,200.73299779271395,1.2361197785384184,0.5878319126625099,39454,223.09685574485857,0.7455561489166921,0.9907994119734375,0.9532666402278195,0.8991126823487634,0.006347497602437451,0.002558814497683803,0.8084036155603883,0.999283698236164,SEKER
995,39099,730.036,247.73447291037002,201.3327797951712,1.2304726193241171,0.5826881188526964,39497,223.11968303939506,0.7425082608530518,0.9899232853128086,0.9219066767519388,0.9006404333567232,0.006336082071417939,0.0025716171767713094,0.8111531901969864,0.9981017906147995,SEKER
996,39101,727.736,245.2697509249926,203.53884989650945,1.2050267113610078,0.5579759449739161,39601,223.1253894981241,0.7533475906980329,0.9873740562107017,0.9277906892001185,0.9097142581041696,0.0062727232276666225,0.0026500611439980695,0.8275800313980198,0.9972560436235955,SEKER
997,39102,715.945,254.58454929327476,195.92984691965302,1.2993658357609745,0.6385188335475759,39444,223.12824267276056,0.7519326179762317,0.9913294797687862,0.9586266859270351,0.8764406296146536,0.006510780760402914,0.0023697516966195756,0.7681481772393306,0.998105498306852,SEKER
998,39104,714.9989999999999,249.00669168299902,200.19423595089174,1.2438254802904571,0.5946680870298316,39434,223.13394891258434,0.7955567310235387,0.9916315869554192,0.9612142032162952,0.8960961948630992,0.0063678061498311945,0.002532725537714895,0.8029883904481254,0.9987774204168007,SEKER
999,39108,717.398,256.0964679836072,194.8200229036198,1.3145284769333065,0.6490695739716911,39413,223.14536095447454,0.7877213124660101,0.9922614365818385,0.9548939623031072,0.87133322341938,0.006548441955190939,0.0023283852531631546,0.7592215862344074,0.9980183954076048,SEKER
1000,39122,725.817,245.3724593977744,203.20580179314882,1.2075071539913447,0.5605029263900956,39532,223.1852985058134,0.7907747660339983,0.9896286552666195,0.933204105641353,0.909577623558831,0.006271981478395134,0.0026481562173725666,0.8273314532789307,0.9990086485563646,SEKER
1001,39122,711.642,241.64250263302782,206.45917793900378,1.1704129845194802,0.5196170578402308,39447,223.1852985058134,0.7916869030273596,0.9917610971683525,0.9707508280318424,0.9236177248369067,0.006176639809647457,0.002772688453446418,0.853069701632904,0.9984438554913097,SEKER
1002,39123,714.1659999999999,246.1458369507998,202.57231225116666,1.2151010876827377,0.5680749890530935,39456,223.18815091458993,0.771748135874068,0.9915602189781022,0.9639259512917494,0.9067313657602151,0.0062915890128773305,0.0026233405037454824,0.822161769653385,0.9990096605569927,SEKER
1003,39124,714.5889999999999,250.90051730678337,198.84739145274267,1.2617742454338983,0.6098266883688556,39451,223.1910032869123,0.7685840012572686,0.9917112367240374,0.9628097088906368,0.8895597573201101,0.006412956684050285,0.002477071713558389,0.7913165618434134,0.9984628577193195,SEKER
1004,39139,714.71,254.91191168663542,195.7036085682054,1.3025406815520988,0.6407730685750371,39431,223.23378449820166,0.7940878104203863,0.9925946590246253,0.9628527429840156,0.8757291215666066,0.0065129898997581806,0.002362867318328382,0.7669014943598205,0.9989203951467636,SEKER
1005,39141,713.3149999999999,254.00045029987086,196.53657628060145,1.292382594155026,0.6334731448592524,39440,223.23948804026364,0.7607580174927113,0.9924188640973631,0.9666718406797112,0.8788940640723625,0.006489370488742517,0.0023885176642524375,0.772454775861634,0.9983071070954976,SEKER
1006,39141,711.099,249.16192991573726,200.20640422825397,1.2445252731859138,0.5952787860387263,39419,223.23948804026364,0.7593411709928996,0.9929475633577717,0.9727061132216714,0.895961466166841,0.006365752789038023,0.002530386482066083,0.8027469488558353,0.9990388658239672,SEKER
1007,39145,716.674,252.79452323568066,197.7307919051813,1.2784782825170917,0.623052664387102,39458,223.2508946872508,0.7652083822034561,0.9920675148258908,0.9577294965100914,0.8831318488617481,0.006457900708536995,0.002423111033182837,0.7799218624739694,0.9971131632332518,SEKER
1008,39152,721.1270000000001,243.77522168949957,204.79960825005907,1.1903109765320035,0.5424058566167412,39565,223.2708549172307,0.7874497184231698,0.989561481107039,0.9461071032399985,0.9158882242823447,0.00622637979386748,0.0027026217767577606,0.8388512393790668,0.9984938379103785,SEKER
1009,39158,727.6779999999999,243.0275664575115,205.66390141978442,1.1816734233853874,0.5327740980251838,39634,223.2879622656347,0.7633138401559454,0.9879901095019428,0.929291310054477,0.9187762751377923,0.006206332459714784,0.002728059810590155,0.8441498437560763,0.9975094357214824,SEKER
1010,39159,725.5189999999999,257.182799147782,194.083059427396,1.3251171941876299,0.6561272933571236,39528,223.29081336294206,0.7539276087793608,0.9906648451730419,0.9348541841771806,0.8682183027125193,0.006567654923460303,0.0023020027402619976,0.753803021165008,0.998877344376334,SEKER
1011,39160,731.7959999999999,261.6340030848246,190.71721458257255,1.371842618703662,0.6845705718042344,39585,223.2936644238456,0.7472569411315714,0.9892636099532651,0.9189089564675955,0.8534581200878976,0.006681154317794295,0.0021865535845862726,0.7283907627439683,0.9992374914022433,SEKER
1012,39175,719.195,259.1594303656174,192.86863451076556,1.3437095721811192,0.6679474551535908,39457,223.33642596988068,0.7563909484090207,0.9928529791925387,0.9517558399413626,0.8617723293140508,0.006615428981891957,0.0022506499596944857,0.7426515475713649,0.9979079932667649,SEKER
1013,39180,709.775,243.84450232845444,204.6504117397398,1.1915172818638593,0.5437209772115364,39457,223.3506779992478,0.7573063244162672,0.9929796994196214,0.9773112520119581,0.9159553562474753,0.0062236983748967445,0.002702250003681776,0.8389742146384395,0.9996522757798594,SEKER
1014,39183,721.1529999999999,254.1591215185244,196.58996860785683,1.2928387105320833,0.6338064408257917,39567,223.35922878036152,0.7537656541561665,0.9902949427553264,0.946787943971618,0.8788164967122063,0.0064864640665218175,0.002386605197166407,0.7723184348935154,0.9984831694878891,SEKER
1015,39188,713.6689999999999,247.42832581600248,201.77531344790646,1.2262566792140435,0.5787712318479037,39536,223.3734793548275,0.7639582033686837,0.9911978955888304,0.9668727010212197,0.9027805471267542,0.0063138799075227745,0.0025870501624798313,0.8150127162704817,0.9994147869710582,SEKER
1016,39192,709.658,242.16032017989482,206.3862512390758,1.1733355236894085,0.5231002870216191,39464,223.38487915984933,0.7829787234042553,0.9931076424082709,0.9779329619096121,0.9224668971113943,0.006178820171971189,0.0027598690739052646,0.8509451762663238,0.998444204025423,SEKER
1017,39195,738.413,249.8854677004221,199.83151774217708,1.250480757609141,0.6004098699450199,39617,223.39342863185277,0.7540400153905348,0.9893480071686397,0.9033204970882903,0.8939832743682014,0.006375442472264884,0.002511930785122035,0.7992060948500909,0.9993918429739845,SEKER
1018,39198,717.0989999999999,238.3108727296184,210.12342186384964,1.134147115137088,0.4717734030236341,39556,223.40197777667257,0.7976800976800977,0.9909495398928102,0.9578897781767837,0.937439300262808,0.006079669185407888,0.0028962252615470723,0.8787924416772231,0.9966799125325003,SEKER
1019,39202,723.947,250.42617131508035,199.54137015988442,1.2550087789535773,0.6042336680138573,39642,223.4133761275449,0.7832723930548063,0.9889006609151909,0.9399495468541363,0.892132699047862,0.0063880968143227475,0.0024961408232326,0.795900752710423,0.9988624318273411,SEKER
1020,39208,713.397,251.59022956480572,198.6111971856126,1.266747460011942,0.613849170194105,39469,223.43047256356118,0.7763960396039604,0.9933872152828802,0.9681039589676766,0.8880729309323555,0.006416808548378028,0.002462030197149985,0.7886735306547843,0.9990501917355982,SEKER
1021,39215,709.517,244.5157546061749,204.72660343946416,1.1943526170914864,0.5467840525321304,39488,223.45041675232875,0.7732426303854876,0.9930865072933549,0.9788958158316111,0.9138487502051772,0.006235260859522502,0.0026824502683539552,0.8351195382515645,0.9974272060949897,SEKER
1022,39215,721.7589999999999,257.1489238412432,194.5365871611904,1.3218537838754878,0.6539782798189658,39711,223.45041675232875,0.7386791742013261,0.9875097580015613,0.9459706614306858,0.8689533419563561,0.006557412312667173,0.0023062059372602065,0.7550799104971201,0.9981052368189827,SEKER
1023,39224,715.9179999999999,247.39955571699093,202.19593027967312,1.2235634781313012,0.5762337476580044,39565,223.47605666534395,0.7784393109470509,0.9913812713256667,0.9616901782456654,0.9033001535418523,0.006307351512262669,0.002590330230916835,0.815951167388734,0.9983680483554548,SEKER
1024,39227,726.769,265.0177468830866,188.7226378574639,1.4042711033068853,0.7020646546248135,39595,223.484602649324,0.7398528857035082,0.9907058972092436,0.9332589653766824,0.8432816491641026,0.006756003438526693,0.0021074642843694697,0.7111239398169287,0.9986107995546575,SEKER
1025,39234,715.421,256.6452698770129,194.96170225216602,1.3163881260385413,0.6503270173954929,39502,223.5045420078513,0.7930867192237719,0.9932155333907144,0.9632723264975226,0.8708695161806685,0.006541399548274784,0.0023209340212020173,0.7584137142127517,0.998366808014454,SEKER
1026,39245,713.9329999999999,242.41374740359115,206.4400701326894,1.1742572420547022,0.5241886745177649,39588,223.53587169206526,0.7791344054000398,0.9913357583105992,0.9675630702897794,0.9221253913454983,0.006176933301148965,0.0027549428730324842,0.8503152373640884,0.9984888255042437,SEKER
1027,39246,715.0079999999999,247.48183905851587,202.10183972995463,1.2245402584617602,0.5771572776596251,39569,223.53871962744216,0.7788759228387712,0.991837044150724,0.9646804149356032,0.9032530244556148,0.006305912425687099,0.0025891987912498486,0.8158660261882156,0.9990607945786867,SEKER
1028,39257,723.5260000000001,255.08066684334847,196.29999240458983,1.299443080556045,0.6385739706204546,39588,223.5700445222219,0.7604556108711233,0.991638880468829,0.942364001592107,0.8764680102530936,0.006497711665266028,0.0023652904426948672,0.768196172997017,0.9982272015106083,SEKER
1029,39261,714.2149999999999,243.4054930902858,205.5627347919926,1.184093475583432,0.5355115240301269,39589,223.5814343049244,0.7794675296313208,0.9917148702922529,0.967193317110423,0.9185554174079049,0.006199676347782426,0.0027225146920182215,0.8437440548494105,0.9990718304094963,SEKER
1030,39263,742.3619999999999,259.61701789354356,193.87532302718506,1.3390926387116335,0.665077521095887,39768,223.58712897869748,0.7815865432467404,0.9873013478173406,0.8952861742043269,0.861219078752302,0.006612256269096696,0.0022437993033106282,0.7416983016069636,0.9932027358268057,SEKER
1031,39273,729.415,253.79618754027786,197.52719996308136,1.2848670339462789,0.6279041829193421,39696,223.61560017222422,0.7535400437468821,0.9893440145102781,0.9275868034963413,0.8810833698466651,0.006462358045992867,0.0024023639142451126,0.7763079046203554,0.9974524348386067,SEKER
1032,39276,720.452,260.4767598030462,192.23673968186776,1.3549790754572135,0.674780175269339,39597,223.62414082343224,0.7456996392633377,0.991893325251913,0.9508828459753346,0.8585185910348422,0.00663195742445886,0.0022223901770940004,0.7370541711524505,0.9986929793900302,SEKER
1033,39276,725.636,258.2334198949508,193.9547648433598,1.3314105487612187,0.6602076449119857,39601,223.62414082343224,0.7739875849837422,0.9917931365369561,0.9373450150285895,0.865976762087581,0.006574840103242459,0.0022808142142749016,0.7499157524756908,0.9984457435283418,SEKER
1034,39277,720.1529999999999,256.9960950994994,194.86670033386417,1.318830229378284,0.6519665725941671,39599,223.62698763468373,0.7727737772006453,0.9918684815273113,0.9516968335176573,0.8701571420690404,0.006543170178463208,0.002313975386514827,0.7571734518937601,0.9985832372401946,SEKER
1035,39282,750.1969999999999,269.8512007517088,185.81983025010547,1.4522196064246788,0.7251403605872303,39865,223.64122114736955,0.7090101797704137,0.9853756427944312,0.8771074687583561,0.8287575542535486,0.006869589143926195,0.0019990355922458766,0.6868390837323237,0.997441183854842,SEKER
1036,39285,727.629,245.8698820336638,203.65683356343894,1.207275384437692,0.5602679493343019,39709,223.6497608201736,0.7557714505579068,0.989322319877106,0.9324308243217679,0.9096265023202481,0.006258619881218373,0.0026430827415900725,0.8274203737233684,0.9989242497784584,SEKER
1037,39285,727.6179999999999,252.35154490132604,198.75639441197987,1.2696524589707276,0.616164984869966,39686,223.6497608201736,0.7845075485262402,0.9898956810966084,0.9324590171828498,0.8862626971735983,0.00642361066313672,0.002444605890893097,0.7854615684014212,0.997263211747869,SEKER
1038,39288,723.891,259.4464114946947,193.03565048363848,1.3440336582629597,0.6681473399551437,39616,223.65830016691774,0.7527590435315757,0.9917205169628432,0.9421573289862957,0.8620597173743959,0.0066037062587735364,0.002249660156273817,0.7431469563196234,0.9988145223292473,SEKER
1039,39295,732.803,244.1990998472925,205.47127870240882,1.1884828935190233,0.5403990951951588,39881,223.67822404151957,0.8053904488624718,0.9853062862014493,0.9195443492269383,0.9159666197844076,0.006214508203264856,0.002698392473888882,0.8389948485592735,0.9971310252632802,SEKER
1040,39301,729.001,250.5915312536407,200.08005008501698,1.2524563600776821,0.602086304346447,39776,223.69530023591605,0.7649680784802242,0.9880581255028158,0.929302738386026,0.8926690344116173,0.0063762125964642305,0.002497493871730335,0.7968580049973691,0.9980298764377685,SEKER
1041,39306,724.304,252.6462868322852,198.35598576287754,1.2737013499270367,0.6193520371864111,39704,223.70952940221457,0.7531039239730227,0.9899758210759622,0.9415143563792459,0.8854653365664551,0.006427677373232718,0.002437362306623688,0.7840488622607457,0.998644094270269,SEKER
1042,39313,714.895,243.99366674818174,205.45733808285658,1.1875636520209576,0.539383668651669,39634,223.72944871467737,0.7699071716736516,0.9919008931725286,0.9666328079050954,0.91694777039267,0.006206437228097111,0.002706453223075144,0.8407932136280885,0.9984954593706099,SEKER
1043,39323,747.4999999999999,249.56852915268655,200.93520168192154,1.2420348802185048,0.5930978762029596,39924,223.7579017992902,0.7686879349440926,0.9849463981564973,0.8843702270327103,0.8965789979969576,0.006346629940561161,0.0025297475549816715,0.8038538996492285,0.9984145819640077,SEKER
1044,39325,719.707,251.6115429822778,199.3970376168022,1.2618619914796354,0.6098983035922335,39710,223.76359198205205,0.7763760562268025,0.9903047091412742,0.9540412260422086,0.8893216476869378,0.006398259198532175,0.0024687496321458475,0.7908929930446098,0.9979978072505608,SEKER
1045,39330,724.501,245.14741367097784,204.44761390388229,1.1990720213845583,0.5517972989040273,39743,223.77781680594248,0.7862854858056777,0.9896082328963591,0.9415769794675494,0.9128296050729854,0.006233089592447949,0.002669574216555437,0.8332578878977024,0.9991362199761257,SEKER
1046,39334,714.2209999999999,241.0411743202979,208.22536580556093,1.1575975548789772,0.5037352671449644,39735,223.78919601404553,0.8012956323337679,0.9899081414370202,0.9689753890073889,0.9284272558209172,0.006128061583370568,0.0028086292211609186,0.8619771693511589,0.9978226636024036,SEKER
1047,39336,722.8,260.64523979747815,192.36767389027767,1.354932637726568,0.6747525095391388,39664,223.7948854011243,0.7758579881656805,0.9917305365066559,0.9461582303647297,0.8586187324004588,0.00662612466436542,0.0022214717870861667,0.7372261276289707,0.9988917417092645,SEKER
1048,39336,729.453,236.72844367976452,211.67498016561947,1.118358171072191,0.4477317615173236,39808,223.7948854011243,0.7809410363311495,0.9881430868167203,0.9289780013873552,0.9453654234463851,0.006018111746994217,0.0029650967341424764,0.8937157838479629,0.9994943494825574,SEKER
1049,39339,721.525,250.34786140984878,200.3269470472531,1.2496963843351376,0.5997407642045551,39685,223.80341921055756,0.7789284017107556,0.9912813405568854,0.9495774943278767,0.8939697665088704,0.006363859310349749,0.002507215468336906,0.7991819434319243,0.9987347851328043,SEKER
1050,39341,732.7719999999999,262.04811885341684,191.55707001113967,1.367989805013085,0.6823778902389384,39772,223.80910823607252,0.7681388628553577,0.9891632304133561,0.9206986932073998,0.8540763780917112,0.006660941990631068,0.002186262249027159,0.7294464596142558,0.9978753200551912,SEKER
1051,39343,716.2339999999999,250.62202060079017,200.33433565640547,1.251018802042169,0.6008676886249764,39669,223.8147971169813,0.7440756501182033,0.991781996017041,0.9637568329632734,0.8930372382301177,0.006370180733568619,0.002499250522530136,0.797515508865676,0.9977068965111888,SEKER
1052,39364,714.687,249.38218842577268,201.17972639994628,1.2395990037783413,0.5909441234987819,39692,223.87452163869597,0.7847687400318979,0.9917363700493802,0.96845026483362,0.8977165652924369,0.006335285754135065,0.002538066097284714,0.8058950316004501,0.998986678321833,SEKER
1053,39366,724.816,254.74890513756026,196.95207529236882,1.2934563129603684,0.6342568983937354,39741,223.8802088574254,0.7844332855093257,0.9905639012606627,0.941619858080413,0.878826971745114,0.0064712926164090905,0.002381136595089521,0.7723368462666874,0.9989839695355484,SEKER
1054,39367,728.934,247.7471723058387,202.50063535464454,1.2234389875960276,0.5761157783937747,39776,223.88305241261375,0.7674477542108546,0.989717417538214,0.9310344883188035,0.9036755105169669,0.006293270310306569,0.0025888459077051396,0.8166294283081008,0.9990962810103856,SEKER
1055,39371,717.5219999999999,251.05332055650402,199.86832853363424,1.256093561187991,0.6051400451588863,39695,223.89442627222343,0.7923005715205667,0.9918377629424361,0.960983357813183,0.891820214828953,0.00637660512957517,0.002488161328567245,0.7953432955775599,0.9990255925090104,SEKER
1056,39383,717.4810000000001,247.28891330132396,203.04364178579485,1.2179101553064469,0.5708151064576045,39745,223.92854438482138,0.774645948072384,0.9908919360925903,0.9613861248789064,0.9055341033908878,0.006279077604583804,0.002604323064649026,0.819992012403939,0.9986765991769273,SEKER
1057,39385,748.882,258.7458212981423,194.2559153520354,1.331984258133075,0.660575497490158,39895,223.93423023154452,0.7671107475361303,0.9872164431633037,0.8824984060757108,0.8654602772251699,0.00656965396212117,0.0022735830120165015,0.7490214914546681,0.9976848356209753,SEKER
1058,39397,718.7959999999999,259.94231112702636,193.08399601650333,1.3462654414134276,0.6695182952897157,39682,223.96834228062502,0.7901841229090617,0.9928179023234716,0.9582122378542035,0.8616078748764302,0.006598022974516495,0.0022430152420258435,0.7423681300490783,0.9994245582917831,SEKER
1059,39404,715.2469999999998,251.81761149922687,199.49282334100664,1.2622890752755447,0.6102465412094445,39719,223.98823857681535,0.7890584324562457,0.9920692867393439,0.9679169264002963,0.8894859944198265,0.0063906611384434795,0.002467641181815428,0.7911853342690277,0.9987046039660237,SEKER
1060,39408,711.6339999999999,247.16999320089067,203.11255493908672,1.2169114473254337,0.5698445940050803,39687,223.99960709546636,0.7955908182423839,0.9929699901731045,0.9778694532182886,0.9062572855007028,0.00627207656315699,0.0026097394920528718,0.8213022675231023,0.999452131063199,SEKER
1061,39417,714.1239999999999,245.98606504194257,204.31385523175203,1.2039617419137922,0.5568826600594703,39724,224.02518415309004,0.7746747376282379,0.9922716745544256,0.9712838633404057,0.9107230692717979,0.006240608494861166,0.002648207745725473,0.8294165089038441,0.9985857448319286,SEKER
1062,39420,720.4869999999999,251.85920887026637,199.7966877897501,1.260577498338224,0.6088476088599798,39812,224.03370919006835,0.7404207362885049,0.99015372249573,0.9542764049690998,0.8895196256471566,0.006389122497977331,0.0024674201976310427,0.7912451644114575,0.9974258499260118,SEKER
1063,39430,755.5319999999999,236.7695238745319,213.26004649387215,1.1102385456965342,0.43442640279969624,40085,224.06212363741326,0.7828072265237245,0.9836597230884371,0.8680223638046214,0.9463300849316549,0.00600480659078194,0.0029706355541985817,0.8955406296467532,0.9942637262711699,SEKER
1064,39436,726.064,256.8395269326223,196.21515008213728,1.3089688886159256,0.6452634881666997,39794,224.07917057632974,0.7793675889328063,0.9910036688948083,0.9400542432906936,0.8724481517796648,0.006512818920088809,0.0023275942409000084,0.761165777543753,0.996342321883923,SEKER
1065,39436,717.9029999999999,242.90956642848676,207.02738193220267,1.1733209595822198,0.5230830505848273,39765,224.07917057632974,0.7624018868654062,0.991726392556268,0.9615484798215216,0.9224798095479672,0.006159589370841027,0.002751433378142011,0.8509689990236537,0.9984597625091545,SEKER
1066,39444,726.844,250.94920759061856,200.45336863897282,1.251908158463485,0.6016223809089511,39776,224.1018978110934,0.7462257368799425,0.9916532582461786,0.9382280107815916,0.893016957346516,0.0063621642731624215,0.002495878638831309,0.7974792861084293,0.9983708244847784,SEKER
1067,39445,725.3069999999999,258.5095736205387,194.66685002316268,1.3279588876574495,0.6579800494636664,39899,224.1047385533793,0.7531840140535793,0.9886212687034763,0.9422325141978222,0.8669107894717215,0.006553671533034318,0.0022832952140170587,0.7515343169024835,0.9980066755102232,SEKER
1068,39446,724.726,253.94898564077397,197.85998956280216,1.2834782120524109,0.6268588735109217,39830,224.10757925965652,0.7726328984996278,0.9903590258599045,0.9437677875704223,0.8824905470450277,0.00643788940933869,0.0024085935723298538,0.7787895656238323,0.99955943925195,SEKER
1069,39450,747.7059999999999,255.74936077997717,196.55718029936156,1.3011448393310507,0.639784989492102,40001,224.118941724706,0.7485200364298725,0.9862253443663909,0.8867376329446934,0.8763225880260047,0.006482873530544415,0.0023583232729199066,0.7679412782845951,0.9992028311492911,SEKER
1070,39452,735.6919999999999,261.3192102984216,192.62652962471472,1.356610695357164,0.6757497094646295,39950,224.12462274121432,0.7364294780855671,0.9875344180225282,0.915981751252476,0.8576660800607359,0.006623725293988177,0.0022108282897755323,0.7355911048867486,0.9979107602989565,SEKER
1071,39454,717.9929999999999,255.60586244853363,196.912327525942,1.298069377677023,0.637591242882844,39779,224.13030361372626,0.7965677367252171,0.9918298599763694,0.9617462109323981,0.8768590104573795,0.0064785791668407165,0.002362536947657349,0.7688817242202948,0.9980618212658744,SEKER
1072,39455,726.2049999999999,248.36342074137164,202.6170370300552,1.2257775771567059,0.5783218659107549,39861,224.13314399598698,0.7815811889621838,0.9898146057549986,0.9401419727334787,0.9024402358726715,0.0062948528891489455,0.0025753671353212675,0.8143983793219233,0.998271272245575,SEKER
1073,39462,720.25,233.52366981392242,215.4661436677742,1.0838067913536849,0.3855817439081112,39808,224.15302566402931,0.7760777218376337,0.9913082797427653,0.955921924278513,0.9598728293480491,0.005917684603261934,0.0030987487985273923,0.921355848520629,0.9985717258800947,SEKER
1074,39488,741.6959999999999,245.0219110389376,205.62157869014294,1.191615746750822,0.5438280077440589,40042,224.22685642558992,0.7465214761040533,0.9861645272463913,0.9020344586186564,0.9151298162471558,0.006204971410021718,0.0026844194052533968,0.8374625805845531,0.9979335983391325,SEKER
1075,39493,720.3489999999999,246.9105922909796,204.10219820700144,1.209739995257482,0.5627547584863088,39854,224.24105186211062,0.7999716415491817,0.99094193807397,0.9564099244012242,0.908187250216656,0.006252009021623569,0.002623620172499174,0.824804081456091,0.9977984855890433,SEKER
1076,39504,725.338,243.698842715544,206.71368074850218,1.1789197591234406,0.5296213991933264,39885,224.27227865970832,0.7678134110787173,0.9904475366679203,0.943561203534053,0.9202845453045043,0.006168966249380924,0.0027294847500288805,0.8469236443263183,0.9984550187651297,SEKER
1077,39506,725.6919999999999,243.18208429612721,206.99657603599968,1.1748121101956506,0.5248415559245698,39972,224.2779557921539,0.7741720556535371,0.9883418392875013,0.9426885942179394,0.9222634818733052,0.006155573439379517,0.002747061169388273,0.8505699299970723,0.9992598543288274,SEKER
1078,39509,737.717,261.8813448429703,192.28282997233512,1.3619590728961537,0.6788938280819032,40027,224.28647122138585,0.7733215893521237,0.9870587353536363,0.9122761447538306,0.8564431015728625,0.0066283971966633,0.00219979570638546,0.7334947862317445,0.9989898790303492,SEKER
1079,39514,721.708,258.22340644896093,195.14281761931292,1.3232534489314713,0.6549027955566796,39854,224.300662885033,0.7633342992369362,0.9914688613439052,0.953318060453863,0.8686302530416316,0.0065349852317902754,0.0022949021750471883,0.7545185164991689,0.9984192292401824,SEKER
1080,39515,714.776,238.95128843383597,210.64370343029321,1.1343860962495391,0.47212039945707035,39852,224.30350111001377,0.796207862338552,0.9915437117334136,0.971923150242403,0.9386996930636845,0.006047103338829203,0.0028962353931882767,0.8811571137578557,0.999572378458285,SEKER
1081,39524,721.5429999999999,248.86823064722049,202.45887453075272,1.2292285592520094,0.5815392334525995,39875,224.3290435189179,0.750693257359924,0.9911974921630095,0.9539954845595757,0.9013968674728605,0.006296635731383981,0.002564203627186556,0.8125163126898859,0.9987682564165435,SEKER
1082,39528,718.837,245.45606428971652,205.12414859369107,1.1966219773368307,0.5492078257783214,39899,224.3403947671741,0.7705864004990642,0.990701521341387,0.9612887479300972,0.9139737305588865,0.006209675781464191,0.002672905113619644,0.8353479801517282,0.9995957517734885,SEKER
1083,39535,723.8249999999999,254.5019092019813,198.2914786007275,1.2834737579139097,0.626855512794544,39943,224.36025806970505,0.7479473305838283,0.9897854442580677,0.9482534885848156,0.8815661099486888,0.006437382299278647,0.002398328173566352,0.7771588062100637,0.9974629335023183,SEKER
1084,39569,726.2909999999999,258.1734880927066,195.81745600860734,1.3184395985685684,0.6517052033188755,39908,224.45671196385652,0.7341187384044527,0.9915054625638969,0.9426351143215961,0.8694026393727042,0.006524640200477813,0.0022994297586000577,0.7558609493482245,0.99655700663233,SEKER
1085,39573,719.251,245.37965612081908,205.81015815595026,1.1922621231109762,0.5445294338960707,39935,224.4680567559772,0.7797328184110971,0.9909352698134468,0.9612755370152415,0.9147785937292799,0.006200683701534356,0.0026784485875396584,0.8368198755453191,0.9977086414791251,SEKER
1086,39579,721.252,242.04614185456936,208.45983545018802,1.1611164392020585,0.5081983341524987,39904,224.48507286916208,0.7690469250947246,0.9918554530874097,0.9560940605797057,0.9274474327462793,0.006115519387922114,0.002791067396690373,0.8601587405076642,0.9987444539267863,SEKER
1087,39581,717.629,237.01363438506195,212.80379600807848,1.1137660080841059,0.4402919603344853,39918,224.49074462026817,0.775322716499187,0.991557693271206,0.965821046756235,0.9471638422942008,0.005988065849399003,0.002972807395960337,0.8971193441495138,0.9991810307084351,SEKER
1088,39598,715.191,245.7534218519054,205.33124617700835,1.1968632462301942,0.5494640741148311,39879,224.53894872031216,0.7839946147145007,0.9929536848968129,0.9728346574745315,0.9136757772415581,0.006206207936054987,0.002667930613429968,0.8348034259179652,0.9991455383082635,SEKER
1089,39614,720.7239999999999,249.8716832219577,202.01262132338988,1.2369112463619445,0.5885436481943473,39972,224.58430783369243,0.7554157131960335,0.991043730611428,0.9583421565943039,0.8987985550735541,0.006307661009288578,0.0025392038630378854,0.807838842602309,0.9992249496628127,SEKER
1090,39621,733.7649999999999,256.3900083342381,197.0049404536719,1.301439485445449,0.6399939534198221,40021,224.60414956530053,0.7838912630579298,0.9900052472451962,0.9247435519476594,0.8760253608342627,0.006471063535353426,0.0023508349736801534,0.7674204328248001,0.9987512532158316,SEKER
1091,39622,723.79,250.3520464968414,201.72655082860996,1.241046582457777,0.592226515827364,39956,224.60698395530048,0.7975442834138486,0.9916408048853739,0.950432110520608,0.8971645612576779,0.006318511092242729,0.0025251254323198124,0.8049042499766816,0.998923668639301,SEKER
1092,39628,723.6089999999999,250.11486236887606,201.87032772086837,1.2389877462066476,0.5904004285060108,39976,224.62398954422707,0.7525542177826731,0.9912947768661197,0.9510516397409812,0.8980833342600234,0.006311569152338651,0.002532699453536138,0.8065536752756008,0.9993101203244051,SEKER
1093,39629,719.7639999999999,245.41390471740624,205.86078520202673,1.192135279560714,0.5443919487029356,40002,224.62682368388187,0.7496405871670703,0.9906754662266887,0.9612641271968742,0.915297867667846,0.006192785705352298,0.0026811160786871973,0.8377701865573061,0.9987353955591255,SEKER
1094,39635,717.433,251.5773743611473,200.8551509868074,1.2525313546859023,0.6021496944728205,39904,224.64382777093647,0.7641218430692115,0.99325882117081,0.9676672171731846,0.8929413002317654,0.006347353963949724,0.002489224815605797,0.797344165659596,0.9986985679645142,SEKER
1095,39645,715.39,251.01469234631085,201.26199346422945,1.247203647473183,0.5976009517750849,39941,224.67216505616696,0.77226507713885,0.9925890688765929,0.9734475490181619,0.8950558350034723,0.006331559902795078,0.002506634399572577,0.801124947773763,0.9991659569452002,SEKER
1096,39668,716.4949999999999,251.66180993956243,200.9251847495406,1.2525150107651593,0.6021358811093344,39938,224.73732725240467,0.8015356637704587,0.9932395212579498,0.9710103083970437,0.8930132359231471,0.00634420212613599,0.002488790597985768,0.7974726395339304,0.9988464516907607,SEKER
1097,39669,715.564,248.0761897079123,203.90095327205196,1.216650465468497,0.5695903131926947,39958,224.74015996278717,0.777411958374978,0.9927674057760648,0.9735632021529723,0.9059320051126178,0.006253653727291142,0.0025983401506467162,0.8207127978873684,0.9985206075656193,SEKER
1098,39670,722.0870000000001,249.93976683455674,202.26360165176035,1.235713023962072,0.5874652662106552,40041,224.74299263746556,0.7963464819833384,0.990734497140431,0.9560773109373406,0.8991886144561793,0.006300473073722126,0.002540715981973956,0.8085401643676234,0.9991236115055065,SEKER
1099,39676,721.502,240.62433666830913,210.23380448218703,1.144555877971076,0.4864627169979653,40044,224.75998793582525,0.7735620978748294,0.9908101088802318,0.9577731699870956,0.9340700572845537,0.0060647327519989195,0.0028477983410940756,0.8724868719155696,0.9986099777035626,SEKER
1100,39686,715.976,239.59910805558445,211.26042405271693,1.13414099744397,0.4717645140081528,40005,224.78831057766254,0.7804523107177974,0.9920259967504061,0.9728598102568774,0.9381850892596564,0.006037371064243926,0.002885238622109036,0.8801912617091492,0.998260995496281,SEKER
1101,39698,742.795,251.14066016610022,201.89318137869148,1.2439283905038632,0.594757999260392,40263,224.82229303807148,0.7450825825825825,0.9859672652311054,0.9041501278063269,0.8952046748996271,0.006326279917529856,0.0025062104285720993,0.8013914099621472,0.9968735267578354,SEKER
1102,39701,718.722,253.70538138508454,199.3061297057437,1.2729431942693188,0.6187588197409486,40020,224.83078785062042,0.7776276099815881,0.9920289855072464,0.9658049624137937,0.8861884861218727,0.006390402795523653,0.002431153656105499,0.7853300329349767,0.9996805206798786,SEKER
1103,39703,720.914,248.61208930475397,203.45315346886386,1.2219623292435287,0.5747118672728078,40053,224.83645088067942,0.7637689244560721,0.9912615784086086,0.9599890265696364,0.9043665234037358,0.006261796068426919,0.002583786315437873,0.8178788086533596,0.9994170940609816,SEKER
1104,39706,720.9459999999999,254.16953076952709,199.07321380660844,1.2767640905041222,0.6217320096112382,40009,224.84494515833433,0.7831249260384205,0.9924267039916019,0.9599763394038775,0.8846258813068221,0.006401287734083693,0.002418163584423858,0.7825629498778716,0.9991482729630438,SEKER
1105,39709,719.045,253.66621731430953,199.5592513593172,1.2711323358172448,0.6173353003600547,40046,224.8534391151013,0.7723382736219707,0.9915846776207361,0.965131905667121,0.8864146022112702,0.006388129071855487,0.0024327700026542166,0.7857308470133645,0.9987678868877602,SEKER
1106,39721,739.568,257.06320431162203,197.12887500169967,1.3040362773307848,0.64182656176617,40255,224.88741173401723,0.7845503565150408,0.9867345671345175,0.9125860260484305,0.8748331459425829,0.006471720357282597,0.0023383010427477143,0.7653330332397966,0.9980220395843021,SEKER
1107,39728,727.9169999999999,249.82759534317657,202.92179975553924,1.2311520775202316,0.5833131738582329,40129,224.90722672524006,0.7675573330242084,0.9900072266939122,0.9421994403499291,0.9002497358880449,0.006288451352778307,0.0025478595199034753,0.8104495869664946,0.9977866927192136,SEKER
1108,39733,727.1569999999999,256.3330273516266,197.83578794923437,1.2956858312076625,0.6358750348445888,40033,224.92137922163428,0.7610519460619062,0.9925061823995204,0.9442888090980722,0.8774576633587557,0.006451388703385764,0.0023590527779188755,0.7699319509870075,0.9975899198879381,SEKER
1109,39746,727.669,233.93854150518803,216.49760090213692,1.0805595098069234,0.3788783494956649,40185,224.95817154538702,0.7827405569341053,0.9890755256936667,0.9432689635234901,0.9616122683247478,0.005885838612821115,0.0031044744813799063,0.9246981545926668,0.9991913846460188,SEKER
1110,39754,721.2919999999999,252.45771871497578,201.19182211542469,1.2548110358588016,0.6040680459118446,40091,224.9808099847666,0.7919123505976096,0.9915941233693347,0.9602149572286833,0.8911623345482633,0.006350498533857619,0.0024706707457332394,0.7941703065175109,0.9965336649695398,SEKER
1111,39755,737.9430000000001,266.0855742051908,190.75527721716435,1.3949054416055138,0.6971816951605504,40208,224.9836396295215,0.7330272522771693,0.9887335853561481,0.9173941932739615,0.8455311427594577,0.00669313480581539,0.002110220160614027,0.7149229133761145,0.9972498621968094,SEKER
1112,39757,719.823,247.9948931514366,204.46809357371717,1.212878199316837,0.5658836669939911,40101,224.98929881226763,0.7757463414634146,0.991421660307723,0.9642108880757475,0.9072335964389366,0.006237766761864241,0.002606666032818125,0.8230727985075273,0.9982870537604795,SEKER
1113,39764,722.344,252.75783021741123,200.55773031966436,1.2602746840749859,0.6085991787716338,40089,225.00910483100236,0.7674225610344495,0.9918930379904712,0.9576609738685506,0.8902161592282201,0.006356448803375194,0.0024624998318652684,0.7924848101510437,0.9987485437473317,SEKER
1114,39765,736.601,253.96810948449928,199.93839095001,1.270231836306006,0.6166239196954902,40214,225.0119341199345,0.7497596017874314,0.9888347341721788,0.9209716095897463,0.8859849946383441,0.006386724744989294,0.0024275234192097503,0.7849694107243069,0.9970931360283796,SEKER
1115,39767,724.3860000000001,251.40683471332162,201.62504026124375,1.246902837006634,0.5973413420058005,40117,225.01759259107547,0.7848543459382648,0.9912755191066132,0.9523412520505666,0.8950337123796268,0.006321996497430573,0.00250260085579206,0.8010853462960564,0.9988755909809944,SEKER
1116,39774,719.525,241.50726230858768,209.9863068600422,1.1501095758094098,0.4939639742508429,40111,225.03739611961467,0.7564473183720045,0.991598314676772,0.9654223686192813,0.9318038470912376,0.006071988291562017,0.002823635834471288,0.8682584094540307,0.998592310990128,SEKER
1117,39779,719.021,252.47965089721893,200.89149786100128,1.256796099314825,0.6057250694830307,40075,225.05154043023128,0.7752981991112498,0.992613849033063,0.9668978082721471,0.8913650649883335,0.006347058772146583,0.002471580261198377,0.794531679081656,0.9985643150518837,SEKER
1118,39790,734.078,248.16165983709323,204.38924510824052,1.2141620255296295,0.5671517627567696,40254,225.0826547848859,0.7812377287363543,0.9884731952104139,0.9278961780027789,0.907000118119142,0.006236784615156904,0.002603573744754484,0.8226492142681376,0.9988294362961604,SEKER
1119,39803,727.1389999999999,252.31730289971085,201.68243041165934,1.2510623874608182,0.6009047340666548,40242,225.1194207506178,0.7911548399920493,0.9890909994533075,0.945999252946708,0.8922076217662193,0.006339152900527871,0.002477848250030131,0.7960344403377329,0.9958887474299603,SEKER
1120,39807,719.3249999999999,241.46018444329144,210.05138292027314,1.1495291346638732,0.49319037804333266,40140,225.13073214750716,0.7870729199620373,0.9917040358744394,0.9667607368859724,0.9323720706441382,0.006065771960793113,0.0028276318490204904,0.8693176781172379,0.9993059982741158,SEKER
1121,39826,732.9759999999999,247.0394731059577,205.71307829005525,1.2008933761500193,0.5537042551628498,40266,225.18445352337847,0.7917536430687263,0.989072666766006,0.931530424999172,0.9115322773814151,0.006202969746044235,0.00264160350567288,0.8308910927081489,0.9978116095352677,SEKER
1122,39833,720.171,247.16591226922316,205.34781776591723,1.2036451858036095,0.5565567127721917,40184,225.20424237885868,0.7628504672897196,0.9912651801712125,0.9651206812193895,0.9111460407758699,0.006205053906791433,0.0026380151842782637,0.8301871076215434,0.9992507154048935,SEKER
1123,39834,723.3960000000001,258.4963083579339,196.30301680534546,1.3168229024939513,0.6506198837335276,40145,225.20706921626697,0.7749805447470817,0.9922530825756632,0.9565585921077893,0.8712196729108715,0.006489338463572173,0.002306167690540362,0.7590237184669262,0.9994998160133693,SEKER
1124,39835,731.546,249.6095936119513,203.44624167626876,1.2269068799468874,0.5793796789555296,40279,225.20989601819278,0.7937788936712896,0.9889768862186251,0.9353871631637567,0.9022485584761183,0.006266087451034299,0.002561421212785358,0.8140524612722335,0.9987665653726004,SEKER
1125,39859,724.609,255.68460998223364,198.7528499993822,1.2864449993196496,0.6290856501131754,40202,225.27772862313498,0.7854764016159228,0.9914680861648674,0.9539570347999365,0.8810766069916703,0.0064147271628047274,0.0023845840498169734,0.7762959873879542,0.9986620909671436,SEKER
1126,39868,732.632,255.11644208010037,199.12013283251048,1.2812187218390974,0.6251472173724815,40297,225.30316058480287,0.7538764087436653,0.9893540462069137,0.9333887149394151,0.8831385337134137,0.0063990278438873375,0.002401093660537316,0.7799336697294783,0.9992656194500789,SEKER
1127,39872,721.45,249.1060397290368,204.06493577784056,1.2207194674553552,0.5735236074991641,40228,225.3144627574546,0.7798314068336951,0.9911504424778761,0.962643336980128,0.9044921712959617,0.006247643452273194,0.002579379526999321,0.8181060879356834,0.9986780279868317,SEKER
1128,39883,729.422,245.9412377343797,206.7585614656914,1.1895093290982783,0.5415279097262766,40302,225.34554080938122,0.7575118708452042,0.9896034936231453,0.9419762797076432,0.9162576511579479,0.006166568155213492,0.0026809811189973222,0.8395280833054797,0.9986264871318646,SEKER
1129,39890,721.856,247.16399175452617,205.87367843569524,1.2005614007218897,0.5533578130085686,40261,225.36531552012534,0.7576448243114909,0.9907851270460247,0.9619948765462035,0.9118048058713567,0.0061961391765988005,0.0026418516984816716,0.8313880040101024,0.9981323466377445,SEKER
1130,39898,714.231,239.75978971297744,212.04988224542532,1.1306763633826535,0.4666797435947356,40185,225.3879130651054,0.7804773082942097,0.9928580316038322,0.9828417529422042,0.9400571852975139,0.006009318505012217,0.002894823429087947,0.8837075116294847,0.9991871955431598,SEKER
1131,39898,743.9609999999999,257.4361065313364,197.91907113702075,1.3007139991734884,0.639479057569353,40460,225.3879130651054,0.7615284776301725,0.9861097380128522,0.9058590989730069,0.8755101065734541,0.006452356171520788,0.002338528948679978,0.766517946712261,0.9970206239063558,SEKER
1132,39901,730.8290000000001,258.1497116155328,197.14903280385627,1.309414040455203,0.6455708558371213,40316,225.39638656038326,0.7693242070760629,0.9897063200714357,0.9387762624442131,0.8731227517157576,0.006469755435090168,0.0023193636553943695,0.7623433395636965,0.9982230724722126,SEKER
1133,39901,716.1329999999999,239.501900560176,212.50008146450972,1.1270673352667677,0.4612726629295139,40196,225.39638656038326,0.7962364303959132,0.9926609612896805,0.9777014752130491,0.9411047930442261,0.006002403462574271,0.002904403074660409,0.8856782314908157,0.9982190042701371,SEKER
1134,39926,723.237,248.27504610520577,205.00503832324668,1.2110680212343468,0.5640839391497244,40308,225.46698663683804,0.7810250391236306,0.9905229731070755,0.9591894521416722,0.9081339029992451,0.006218380155918594,0.002608894930081625,0.8247071857766424,0.998776499576265,SEKER
1135,39928,737.776,252.96989836902526,201.198247950122,1.2573166066124875,0.6061575156671968,40395,225.4726336879613,0.74826183917093,0.98843916326278,0.9218035450918598,0.8913022266350767,0.006335651632163526,0.0024664426294545762,0.7944196592046459,0.9988370301374341,SEKER
1136,39930,721.5589999999999,251.54361469257384,202.24418444027967,1.2437619177467707,0.5946125347527471,40234,225.47828059765544,0.7693196925033235,0.9924442014216831,0.9637524124874554,0.8963784704820499,0.006299614693027144,0.0025087617400117103,0.8034943623437393,0.9993556890073679,SEKER
1137,39935,737.0559999999999,253.32723872893882,200.97742815761924,1.2604760696323745,0.6087644275578747,40360,225.49239725320837,0.7822109922826811,0.9894697720515362,0.9237672918376454,0.8901229823709804,0.006343489138072839,0.0024564505209020223,0.7923189237450087,0.9986990428974616,SEKER
1138,39940,730.9209999999999,252.6156700354854,201.60120044421643,1.253046457455916,0.6025846040248448,40331,225.50651302506185,0.7559812235009086,0.9903052242691726,0.9394572993042297,0.8926861623167894,0.006324879069491372,0.0024775772244289324,0.7968885843918775,0.9985384176593017,SEKER
1139,39948,731.068,244.9691349991189,207.9641485254794,1.1779392589348434,0.5284889048106709,40386,225.52909642234695,0.7720315398886828,0.9891546575545981,0.9392676312987165,0.9206429063937306,0.006132200235283841,0.0027174460779769167,0.8475833610930955,0.9984017162515046,SEKER
1140,39951,725.1809999999999,247.91933539228216,205.56349103824223,1.2060475045452512,0.5590191625440486,40307,225.53756461333552,0.76188569140111,0.9911677872329868,0.9546511162016477,0.9097215602666406,0.006205585226709774,0.0026217812755563283,0.8275933172139711,0.9981168550042363,SEKER
1141,39951,739.057,250.38350480081985,203.47977489753887,1.2305080685630752,0.5827207719178477,40414,225.53756461333552,0.7553601815087918,0.9885435740090068,0.919139962687172,0.9007684623344127,0.006267265019669592,0.0025451331735867836,0.8113838227363019,0.9984143405785715,SEKER
1142,39951,718.307,247.29653458982676,205.9721726021817,1.2006308010716558,0.5534302793593323,40267,225.53756461333552,0.8086428499139763,0.9921523828445129,0.9730100388873778,0.9120126369235974,0.006189996109980395,0.0026416395783954217,0.8317670499083333,0.9986451394364502,SEKER
1143,39965,739.1809999999999,248.24547390745238,205.41973835604654,1.2084791651188727,0.5614858492500522,40461,225.57707863464492,0.7836274509803921,0.9877412817280838,0.9191535966545941,0.9086855646711272,0.006211571973162827,0.002612376691490359,0.8257094554416852,0.9978526733429267,SEKER
1144,39984,729.801,254.431815127163,200.58116211135737,1.2684731330148997,0.6152278154850537,40353,225.6306937379991,0.8208918452820891,0.990855698461081,0.9433811507698344,0.8868022013097328,0.006363340714464861,0.0024275712762020147,0.7864181442477878,0.9975502872937547,SEKER
1145,39989,718.723,247.16122382169394,206.1444571223256,1.1989709899162075,0.5516910711538143,40283,225.64480085837215,0.7560643587755951,0.9927016359258248,0.9728084221876852,0.9129457985737921,0.006180730296373851,0.0026484972908668663,0.8334700311335391,0.9993063882936717,SEKER
1146,39998,720.425,251.30194619809328,202.8546515666173,1.2388276248896661,0.5902577895613152,40296,225.6701914527416,0.7886818495514147,0.992604725034743,0.9684352518044301,0.8980041534372082,0.0062828627980922366,0.002520291183124238,0.8064114595904769,0.9990047931682795,SEKER
1147,40000,738.009,264.58904851010703,192.7659958846062,1.3725919205610082,0.6849940545273504,40470,225.6758334191025,0.7275637527738368,0.9883864591055103,0.9228827728293327,0.8529296079708375,0.006614726212752676,0.002159456190103673,0.7274889161532868,0.998545408609686,SEKER
1148,40000,727.8770000000001,246.69916253897648,206.88846214128074,1.1924259090413156,0.5447068445777322,40425,225.6758334191025,0.7558578987150416,0.9894867037724181,0.9487545298950711,0.9147815140371526,0.006167479063474412,0.002664139524718176,0.8368252184241054,0.9978520717880612,SEKER
1149,40009,742.191,265.1094338644585,192.62968906351767,1.3762646617627117,0.687056040216955,40475,225.7012205224179,0.7776287657920311,0.9884867201976528,0.9127171126767779,0.851351146703483,0.006626244941499625,0.002147247717346518,0.7247987749933356,0.9975149409122307,SEKER
1150,40021,719.2689999999999,252.30996446311775,202.1951505923875,1.2478536884979923,0.598160934347345,40316,225.73506555217764,0.7823324732191728,0.9926828058339121,0.9721093365586158,0.8946736052716429,0.006304439280955442,0.0024916367558698634,0.8004408599697596,0.9988330795377695,SEKER
1151,40024,724.462,240.42984498469698,212.08528288261405,1.1336470014176854,0.4710457077676692,40386,225.74352601676122,0.7666551737348197,0.991036497796266,0.9582948030864556,0.9389164062852907,0.006007141839513716,0.0028797538038258666,0.8815640179916852,0.9993824055540004,SEKER
1152,40025,725.2139999999999,248.43026568910622,206.03616027253588,1.205760510002192,0.5587263278658355,40354,225.74634610116038,0.7710163353367236,0.9918471526986172,0.9563323474266319,0.9086909981558638,0.006206877343887726,0.0026104647256508513,0.8257193301295,0.9956197606156143,SEKER
1153,40044,723.751,262.68947349273805,194.29030072415455,1.3520462550814303,0.6730250732538018,40340,225.79992101277372,0.7818039828192113,0.9926623698562221,0.9606583525570636,0.85956973460155,0.006560020814422586,0.0022090698204541505,0.7388601286429791,0.9989730699607235,SEKER
1154,40055,723.4780000000001,244.89881068324246,208.46790949752193,1.174755439691084,0.5247749546404776,40387,225.83093225766692,0.7912723968313545,0.9917795330180503,0.9616475764153593,0.9221397671455482,0.006114063429864997,0.002727072650805076,0.8503417501512461,0.9989435965866129,SEKER
1155,40064,726.711,253.53133100865014,201.60196697909532,1.2575836178966424,0.6063790252369902,40403,225.8563019272864,0.7664524028160392,0.9916095339454991,0.9533243876849354,0.8908417789183638,0.006328158222060956,0.002458438779741293,0.793599075066435,0.9980171959814762,SEKER
1156,40064,721.433,241.51278549403645,211.38669803348225,1.1425164768682958,0.4836510690961964,40450,225.8563019272864,0.7944635031430328,0.9904573547589617,0.9673244455318935,0.9351732723602054,0.006028174558058018,0.0028440283844398877,0.8745490493368949,0.9991866986969065,SEKER
1157,40067,724.4279999999999,245.5094589178593,208.05808139166805,1.1800044356637571,0.5308681282312957,40443,225.8647578505858,0.7645644499570652,0.9907029646663205,0.9594144034372372,0.919983934004571,0.006127472955745609,0.0027075852439178306,0.846370438826527,0.9987208720299824,SEKER
1158,40091,727.0829999999999,261.31328624820935,195.56011601629407,1.3362299612587503,0.6632767811734317,40500,225.93239384377222,0.7868231507467667,0.9899012345679012,0.9529909406719728,0.8646035457575989,0.0065180036977927555,0.002246789648213797,0.7475392913366126,0.9988843983021154,SEKER
1159,40098,718.837,248.47752727068826,205.79086777994198,1.207427374942567,0.5604220696551502,40356,225.95211719475114,0.7960848934860728,0.9936068986024383,0.975150683426964,0.9093462884818625,0.006196756129250543,0.0026137338475287837,0.8269106723757387,0.9984345824586313,SEKER
1160,40111,740.571,250.5138387209686,204.0125497649851,1.2279334727670002,0.5803370860929684,40644,225.98874170823666,0.7603116233224657,0.986886133254601,0.9190517162885664,0.9021008294873127,0.006245514664829314,0.002551339916690945,0.8137859065616977,0.9992749543331472,SEKER
1161,40113,726.0740000000001,251.5681979454164,203.29819146686236,1.2374345100183641,0.589012977457502,40420,225.994375721967,0.7835794655414908,0.9924047501237011,0.9561658681245719,0.8983423881384315,0.006271487995049395,0.002519520678638917,0.8070190463262601,0.9986332181662232,SEKER
1162,40115,735.3959999999998,252.9439950981031,202.91715259368652,1.2465382638430198,0.5970262993733929,40613,226.00000959524547,0.7636588616028935,0.9877379164306995,0.9321249524653297,0.8934784536299921,0.006305471646468979,0.0024787554120954164,0.7983037471010421,0.99511616693071,SEKER
1163,40116,724.6930000000001,254.82244660596123,200.6987206790945,1.2696764869438675,0.6161840371302508,40460,226.00282647921858,0.7788002329644729,0.9914977755808205,0.9598853289923444,0.8869031338855827,0.006352139959267156,0.002424401696212863,0.7865971688960679,0.9987239300439514,SEKER
1164,40119,734.219,264.79468214919814,193.12246464979555,1.3711231504287789,0.6841630493041279,40472,226.01127692048905,0.7534084507042254,0.9912779205376556,0.9352091031541562,0.853534047912425,0.0066002313654178356,0.0021608385662973493,0.72852037094577,0.9988911461627068,SEKER
1165,40123,724.676,257.40208911500906,198.7044522013415,1.29540171980742,0.6356695258635084,40429,226.0225436840514,0.7949871210620171,0.9924311756412476,0.9600978670166443,0.8780913335286217,0.006415325103182939,0.002352649311822502,0.7710443900180731,0.998812228877275,SEKER
1166,40126,730.299,265.73840780827953,192.42685905596898,1.380983970283417,0.6896725645105994,40483,226.0309933881704,0.784584400602233,0.9911814835857027,0.9454407581907419,0.8505770590423776,0.0066225990083307465,0.00213827167539305,0.7234813333691804,0.9991161241821112,SEKER
1167,40126,721.437,250.2511911988398,204.36943360726676,1.2245040111024783,0.5771230722223989,40413,226.0309933881704,0.7609565530712484,0.9928983247964763,0.9688106600792965,0.9032164534576582,0.006236634381668738,0.0025603386286608505,0.8157999617966301,0.9989503254772224,SEKER
1168,40142,735.881,265.01612370867235,193.26070672227755,1.371288184770585,0.6842566065054057,40542,226.07605314309365,0.7818550114915663,0.9901336885205466,0.9315232327208152,0.8530652776116187,0.006601966113015604,0.0021566621396124142,0.727720367866588,0.9979143422723558,SEKER
1169,40143,721.4459999999999,251.92673455516646,203.18907449455835,1.2398635860803302,0.5911790572263478,40480,226.07886907958388,0.7478204172876304,0.9916749011857707,0.9691969298757486,0.8973992755424595,0.006275732619763507,0.0025106550844517157,0.8053254597441314,0.9984937124801491,SEKER
1170,40146,732.715,254.08294400960378,201.53715226928514,1.2607250878989757,0.6089685903617733,40549,226.0873166786183,0.7672578549040593,0.9900614071863671,0.9396843186131938,0.8898169751609644,0.006328972849340003,0.002447460783475572,0.7917742492846084,0.9982096600254834,SEKER
1171,40150,722.163,251.26718369294682,203.66525074547553,1.2337263365902333,0.5856659462910387,40443,226.09857965302828,0.765855984740105,0.9927552357639147,0.9674420195124674,0.8998333022641148,0.006258211299948862,0.0025309189264512877,0.809699971863542,0.9989481800244226,SEKER
1172,40154,729.6379999999999,241.28459847044962,211.9747376280786,1.1382705371891852,0.47769495672575374,40559,226.10984206640745,0.7666342096721843,0.9900145467097315,0.9478154642007656,0.9371084748042854,0.00600898038727025,0.0028585119434598972,0.878172293550014,0.9995976483238334,SEKER
1173,40161,724.9499999999999,246.4546274170118,207.7667023459445,1.1862084955588768,0.5378788954483045,40535,226.1295499400927,0.7773197073510626,0.9907734056987788,0.9602808622213321,0.9175301446357985,0.006136665606359697,0.0026828326777578945,0.8418615663153894,0.9986233420478177,SEKER
1174,40166,731.962,252.62705819337276,202.94005335412234,1.24483587156917,0.5955493104087702,40541,226.14362594119814,0.7538663663663664,0.9907501048321452,0.9420877955526776,0.8951678714007628,0.006289574719747368,0.0024912596244131458,0.8013255179881728,0.9975187495954236,SEKER
1175,40168,737.0699999999999,256.0777990394042,199.9792022524529,1.2805221550795702,0.6246167615815695,40630,226.1492560963268,0.7961784701988067,0.9886290918040856,0.9291216978658525,0.8831271470805162,0.006375169265071804,0.0023920178878821,0.7799135579105718,0.9986965899514206,SEKER
1176,40172,721.9449999999999,244.90371224769498,209.37680522900772,1.1696792869670039,0.5187348038207978,40501,226.16051598610434,0.8197363588132065,0.9918767437841041,0.9685567947045908,0.9234670798185622,0.006096378379161978,0.0027348741694732223,0.8527914475086229,0.9974924922534449,SEKER
1177,40196,729.067,251.1953254217923,204.32064995490313,1.2294172198318436,0.5817138313686986,40594,226.2280635557282,0.7729702703742164,0.9901955954081884,0.9502936329057959,0.9006061843541852,0.0062492617529553264,0.0025359937444117938,0.8110914992970045,0.9971698560949651,SEKER
1178,40197,742.209,256.7947878935759,199.5419875228182,1.286921069001634,0.6294408096458354,40643,226.23087760011748,0.7623030096148375,0.9890264006101912,0.9169614403395664,0.8809792420470578,0.006388406793879541,0.002373750273120698,0.7761244249178084,0.9988108745935045,SEKER
1179,40202,726.182,251.79476930952174,203.4919059102368,1.237369949351165,0.5889551236703637,40556,226.24494729704574,0.7567577742639862,0.991271328533386,0.9580023263795354,0.8985291788128109,0.006263239871387536,0.002518300474183706,0.8073546851780246,0.998996425907158,SEKER
1180,40242,734.477,247.41127367027187,207.43936025665184,1.1926920395635874,0.5449948346241399,40680,226.35747338939888,0.7726958525345622,0.9892330383480826,0.9374174200358928,0.9149036340642599,0.006148085921929125,0.002657180775113442,0.8370486596239892,0.9983412730609028,SEKER
1181,40243,727.2379999999999,252.26306474121714,203.25973863285253,1.2410872238543964,0.5922624148009321,40600,226.3602858250032,0.7954419671094244,0.9912068965517241,0.9561963578324919,0.8973183849059069,0.0062684955083174,0.002506855757183033,0.8051802838901455,0.9992989632355155,SEKER
1182,40248,726.411,258.6539099528777,198.8173809586009,1.300962263489108,0.6396554006116768,40574,226.37434747890677,0.8084525148642134,0.9919652979740721,0.9584938799475962,0.8752017223329362,0.006426503427571003,0.002325879231952353,0.7659780547745382,0.9965085439224671,SEKER
1183,40248,725.1399999999999,256.4383641057623,200.01440125667045,1.2820995013088343,0.6258160772211288,40570,226.37434747890677,0.7578947368421053,0.9920631008134089,0.9618568536371853,0.8827631866562046,0.006371456074979186,0.0023866861402642827,0.7792708437154172,0.9991027601120509,SEKER
1184,40265,729.52,257.45105388743985,199.6496894417481,1.289513921145149,0.6313647558801051,40629,226.42215057003878,0.7984334721395995,0.9910408821285289,0.9507430558632408,0.8794764952449283,0.006393916649383828,0.0023596287635313435,0.7734789056883025,0.997411816597182,SEKER
1185,40272,723.7259999999999,249.72291251445014,205.5231240971077,1.2150599287137074,0.5680346004255373,40551,226.44183126263238,0.7684762904303024,0.9931197750980247,0.9661948364235866,0.9067723461279484,0.006200906647657185,0.0025859970423145993,0.822236087702384,0.9990661221094964,SEKER
1186,40273,722.9229999999999,252.37370351356108,203.38746803876478,1.2408517886926038,0.5920543732357328,40573,226.44464265051448,0.7785833043343773,0.9926059201932319,0.9683665108970391,0.8972592607626677,0.006266573225574481,0.002505426573261298,0.8050741810243689,0.9989777375543215,SEKER
1187,40285,737.587,261.99894881729097,195.95360410852953,1.3370458278082091,0.6637916713076567,40752,226.4783765829666,0.7455628967482835,0.9885404397330192,0.9305221697652892,0.8644247528676339,0.0065036353187859245,0.0022399829951282313,0.74723015337027,0.9990809589762075,SEKER
1188,40286,764.3639999999999,256.264164764074,200.7891122080458,1.2762851628057812,0.6213615775551807,41170,226.48118751719923,0.7588818144143465,0.97852805440855,0.8664900169747459,0.8837801716276091,0.0063611220961146304,0.0023938145840421052,0.7810673917621264,0.9968647232574125,SEKER
1189,40289,734.2529999999999,247.60132045387726,207.37165693103952,1.193997888227396,0.5464029622467816,40728,226.48962011058026,0.7725302960576775,0.9892211746218817,0.9390849766042063,0.9147351059978307,0.006145630828610223,0.0026541631715263666,0.8367403141448627,0.999066168083694,SEKER
1190,40310,729.425,255.4046088807292,201.2386559800611,1.2691627641661198,0.6157763317043666,40674,226.54863947566406,0.7516595808159916,0.9910507941190932,0.9520535440840192,0.8870186034170569,0.006336011135716428,0.002419505468874961,0.7868020028079461,0.9985798047351718,SEKER
1191,40326,730.6629999999999,254.91260391625863,201.71514535833717,1.2637256536360657,0.611413865302894,40661,226.5935962929892,0.7929915639195327,0.99176114704508,0.9492066637014345,0.8889069932667099,0.00632129653117737,0.002434508066779091,0.7901556426784627,0.9985399560180658,SEKER
1192,40329,724.982,251.3028695993292,205.05857395488536,1.2255174936241289,0.5780775576198669,40651,226.60202470327658,0.7908267315083536,0.9920789156478316,0.9642127489119293,0.9017088625552306,0.006231319140056267,0.0025411196235876764,0.813078872810648,0.9964423823256372,SEKER
1193,40334,737.7579999999999,249.85377237791604,206.00594659086644,1.2128473789843193,0.5658531398019134,40836,226.61607135714814,0.8103101896496303,0.9877069252620237,0.931222161503257,0.9069947961977547,0.006194619238803888,0.0025859109257068058,0.8226395603298065,0.9977362345948184,SEKER
1194,40338,730.78,262.06970103844077,196.2671315072155,1.335270450155869,0.6626695159258019,40674,226.6273080533919,0.7793427230046949,0.9917391945714708,0.9491851160586005,0.8647596694901785,0.006496844192534106,0.002241113861886523,0.7478092859767627,0.9985276419169308,SEKER
1195,40339,732.1759999999999,254.6785590677097,202.39671072617654,1.2583137253266212,0.6069835825336319,40755,226.63011714040067,0.8035657370517928,0.989792663476874,0.9455924889122151,0.8898672819966287,0.006313457425015734,0.002442013023830459,0.7918637795680674,0.9964130624195132,SEKER
1196,40348,744.73,255.92546897445786,201.3583308919144,1.2709951847576355,0.6172271036367885,40885,226.655397356812,0.7621170337350308,0.9868655986303045,0.9141851837367349,0.8856304855670026,0.006342953032974568,0.0024070299204920504,0.7843413569656452,0.9968940879096048,SEKER
1197,40363,736.091,268.6974504608167,191.71052607346417,1.401579015843141,0.7006745752501569,40681,226.6975247861021,0.7403881429305158,0.9921830830117254,0.9361173325379245,0.8436906431278576,0.006657023770800404,0.002080620154021501,0.7118139013014979,0.9976634272496201,SEKER
1198,40367,732.896,262.79376266502095,195.96371965407167,1.341032733655608,0.6662886227084032,40675,226.708757445151,0.7688952380952381,0.9924277811923786,0.9443905569203517,0.8626869798813798,0.0065101137727604464,0.0022242383022204695,0.7442288252568561,0.9980352159995036,SEKER
1199,40381,724.736,254.37550145314535,202.37718665395548,1.256937630465739,0.6058427396798953,40687,226.74806736982478,0.7472980975645865,0.9924791702509401,0.9661115280613947,0.8913911366248082,0.006299385885766706,0.002453303178804236,0.7945781584532676,0.9987351877060807,SEKER
1200,40388,729.945,261.22799581368815,197.1404287843859,1.3250858660726326,0.6561067720279905,40719,226.76771977678777,0.7845376845376846,0.991871116677718,0.9525371781323273,0.8680835263097988,0.006467960676777462,0.002265651939577798,0.7535690086504553,0.9985436424730837,SEKER
1201,40392,736.057,267.27635258565516,192.6563400803605,1.3873218627228632,0.6931293086668109,40754,226.7789489589867,0.7688442211055276,0.9911174363252687,0.9368764604662857,0.8484811572932173,0.006617061610855,0.002115503506926156,0.7199202742816374,0.9987611359283558,SEKER
1202,40393,730.7139999999999,250.96494378039398,205.32808351508285,1.2222631190241386,0.5749985297368131,40765,226.78175616765876,0.7668343616516374,0.990874524714829,0.9506510169667807,0.9036391806423106,0.006213080082697348,0.0025554472853676867,0.8165637687919064,0.998055778925701,SEKER
1203,40398,724.683,252.23414179539537,204.02312204652085,1.2363017449457594,0.5879957451365554,40714,226.79579168981752,0.7921176470588235,0.9922385420248563,0.9666596300388484,0.899147871400325,0.006243728446838838,0.002517376948660246,0.8084668946437354,0.9995090325789298,SEKER
1204,40409,734.88,246.3011391128978,209.09049005686748,1.177964330400249,0.5285179282827064,40864,226.8266667814946,0.7727863836297572,0.9888655050900548,0.9402754800506342,0.9209322685167256,0.006095205006629657,0.0027044492857495675,0.8481162431953625,0.9990506825172001,SEKER
1205,40415,730.648,258.67165583804604,199.16113759934825,1.2988058762669596,0.6381186995279982,40770,226.84350596936116,0.770837306885371,0.9912926171204317,0.9513406353149353,0.876955402146525,0.006400387376915651,0.002335049296902329,0.7690507773539734,0.998847668775014,SEKER
1206,40422,739.7009999999999,249.04286445615642,206.84299764322702,1.2040188321275338,0.5569413962967441,40891,226.863150108793,0.7687713959680487,0.9885304834804725,0.9283574995219618,0.9109401733079242,0.0061610722986531205,0.0026169503859302993,0.8298119993462709,0.999109274338311,SEKER
1207,40422,726.959,259.1305336726017,198.97894286436212,1.3023012884797718,0.6406039425281029,40712,226.863150108793,0.7825076949880946,0.9928767930831205,0.9611868630700046,0.8754782653109614,0.006410631182836121,0.0023230685716157076,0.7664621930318901,0.9981647015564621,SEKER
1208,40429,723.823,243.9451796951706,211.2326665199241,1.1548648403402177,0.5002133434470578,40816,226.88279254738092,0.7908646322378716,0.9905184241473932,0.9697015846308885,0.9300564693710672,0.006033915746003379,0.002784942779459134,0.865005036218975,0.9989639030465108,SEKER
1209,40445,730.904,258.3133108858574,199.9540393168337,1.2918634290580724,0.6330931339939523,40795,226.92768316539446,0.7679819231353486,0.9914205172202476,0.9513800199086249,0.8784978303563632,0.006386779846355727,0.00234652119810061,0.7717584379408376,0.9970065020427519,SEKER
1210,40446,742.366,264.1369026232824,195.4214614490208,1.351626892280648,0.6727728021506834,41006,226.93048853417292,0.7328767123287672,0.9863434619324002,0.9222513405256648,0.859139659322143,0.0065306063052782085,0.002194766562537076,0.738120954220168,0.997664131479832,SEKER
1211,40453,728.4469999999999,258.311205793017,199.55618651789513,1.2944284529603047,0.6349639919907583,40801,226.95012514464833,0.7807048016056817,0.9914707972843803,0.957998171982074,0.8785918692451226,0.006385464756458532,0.00234704271912326,0.7719236727036385,0.9991999654612073,SEKER
1212,40459,733.681,247.97811560955267,208.01007949656878,1.1921447086108306,0.5444021715155188,40874,226.966955172862,0.782648225166844,0.9898468464060283,0.9445184889327098,0.9152701020207232,0.006129121224191222,0.002653231092173954,0.8377193596530254,0.9986827019112074,SEKER
1213,40459,726.1329999999999,250.05170735917474,206.26427717467675,1.2122879966627291,0.5652983863415918,40829,226.966955172862,0.7585683215839208,0.9909378138088124,0.9642566882859517,0.9076800857306134,0.0061803729048956904,0.0025877699868489426,0.8238831380319338,0.9987836388889357,SEKER
1214,40462,733.598,248.22165805233675,207.7497854960301,1.1948106586953853,0.5472752392231803,40843,226.9753697189943,0.7920059505167554,0.9906715961119409,0.9448022796079338,0.9144059849569504,0.006134685829972239,0.0026456252629257575,0.8361383053250904,0.9990269593459147,SEKER
1215,40462,741.338,249.64285458386806,206.62167393922715,1.2082123323485152,0.561216428579726,40933,226.9753697189943,0.7929061336468743,0.988493391639997,0.9251766975940932,0.9092003458193971,0.006169810058421928,0.0026006980132032057,0.8266452688381113,0.9987630082877598,SEKER
1216,40464,763.3629999999999,239.66002812513662,216.0699803126193,1.1091778125697342,0.43263596339045657,41122,226.98097924311548,0.74855705194613,0.9839988327415982,0.8726025223971324,0.9470956880827833,0.0059227962664377375,0.002939557732951468,0.8969902423850009,0.9949216749449912,SEKER
1217,40480,732.301,261.3224502908538,197.56275635322456,1.3227313442804605,0.6545584274645645,40810,227.02585044632997,0.7847394540942928,0.9919137466307277,0.9485737746232086,0.8687575452994893,0.006455594127738483,0.002268351425514924,0.7547396725147945,0.9983178216072884,SEKER
1218,40484,733.5009999999999,254.44678381547442,202.74844515768203,1.2549875961691614,0.6042159320333073,40856,227.0370668614672,0.7586814340061093,0.9908948502056002,0.9455660259504346,0.8922772119851794,0.0062851196476502915,0.0024574942977182153,0.796158623028045,0.9991691964833155,SEKER
1219,40485,733.929,255.68231186386066,202.1582879266335,1.2647629463336763,0.6122528910497638,40835,227.03987087866983,0.7921770437913357,0.9914289212685197,0.944486839191486,0.8879764471136289,0.006315482570430052,0.002422100113739203,0.7885021706285433,0.9972683285146554,SEKER
1220,40486,727.273,244.5372380047458,211.06406449429932,1.1585924803952146,0.5050052816079523,40839,227.04267486124232,0.7896163672888264,0.9913563015744754,0.9618775874017742,0.9284584904685806,0.006040044410530697,0.002768661508023527,0.8620351685231955,0.9987474640871961,SEKER
1221,40504,740.4789999999999,245.54173559034223,210.4261871575346,1.1668782241751998,0.5153372695918247,40946,227.0931406272612,0.7631896291829967,0.9892052947784887,0.9282870363971064,0.924865746677541,0.006062160171596441,0.00273603690150222,0.8553766493774054,0.9981203856264395,SEKER
1222,40504,727.151,258.43411306301545,199.88478772006155,1.2929153639493174,0.6338624016413094,40814,227.0931406272612,0.7562077592322916,0.9924045670603224,0.9626281709228448,0.8787274169640592,0.006380459042638145,0.002346650409137685,0.7721618733243276,0.9983399494769097,SEKER
1223,40512,737.636,248.202030035321,208.52515154042675,1.1902738264511086,0.5423652412227417,40973,227.11556625716105,0.7442680776014109,0.9887486881604959,0.9356412054420912,0.915043145395873,0.006126629888312624,0.002649523014274877,0.8373039579359727,0.9966209859151082,SEKER
1224,40516,733.0459999999998,255.95520025882797,201.8966981963243,1.2677532745480424,0.6146537785893944,40896,227.1267782417781,0.7723364913551536,0.99070813771518,0.9474885489349397,0.8873692662313644,0.0063173857305466475,0.0024162100687033054,0.7874242146519902,0.9982596265834811,SEKER
1225,40527,730.217,254.29478676981665,203.13438860285672,1.2518549346510819,0.6015772879682068,40849,227.15760834601585,0.772531452535265,0.9921173100932703,0.9551035110131465,0.8932845664336606,0.0062747004902859,0.0024645185177033483,0.7979573166285733,0.9989268044624151,SEKER
1226,40527,754.329,234.83609109739115,220.44692390669044,1.065272705718458,0.34466224369211523,41159,227.15760834601585,0.7694513005505981,0.9846449136276392,0.8950199413503555,0.9673027995164897,0.005794558963095989,0.003129319655076887,0.9356747059524383,0.9967487256822766,SEKER
1227,40533,755.94,252.9526239594365,204.3172471798031,1.2380385280780204,0.5895535341641714,41130,227.17442300300962,0.7672054815263477,0.9854850474106491,0.8913411567648124,0.8980907944225924,0.006240658820206658,0.002504327843953619,0.8065670750266033,0.9985611143621302,SEKER
1228,40547,725.149,259.02436398597246,199.5921150375465,1.2977685212526846,0.6373753950180646,40819,227.2136523635335,0.7619897767420882,0.9933364364634116,0.9689783781394253,0.8771902722472791,0.006388249783855093,0.002333118939032507,0.7694627737252555,0.9985845660164141,SEKER
1229,40566,737.031,268.88771307486223,192.41783011644466,1.397415784764544,0.6985035086203548,40945,227.26688137897833,0.7883628731343284,0.9907436805470754,0.9384270990288526,0.8452111060787071,0.006628400953381212,0.002086648579577578,0.7143818138387914,0.9982884230070532,SEKER
1230,40570,737.047,248.71934823551635,208.31522972949318,1.1939566231354748,0.5463585912439644,40979,227.2780858989831,0.7506846273406854,0.990019278166866,0.9384788855976968,0.913793347849118,0.00613062233757743,0.0026367945645923473,0.8350182825732994,0.9969756089176001,SEKER
1231,40572,743.7459999999999,241.137839804808,214.70572288191764,1.123108581215729,0.4552065687655272,41068,227.28368795185241,0.7589225589225589,0.9879224700496737,0.9216944975222313,0.9425467530762903,0.005943454594419994,0.002893545518827772,0.8883943817346572,0.9977633536300357,SEKER
1232,40572,725.331,250.7140143164673,206.47193488631467,1.2142764800190047,0.5672644822553737,40900,227.28368795185241,0.767478813559322,0.9919804400977995,0.9690893088753234,0.9065456056435695,0.006179483740423625,0.0025744862983853346,0.8218249351116663,0.997922689399241,SEKER
1233,40580,925.7309999999999,259.09151352725735,200.5185354813928,1.2921075495851098,0.63327190722165,41753,227.30609478268042,0.7512588862559242,0.9719062103321917,0.595048400707483,0.8773197226267583,0.006384709549710629,0.0023332027446453817,0.7696898957098923,0.9945221250861277,SEKER
1234,40587,746.02,262.9695840231793,196.74187074734897,1.3366223622061535,0.6635245914105574,41053,227.3256989479325,0.7775287356321839,0.9886488198182837,0.9164227761695725,0.8644562442168026,0.006479157957552401,0.0022318777021854666,0.7472845981654205,0.9988373048401404,SEKER
1235,40591,727.9259999999999,252.66835148221926,204.96448045897287,1.2327421361809816,0.5847692826259216,40944,227.3369005690563,0.7954340583970214,0.9913784681516217,0.962642765287489,0.8997442664878209,0.0062247382789835,0.0025163857097710665,0.809539745077707,0.9979537546704996,SEKER
1236,40596,735.327,255.36081965316666,202.7558310204563,1.2594499421691254,0.6079211321883888,41023,227.35090181934328,0.7803921568627451,0.9895912049338176,0.943478661331075,0.8903123906327263,0.006290295094422274,0.0024379256283325774,0.7926561529141601,0.9983107459477405,SEKER
1237,40596,730.855,255.7932183683709,202.35951534799025,1.2640533257281856,0.6116792541295007,40920,227.35090181934328,0.7683979406420351,0.9920821114369501,0.9550600147707624,0.8888073861752367,0.006300946358468098,0.002425583139923776,0.7899785697196563,0.9985750383081268,SEKER
1238,40609,725.346,250.93677731327952,206.381121995734,1.2158901690556103,0.5688479555026696,40899,227.3873010353705,0.7784870792117169,0.9929093620870926,0.9699329613228471,0.906153747051159,0.0061793389966086215,0.002569977649850283,0.8211146132948561,0.9983851859731148,SEKER
1239,40622,727.4299999999998,250.45141431187258,206.72847474482728,1.2114993574107977,0.5645140387431065,40942,227.42369442569475,0.7650094161958568,0.992184065263055,0.9646921623811632,0.9080551413556692,0.006165413182804209,0.002585775619341067,0.8245641397424646,0.998958925441983,SEKER
1240,40636,783.891,250.07581033363533,207.9177861167204,1.2027629526280563,0.5556459365244325,41391,227.46288079565437,0.7565253006664929,0.981759319658863,0.8310161408047003,0.909575702232806,0.006154045928084342,0.0025983395113112193,0.8273279580923023,0.9950794176668385,SEKER
1241,40641,727.677,253.51567307609122,204.56588462792953,1.239286176857852,0.5906660365122989,40960,227.4768742918316,0.7905578898225957,0.9922119140625,0.9644882765832392,0.897289195305711,0.006237929014445787,0.0024943072209187046,0.8051279000123702,0.9977838770879213,SEKER
1242,40644,726.397,249.8944003767066,207.62175627140613,1.2036041157943056,0.5565143915045518,40996,227.48526997635682,0.7705023696682465,0.9914137964679481,0.9679618098964424,0.910325600067193,0.006148371232573236,0.002604515035779448,0.8286926981376951,0.997417942207218,SEKER
1243,40646,741.995,253.38516108288232,204.82998550955904,1.2370511107176605,0.588669191275324,41085,227.49086692723606,0.7368611881583003,0.9893148350979676,0.9277387983775426,0.8978065880220341,0.0062339507228972675,0.002498470806698739,0.8060566694957663,0.9971332983011159,SEKER
1244,40647,737.8149999999999,247.63317741336763,209.15885730646883,1.1839478404231503,0.5353476590941822,41105,227.4936653510382,0.7793948458352508,0.9888578031869603,0.9383036395153924,0.9186719959227795,0.006092286697994135,0.0026767142251901232,0.8439582360927433,0.9992025310293349,SEKER
1245,40648,728.896,260.19742234915606,199.14321712552498,1.306584407467652,0.6436091897324878,40970,227.49646374041703,0.7545012436425734,0.9921405906761045,0.9614305369153162,0.8743225112935286,0.0064012355429333805,0.002307438912138946,0.7644398537546226,0.9988051933626423,SEKER
1246,40649,727.5880000000001,253.48059001203367,204.30459326566583,1.240699418257436,0.5919196294318666,40977,227.4992620953739,0.7585750009330795,0.9919955096761598,0.9649141489083303,0.8975017064800648,0.006235838274300319,0.0024958342376646798,0.8055093131346285,0.9993949362070804,SEKER
1247,40660,734.722,241.62048039017213,214.8962433451516,1.1243587911497266,0.4571379328502181,41027,227.53004172840937,0.7847148509118981,0.9910546713140127,0.9465229526560165,0.9416835913950286,0.005942461396708611,0.002882478946640134,0.8867679863026393,0.9970453811095128,SEKER
1248,40662,727.207,248.59513220447906,208.50242687373282,1.1922889144835997,0.5445584629009926,41024,227.53563757798727,0.793559718969555,0.9911758970358814,0.9662344076093481,0.915285973463191,0.0061136966259524635,0.002646737525776264,0.8377484132184613,0.9988381462065976,SEKER
1249,40676,734.559,258.7261551381089,200.44239301312572,1.2907756251002578,0.6322946688077702,41045,227.5748046723263,0.7534825133372851,0.991009867218906,0.9473156985008775,0.8795972117733754,0.006360658745651216,0.00234864422716554,0.7736912549594962,0.9986618132549465,SEKER
1250,40688,732.9449999999999,258.7484843311317,200.43281032466268,1.2909487419350596,0.6324219418559965,41046,227.60837110305127,0.7985398308244853,0.9912780782536667,0.9517731167850799,0.8796510313535632,0.006359331604677833,0.0023487289416331755,0.7737859369613872,0.9989179818473443,SEKER
1251,40692,735.0969999999999,262.0544327205265,198.2531801974218,1.3218170445466297,0.6539539553246011,41069,227.61955881330417,0.7643125469571751,0.9908203267671479,0.9463016539088723,0.8685964837544032,0.006439949688403777,0.002261176716778684,0.7544598515905135,0.9972578912584613,SEKER
1252,40695,730.309,256.9121046341187,201.88614751588318,1.2725593498875716,0.6184578597132914,41014,227.62794923514434,0.759518477043673,0.9922221680401814,0.9588211634874224,0.8860148865282959,0.00631311228981739,0.0023998679847653534,0.7850223791497489,0.9989875684579994,SEKER
1253,40705,738.3549999999999,249.13623866721815,208.62531959806546,1.194180261279889,0.5465989638240657,41147,227.65591507458092,0.7644131455399061,0.9892580261015383,0.9382686004636404,0.9137808144349108,0.006120531597278421,0.0026323100923230204,0.8349953768293288,0.9971349972695474,SEKER
1254,40710,728.852,252.6876380339365,205.4403676092093,1.229980460873208,0.5822342998280585,41069,227.66989670610488,0.7915767368605262,0.9912586135528014,0.9630132591761599,0.9009934101941636,0.0062070164095783965,0.00252318511886571,0.8117891252133084,0.9984847623617235,SEKER
1255,40718,737.0559999999999,249.66410365182045,207.98051104045717,1.200420666353949,0.5532107934689044,41105,227.69226553075174,0.7623665980153529,0.9905850869723878,0.9418794688630335,0.9119944044831112,0.006131541422757023,0.0026164842463848857,0.8317337938085047,0.9984304349927031,SEKER
1256,40719,744.134,255.64399745462106,203.01187378459753,1.2592563808650326,0.6077616964609817,41173,227.69506147931952,0.7566477747839822,0.9889733563257475,0.9240695751907038,0.8906724341131353,0.0062782484209980855,0.00243719514372885,0.7932973848890175,0.9989647938450389,SEKER
1257,40731,739.5219999999999,256.7799444471033,202.17687712157633,1.2700757282579458,0.6165003592326784,41145,227.7286101845965,0.759396673875755,0.9899380240612468,0.9359070960001112,0.8868629155401528,0.0063042877525006326,0.0024057016774851293,0.7865258309603805,0.9989473675506911,SEKER
1258,40736,732.6909999999999,249.29400010703034,208.55991586931108,1.1953111846441493,0.5478108363501517,41104,227.74258735320362,0.7601418175032655,0.9910471000389256,0.9535567223111819,0.9135502148283794,0.006119746664057108,0.0026293167209040236,0.8345739950129784,0.9975756306521635,SEKER
1259,40737,724.96,252.21382920832116,205.87161133708685,1.2251025169048453,0.5776872146507762,41013,227.7453826839884,0.7484016754850088,0.99327042645015,0.9740266001455703,0.9029853097225586,0.006191271551864918,0.0025391149092840954,0.8153824695747453,0.9989271157161089,SEKER
1260,40750,727.315,258.1950890739605,201.07691828832844,1.2840612998839036,0.6272983651419121,41009,227.78171886250635,0.7818945833413282,0.9936843131995415,0.9680379608595107,0.882207789774258,0.006336075805495963,0.0023674656157142964,0.7782905843383813,0.999372819412945,SEKER
1261,40752,728.679,241.61465186288765,215.1826909791693,1.1228349769372346,0.4547819389761269,41112,227.78730852935453,0.7818579486589157,0.9912434325744308,0.9644645834295387,0.9427710893072001,0.005928902921645261,0.0028892101149850585,0.8888173268334847,0.9979951826764902,SEKER
1262,40756,732.781,248.0468990212661,209.8969437898057,1.181755648951537,0.5328676144562151,41203,227.79848745157702,0.775728506442833,0.9891512753925685,0.9537905545931298,0.9183686163802712,0.006086144347366427,0.0026704850280174007,0.8434009155522137,0.9966937962847268,SEKER
1263,40778,725.165,254.14334835016007,204.39796335908125,1.2433751499944614,0.5942742124611624,41037,227.85996172037434,0.8027797464367273,0.9936886224626557,0.9744557352639602,0.8965804661014684,0.006232364224585808,0.0024842178562584525,0.8038565321947263,0.9994952362916453,SEKER
1264,40778,727.9509999999999,241.44059882201424,215.26981748487248,1.1215719957535657,0.4528126001822411,41119,227.85996172037434,0.7713756053268765,0.9917069967654856,0.9670111721025675,0.9437516425659161,0.00592085435337717,0.002897310383218682,0.8906671628458649,0.9989473473852027,SEKER
1265,40790,753.8019999999999,259.9481036502574,200.03590937936002,1.2995071957669175,0.638619724758737,41366,227.89348615032262,0.7935797665369649,0.9860755209592419,0.9020881929360737,0.8766883964536933,0.006372839020599593,0.0023221685804770474,0.7685825444765483,0.9987785470881214,SEKER
1266,40795,757.35,268.804336881451,193.36641919644316,1.3901293616466548,0.6946400282483277,41287,227.9074532073731,0.7403273809523809,0.9880834160873883,0.8937654082577303,0.8478563101007021,0.006589149083991935,0.0021003812053104086,0.718860322577578,0.9993088413378769,SEKER
1267,40803,730.673,260.32120750951754,199.75152945837354,1.3032251027833366,0.6412558377882193,41088,227.9297987184406,0.776076536822885,0.993063668224299,0.960408157878069,0.8755713792934343,0.006379952638519656,0.0023129350906798012,0.7666252402378071,0.9990852575052163,SEKER
1268,40821,729.317,249.1711774937047,208.82720248083695,1.1931931019215274,0.5455361186420712,41172,227.98006811042512,0.7584304107909258,0.9914747886913436,0.9644080566502841,0.914953609015172,0.0061039949411750005,0.002638701269073457,0.8371401066498882,0.9988698005964984,SEKER
1269,40822,732.1030000000001,260.562194715134,199.6645624683083,1.3049997029717864,0.642502367436884,41171,227.98286052942402,0.784148754298008,0.9915231595054772,0.9571054063032105,0.8749652296207892,0.006382886549290432,0.0023075975408562445,0.7655641530453605,0.9990609923300428,SEKER
1270,40824,736.4200000000001,257.15855318289175,202.30975907362517,1.2711129426500174,0.6173200046145156,41179,227.98844526481662,0.7493392070484581,0.9913791009980816,0.9459632612499341,0.8865676153601265,0.006299200303323823,0.0024005603814284283,0.7860021366053414,0.9990974887896164,SEKER
1271,40834,737.9159999999999,264.2154584122525,196.98768548928416,1.341279063998269,0.6664418611723869,41174,228.0163668900012,0.7493577038831388,0.9917423616845582,0.9423623667443544,0.8629940438012895,0.006470477014552885,0.002213845223484542,0.744758719636502,0.9989292783785968,SEKER
1272,40838,731.101,242.8971552220815,214.41520428600506,1.1328355003131438,0.469860469191021,41208,228.02753458276607,0.7904231022335773,0.9910211609396233,0.9601068604481283,0.9387822363513476,0.005947822009453977,0.0028496871200642997,0.8813120872888374,0.9983816193358712,SEKER
1273,40841,727.572,248.91606258072287,209.2592310983511,1.1895105476313883,0.5415292466656969,41171,228.03590999342356,0.7886189850930717,0.9919846493891331,0.9695144287923286,0.9161156882733194,0.006094759251260323,0.0026481196234259922,0.8392679543004977,0.99831808392946,SEKER
1274,40841,737.7019999999999,252.144562150776,206.54449976908893,1.2207759704696406,0.573577760440567,41253,228.03590999342356,0.7653717134236615,0.9900128475504811,0.9430708248484322,0.9043855955024083,0.006173809704727504,0.00254769566459204,0.8179133053522458,0.9984889091014195,SEKER
1275,40842,745.5,245.31510796418164,212.28505184892086,1.1555929436744685,0.501156588267858,41338,228.03870172861778,0.7763015338997548,0.9880013546857613,0.9234674015596505,0.9295746341147224,0.006006442093045924,0.00276652191344133,0.8641090003895203,0.9985582634157283,SEKER
1276,40845,749.4689999999999,262.2616069958718,198.68392088440984,1.3199941184392576,0.6527433316607151,41310,228.04707672914319,0.7714172395557906,0.9887436456063907,0.9137795119548222,0.8695404536765949,0.006420898690069085,0.002264304065858426,0.7561006005800986,0.9980483457141204,SEKER
1277,40846,737.982,257.356313243441,202.32595635213377,1.2719886162086431,0.6180095904996503,41230,228.04986832763674,0.7774415196330345,0.990686393402862,0.9424707026431617,0.8861250204183552,0.006300649102566738,0.0023963213308731825,0.7852175518114304,0.9987877871513599,SEKER
1278,40857,779.1919999999999,244.126024647561,214.1132539872939,1.1401724092337047,0.48038022584766016,41497,228.08057365598793,0.7905154399814256,0.9845771983516881,0.8456436044561992,0.9342739021178201,0.005975133383448638,0.0028081754431891564,0.8728677241784581,0.9952196960188934,SEKER
1279,40861,738.4789999999999,258.2850952908528,202.05248691626937,1.2783069351573297,0.6229210189551722,41373,228.09173820509915,0.7840093633677424,0.9876247794455321,0.9415481953409419,0.8831006603313554,0.0063210664274210805,0.002371433524235835,0.7798667762776761,0.996909108614543,SEKER
1280,40863,737.27,263.797806359819,197.70322856724283,1.3343120811509463,0.6620611074959337,41222,228.09732027473044,0.8090882090882091,0.9912910581728204,0.9446849283358375,0.8646672367078244,0.006455664203798521,0.002225956680517344,0.747649430235945,0.9975976672294428,SEKER
1281,40873,730.159,241.99720301434365,215.18449349766152,1.1246033535263706,0.45751403631085297,41202,228.12522857404505,0.7663304334783261,0.992014950730547,0.9634107629765389,0.9426771290431964,0.005920710567228822,0.0028840678670995186,0.8886401696211235,0.9993677148341583,SEKER
1282,40884,733.1370000000001,249.6225809248786,208.70193906633432,1.1960721689583247,0.5486228546153479,41251,228.15592376038015,0.755809439298985,0.9911032459819156,0.9558570936806252,0.9140035445312592,0.006105630097957113,0.002628462419544582,0.8354024794157054,0.9992016555079052,SEKER
1283,40892,723.3040000000001,244.5276054554284,213.02968441139654,1.147856957733665,0.49094833269588306,41189,228.17824493871075,0.7999217527386542,0.9927893369588968,0.9822148196689318,0.9331389988207375,0.005979839710834109,0.0027967565702585635,0.8707483911201683,0.9994945991826797,SEKER
1284,40895,731.7339999999999,258.51960244070625,201.88607089495707,1.2805222336275792,0.624616821472381,41222,228.18661481766296,0.7444116790447066,0.9920673426810926,0.959784222757639,0.8826665856798985,0.006321545480882902,0.0023669537632909085,0.7791003014758097,0.9976552582657242,SEKER
1285,40900,732.6059999999999,253.42787622577768,205.69135924695365,1.2320783777869415,0.584162567279214,41235,228.2005639337207,0.7917150600077429,0.9918758336364739,0.9576178432226299,0.9004556536251676,0.006196280592317303,0.0025128129155996,0.8108203841455278,0.9989942635746069,SEKER
1286,40901,735.2189999999999,257.6465220262476,202.51138413991907,1.2722569801223353,0.6182204861919903,41292,228.20335365461412,0.7893507796819516,0.9905308534340792,0.9508463564752139,0.8857226243922128,0.006299271949982827,0.002391448724151083,0.7845045673602292,0.9980914117619042,SEKER
1287,40906,732.558,257.9461696451866,202.15258664051413,1.275997373725866,0.621138676783828,41246,228.21730174755936,0.7749109646131697,0.9917567764146826,0.9578838411418621,0.8847477830800113,0.006305827253830406,0.0023834155272990007,0.7827786396649948,0.9988234884212392,SEKER
1288,40923,737.658,258.03332318205577,203.1529697853316,1.2701430033472576,0.6165536164947528,41374,228.26471888839296,0.8169241825368307,0.9890994344274182,0.9450770437983749,0.8846327136101738,0.006305337418616812,0.002381990783120013,0.7825750379893,0.9939822090963236,SEKER
1289,40953,732.474,257.8436223757892,202.8515946842574,1.271094874936172,0.6173057533072673,41258,228.34837217624107,0.8020249892287807,0.992607494304135,0.9592043913693974,0.8856079901151837,0.006296086303220502,0.002389002146034425,0.7843015121558554,0.9969216325059975,SEKER
1290,40956,733.353,262.4366095444635,198.9044827748079,1.3194102308975324,0.6523540279538467,41274,228.3567358195797,0.74703146374829,0.9922953917720599,0.9569764544455455,0.8701405501921415,0.0064077695464513995,0.0022659184680978686,0.757144577088683,0.9989843012793935,SEKER
1291,40958,738.536,245.75143253477225,212.5434503870051,1.1562409102106,0.5019930326288906,41400,228.36231141163114,0.7545689019896831,0.9893236714975845,0.9436376620218272,0.9292410182769508,0.006000083806210563,0.002759628156202835,0.8634888700483843,0.9984011570614664,SEKER
1292,40962,727.564,255.6225129984514,204.27850805329933,1.2513431561373831,0.6011432260428655,41237,228.3734621873604,0.7829128440366973,0.9933312316608871,0.9724082020205228,0.8934012091053337,0.00624047929784804,0.0024523579068210085,0.7981657204308725,0.9987792117246361,SEKER
1293,40964,736.1469999999999,246.42041374603002,212.00157605032052,1.1623518010429312,0.509746366400194,41354,228.37903737105822,0.7662551440329218,0.9905692315132756,0.9499114626617804,0.9267861939653834,0.006015535927790988,0.0027376146115764043,0.8589326493248414,0.9983819119173059,SEKER
1294,40965,745.0600000000001,255.4926019125926,204.464342730429,1.2495704556634628,0.5996331543298922,41428,228.38182491186978,0.7853117092247527,0.9888239837790866,0.9273428483908708,0.8938882112524035,0.00623685101702899,0.002456280563912991,0.7990361342160214,0.9984519463238858,SEKER
1295,40973,783.467,267.9969303952498,194.9791849728747,1.3744899509787842,0.6860625025176886,41510,228.4041240136303,0.7730754716981132,0.9870633582269333,0.8388150437381646,0.8522639556981982,0.006540817865307637,0.0021286698286749747,0.7263538501823406,0.9983660679303764,SEKER
1296,40983,722.675,242.20016438584258,215.59586882780494,1.1233989115964291,0.4556563857264932,41281,228.43199482971113,0.7797374429223745,0.9927811826263898,0.9861149610138671,0.9431537563525442,0.005909771475632398,0.0028845657682393276,0.8895390081219143,0.9993071535467257,SEKER
1297,40988,730.0369999999999,248.29058366955525,210.34278425907644,1.1804093234961603,0.5313318783368677,41396,228.4459289626428,0.7549964081121405,0.9901439752633104,0.9664443424562059,0.9200748799506497,0.0060576408624366945,0.002677786694671879,0.8465377847162027,0.9992610937707911,SEKER
1298,41022,728.9019999999999,253.60103975203208,206.2107683069135,1.2298147271076811,0.582081274459247,41344,228.54065853612536,0.7795302523563393,0.9922116873065016,0.97026063240145,0.9011818672336264,0.00618207400302355,0.002515149131352724,0.8121287578306852,0.9987679066878441,SEKER
1299,41031,750.784,268.47221646880143,194.94061837909857,1.3771999837750946,0.6875775419731012,41508,228.56572743967646,0.7429921773142112,0.9885082393755421,0.914727947322132,0.8513570992409846,0.006543155576729825,0.002120381745834873,0.7248089104280235,0.9982068196815178,SEKER
1300,41033,730.9879999999999,249.93212129194782,209.3633166193215,1.1937722678820153,0.5461602598229793,41380,228.57129793374742,0.7594062887494679,0.9916143064282262,0.9649896138711981,0.9145335011451023,0.0060910028828491175,0.002628252247189636,0.8363715247167189,0.9984371318530165,SEKER
1301,41034,742.9599999999999,272.1691927732156,192.30462390068405,1.4153023845842507,0.7076503552818582,41427,228.57408312987423,0.7804998668543387,0.9905134332681584,0.9341634111611693,0.8398234965569122,0.006632772646420423,0.0020352930914419435,0.705303505369078,0.9982177330044871,SEKER
1302,41038,731.3359999999999,253.31928003651643,206.60180613563756,1.226123259881901,0.5786461813368222,41382,228.5852235750194,0.762802282570308,0.9916872069982118,0.9641889433472475,0.9023601501712323,0.006172797895524061,0.002524535325016563,0.8142538406170489,0.9983755734287337,SEKER
1303,41044,741.688,275.9612984914994,189.76659624233397,1.454214303022508,0.7260361288052178,41325,228.60193322478708,0.7708662008864848,0.993200241984271,0.9375987895439777,0.8283840323784708,0.006723547863061578,0.0019530130245717899,0.6862201050996154,0.9979110918574694,SEKER
1304,41059,736.776,266.674255140511,196.51056072962868,1.357047957882619,0.6760087081314825,41387,228.64370200659596,0.7875364431486881,0.9920748060985334,0.9504894280796979,0.8573894839834588,0.006494903800397257,0.002165035868037152,0.7351167272454217,0.9975886535137537,SEKER
1305,41068,727.6279999999999,233.47078865516704,224.0680637950216,1.0419636993371224,0.28093658763040513,41392,228.66875961351533,0.7936765615337044,0.9921724004638578,0.9747530698190624,0.979431992030728,0.005684980730865079,0.0032270515447652953,0.9592870270132801,0.9995422593928672,SEKER
1306,41084,735.0799999999999,255.46537228907698,204.99170719574224,1.2462229608397695,0.5967534758297902,41440,228.71329969177444,0.7633026159334126,0.9914092664092664,0.9554618943710457,0.8952810224039652,0.006218123169337868,0.0024642036575818842,0.8015281090766891,0.9988827332898532,SEKER
1307,41087,735.6759999999999,254.43686510910507,206.01438696840953,1.2350441580962048,0.5868610671016702,41518,228.72164999084285,0.7660340070102171,0.9896189604508888,0.9539840630131092,0.8989328252129059,0.006192636724733008,0.002494389811507355,0.8080802242452568,0.9980147602271756,SEKER
1308,41088,738.8009999999999,251.2635836618799,208.49050090769052,1.2051560266197798,0.5581083556015762,41488,228.72443335612041,0.7689198293285425,0.9903586579251832,0.9459537797661809,0.9102967888251967,0.006115254664668027,0.0025901585739964866,0.8286402437454646,0.9986407836495301,SEKER
1309,41091,738.571,256.80147229644535,203.97997918882703,1.2589543018764637,0.6075126444806423,41504,228.73278324873453,0.7535346866919733,0.9900491518889746,0.946612145457435,0.8906988780215831,0.006249579525843746,0.002426354104762363,0.793344491308907,0.9987844602033433,SEKER
1310,41117,734.27,248.86715508511705,210.53722253087878,1.1820577477629475,0.5332108879408375,41527,228.80513622048713,0.7757924528301887,0.9901269053868568,0.9583402188717195,0.9193866347780271,0.006052658391544058,0.0026675874791993177,0.8452717842084655,0.9991600614890269,SEKER
1311,41126,746.4590000000001,269.42412427883295,194.60137437419226,1.384492402200442,0.6915940939744523,41581,228.83017614986514,0.7703373480435312,0.9890575022245737,0.9275010669569265,0.849330685447617,0.006551187187638792,0.002102843882674107,0.7213626132429188,0.998721057266277,SEKER
1312,41138,736.411,247.42601543107793,211.92264276949842,1.1675298693787781,0.5161318624856218,41560,228.8635584607456,0.7887491372037733,0.9898460057747834,0.953262488790459,0.9249777476390593,0.00601453681343473,0.0027158581945911507,0.8555838336274274,0.9989196815176243,SEKER
1313,41152,733.3919999999999,258.2434720657483,203.1890170385154,1.270951923630779,0.6171929642820779,41470,228.90249833704615,0.7887907074811678,0.9923318061249096,0.9614539198350128,0.8863825153294409,0.006275356533479498,0.0023894771976681506,0.7856739634817465,0.9985538352337441,SEKER
1314,41158,728.6569999999999,253.2860348764135,207.11472181608028,1.2229262732049235,0.5756292868841268,41456,228.91918482776805,0.770402815214136,0.9928116557313779,0.9741320762731556,0.9037971040901057,0.006153992780903191,0.0025329144813560204,0.8168492053616613,0.9989463544833397,SEKER
1315,41169,742.1259999999999,270.21411191901905,194.1998311173996,1.391423001576487,0.6953319640676293,41553,228.9497735687937,0.7588755760368664,0.9907587899790629,0.9393444804258761,0.8472902171645574,0.00656353353054529,0.002086633805995329,0.7179007121027632,0.9989035636679243,SEKER
1316,41182,732.169,259.37761479780283,202.4749612102818,1.281035508032148,0.6250078222256122,41483,228.9859186310011,0.781382817243473,0.9927440156208568,0.9653718359580553,0.8828283767259811,0.006298324870035521,0.0023599888852894584,0.7793859427526311,0.9984210671272316,SEKER
1317,41189,733.8389999999999,249.49696542064873,210.54439695423642,1.1850088106352172,0.5365389098173465,41569,229.00537899380578,0.7834182897139379,0.9908585724939257,0.9611463804499464,0.9178683941414101,0.006057368846552447,0.0026520728212915045,0.8424823889637308,0.9983490537270272,SEKER
1318,41193,735.826,261.5895515191083,200.7088801086394,1.3033282402727546,0.6413284903209975,41524,229.01649845868215,0.7766402714932127,0.9920287062903381,0.9560553305017149,0.875480297774635,0.0063503399004468785,0.0023012417364084423,0.7664657517915635,0.9989564595118325,SEKER
1319,41197,853.6999999999999,250.9006733724671,210.06394586237357,1.194401411162905,0.5468364253702802,42508,229.02761738370003,0.7375044754744002,0.9691587465888774,0.7103377456825924,0.9128218521905037,0.006090265635178948,0.0026083154318446533,0.8332437338365019,0.9952274915369661,SEKER
1320,41202,738.357,255.753689940965,205.54517538535802,1.2442699735543565,0.595056181773174,41593,229.0415152809162,0.7590361445783133,0.9905993797033155,0.9497195294558044,0.8955550761898501,0.006207312507668681,0.0024629328589058966,0.8020188944894083,0.9979280286364303,SEKER
1321,41221,740.389,250.31529179824764,210.04776362912068,1.191706531283175,0.5439266476333942,41665,229.09431960118116,0.7736674174174174,0.9893435737429497,0.9449492219462734,0.9152230291460961,0.006072518662774985,0.002628187701674692,0.8376331930793559,0.9982129470122493,SEKER
1322,41222,748.827,254.81108911848636,206.39046916301845,1.2346068602480993,0.5864651795922816,41791,229.09709843879054,0.7221161425943768,0.9863846282692446,0.9237956922816004,0.8990860610947002,0.006181434406833399,0.0024915756998301767,0.8083557452547829,0.99800154861252,SEKER
1323,41226,738.928,265.78683578917827,197.63499903881637,1.3448368815331972,0.6686418598125331,41595,229.10821345218469,0.7421154953917051,0.9911287414352686,0.9488046752043674,0.8619998532730679,0.006447068252781698,0.002195688859151267,0.7430437470427907,0.9992726356157687,SEKER
1324,41226,769.813,264.34661132804774,198.94246649156327,1.3287590929675044,0.6584986957511155,41931,229.10821345218469,0.7638405098940191,0.9831866638048222,0.8741995553476744,0.8666962375691926,0.006412133394655017,0.0022317726769663896,0.7511623682165942,0.9981138270628044,SEKER
1325,41229,744.176,270.69027693081154,194.42446890546822,1.392264453413139,0.6957806326141115,41609,229.11654935836918,0.7967880333951762,0.9908673604268308,0.9355378131745331,0.8464158814870598,0.006565530983793241,0.002078666572066751,0.7164198444335166,0.997445883124556,SEKER
1326,41243,740.629,255.22172313578002,205.94204974545633,1.2392890303424346,0.5906685746564352,41604,229.1554462444921,0.7790223263193684,0.9913229497163735,0.9448409023692154,0.8978681102414607,0.006188243414295275,0.0024808319058009978,0.8061671433885719,0.9990740974239538,SEKER
1327,41251,743.0169999999999,250.64831039045086,209.90982427583037,1.1940761289051836,0.5464870693688317,41836,229.17767007252297,0.7937158469945356,0.9860168276125825,0.9389594654596868,0.9143395768976791,0.006076175374910932,0.0026196310953308785,0.8360168618814269,0.9982677781348337,SEKER
1328,41256,736.602,260.1405927032961,202.41492278475047,1.2851848526006726,0.6281426716522484,41620,229.19155887072688,0.7846777107860852,0.9912542047092744,0.955501108028683,0.8810295866901934,0.006305521444233471,0.0023434880440316116,0.7762131326234931,0.9975773604374305,SEKER
1329,41262,737.909,267.52254261119907,196.81063490316052,1.359289058453736,0.6773306861702005,41576,229.20822431767644,0.7571009174311927,0.9924475659034058,0.9522577681171995,0.8567809728498046,0.006483508860724131,0.0021551084235505915,0.7340736354374575,0.9978182607494929,SEKER
1330,41265,732.882,255.71832409541273,205.6748567990347,1.243313490405274,0.5942202291867253,41606,229.21655658677122,0.7749586838942307,0.991804066721146,0.9654362528272512,0.8963634397245883,0.006196978652500005,0.0024677223862121993,0.8034674160748956,0.9989618775069851,SEKER
1331,41267,739.795,243.44339280242497,216.17153509626385,1.1261584125496293,0.45989261106386753,41734,229.22211126456793,0.7740658763505402,0.9888100829060239,0.9475234750646834,0.9415827992941307,0.005899226810827658,0.0028602824532720996,0.8865781679265712,0.998427462193346,SEKER
1332,41271,742.954,263.0712141635643,200.35489449643944,1.31302614206033,0.6480480409724536,41698,229.2332202163659,0.753739384531093,0.9897597007050698,0.9395740326667666,0.8713732551287057,0.006374238912639973,0.0022668615928813345,0.7592913497535965,0.9969693916667454,SEKER
1333,41274,734.4099999999999,258.05024675301985,203.80459894946506,1.266164983926616,0.6133818535282769,41601,229.24155157693184,0.7919336889366437,0.992139612028557,0.96163278283167,0.8883601331966141,0.006252125957092112,0.0024019486785284015,0.789183726253106,0.9992368000664108,SEKER
1334,41276,743.6919999999999,266.99859350909105,197.2979577608448,1.3532760122775018,0.6737629490550341,41632,229.24710564909773,0.7337955555555555,0.9914488854727133,0.9378237963017997,0.8586079148813647,0.006468615987719039,0.002168556206153573,0.7372075514969249,0.9976452955106193,SEKER
1335,41283,737.859,265.04571827162505,198.52900707872755,1.3350478208281171,0.6625283491310112,41610,229.26654384210033,0.7671138694811952,0.992141312184571,0.9528715398350757,0.8650075365757941,0.006420214574319334,0.002217220428698023,0.7482380383329239,0.9989335625370754,SEKER
1336,41285,743.117,261.23429698449036,201.43874689222238,1.2968423454513491,0.6367095112102328,41729,229.27209730883345,0.773040482342808,0.9893599175633253,0.9394804772738117,0.8776492977966269,0.0063275837951917244,0.002315803503644339,0.7702682899229123,0.9989165357304295,SEKER
1337,41288,748.997,263.4231340221053,199.97417382138238,1.3172857723987685,0.6509312106473129,41682,229.28042725672287,0.7928716826055229,0.9905474785279017,0.9248547974331554,0.8703883510758121,0.006380137909855291,0.002258718499880874,0.7575758816884713,0.9979439304606761,SEKER
1338,41301,754.588,278.04008713558454,189.3976815774003,1.4680226538145829,0.7321081656597708,41711,229.31652020102464,0.7845934650455927,0.9901704586320156,0.911487342712669,0.8247606399619629,0.006732042496200686,0.0019214908437225546,0.6802301132304668,0.998593216029184,SEKER
1339,41301,742.837,257.2850816168818,205.18652167452908,1.2539082953264957,0.6033103701389265,41673,229.31652020102464,0.7801178648332137,0.9910733568497588,0.9405532238530725,0.8912934973139849,0.0062295121574993785,0.0024250279725579367,0.7944040983541945,0.9961098887676901,SEKER
1340,41322,738.828,262.9878483362513,200.3109105129791,1.3128982723045988,0.6479608576985367,41624,229.37481219075994,0.7427739430543572,0.9927445704401306,0.9512715439086552,0.872187873477278,0.006364354298829953,0.002271821931478633,0.7607116866408163,0.998737059112645,SEKER
1341,41323,795.35,261.98836585132597,201.00002171459735,1.303424564915355,0.6413963207160249,42072,229.37758763028947,0.7393630345321166,0.9821971857767636,0.8208903237576493,0.8755258535428914,0.0063400132093828125,0.0022979777815193394,0.7665455202220086,0.9991342611831862,SEKER
1342,41323,763.4979999999999,264.0834418239405,199.9943150104732,1.3204547429766247,0.6530499226417598,41984,229.37758763028947,0.7553926586721263,0.9842559070121951,0.8908116739680353,0.8685799686873636,0.006390713206300136,0.002243718292052221,0.7544311620049416,0.9961922061187917,SEKER
1343,41323,736.957,252.4834412316139,208.76962868489073,1.209387796597096,0.5624009904223894,41692,229.37758763028947,0.7891490336872661,0.9911493811762448,0.9561310248300134,0.9084856674615408,0.006109997851840716,0.002567397658851948,0.8253462079830414,0.9981636319023789,SEKER
1344,41324,733.7650000000001,261.7714292697179,201.23940155165013,1.3007961028075885,0.6395373926340367,41613,229.38036303623696,0.7905117168818747,0.993055054910725,0.9644911168492731,0.8762620262881837,0.006334610136233615,0.0023037514423209517,0.7678351387146736,0.9987969560387716,SEKER
1345,41326,742.6709999999999,273.57351677370656,192.81184309609887,1.4188626195402088,0.7094161263400404,41701,229.38591374739065,0.7778865339005383,0.9910074098942472,0.9415433140398617,0.8384799685750766,0.0066198886118595205,0.002018371993933427,0.7030486577016613,0.9975294601308068,SEKER
1346,41330,743.053,270.39006222614086,194.86218196923775,1.3875964001512948,0.6932775878745266,41643,229.39701476676692,0.7366544871223598,0.9924837307590711,0.9406665166237347,0.848392921241723,0.006542222652459251,0.002090707263614444,0.7197705488130643,0.9987510224679301,SEKER
1347,41332,740.092,266.3276466039101,197.92166870397696,1.3456214690784822,0.6691236995740861,41673,229.402565075009,0.7500725900116144,0.9918172437789456,0.9482543971657232,0.8613546809737813,0.006443618663599877,0.0021879513764450744,0.7419318864354447,0.9983594749814328,SEKER
1348,41333,731.6809999999999,246.88623876784078,213.66010104330698,1.1555093232769704,0.5010484403547876,41715,229.4053401787728,0.7911379079337736,0.990842622557833,0.9702043933255916,0.9291945202117721,0.005973102333918195,0.002746668696105258,0.8634024563915853,0.9976695881007148,SEKER
1349,41334,734.848,261.41677479077737,201.68662979842549,1.2961532207268713,0.6362126779104088,41654,229.40811524896674,0.7831375521030693,0.9923176645700292,0.9618830374315518,0.8775569793964887,0.006324497382077161,0.0023137001689906276,0.7701062520874894,0.9981756989450994,SEKER
1350,41341,739.1600000000001,255.29358881490012,206.67081867386622,1.2352667418314258,0.5870623091926181,41732,229.42753980047024,0.7441856278801844,0.9906306910763922,0.9508541975600937,0.8986811649501156,0.006175312373065483,0.002484627296098649,0.8076278362360969,0.9976358058797279,SEKER
1351,41346,741.288,236.42263494006323,222.87502343686447,1.0607856873968495,0.333648694171573,41779,229.4414134732874,0.7821201573849879,0.9896359415017114,0.9455171807716695,0.9704714336317855,0.005718150121899657,0.003128717422142294,0.941814803495333,0.9990636637263257,SEKER
1352,41349,864.737,261.98354478770807,201.6718953853995,1.2990582762513918,0.6382991537855082,42172,229.44973727431952,0.7308059384941675,0.9804846817793796,0.694875166856875,0.8758173627288252,0.006335910053150211,0.0022995505905730657,0.7670560528572743,0.9964505138129671,SEKER
1353,41354,745.8230000000001,268.0788838549455,196.58580163554748,1.3636736815405408,0.6798909141659322,41832,229.46360960504808,0.7729141746411483,0.9885733409829796,0.9342343750553129,0.8559555542211533,0.006482538179014013,0.0021464941216713684,0.732659910802042,0.9991090378805847,SEKER
1354,41355,730.92,255.60664110194756,206.3398396886317,1.2387653372594445,0.5902022783614392,41621,229.46638397055602,0.7924691003161828,0.993608995459023,0.9727431877972231,0.8977324805854101,0.0061807917084257665,0.0024763477107264424,0.8059236066980338,0.9983502284566377,SEKER
1355,41355,734.8399999999999,259.10760200510157,203.50046119069302,1.273253143943989,0.6190015360415456,41643,229.46638397055602,0.7935030796093405,0.9930840717527556,0.9623926824535779,0.8856026692958165,0.006265447999156125,0.002377319540641304,0.7842920878638754,0.9986023666430747,SEKER
1356,41360,755.3979999999999,257.5484988100478,204.9093282203815,1.2568900647268362,0.605803200106485,41893,229.48025529497374,0.7743868189477626,0.9872771107344902,0.9108329493345414,0.8910176388340143,0.0062269946520804595,0.0024210483440299238,0.7939124327133419,0.9978606489405124,SEKER
1357,41365,737.7599999999999,246.9702291084775,213.44649102030164,1.157059213894443,0.5030453724305888,41732,229.49412578096636,0.7647015325458008,0.9912057893223426,0.9550204755896711,0.9292380162961461,0.00597051200552345,0.0027459916657522543,0.8634832909299966,0.9991012978144488,SEKER
1358,41376,733.668,260.74695080246704,202.35723871610514,1.2885476815992687,0.6306498305798076,41678,229.5246378996427,0.7624944714727997,0.9927539709199098,0.965960156109216,0.8802581859280215,0.006301888795496593,0.0023339459150842306,0.7748544738932911,0.9984369359120213,SEKER
1359,41378,740.424,262.1846385883308,201.3165446156644,1.3023501823403056,0.6406384961949466,41663,229.53018512180824,0.7330286281179138,0.9931593980270264,0.9484586121668215,0.8754524534986393,0.006336329416316178,0.002295872504702451,0.7664169983367873,0.9981433175326246,SEKER
1360,41386,736.395,250.56859306288578,210.70871794321712,1.1891705075554126,0.5411558767734217,41768,229.55237266996272,0.7726746574063702,0.990854242482283,0.9590508958107361,0.9161258794008211,0.0060544288663530125,0.0026307134796103174,0.8392866269079278,0.9980549041045707,SEKER
1361,41388,750.3439999999999,263.75202241369465,200.00642183048598,1.3187177691586114,0.6518913605274236,41822,229.55791922192296,0.788042650418888,0.9896226866242648,0.923769196029857,0.8703551052278253,0.006372668947851905,0.0022557296346716,0.7575180091961392,0.998952459184605,SEKER
1362,41389,738.976,257.1531925313023,205.2238430722466,1.253037603631536,0.6025771357782904,41854,229.56069244764802,0.7692407768794721,0.9888899507812874,0.9524323318253377,0.8927001457300767,0.006213080589801694,0.002433936100664314,0.7969135501865002,0.9985626452271922,SEKER
1363,41390,736.073,239.65888786143606,220.0216048279174,1.0892516125808522,0.39643792768477515,41819,229.56346563987134,0.7699032738095238,0.9897415050575098,0.9599829400360581,0.9578758696927543,0.005790260639319547,0.0030068710759604237,0.9175261817396505,0.9994168730450662,SEKER
1364,41393,737.3969999999999,258.0760050578216,204.65184270654174,1.2610490169291406,0.6092338870612151,41782,229.5717850155428,0.7626812595581597,0.9906897707146618,0.9566080576766253,0.8895510644784955,0.0062347741177933855,0.0024081526975001308,0.7913010963148245,0.9978694696027606,SEKER
1365,41398,741.7129999999999,258.93338224461826,203.85527788849427,1.270182380984273,0.6165847831192515,41802,229.58564997173988,0.7729275578790142,0.990335390651165,0.9456217272868376,0.8866591398201676,0.006254731683767773,0.002384598286539538,0.7861644302266395,0.9985722078304173,SEKER
1366,41423,738.127,267.2506913452024,197.78696049831908,1.3512048047650427,0.6725185590671551,41677,229.65496219669333,0.7544073723319006,0.9939055114331645,0.9554087830979549,0.859324108913352,0.006451746405262835,0.0021701264325971015,0.7384379241597263,0.9977808711453464,SEKER
1367,41433,749.9350000000001,261.1735592388759,202.5314316248328,1.2895458109567466,0.6313883101313117,42055,229.6826812300222,0.7478340914013428,0.9852098442515753,0.9257825663173834,0.8794254743832957,0.006303515536863753,0.0023257271201118685,0.7733891649942847,0.997320757957716,SEKER
1368,41435,738.189,260.3770596692922,202.78372324725004,1.2840136057262337,0.6272624505954938,41767,229.68822463526828,0.7905028998778999,0.9920511408528264,0.9555250313761097,0.8821369475751738,0.00628398840760932,0.0023472491368505574,0.778165594277245,0.9991752105600226,SEKER
1369,41439,740.182,254.656343761169,207.76311379611337,1.2257052712979357,0.5782539716944606,41835,229.69931104441827,0.7708147321428571,0.9905342416636788,0.9504780490093383,0.9019972078914443,0.006145330335219697,0.0025092606054066525,0.8135989630439614,0.9972325377255178,SEKER
1370,41447,731.549,243.15601919266334,217.16167815821856,1.119700405959775,0.4498660478650631,41752,229.72148225762055,0.7944604178646731,0.9926949607204445,0.9732314240685019,0.944749313713686,0.005866673563651491,0.002882956083898052,0.8925512657624809,0.9993900146141611,SEKER
1371,41454,740.397,264.37675193197924,199.85038202919608,1.3228733878194765,0.6546521744000122,41778,229.74088031399947,0.7884286203355015,0.992244722102542,0.9502699727015785,0.8689904790611425,0.006377593282481287,0.002243348032364406,0.7551444526989141,0.9989605004348967,SEKER
1372,41456,731.423,256.04897430689107,206.5001163647458,1.2399459080915287,0.5912521046887954,41733,229.7464223149969,0.8052210395462668,0.9933625667936645,0.9737781690911602,0.8972753081198876,0.0061764032783406765,0.0024695525628243412,0.8051029785616395,0.9982841438598066,SEKER
1373,41461,737.9749999999999,259.4408430008522,203.86651756665128,1.2726015340701138,0.6184909554590377,41857,229.76027673265145,0.7714679121001805,0.9905392168573954,0.9566792123055708,0.8855979423867996,0.0062574670895745935,0.0023742406271055707,0.7842837155597333,0.9980806595675255,SEKER
1374,41466,733.677,259.6745351161269,203.5889547347343,1.275484396756539,0.6207407886111892,41747,229.77413031494265,0.7548055919615553,0.9932689774115505,0.9680375373108989,0.8848543050714899,0.006262348312258884,0.0023681219047020363,0.7829671412035494,0.998662371778201,SEKER
1375,41493,737.428,251.15915507697736,210.74959655337696,1.1917420445137876,0.5439652227346192,41887,229.8489252306743,0.7840702947845805,0.9905937403012868,0.9588384755223662,0.9151524863197931,0.006053048829368263,0.002618953550553029,0.837504073217299,0.9980888165046089,SEKER
1376,41496,734.055,251.3099159822021,210.37019748592385,1.1946079767264448,0.5470580147425778,41823,229.85723427451725,0.7904,0.992181335628721,0.96774045527414,0.91463654896449,0.00605624436047335,0.002614432057411388,0.8365600167016719,0.999361268962225,SEKER
1377,41505,735.254,255.07152180672176,207.3937438402508,1.229890145592799,0.5821509225439889,41835,229.88215960407396,0.7684118932128707,0.9921118680530656,0.9647959916272766,0.901245885764798,0.006145561301210017,0.002501004645511236,0.8122441466079754,0.9989710717285818,SEKER
1378,41506,732.16,253.96176269025653,208.24602933325633,1.219527515138554,0.5723782784273798,41795,229.88492891831265,0.8040214633012417,0.9930852972843641,0.9729908336285,0.9051950438645006,0.006118675918909472,0.0025339957577706104,0.8193780674368552,0.9992540985402986,SEKER
1379,41528,732.5980000000001,254.67422707610936,207.86487034369142,1.2251912824664486,0.5777707664581965,41852,229.94584539356615,0.8018226753166512,0.9922584344834178,0.9723428443384367,0.9029019074036371,0.006132590711715213,0.002514120131174912,0.8152318543931263,0.9988149611914154,SEKER
1380,41536,734.376,255.60581215052898,207.07206599931425,1.234380943257578,0.5862603863332877,41861,229.96799283839417,0.793110691031296,0.9922362103150905,0.9678266667303528,0.8996978233928561,0.006153837927352874,0.002487210234400707,0.809456173417843,0.9991772748691866,SEKER
1381,41536,742.9539999999998,260.9058138713388,202.92666492815792,1.2857147874760926,0.6285397366596774,41893,229.96799283839417,0.7394826327689651,0.9914782899291051,0.9456070126928552,0.8814214962331154,0.006281438122865438,0.002338693994707374,0.776903854021824,0.9988767735630268,SEKER
1382,41546,734.5020000000001,251.73080103897698,210.2820434999597,1.19711030409035,0.549726186626645,41893,229.9956741453349,0.7787149497675814,0.9917169932924355,0.9677275731242322,0.913657260836044,0.0060590863389731135,0.002604474702176788,0.834769590278423,0.9993112780635799,SEKER
1383,41567,740.413,241.9091234537342,219.22375400864973,1.1034804350818177,0.4227987785995595,42016,230.05379404827582,0.801832561728395,0.9893135948210205,0.9528191446889323,0.9509926321248245,0.0058197397804444434,0.0029362426184813533,0.904386986355702,0.9979733451861239,SEKER
1384,41569,736.5459999999999,260.0592629907173,203.69236422096014,1.2767256346860985,0.6217022890606864,41847,230.05932851135591,0.7639675071675366,0.9933567519774417,0.9628966826315828,0.8846419307108772,0.006256086578717729,0.002363483609214192,0.7825913455718684,0.9991544323750915,SEKER
1385,41574,749.958,269.3261119421502,196.74221295641456,1.368928954772993,0.6829147285177338,42006,230.07316408660017,0.7524705882352941,0.9897157548921582,0.9288761057377641,0.8542549492416787,0.006478234279649545,0.002128072536596427,0.7297515183039031,0.9989779831957667,SEKER
1386,41586,745.494,262.31193115852153,202.04666433085592,1.2982740003516213,0.6377379209120229,42002,230.106366073076,0.7437626312306619,0.9900957097281082,0.9403049197086408,0.8772241699292629,0.006307698051231702,0.002304055918096267,0.7695222443080845,0.9990507224774144,SEKER
1387,41595,747.919,269.6624750054241,197.1131166793178,1.3680595160196083,0.6824177910690853,42004,230.13126441937237,0.7137096774193549,0.9902628321112275,0.9344194300351704,0.853404851434162,0.006483050246554252,0.0021211900435225577,0.7282998404513643,0.9963575272450513,SEKER
1388,41607,756.2789999999999,288.94123996272504,183.6813274311868,1.573057229080469,0.7719322719481395,41983,230.1644580246827,0.708204255319149,0.9910439939975705,0.9141388877212453,0.7965787717058843,0.00694453433226921,0.0017247962779541285,0.6345377395324553,0.9981641782959085,SEKER
1389,41616,748.956,256.66753853635396,206.91519289728654,1.2404480064630374,0.5916971259430255,42085,230.18935008748457,0.7747845028205462,0.9888558868955685,0.9323040916317764,0.8968385772510962,0.006167520629958525,0.0024612033511233803,0.8043194336457702,0.9977164380253751,SEKER
1390,41619,741.4399999999998,261.1093811969575,203.27293398204228,1.2845260610053706,0.6276480216418325,41975,230.19764684360425,0.7963834672789897,0.9915187611673615,0.9513700620194998,0.8816138500591206,0.006273802378648153,0.0023378907593862032,0.7772429806160657,0.9983888643348283,SEKER
1391,41619,813.4799999999999,274.6116964236781,193.63401243977273,1.4181996900420188,0.709088672609702,42244,230.19764684360425,0.7599422999671329,0.9852049995265599,0.7903286852711776,0.8382659946444864,0.006598229088245227,0.0020097153421783035,0.7026898777773098,0.996554566859445,SEKER
1392,41620,734.652,253.45275842995318,209.459805287818,1.2100305262944584,0.5630461845405114,41952,230.200412362527,0.7516705797363193,0.9920861937452327,0.9690554076495531,0.9082576721142593,0.006089686651368409,0.0025562952280341524,0.8249319989544135,0.9981929008519485,SEKER
1393,41626,740.6809999999999,265.1217787999718,200.07279726958834,1.3251265660205327,0.6561334319230768,41933,230.21700477841745,0.7630937322407377,0.9926787971287531,0.9534812022859008,0.8683443729913671,0.006369138970834859,0.0022337186234000083,0.7540219501057704,0.9991745174477652,SEKER
1394,41629,742.831,262.2108879288141,202.5202821508189,1.2947389029092058,0.6351892991965193,42053,230.22530053792977,0.7611533679514372,0.9899174850783535,0.948038126751728,0.8780157923893386,0.006298755385159722,0.0023091057087277884,0.7709117316850782,0.9981294097217743,SEKER
1395,41636,742.8359999999999,252.83935250440354,210.00617072330226,1.2039615390041893,0.5568824512736323,42000,230.2446561477448,0.7762696696248789,0.9913333333333333,0.9481847767497339,0.9106361563860387,0.006072613903938984,0.002575935542189414,0.829258209317538,0.9983949899218012,SEKER
1396,41638,738.396,256.27775966393455,207.200216291712,1.2368604833072543,0.5884980658129682,41948,230.2501860231229,0.796518412242946,0.9926098979689139,0.9596680895955522,0.8984399829507544,0.006154900803687366,0.0024737573889533114,0.807194402964552,0.9983868593736466,SEKER
1397,41641,742.564,254.82947547904243,208.79403405304473,1.220482551787386,0.5732964080112867,42028,230.25848058718034,0.79422086591646,0.9907918530503473,0.9489934905038997,0.9035786780721807,0.006119677132610707,0.0025163565032051177,0.8164544274666696,0.9964683830526303,SEKER
1398,41645,742.133,258.2243287367617,205.7682959388419,1.2549276726941,0.6041657514553922,41965,230.26953954115567,0.788955195604812,0.992374597879185,0.9501873479738583,0.8917422330716807,0.0062006082059493746,0.0024186409131417425,0.7952042102436676,0.9979237688776357,SEKER
1399,41646,741.375,260.34950207530306,203.85644925236625,1.277121734583931,0.6220082180390017,42046,230.27230419666319,0.755482993197279,0.9904866099034391,0.9521541940361858,0.8844737645400205,0.006251488788246244,0.0023599512977780608,0.7822938401595957,0.9990844660989473,SEKER
1400,41673,740.349,251.31098933290406,211.5472593002276,1.1879661791138774,0.5398288394707597,42010,230.34693735265603,0.7557123168431742,0.9919781004522733,0.955414090131416,0.9165812365153774,0.006030547100830371,0.002625550200994952,0.8401211631320582,0.9980355281586977,SEKER
1401,41723,741.1759999999999,261.35379830268573,203.79745308312343,1.28241935484879,0.6260584549230709,42061,230.4850830856201,0.774483961983962,0.9919640522098856,0.9544269542876873,0.8818891655008007,0.00626402220124837,0.0023371634147564993,0.7777285002276985,0.9973740815095224,SEKER
1402,41728,778.3219999999999,281.8221129558337,188.6754226109267,1.4936874610159885,0.7428263894040349,42280,230.4988931051706,0.7830509110698268,0.9869441816461684,0.8656031356792984,0.817887889234915,0.006753789133335738,0.0018642423500650797,0.6689405993571448,0.9991881854242869,SEKER
1403,41735,735.759,257.9670165646636,206.21869929242743,1.2509390149864863,0.6007998576373323,42050,230.5182257426124,0.7739883535477171,0.9925089179548157,0.968811121004327,0.893595734882755,0.006181071440389687,0.002431128277539438,0.7985133374006511,0.9988914877415423,SEKER
1404,41761,759.2589999999999,250.07733310829258,212.9715203573239,1.1742289893442677,0.5241553846394552,42283,230.59001849101173,0.7840821614314414,0.9876546129650214,0.9103341949263728,0.9220748463082733,0.005988298486824851,0.0026702252715658996,0.8502220221944258,0.9983553458396001,SEKER
1405,41768,734.841,248.21198941258783,214.3446964868135,1.1580038763770293,0.5042547152501293,42091,230.60934348915325,0.7828759934023092,0.9923261504834763,0.97200116447696,0.9290822092635712,0.005942635256957188,0.0027313377921175924,0.8631937515700785,0.9995817103825813,SEKER
1406,41780,744.211,257.19755406462286,207.01247664872614,1.2424253756504466,0.5934412425592698,42194,230.64246829028494,0.7630771478667446,0.9901881784139925,0.9479515255008127,0.8967521838576048,0.00615599698574971,0.00245565828715611,0.8041644792533835,0.9991143552211307,SEKER
1407,41781,737.016,257.864006752692,206.6063767173323,1.2480931656116674,0.5983668812219075,42107,230.64522847563924,0.7723919915700738,0.9922578193649512,0.9665734508464825,0.8944452208750588,0.006171800740831765,0.00243672573847189,0.8000322531462329,0.9985147874207168,SEKER
1408,41786,741.814,253.9086133647588,210.1799174828238,1.208053635217116,0.5610560462416243,42121,230.65902890696367,0.7346084877465631,0.9920467225374516,0.9542246103506681,0.9084332581329356,0.006076403899984655,0.0025526924784666457,0.8252509844820208,0.9969474517700093,SEKER
1409,41798,744.664,259.0496348267612,206.01682424658517,1.2574198043005462,0.6062431536392747,42168,230.69214657382756,0.7788834227787717,0.9912255738948966,0.9472064527573956,0.8905326067265155,0.00619765622342603,0.002404399053838732,0.7930483236431226,0.9971946679162117,SEKER
1410,41827,739.449,254.78884882587855,209.26914844761694,1.2175174922626295,0.5704340109024044,42226,230.77216131422276,0.7435911111111111,0.9905508454506702,0.9612804909712567,0.9057388593640192,0.006091492309414458,0.0025288057279991088,0.8203628813620346,0.9988061580612495,SEKER
1411,41836,757.765,272.0990390924447,196.1680849622104,1.3870708843635882,0.6929936490182423,42304,230.79698783463414,0.7739667739667739,0.9889372163388804,0.9155686937623815,0.8482094924128772,0.0065039449061202,0.0020766778469016338,0.7194593430193109,0.9979411071854417,SEKER
1412,41863,754.738,264.75453448492755,202.14203340975916,1.309745083785951,0.6457991361694626,42324,230.87145137770523,0.7841128322313585,0.9891078347982233,0.9235231329440837,0.8720207637873288,0.0063243086851140036,0.002255797580392845,0.7604202124762366,0.9959566349022192,SEKER
1413,41864,739.8209999999999,253.73660052500387,210.59536140597044,1.2048537006276643,0.5577986770820919,42166,230.87420882548327,0.7745420906567992,0.9928378314281648,0.9611635135882252,0.9098971466780266,0.00606097364143426,0.002562662245013417,0.8279128175328141,0.9975138220014872,SEKER
1414,41869,741.2429999999999,256.3946009994205,208.18346834852431,1.231580024261028,0.5837059817758034,42231,230.88799557039886,0.7691982657260436,0.9914280978428169,0.9575936161496196,0.9005181648537158,0.006123733573751952,0.0024840821883480683,0.8109329652315043,0.9987288409938834,SEKER
1415,41869,754.125,267.65795013311475,199.42338593125186,1.3421592903120485,0.6669884606701525,42316,230.88799557039886,0.7811380597014925,0.9894366197183099,0.9251577168758377,0.8626233424248037,0.0063927476207484,0.002183494717508903,0.7441190308961401,0.9987262704152526,SEKER
1416,41874,757.202,250.88921413989033,212.70295327598313,1.1795285879945463,0.5303219723757123,42388,230.90178149213185,0.7494094065430597,0.9878739265829952,0.9177635557596663,0.9203336312552124,0.005991527299514981,0.002651541783543454,0.8470139928194053,0.9990772189618958,SEKER
1417,41884,748.1489999999999,267.7978082080501,199.37496015794696,1.3431867672645446,0.6676245762811692,42242,230.92935086663962,0.7427031244458631,0.9915250224894655,0.9403332985678319,0.8623272625414183,0.006393797350015522,0.002180856531575323,0.7436083077221762,0.9988048389604084,SEKER
1418,41898,732.244,236.6730020799028,225.57899948758947,1.0491801214541856,0.3025762332386979,42223,230.96794246239855,0.7956625773861522,0.9923027733699642,0.9819548350958224,0.9758947595738944,0.0056487899680152465,0.0031604369709161487,0.9523705817637891,0.9992082826443257,SEKER
1419,41913,745.1890000000001,270.2813754642023,198.07663039692082,1.3645293486798125,0.6803865553162152,42269,231.0092834465422,0.7362975194996838,0.9915777520168445,0.9484746772223221,0.8546992298296131,0.006448628718159099,0.0021227575109126406,0.7305107734713338,0.9968033899284251,SEKER
1420,41915,743.8369999999999,247.73946497407707,215.6885956804466,1.1485978857274188,0.49194423398811665,42296,231.0147950187917,0.7851897643400397,0.9909920559863817,0.9519711344786694,0.9324908933785119,0.005910520457451439,0.0027566643157701807,0.8695392662338554,0.9987509627531775,SEKER
1421,41918,750.4419999999999,280.07446833011556,190.7890143825261,1.4679800576388267,0.7320897739779573,42224,231.02306213062053,0.7147144075021313,0.992752936718454,0.9353543124781779,0.8248629855768231,0.0066814845252663665,0.0019080071273431328,0.6803989449747103,0.9988120824613722,SEKER
1422,41923,731.342,250.7143850228845,213.01866256012497,1.1769597180346574,0.5273522534481704,42167,231.0368399929592,0.7872863849765258,0.9942134844783835,0.984965881080069,0.9215140964961815,0.005980354102113028,0.002660201871512838,0.8491882300411737,0.9994603397876096,SEKER
1423,41924,741.2819999999999,266.5760469883049,200.37492024924558,1.3303862911421849,0.6595492133031851,42225,231.03959546683112,0.7980051774021624,0.9928715216104204,0.9587506405976294,0.8666930059059927,0.006358554693929608,0.0022130913541824684,0.7511567664863651,0.9993286646321513,SEKER
1424,41929,742.531,263.70108304509523,202.87529460504987,1.299818608068857,0.6388418131061397,42257,231.0533723432762,0.8001717557251908,0.9922379724069385,0.9556419133568912,0.8761942487121451,0.006289229007252623,0.0022865397947967425,0.7677163614762404,0.9978920123657343,SEKER
1425,41930,752.9109999999998,273.0777325233724,195.72853554074487,1.3951861018575173,0.6973299549561546,42323,231.05612761999055,0.7575429087624209,0.9907142688372752,0.9294958220073241,0.8461185226818695,0.006512705283171295,0.0020590457588605254,0.7159165544253495,0.9988368268239685,SEKER
1426,41931,747.385,261.5048843236716,204.45165500002636,1.2790548666560704,0.6234950591670052,42345,231.05888286384945,0.7799665178571429,0.9902231668437832,0.943314107060497,0.8835738707574642,0.0062365525344893185,0.00234474600790386,0.7807027850853283,0.9985616966753372,SEKER
1427,41942,748.8829999999999,257.15820051878103,207.97024428692893,1.2365143936840757,0.5881870528568961,42395,231.08918837817185,0.7504383610663804,0.9893147776860479,0.9397905115435737,0.8986265571620172,0.006131281305583449,0.0024663119182513574,0.8075296892368601,0.9985220840686061,SEKER
1428,41949,744.3190000000001,267.6579789919816,199.8148237135832,1.3395301410452187,0.6653512836644297,42263,231.10847163636245,0.7386427665868432,0.9925703333885432,0.9515098006544609,0.8634469725383599,0.006380556842641818,0.0021876660602676563,0.745540674385659,0.9986742047147693,SEKER
1429,41974,754.7199999999999,285.4805882427915,187.513458906301,1.5224538542881016,0.7540348971508865,42324,231.17732728516808,0.8030842230130486,0.9917304602589547,0.9260160293753349,0.8097830003368203,0.0068013672331155356,0.0018040584710745586,0.6557485076345028,0.9983468428918193,SEKER
1430,41980,734.386,253.3075393430757,211.14066178240753,1.199709886313246,0.5524668804719279,42277,231.19384958943465,0.7729415230519959,0.992974903611893,0.9781456325027379,0.9127002306722083,0.006034005224942251,0.002582843462301222,0.833021711069102,0.9993843822831783,SEKER
1431,41986,744.924,261.5609811467961,204.78161951789596,1.277267861063762,0.6221209694587593,42345,231.21037071301654,0.7569136470164053,0.9915220214901405,0.9508027566808956,0.88396353958947,0.006229718981250801,0.002346311277730632,0.7813915393235447,0.9980463000851043,SEKER
1432,41998,743.151,252.08460405735613,212.260087866211,1.1876213120963504,0.539447487564681,42377,231.2434094191386,0.7892580620912576,0.991056469311183,0.9556180410851983,0.9173246033166088,0.006002300206137343,0.0026217401361431384,0.8414844278499737,0.9993648403118325,SEKER
1433,42008,738.016,248.36027369178706,215.66228647897444,1.1516166212769912,0.4959614579613822,42361,231.2709380688259,0.7846829177173812,0.9916668633884941,0.9691931023853764,0.9311913480810184,0.005912213713858957,0.0027421146939047036,0.8671173267409448,0.9985867260721435,SEKER
1434,42013,735.014,248.45915181510713,215.59202677927186,1.1524505591734402,0.497059982512143,42301,231.28470116494603,0.7884434936005705,0.9931916503155954,0.977242476337395,0.9308761600259281,0.005913863609242547,0.002739168187568751,0.8665304253046173,0.9986334731831052,SEKER
1435,42018,742.1179999999999,252.8851413541823,211.91111186829335,1.1933547944921128,0.5457105307634798,42387,231.2984634421121,0.8067972350230415,0.991294500672376,0.9587366061713358,0.9146384093724327,0.006018495438959073,0.0025981572900489382,0.8365634198993337,0.9983169680335884,SEKER
1436,42024,734.883,250.7946760611743,213.564018415709,1.1743301981375658,0.5242746170329711,42312,231.31497709389782,0.7887387387387388,0.9931934203062961,0.9778468697213334,0.9223281001287087,0.005967891587216217,0.0026640504747965548,0.8506891242870332,0.9989899278774642,SEKER
1437,42027,741.939,262.02086657518004,204.6762772811074,1.2801721335556353,0.6243497126954378,42388,231.32323347771336,0.7624637155297532,0.9914834387090686,0.9594047256869612,0.8828427922603683,0.006234584114383135,0.0023362577447736056,0.7794113958460839,0.9977807495378569,SEKER
1438,42030,745.326,256.8478440668812,208.92440303440412,1.2293817301207528,0.5816809971821851,42433,231.3314895668527,0.7787659811006115,0.9905026748049867,0.9507727175125266,0.9006557575255169,0.006111059816009545,0.0024804565043670236,0.8111807935638629,0.9972508474322669,SEKER
1439,42033,746.0139999999999,263.00049445512656,203.81106717013967,1.290413215076177,0.6320279811317862,42415,231.3397453613475,0.7581709956709957,0.990993752210303,0.9490875937182047,0.8796171499244803,0.006257000320108642,0.0023105783133974323,0.7737263304412655,0.9984266816538058,SEKER
1440,42041,761.435,274.3009696779282,195.30788483185515,1.404454151526345,0.7021587832032331,42564,231.36175937308866,0.7777592777592778,0.9877126209942675,0.9112073841256813,0.8434595023296606,0.006524606210078928,0.002036999906711906,0.7114239320701987,0.9991622948911871,SEKER
1441,42050,776.1800000000001,265.7364380858424,201.8053665101487,1.316795696176289,0.650601569873493,42638,231.38652263283095,0.7703299320350999,0.9862094844973966,0.8771037507503321,0.87073690119262,0.006319534793955824,0.002240849408992408,0.7581827510985267,0.9983717835616384,SEKER
1442,42051,755.763,263.2800825852273,203.57493117924042,1.2932834168732625,0.6341308913280896,42564,231.38927394254543,0.7634531590413943,0.9879475613194248,0.9251559356154747,0.8788711689485345,0.006260970787501542,0.002304211349944401,0.7724145316089633,0.9989509046818007,SEKER
1443,42054,749.6940000000001,262.2997011258193,204.33526162155002,1.2836732096275454,0.6270059502599625,42405,231.39752767541083,0.7736772389432629,0.9917226742129466,0.9402624751109678,0.8821875384616417,0.00623721170699147,0.0023303112035248305,0.7782548530170107,0.9990249050805596,SEKER
1444,42057,752.3309999999999,257.01228465106476,208.6563418213365,1.231749212162137,0.5838610918716973,42501,231.40578111388388,0.7605794270833334,0.9895531869838357,0.9337491934047345,0.9003685618687612,0.006111046547567938,0.0024772888267571625,0.8106635472016214,0.9985341855941604,SEKER
1445,42066,762.413,268.6155166789625,199.76052463710673,1.344687681247036,0.668550096445381,42525,231.43053966326346,0.7272821576763485,0.9892063492063492,0.9094116129058447,0.8615680230411228,0.006385573068011279,0.0021703907446185043,0.7422994583269887,0.9981609374086493,SEKER
1446,42073,753.785,257.1541533919065,208.51393952240562,1.2332708018509924,0.5852513653336326,42548,231.44979448174607,0.779620501797428,0.9888361380088371,0.9305042530628909,0.9000429953352275,0.006112094535495603,0.0024741319112873555,0.8100773934520082,0.9990447965839201,SEKER
1447,42078,750.704,277.2469395407155,193.74735374894948,1.4309714903252906,0.7152917604002391,42434,231.4635469428527,0.7491187466619191,0.9916105010133384,0.9382692717134445,0.8348642092363323,0.006588881114613706,0.001974489401651558,0.6969982478638065,0.9973846214997875,SEKER
1448,42083,747.0559999999999,251.00901505194426,213.80003745344183,1.1740363474286353,0.5239282761734708,42492,231.47729858690215,0.7526649019888396,0.9903746587592959,0.9475676813277462,0.9221871913205979,0.005964617899197877,0.0026609623725216665,0.850429215835773,0.9984348103064294,SEKER
1449,42094,743.573,267.07075785348076,201.03170213645407,1.3285007041934183,0.6583313703604677,42455,231.50754932848722,0.7875692261637479,0.9914968790484042,0.9567155601615739,0.8668397513422114,0.0063446276869264205,0.0022097400159022448,0.751411154507027,0.9982502479013747,SEKER
1450,42101,761.563,272.6025663162008,196.9605551368988,1.3840464966537411,0.6913509821638156,42573,231.5267977424969,0.7168079817482208,0.98891316092359,0.9122011250195445,0.8493199490790606,0.006474966540371982,0.0020782729805803083,0.7213443759036582,0.9983741563503375,SEKER
1451,42120,742.5569999999999,254.86464807032985,210.60326480799318,1.2101647536313824,0.5631807036050924,42479,231.5790353729047,0.7872602893349782,0.9915487652722522,0.9599279421507361,0.9086353761742606,0.006050917570520652,0.0025442487204147698,0.8256182468353402,0.9991341022750633,SEKER
1452,42122,748.798,251.2047804605414,214.14170331660716,1.1730773435062143,0.5227945545395498,42516,231.58453338540232,0.7847455100976227,0.9907329005550851,0.9440380438420309,0.9218954072483466,0.005963742948115982,0.0026572063665216117,0.8498911419055948,0.9969880430160782,SEKER
1453,42142,741.324,260.52358172365,206.11824375231066,1.2639520742119144,0.6115972826295533,42438,231.63950633307184,0.7914882428067013,0.9930251189971252,0.9636268355711654,0.8891306683276875,0.006182041234959186,0.00238327425642693,0.7905533453608402,0.9992215406440018,SEKER
1454,42143,746.0029999999999,268.7006719715621,199.9897732422644,1.3435720617876916,0.6678625818210053,42468,231.6422546379955,0.8031827711072994,0.9923471790524631,0.9515994103195842,0.8620829004198075,0.006375926535167456,0.002172296940674142,0.7431869271962279,0.9985251920666948,SEKER
1455,42156,746.626,253.29889176776592,213.2475744174343,1.1878160511778237,0.5396629028328265,42571,231.6779796352159,0.7544562960841864,0.9902515797138898,0.9503050584260844,0.9146426895843947,0.006008608306475138,0.002593937614213254,0.8365712496101755,0.9936927582408561,SEKER
1456,42158,762.3889999999999,273.02563768898534,197.09265254703053,1.3852654280140433,0.6920147966813812,42624,231.6834752996963,0.7352412842916688,0.9890671921921922,0.9114579146140542,0.84857772794076,0.00647624739525085,0.002071427364196128,0.7200841603571025,0.9975076926032145,SEKER
1457,42160,751.793,276.4470167472877,194.5797695095478,1.4207387409497512,0.7103395384470755,42462,231.6889708338195,0.7787793704743609,0.9928877584663934,0.9373761748555561,0.8380953918761819,0.006557092427592213,0.00199556040946862,0.7024038858840909,0.997932412469176,SEKER
1458,42173,759.369,248.70602717660424,216.7652559271144,1.1473518950852053,0.4902671960715667,42736,231.72468862880368,0.7441593732354602,0.9868260950954698,0.9190489269333968,0.9317212423817045,0.005897280894804833,0.002741419928050359,0.8681044735053071,0.9960213128082585,SEKER
1459,42173,741.927,259.62670873200733,207.0376737000709,1.2540070804124304,0.6033934072171641,42526,231.72468862880368,0.7997003944174758,0.9916991957861073,0.9627687997369744,0.8925302398991439,0.006156230496573811,0.002409829920663569,0.7966102291344235,0.9989548676635355,SEKER
1460,42174,754.05,248.5527662966112,216.35931568779375,1.1487962305042254,0.4922101662364898,42734,231.7274359234589,0.785012285012285,0.9868956802545982,0.9320825323066396,0.9323068070259426,0.005893507049286556,0.0027465593660537828,0.8691959824269081,0.9985290681814492,SEKER
1461,42175,742.742,252.73108517287716,213.04574044274457,1.1862761707775045,0.537954264748326,42638,231.73018318554338,0.7458793152235428,0.9891411417045828,0.960702652447343,0.9169041593242541,0.005992438296926548,0.002612637191563966,0.840713237386117,0.997318079968362,SEKER
1462,42177,751.217,272.118314807348,197.53168569366724,1.37759323954411,0.687796372195506,42504,231.73567761200465,0.7303376623376623,0.9923066064370413,0.9391927573249216,0.8515989736893194,0.006451817692281291,0.002093159713254818,0.7252208119887021,0.9990592877723261,SEKER
1463,42178,746.834,271.33663482456404,198.17803163127337,1.369155968454709,0.6830442654527785,42484,231.7384247763838,0.7452601819948759,0.9927972883909236,0.9502714556733921,0.8540624266465789,0.00643313184182664,0.002111352170416658,0.729422628609443,0.9986933454865414,SEKER
1464,42179,738.5699999999999,253.44885127765255,212.07886624506335,1.1950688711471371,0.5475516937294478,42529,231.7411719081968,0.7889381441370668,0.9917703214277317,0.9716790003524721,0.9143508472813119,0.006008887154215429,0.002590748751357602,0.836037471924053,0.9991223578089843,SEKER
1465,42192,758.318,245.2178697826291,219.31978602440435,1.118083663255731,0.4472930623523274,42784,231.7768816587754,0.7744493392070485,0.9861630516080778,0.9220134295102902,0.9451875667308899,0.005811951786656928,0.0028613683319692476,0.8933795363026605,0.9988730646269849,SEKER
1466,42202,749.097,255.0776193811668,211.31448512519685,1.2070995475300321,0.5600895228698521,42655,231.80434695430827,0.7740361688859543,0.9893799085687492,0.9450761024433525,0.9087600375002681,0.006044206894961538,0.002542822044783219,0.8258448057574889,0.996876891359892,SEKER
1467,42209,749.3140000000001,262.2500849717004,205.19992363789333,1.2780223321841035,0.6227021811447009,42613,231.82357072508066,0.7635215802612062,0.990519325088588,0.9446854649595173,0.8839790109127968,0.006213131914323969,0.002340227887737267,0.7814188917343667,0.9986707944270728,SEKER
1468,42210,747.163,268.8365871065994,200.04576713971184,1.3438754088650327,0.6680497628770108,42536,231.8263168479179,0.7705366922234392,0.9923359037050968,0.9501550955598369,0.8623317210763202,0.006369025991627562,0.0021724522124743077,0.7436159971744484,0.9993272522413907,SEKER
1469,42218,741.0939999999999,249.39157803780444,215.76865942114492,1.1558285559490507,0.501461058693033,42547,231.84828465966507,0.7742018301516569,0.9922673749030484,0.965963964431115,0.9296556302495507,0.005907233361073581,0.0027217755334665228,0.8642595908546894,0.9989359148626931,SEKER
1470,42219,740.7379999999999,263.2039537469881,204.63133956338666,1.2862348177389413,0.6289286601662375,42512,231.85103048978203,0.7756283068783069,0.9931078283778698,0.9669155779255453,0.8808797405553228,0.006234253623889435,0.0023154249887122427,0.7759491173208127,0.9980527714918281,SEKER
1471,42223,736.821,250.66632180142116,215.07889660536904,1.1654621897254227,0.5136017533965757,42491,231.86201348507427,0.7517537300145996,0.9936927820008943,0.9773158925212722,0.9249827093595615,0.005936724576686194,0.002680779675122027,0.8555930126141552,0.9971613059950645,SEKER
1472,42230,759.4259999999998,282.1025031404329,190.88457280229332,1.4778695784526157,0.7363050928843777,42626,231.88123247508824,0.7846525455221107,0.9907098953690237,0.9201529482693585,0.8219750973271439,0.006680144521440513,0.0018810496646451404,0.6756430606259678,0.9985123251917343,SEKER
1473,42247,743.56,265.95916064776884,202.51429082098505,1.313285889946733,0.6482250260073633,42535,231.9279005346843,0.7586782796085122,0.9932291054425767,0.9602265308114171,0.8720432865324204,0.006295338382554237,0.002245696249552428,0.7604594935862651,0.9987007228028799,SEKER
1474,42248,739.4480000000001,257.2817969612316,209.3736890065707,1.2288162766867876,0.5811572194976163,42578,231.9306454222278,0.7754203068790838,0.9922495185306967,0.9709586637150587,0.9014654288083046,0.0060897982617220126,0.002480726999300861,0.8126399193365407,0.9985851599661791,SEKER
1475,42277,743.905,269.40754254572266,200.03314772228413,1.3468144935646087,0.6698540982655441,42559,232.010233034598,0.7946804511278196,0.9933739044620409,0.9600173247053972,0.8611868503838279,0.006372437555780274,0.002162095688411225,0.7416427912740177,0.9988552603355588,SEKER
1476,42280,746.4269999999999,261.1940667488208,206.31004308091804,1.266026911963643,0.6132709324733362,42627,232.01846467771196,0.7814868211896048,0.9918596194899946,0.9536086058972663,0.8882991392788193,0.0061777215408898006,0.0023727121634222756,0.7890753608434913,0.9989906423952823,SEKER
1477,42297,740.845,250.15233808195148,215.6234381617783,1.1601351885237392,0.5069618205999762,42628,232.06510514005154,0.7660279629093016,0.992235150605236,0.968422165153711,0.927695127374846,0.005914186303566482,0.002702065459841239,0.860618249355032,0.9984335149624703,SEKER
1478,42297,756.1370000000001,266.42018748181204,202.48157801197672,1.3157749465289794,0.6499132600922884,42716,232.06510514005154,0.7546567228090209,0.9901910291225771,0.9296478077697601,0.8710492524366014,0.006298796309000923,0.002236702259714858,0.7587268001703621,0.9983137149242616,SEKER
1479,42301,744.3439999999999,255.12048029089115,211.31787095502952,1.2072830335546172,0.5602757080412573,42647,232.0760780042659,0.7627298954201226,0.9918868853612212,0.9594296029043244,0.9096724721576653,0.006031074449561267,0.0025475027573158915,0.8275040066014386,0.9990315473683846,SEKER
1480,42302,748.595,263.11690712049193,205.07871127833496,1.283004488766203,0.626501144727983,42695,232.07882113925615,0.7609231378051193,0.990795175079049,0.948586458946608,0.8820369001714429,0.00621996376342707,0.002322280280958963,0.7779890932640481,0.9981634988689219,SEKER
1481,42307,741.757,262.2280897330455,205.7696826437754,1.2743767029422397,0.6198790975885177,42592,232.0925363278848,0.753329772079772,0.9933086025544703,0.9662706484904051,0.8850788508742925,0.006198219910015968,0.0023462516809464166,0.7833645722649583,0.9983015608047754,SEKER
1482,42312,751.298,256.8438279795744,210.1836690410357,1.2219970711874333,0.5747449955963404,42692,232.10625070608117,0.774945054945055,0.9910990349479997,0.9419957699421276,0.9036863082594279,0.006070236055482473,0.002497216248472115,0.8166489437355537,0.9979426174331578,SEKER
1483,42315,759.195,255.14267281203868,211.47284010202367,1.2065032686417168,0.5594834572501654,42847,232.11447894405126,0.7608558842039018,0.9875837281489953,0.9225661819267034,0.9097438558035641,0.006029603516768018,0.0025476809686316815,0.8276338831723359,0.9985429852860601,SEKER
1484,42315,744.4409999999999,256.92436493255565,210.099378555258,1.2228706562546174,0.5755764529413313,42644,232.11447894405126,0.7983962264150943,0.992284963887065,0.9594970450083697,0.9034350595942228,0.00607170896685704,0.0024950455011343233,0.8161949069040169,0.9981008014373915,SEKER
1485,42320,750.314,257.71146801657966,209.81059995018933,1.2283052814193485,0.5806828567036347,42728,232.12819202585473,0.7603305785123967,0.9904512263621045,0.9446467247181325,0.9007289967046439,0.006089590454077969,0.002472546252816585,0.8113127255045544,0.9965397056199704,SEKER
1486,42324,745.4499999999999,253.7548381412077,212.8656716164635,1.192089058861578,0.5443418307360708,42666,232.13916190804824,0.7842861113684796,0.9919842497539024,0.9571048822032913,0.914816693185054,0.005995530624260649,0.002590262103320466,0.8368895821300371,0.9976469143324552,SEKER
1487,42338,744.146,258.73536719711365,208.62797372091816,1.2401758143096582,0.5914559844667473,42717,232.17755241408958,0.7505939084494557,0.9911276540955591,0.9607798789665155,0.8973552975353717,0.00611118539366795,0.00244434749144277,0.8052465300147956,0.9986472710811257,SEKER
1488,42339,741.2259999999999,260.19933054636994,207.30639412352278,1.2551437771443321,0.6043466663528361,42676,232.18029435019253,0.7712021857923498,0.9921032899053333,0.968387491136667,0.8923170319564517,0.006145618237236825,0.0024033779461940423,0.7962296855195715,0.9993827349574785,SEKER
1489,42365,746.0219999999999,264.52928030399113,204.53765524526565,1.293303572815422,0.6341455849169072,42728,232.2515733266519,0.7694053975518507,0.9915043999251076,0.9565634992957054,0.8779805889909563,0.00624405240892225,0.002288684664780585,0.7708499146449066,0.9969429487147207,SEKER
1490,42370,753.514,260.38175024281185,207.5408241484373,1.2546049737982232,0.6038953244645191,42766,232.26527831432068,0.7519077196095829,0.9907403077210869,0.9377469850464859,0.8920182697048779,0.006145427194779605,0.0024000861910012878,0.7956965934872842,0.9982849038234498,SEKER
1491,42379,759.9649999999999,251.03756726329095,215.21791236483398,1.1664343571818319,0.514794567760099,42840,232.28994525448462,0.7635855855855855,0.9892390289449113,0.9220901563931565,0.9253194563141077,0.005923631215066211,0.002678764603975702,0.8562160962334358,0.9987198718187852,SEKER
1492,42412,752.0340000000001,246.964872683731,218.8193832425674,1.1286242974643774,0.463619420442186,42848,232.38036830013786,0.7714358470660991,0.989824495892457,0.9423748021745768,0.9409450249944235,0.005822995206161723,0.0028156793568305002,0.8853775400617562,0.9992586041429383,SEKER
1493,42435,757.59,266.8592753863943,202.65162177080154,1.3168376006791174,0.6506297770908628,42788,232.44336962115446,0.7577678571428571,0.9917500233710386,0.9291067251229774,0.8710335036494126,0.006288659723963575,0.0022329412630324643,0.7586993644797712,0.9990838507583131,SEKER
1494,42453,742.9039999999999,258.35618604556765,209.51061951157453,1.2331412443334149,0.5851333177572783,42776,232.49266309421867,0.7828756892323012,0.9924490368430896,0.9666134998859157,0.8998919927282589,0.006085699150721213,0.0024617944689690006,0.8098055985764366,0.9986046834967129,SEKER
1495,42455,739.1260000000001,251.47393885184158,215.283443660572,1.168106262961538,0.5168325723768792,42756,232.49813950165563,0.7785479818818654,0.9929600523903078,0.9765663377396341,0.9245416863599304,0.005923305590668745,0.002669622737121007,0.8547773298172641,0.9984707523970865,SEKER
1496,42461,747.718,265.85227489911625,203.4464715252584,1.30674310990009,0.6437197076076735,42808,232.51456795005282,0.7599148113680292,0.9918940384974771,0.954386770810265,0.8746006331459297,0.0062610931183701805,0.0022597951657790465,0.7649262674992613,0.9995621296362528,SEKER
1497,42468,754.241,261.3933150163583,207.32164254084037,1.2608105541362684,0.6090386179832342,42937,232.53373300623048,0.7740594925634295,0.989077019819736,0.9381048891867036,0.8895932667278742,0.006155065343702513,0.0023778167335787343,0.7913761802075708,0.9977754402977507,SEKER
1498,42492,747.511,268.3935132008722,201.76751185630704,1.3302117408872756,0.6594367884081384,42859,232.5994297819462,0.7649049539170507,0.9914370377283651,0.9556125859545104,0.8666358102621623,0.006316330443398102,0.0021978149706762423,0.7510576276287546,0.9990656743547128,SEKER
1499,42502,758.8069999999999,264.6697571464456,204.63561039502957,1.2933709662532626,0.6341947069620899,42908,232.62679796260338,0.7567211480254958,0.9905378950312296,0.9275911015552324,0.878932298388318,0.0062272306514151235,0.002292431726475567,0.7725219851501712,0.9991575063855656,SEKER
1500,42506,748.9899999999999,259.4181961658253,209.12643650758275,1.2404849453666227,0.5917298311907726,42916,232.63774433335797,0.7999473050286059,0.9904464535371423,0.9521559008524588,0.8967672575467731,0.006103095943298012,0.002434719490050756,0.8041915142079605,0.9975874665665635,SEKER
1501,42515,763.56,237.02091559062936,228.6913629211792,1.036422681482383,0.2627743751390126,43038,232.66237178455702,0.7698645516442126,0.9878479483247363,0.916359125005615,0.9816111426486926,0.005574995074459117,0.0031928768580522285,0.9635604353720723,0.9986558901986554,SEKER
1502,42516,758.3879999999999,279.19337923828584,194.21581165076557,1.437541963577739,0.7183984309754986,42878,232.66510800711004,0.7265208475734791,0.9915574420448715,0.9289222326977942,0.8333475121862941,0.00656678378112442,0.0019536063246533212,0.6944680760670856,0.9983270017115328,SEKER
1503,42528,746.8069999999999,258.9735050875229,209.3971829439519,1.2367573500587197,0.5884054297649529,42883,232.69794016814373,0.7880663392939868,0.9917216612643704,0.9582262484429929,0.8985395633020489,0.006089482343103905,0.0024485498759937562,0.8073733468190366,0.9985249209199514,SEKER
1504,42535,743.443,261.6697884722022,207.22098508316765,1.2627571882605502,0.6106275998262716,42835,232.71709012298635,0.760640200286123,0.9929963814637562,0.9670767623805102,0.8893540652199077,0.006151869953501874,0.0023740271816821788,0.7909506533231758,0.9987786230432185,SEKER
1505,42567,751.0319999999998,262.5720161181227,207.1611749612679,1.267476959267173,0.6144330339728428,42989,232.8046127136266,0.7880442831753555,0.9901835353229896,0.9483442684523676,0.8866314703121116,0.00616844071976232,0.0023514065677983646,0.7861153641478169,0.9963831113832816,SEKER
1506,42586,746.12,247.4483837374146,219.3118287155527,1.1282947444588363,0.46312449749412005,42974,232.85656368694364,0.7809502851589004,0.9909712849630009,0.9613009038851265,0.9410308532628955,0.005810557078321857,0.0028106902383881307,0.8855390667926931,0.9991490750751779,SEKER
1507,42590,755.861,277.1569455548966,196.37827047061984,1.4113422268700653,0.7056652598698614,42922,232.86749925713244,0.692520325203252,0.9922650389077862,0.936771412020097,0.8402008428506378,0.006507559181847772,0.0020004621589496214,0.7059374563269222,0.9963193416434277,SEKER
1508,42615,748.901,271.5528043056952,200.11783558822162,1.3569645279617346,0.6759593180354513,42914,232.93583493934324,0.7682531097890751,0.9930325767814699,0.9548244597598097,0.8577920435582036,0.00637223522951297,0.0021281371669563155,0.7358071899917591,0.9984642562380178,SEKER
1509,42616,748.262,258.00208175805614,210.62548403821253,1.224932884718016,0.5775274618537426,42976,232.93856794964995,0.7742732558139535,0.9916232315711094,0.9564784001957337,0.9028553814852172,0.006054113050451853,0.0024814358549905715,0.815147839876817,0.9985013949719691,SEKER
1510,42627,747.405,253.59034651030728,214.36169949376955,1.1830021272884987,0.534280868123611,42968,232.96862894695883,0.768054054054054,0.9920638614783095,0.9589205708537593,0.9186809835345594,0.005949054507948185,0.002613885849122741,0.8439747495080255,0.998423924045772,SEKER
1511,42633,755.012,259.67365436630797,209.6460998012018,1.238628596537427,0.5900803663144665,43078,232.98502421978583,0.7495253164556962,0.9896699011096152,0.9398272858141672,0.8972224186098067,0.006090907380815518,0.0024347940110767256,0.8050080684560311,0.997106014032999,SEKER
1512,42642,753.5799999999998,258.86418312802664,209.90328613786394,1.2332545520893146,0.5852365625535303,43052,233.0096149659855,0.7808459989013001,0.9904766329090402,0.9436016732016478,0.9001230380749343,0.00607063888016572,0.0024582252265753102,0.8102214836732496,0.9992093329405933,SEKER
1513,42642,765.967,269.8155475042517,201.55313146641188,1.3386819918955986,0.6648202161420217,43139,233.0096149659855,0.7701004117604565,0.9884791024363105,0.9133291334226795,0.8635885408431246,0.006327459957418782,0.0021708841708956384,0.745785167875557,0.9983691740578441,SEKER
1514,42651,755.515,270.9975279337668,200.55246500827133,1.3512550340510157,0.6725488320487965,43001,233.03420311726651,0.784256398940865,0.991860654403386,0.9389725573874552,0.8599126526874492,0.006353837610695336,0.002143054572890792,0.7394497702519657,0.9991852244808355,SEKER
1515,42659,750.1089999999999,250.89438625321455,217.15382399082768,1.1553763209982064,0.5008763293698072,43069,233.0560570739523,0.7418956521739131,0.9904803919292299,0.9527342589638608,0.9289010430019787,0.005881393990792436,0.0027010824322958827,0.8628571476901638,0.9969247168452676,SEKER
1516,42659,761.4929999999999,268.3425461881551,203.35028334065657,1.3196074368808335,0.6524855977024024,43075,233.0560570739523,0.7911242164608138,0.9903424260011607,0.9244612327310441,0.868502070896127,0.006290408734104295,0.002207710187691283,0.7542958471508611,0.9953744095086047,SEKER
1517,42670,744.706,261.4236082936022,208.10266783807216,1.2562242041847336,0.6052489525722549,42964,233.08610291874845,0.7852410747147589,0.9931570617260963,0.9668582360474398,0.8916031128182266,0.006126637175851937,0.0023882964261307186,0.7949561107871513,0.9986431076353801,SEKER
1518,42687,753.4639999999999,265.3042471508264,205.0371061541564,1.2939328501415661,0.6346038090098739,43021,233.13252978962393,0.7671998562185478,0.9922363496896864,0.9448883282961513,0.8787365158805288,0.006215106405950908,0.0022859305231004274,0.772177864341851,0.9991463048240788,SEKER
1519,42697,759.1549999999999,271.5429700497254,200.43298308367446,1.3547818621068208,0.6746626560564096,43083,233.15983539528682,0.7366632160110421,0.9910405496367477,0.9309927778619486,0.8586480266920193,0.006359766963714673,0.002132463811790919,0.7372764337420987,0.9988487397925967,SEKER
1520,42703,746.486,257.22017711423007,211.60610739438854,1.215561215512682,0.568526030650976,43082,233.17621722385337,0.7801059554256485,0.9912028225244882,0.9629969600824244,0.9065238187760872,0.006023468541185164,0.002509246272271733,0.8217854340083803,0.9989305010538437,SEKER
1521,42708,751.454,268.98644738651427,202.32836277087367,1.3294549696481626,0.6589486301643904,43057,233.18986786854467,0.7874764907622525,0.9918944654759969,0.9504172212378273,0.8669205089484212,0.006298268413096241,0.002194411329781048,0.7515511688353896,0.9991534363530941,SEKER
1522,42713,830.9780000000001,271.756763431852,200.6023582085274,1.3547037325920126,0.6746160789080504,43271,233.203517714191,0.7699365491383662,0.9871045272815512,0.7773039731716433,0.8581332614106992,0.006362389985059631,0.002128232108631473,0.7363926943393637,0.997593931675025,SEKER
1523,42714,751.259,266.4714283304919,204.46016203653627,1.3032926594417666,0.641303429204992,43016,233.20624758744722,0.7576628352490421,0.9929793565185048,0.9510442663866129,0.8751641744427945,0.00623850326193969,0.0022574507999760735,0.765912332228138,0.998207920368856,SEKER
1524,42715,756.895,257.0854585720192,211.9778320858197,1.212794073995141,0.5658003324287452,43190,233.20897742874837,0.778036829930238,0.9890020838156981,0.9369555802226421,0.9071262868157043,0.0060186224645211095,0.0025138992777422394,0.8228781002320475,0.997981683581807,SEKER
1525,42719,744.2189999999999,258.69829086117926,210.67968093605114,1.2279223592506934,0.5803267428573498,43060,233.2198964744248,0.7901561112755253,0.9920808174640037,0.9692357732638667,0.9015130934884046,0.00605581335848637,0.0024674047666982703,0.812725857731033,0.9979642526491334,SEKER
1526,42730,748.3549999999999,260.91155356430374,208.76759657320653,1.2497703563532303,0.5998039513770999,43110,233.2499212144208,0.7544804449545334,0.9911853398283461,0.9587986801094031,0.8939808070129577,0.006106050867407062,0.002405763660823056,0.7992016833075392,0.9988185725453645,SEKER
1527,42741,761.007,275.24837966721043,198.1186956211,1.3893104777633918,0.6942006706795472,43261,233.27994209002534,0.7732428765264586,0.9879799357388872,0.9274216711747583,0.8475252147608385,0.006439914360150919,0.0020496059156740027,0.7182989896554057,0.9979403124951134,SEKER
1528,42743,771.7320000000001,268.96338223677884,202.87777235816714,1.325741007062824,0.6565354827389784,43327,233.2854000159784,0.7421046235046964,0.986521106931013,0.9018656527459402,0.8673500387893259,0.00629257146753337,0.0021967747517775697,0.752296089787845,0.9973497756847624,SEKER
1529,42743,748.8929999999999,265.3749873208477,205.24729992127774,1.2929523916886208,0.633889428402347,43104,233.2854000159784,0.7454307638646669,0.9916249072011878,0.9577128671238008,0.879078327506157,0.006208618658513621,0.0022870994076983416,0.772778705891022,0.9991660760278341,SEKER
1530,42745,756.5889999999999,252.42234338154978,215.9330996712212,1.1689840222082069,0.5178958402050846,43206,233.29085781424126,0.7984496124031008,0.9893301856223673,0.9383722147043247,0.9242084305572338,0.005905306898620886,0.0026576754137183647,0.8541612231130652,0.9985008222089924,SEKER
1531,42749,744.5939999999999,257.72289680000176,211.7778140971506,1.2169494613905798,0.5698816088980875,43052,233.3017730277322,0.745301440078106,0.9929619994425346,0.9689397199608771,0.9052427080577911,0.006028746796416332,0.002497278323700427,0.819464360491803,0.9972467121292757,SEKER
1532,42764,752.7539999999999,264.64112966630427,205.92841156956385,1.2851122759081104,0.6280882342127974,43159,233.34270053090262,0.7723036913963737,0.9908477953613383,0.9483792449670037,0.881732559202468,0.006188409168139189,0.002307311845283668,0.7774523059577336,0.9991135023193516,SEKER
1533,42767,763.098,250.3744490871961,217.58971678967356,1.1506722504226286,0.49471162233766286,43298,233.3508851701418,0.7775818181818182,0.9877361540948774,0.9229071700472407,0.9320075831255225,0.005854384200135528,0.0027248259491970835,0.8686381350034776,0.9995177976073666,SEKER
1534,42772,753.505,269.3754712802784,202.61825781611526,1.3294728430877547,0.6589601732819855,43098,233.36452559764172,0.7823383084577115,0.9924358438906677,0.9466667971662209,0.8663169088429428,0.006297939569818536,0.0021881919510091104,0.7505049865471918,0.997775998216432,SEKER
1535,42779,746.717,264.3401439141245,206.18593219531317,1.2820474272887044,0.6257765906558969,43102,233.38362085678918,0.7639107142857143,0.9925061482065798,0.9641140566695667,0.8828913285778036,0.006179203438933227,0.002316014435563355,0.7794970980778793,0.999352249169756,SEKER
1536,42794,745.798,259.52155632084333,210.2591515102172,1.2342937487229053,0.5861812954539947,43098,233.42453400916654,0.7864809233257369,0.9929463084133835,0.9668304448517709,0.8994417932689438,0.006064437919354193,0.002448288380784456,0.8089955394788536,0.9985381371234636,SEKER
1537,42805,759.7669999999999,280.2144235797731,194.72694484139558,1.4390120679395795,0.7190858913193238,43198,233.45453243059694,0.7686989314896292,0.9909023565905829,0.9318446427586738,0.8331281789430648,0.006546301216674993,0.0019454633022494702,0.6941025625489873,0.9988219638957796,SEKER
1538,42811,752.5799999999999,266.85353884006804,204.81052169321123,1.3029288565545083,0.6410470130180976,43170,233.4708935813136,0.7783535144176575,0.9916840398424832,0.9498606383088402,0.8749027447645673,0.006233293752541824,0.0022528717690885585,0.7654548127965736,0.9973331639811849,SEKER
1539,42820,750.13,265.14226949645865,206.30572770792264,1.2851910242251434,0.6281473001458949,43166,233.49543315782358,0.802774653168354,0.9919844321920029,0.9562764438031045,0.8806420553058676,0.006192019371706181,0.002297257906868271,0.775530429573343,0.99670474710113,SEKER
1540,42824,747.535,266.98874963098564,204.3706612347317,1.306394704689698,0.6434770059329237,43142,233.50633880847562,0.7874374816122389,0.9926289926289926,0.9630171727583478,0.8745924280750136,0.006234558883592977,0.002250133813598816,0.7649119152461478,0.9992768756316227,SEKER
1541,42836,755.2529999999999,272.49294357278944,200.81340713194626,1.356945970214755,0.6759483302127304,43192,233.53905270484296,0.7229704641350211,0.9917577329135026,0.9436997844002906,0.8570462399605553,0.006361306928116291,0.002117108563566748,0.7345282574305259,0.9967151589292185,SEKER
1542,42846,748.7919999999999,269.0570455047303,203.13738158215136,1.3245077957053424,0.6557277330670657,43131,233.5663107850162,0.786396006166948,0.993392223690617,0.9602797171353981,0.8680921562446499,0.006279630432356119,0.0021997695022737914,0.7535839917334856,0.998127871769752,SEKER
1543,42863,742.6719999999999,258.75420108149643,211.13903643682946,1.2255156860058558,0.5780758587360956,43143,233.6126422220837,0.7942740665245993,0.9935099552650488,0.9765586407640809,0.9028361326914487,0.00603677299959164,0.0024741175806061613,0.815113082493251,0.9989338684640642,SEKER
1544,42883,752.306,258.70037672676995,211.22917368822448,1.224737910060725,0.5773437058906826,43202,233.667138033738,0.7864399941314554,0.992616082588769,0.9521513181368925,0.9032346260574984,0.006032702393180747,0.002476817323516255,0.8158327897092292,0.9991813458274924,SEKER
1545,42888,750.7339999999999,253.1718812846628,215.83213067672824,1.173003669522504,0.5227072412521757,43254,233.68076000090733,0.7928567467139925,0.991538354834235,0.9562544916009579,0.9230122982660941,0.005903093669200308,0.002642952681981249,0.8519517027504572,0.9993424735822317,SEKER
1546,42911,764.207,285.9943826357963,191.3516456242584,1.4946011135821644,0.7431950345064436,43321,233.74341082505526,0.7518879991589423,0.9905357678723945,0.923329001054187,0.817300705946799,0.006664826795828489,0.0018344088055913988,0.6679804439411361,0.9983643153655305,SEKER
1547,42927,751.413,260.5172910796723,210.11808701790522,1.239861331202165,0.5911770560551451,43276,233.78698410486055,0.7787917271407837,0.9919354838709677,0.9553950649072991,0.8973952674541016,0.006068844575201442,0.0024278445568201652,0.8053182660490187,0.9984829773849554,SEKER
1548,42932,750.7040000000001,270.42435344244245,202.35101974266541,1.3364121109265845,0.6633918515428227,43263,233.80059908941638,0.7601947764497565,0.9923491204955736,0.9573120484148863,0.8645693189728892,0.006298899502525912,0.0021709195047840313,0.7474801073092455,0.9989414680847788,SEKER
1549,42946,751.381,258.6002925025684,211.65713387632073,1.2217886908252207,0.5745462226392075,43341,233.838716828921,0.761534915061886,0.9908862278212316,0.9558993490643978,0.9042476888404856,0.0060215222023603686,0.002483337143944819,0.8176638827733596,0.9990124848687297,SEKER
1550,42974,755.268,253.46772851333276,216.2708892821648,1.1719918910706373,0.5215050025226252,43417,233.91493367343796,0.7643355150825271,0.9897966234424304,0.9467023924588188,0.9228588390538787,0.005898164669645199,0.0026389900995491765,0.8516684368198727,0.9981485018336962,SEKER
1551,42998,748.297,258.41257317079044,212.14190021104878,1.2181119001654526,0.5710106659835049,43376,233.98024263711355,0.7794152301194555,0.9912855035042419,0.9649617776826198,0.9054522377379485,0.00600987425393717,0.0024917664470086934,0.8198437548246583,0.9986614340282439,SEKER
1552,43027,775.1949999999999,244.13358870679463,224.70266173865,1.0864739510328747,0.3909577409112339,43738,234.059133321731,0.7834771841654831,0.983744112670904,0.8997648121473526,0.9587338414249786,0.005673962598061557,0.002957048590400496,0.9191705786934962,0.9986548903062965,SEKER
1553,43033,746.785,259.64301364730795,211.83461011592462,1.225687405401887,0.5782371927818057,43303,234.07545221271764,0.7447217222760626,0.9937648661755537,0.9696618637196605,0.9015280208181508,0.0060335791984595065,0.0024585084178064508,0.8127527723202921,0.9961808367384493,SEKER
1554,43059,765.563,272.92728861035846,201.05621709066776,1.3574675409678076,0.676256906540608,43472,234.14615426427864,0.7745260279886319,0.9904996319470004,0.9232343027911601,0.8579067174134967,0.006338449304683306,0.0021179858648824046,0.7360039357832013,0.9991014528502504,SEKER
1555,43061,773.2579999999999,290.4197928696904,189.09828735975012,1.5358139776125055,0.7589743505621327,43491,234.151591999373,0.7041633961276819,0.9901128969212021,0.9049928155965774,0.8062521830405526,0.006744381061045735,0.0017579457842893467,0.6500425826576568,0.9983444844889617,SEKER
1556,43066,762.0889999999999,276.47883175903974,198.44560292758402,1.393222261820189,0.6962900035754994,43430,234.1651857846604,0.7760618456381886,0.9916186967533963,0.9318221162579281,0.8469552055570856,0.006419886494195879,0.002037740508308267,0.7173331202202451,0.9994044722317834,SEKER
1557,43113,753.3979999999999,260.922042672477,210.8784942064504,1.2373098719921334,0.5889012742020386,43517,234.29292881383992,0.7989066987862503,0.9907162718018245,0.9544851636382076,0.8979422605085791,0.006052050255664811,0.002427034415335675,0.806300303207257,0.9976433249485895,SEKER
1558,43113,745.717,251.36545568337812,218.7032870343644,1.149344662770805,0.4929440188946631,43461,234.29292881383992,0.771072916852968,0.9919928211499965,0.9742491165037224,0.9320808548528526,0.005830386558193077,0.002714510104922414,0.8687747199832248,0.99852158756292,SEKER
1559,43125,755.0109999999999,265.4700353057711,206.94787038259864,1.2827869879258895,0.6263366992292633,43467,234.32553289538015,0.7486979166666666,0.9921319621782042,0.9506757456340911,0.8826816654673723,0.006155826905641069,0.002305061862523298,0.7791269225522542,0.9994538781927741,SEKER
1560,43132,745.5849999999999,258.004036270219,213.00432288457938,1.211261972415572,0.5642774317171497,43433,234.34454984811794,0.7838049028693962,0.9930697856468583,0.9750236193383821,0.9082979988835468,0.005981731342627724,0.0025114243221201643,0.8250052547758558,0.9992974921530146,SEKER
1561,43144,765.795,258.0336328197813,213.19014403076403,1.2103450372571924,0.563361258126006,43652,234.37714674868334,0.7522404714579628,0.9883625034362686,0.9244963873728942,0.90832014488739,0.0059807535884429195,0.0025112587147453395,0.8250454856082493,0.9985897090173951,SEKER
1562,43157,749.909,261.27289660137353,210.53956982009953,1.240968131665816,0.5921572032845968,43478,234.4124549424271,0.7717632331902718,0.9926169557017342,0.9643706403739674,0.8971939224912118,0.006054009699501206,0.002419737011521095,0.8049569345551665,0.9989259031463674,SEKER
1563,43165,755.2109999999999,271.8091503608431,202.5786440049471,1.3417463212667438,0.6667322065205243,43482,234.4341804184989,0.7557294675840818,0.9927096269720804,0.9510536029797131,0.862495541843508,0.0062969802006450385,0.0021495102786889017,0.7438985596999266,0.9981231558730056,SEKER
1564,43181,755.838,261.1133383252485,210.74764888479666,1.2389857714046613,0.5903986698635967,43561,234.4776253317341,0.7818395799384392,0.991276600629003,0.9498283210849865,0.8979917565132718,0.006046949777106794,0.002425523707883898,0.8063891947657911,0.9991047385292773,SEKER
1565,43196,750.694,256.7552351247903,214.50559100467893,1.19696290396081,0.5495698391365528,43547,234.5183476284533,0.7890977512285124,0.9919397432658966,0.9632244701526206,0.9133926617483408,0.005943958587017092,0.0025520290295222414,0.8342861545357192,0.9986095782673716,SEKER
1566,43204,781.451,263.3512758187215,209.88162638434818,1.2547609829192785,0.6040261038477657,44006,234.5400632956723,0.7291814345991561,0.9817752124710267,0.8890584599451177,0.8905977864224153,0.006095529946734596,0.002365471268704185,0.793164417180506,0.9952317637180084,SEKER
1567,43209,756.121,268.34753469941285,205.5796153548476,1.305321708264813,0.6427277499179038,43543,234.55363456672686,0.7506253908692934,0.9923294214913994,0.9497328924838688,0.8740666644448963,0.006210454643694898,0.0022360493590585884,0.7639925338938269,0.9972560394438533,SEKER
1568,43220,747.775,252.02519139392524,218.85930683803525,1.1515397496001123,0.4958599540954033,43537,234.58348859937632,0.7795815295815296,0.9927188368514137,0.9712985570700545,0.9307938119277653,0.0058312168300306624,0.002699932476383675,0.8663771203230204,0.9976676921960372,SEKER
1569,43231,750.0070000000001,263.9812639195021,208.74137764902088,1.2646331402648974,0.612148071861304,43567,234.6133388331657,0.7864900758637,0.9922877407211881,0.9657717820059153,0.8887499641061958,0.006106295573072612,0.0023500438712119732,0.7898764986987643,0.9989039969708605,SEKER
1570,43236,751.588,252.6478809726863,218.22183729562548,1.1577570975650058,0.5039393582110694,43630,234.62690586582244,0.7720714285714285,0.9909695163878065,0.9618241940937095,0.9286715762765012,0.005843461027215429,0.002681010581313458,0.8624308965838813,0.9984854916793401,SEKER
1571,43238,754.895,267.6586351808781,205.93115036468578,1.2997481668357527,0.6387915976120709,43630,234.63233245923072,0.7755695067264574,0.9910153564061426,0.9534597485283932,0.8766103596869614,0.006190356519285769,0.0022548716161524085,0.7684457227105037,0.9987859194057525,SEKER
1572,43242,753.985,256.3328910226158,215.02653471778333,1.1920988791408742,0.5443524799219958,43702,234.64318526954477,0.791282389108476,0.9894741659420622,0.9558510565084379,0.9153846169855847,0.00592786853111826,0.002567395439136511,0.8379289970138455,0.9988942181398421,SEKER
1573,43250,748.18,258.70004617548557,213.13070675196514,1.213809357262408,0.5668040988999207,43565,234.6648893844066,0.7969118514150944,0.9927694249971307,0.9709207585135211,0.9070925686082983,0.005981503957814696,0.002498023922439996,0.8228169280244005,0.9987428865499267,SEKER
1574,43287,754.888,260.05557960386153,212.24378198563178,1.2252683078436024,0.5778432431536298,43653,234.76524481479578,0.7533939014202172,0.9916156965157034,0.9545579714116318,0.902750270432228,0.006007706230597212,0.002461268307690842,0.8149580507654607,0.9985422718249165,SEKER
1575,43289,752.1419999999999,263.4774873274056,209.49075050857553,1.2577046322463774,0.6064793443030787,43618,234.77066821057622,0.7823077618144032,0.9924572424228529,0.9615851246387168,0.8910464062489052,0.006086476641350125,0.002366720726725844,0.7939636980890891,0.9985718209221116,SEKER
1576,43290,750.6779999999999,252.7557219827423,218.46246971756884,1.1569754855811538,0.5029379012634525,43615,234.77337986148515,0.7843954411205132,0.992548435171386,0.9653617195830331,0.928854856459056,0.005838663016464364,0.002680924585930862,0.8627713443675734,0.998205295095178,SEKER
1577,43303,762.695,265.1642831623083,208.43737413682646,1.2721532511162998,0.6181389943682165,43727,234.80862847362903,0.7495759044486758,0.9903034738262401,0.9354617845860266,0.8855213291674789,0.00612346218881621,0.0023225919073980206,0.7841480244105387,0.9975564586102904,SEKER
1578,43305,778.579,255.21543005796448,216.41628877480667,1.1792801341470673,0.530036321930073,43833,234.81405086739636,0.7919135396093921,0.9879542810211485,0.8977233793777765,0.9200621248255462,0.005893440250732351,0.00260505717460652,0.8465143135384992,0.9982775132270938,SEKER
1579,43329,754.79,265.2865540162792,208.1735396919478,1.27435290003161,0.6198605431305809,43707,234.87910982850278,0.7658547794117647,0.9913514997597639,0.9557322800013394,0.8853788715356057,0.006122609661341808,0.002320774536099036,0.7838957461616626,0.9989598174435576,SEKER
1580,43334,751.813,263.4882989154022,209.76889802818263,1.2560884925848366,0.6051358187591233,43677,234.89266151064308,0.7816378066378067,0.9921468965359342,0.9634273719267207,0.8914728376080933,0.006080405661037573,0.0023688893638051426,0.7947238201930259,0.9982434453275203,SEKER
1581,43357,761.958,264.0043726068866,209.3619217845923,1.2609951721713495,0.6091898105716027,43842,234.9549891810822,0.7877361918604651,0.9889375484695041,0.9384411047209505,0.8899662791984884,0.006089083022508167,0.0023562743980439587,0.7920399781104017,0.998758588563918,SEKER
1582,43362,751.4889999999999,263.16076897256403,210.24742847707043,1.2516717606430288,0.6014220271839503,43682,234.9685364869223,0.765139751552795,0.9926743280985303,0.9648813525691909,0.892870686631179,0.0060689259944782074,0.0023792817029208288,0.7972180630452329,0.9978553365882519,SEKER
1583,43373,768.891,280.0361060286777,197.48218938208538,1.4180322129550038,0.7090058507475481,43813,234.99833781071348,0.7214884556524054,0.9899573186040673,0.9219338721039964,0.8391715666359394,0.006456461532028628,0.001975046714101875,0.7042089182502168,0.9985909307290045,SEKER
1584,43373,762.1149999999999,282.22605445018837,195.88471286005768,1.4407763134217317,0.7199072613820308,43690,234.99833781071348,0.767052789813423,0.9927443350881209,0.9384006657187155,0.8326599692169443,0.006506952584561556,0.0019294261008484812,0.6933226243363626,0.9989228147032247,SEKER
1585,43379,757.0199999999999,274.984781527994,201.05083703449438,1.367737561225944,0.6822334417342734,43734,235.01459148543654,0.793440883816213,0.9918827456898522,0.9512062458440379,0.8546458105046499,0.006339122191106158,0.0020861885531117674,0.7304194614131501,0.9990221328251894,SEKER
1586,43402,767.4419999999999,267.51796362504183,206.7382744274165,1.2939934047817758,0.6346478507004583,43872,235.07688682768352,0.7564618736383443,0.9892870167760759,0.9260373001560722,0.878733090078286,0.006163724335861063,0.0022669967263938156,0.7721718435985332,0.9991852729746868,SEKER
1587,43407,766.597,267.183501350446,207.39965429469936,1.2882543235621708,0.6304322944159161,43864,235.09042710905777,0.78042071197411,0.9895814335217946,0.9281868358406892,0.8798837724665716,0.006155309082646716,0.002275783062437642,0.7741954530500056,0.9973606396738434,SEKER
1588,43413,755.879,256.98227218026904,215.5416130312885,1.1922629165021834,0.5445302936021649,43828,235.10667441735382,0.7688888101732139,0.9905311672903166,0.9548279044125085,0.9148750706524619,0.005919477395717159,0.0025580575101486567,0.8369963949013471,0.9979197628868933,SEKER
1589,43434,767.9110000000001,269.43789122156664,205.4675132617922,1.3113405956214008,0.6468958179492073,43900,235.16353115656995,0.7579575596816976,0.9893849658314351,0.9255884222618395,0.8727930956199034,0.006203386545599453,0.0022205155285729365,0.761767787761774,0.9989370245287216,SEKER
1590,43435,756.5740000000001,261.266251877833,212.1423231594604,1.2315611896144256,0.5836887078196791,43926,235.1662382774615,0.7734152421652422,0.9888221099121249,0.9535574528808848,0.9001018561992624,0.006015108826472499,0.0024355097979015953,0.8101833515333575,0.9977903722202243,SEKER
1591,43460,753.4319999999999,262.52053089237216,210.99589600111756,1.2441973321176907,0.5949928030110672,43812,235.23390617466305,0.7787693079597175,0.9919656715055236,0.9620806114251614,0.8960590829793192,0.006040509224398807,0.0024021487687421474,0.8029218801897385,0.9989932612309926,SEKER
1592,43479,750.885,256.21179765623316,216.23302793006883,1.184887434213305,0.5364029250889992,43875,235.28532076085864,0.79248687664042,0.9909743589743589,0.9690418948417457,0.9183235234021028,0.00589277116898349,0.002585128740981668,0.8433180936336524,0.999237012191234,SEKER
1593,43483,751.2149999999999,250.16005255248604,221.5601389329744,1.129084201505053,0.46430850005014634,43837,235.29614345271168,0.7709751773049646,0.9919246298788694,0.968279776236757,0.9405824033529263,0.005753054125807466,0.002777573890455287,0.8846952574971672,0.9988954383864964,SEKER
1594,43485,758.1129999999999,265.53314209582686,208.89852011746515,1.2711106902361762,0.617318228024596,43876,235.3015546119671,0.758265327474367,0.9910885221989243,0.9507830933972469,0.8861475925556982,0.006106315789256683,0.0023226473247194065,0.7852575557922601,0.9981492737562723,SEKER
1595,43504,759.998,246.00128344277323,225.33816766700272,1.0916982506323818,0.4011690568777007,43929,235.35295441986386,0.7734044444444444,0.9903252976393726,0.9464859150285267,0.9567143354949753,0.005654681947470881,0.0029222480095137445,0.9153023197415922,0.9992339412616572,SEKER
1596,43520,760.012,271.0670038372523,204.75146429799028,1.3238831027002962,0.6553173184704878,43900,235.39622976350807,0.7925407925407926,0.9913439635535307,0.9467991332832083,0.8684060635607246,0.00622856166905451,0.002185037628451005,0.754129091229033,0.9983787611328472,SEKER
1597,43524,764.419,283.77722669943796,195.5546114241772,1.4511405516482412,0.7246537802945362,43869,235.4070473563891,0.7153846153846154,0.9921356766737331,0.9359997212945742,0.8295487629305786,0.00652001715603892,0.0019045666761161276,0.6881511500796532,0.9986040395439594,SEKER
1598,43525,762.4789999999999,282.820459041032,196.11829407736164,1.4420911642718526,0.7205168435272441,43861,235.40975167693873,0.7856498194945848,0.9923394359453729,0.9407903843261964,0.8323646474344529,0.006497885331212682,0.0019240055093504673,0.6928309062986812,0.9991253283077879,SEKER
1599,43567,753.9879999999999,262.8868698116149,211.48721039883662,1.243039091185918,0.5939798343421031,43956,235.52330510052892,0.7711519399603511,0.9911502411502412,0.9630274176298638,0.8959112536480246,0.006034082443400163,0.002398009889174038,0.8026569744131752,0.9977339960085917,SEKER
1600,43616,752.431,262.55727047388655,211.7062082682249,1.2401963675115044,0.5914742020095992,43970,235.65571493848574,0.7882599580712788,0.9919490561746646,0.9681047210366315,0.8975402376523549,0.006019746663469519,0.002409759425487634,0.8055784782050457,0.9990755024153432,SEKER
1601,43625,782.4000000000001,282.3577238577726,197.09643839511784,1.4325866370640958,0.7160606565006385,44149,235.68002702620234,0.7669250918552116,0.9881311014972026,0.8955454267456034,0.8346859572537054,0.006472383354905962,0.0019379225802691816,0.6967006472365346,0.9980840372649661,SEKER
1602,43626,760.8589999999999,264.48924732998574,210.32420184257683,1.2575312066461581,0.6063355629623578,44036,235.68272821447098,0.7644162534386991,0.9906894359160686,0.9469932747139204,0.8910862373184693,0.006062651797780813,0.002357878013862619,0.7940346823383874,0.9985233921998913,SEKER
1603,43634,772.146,257.3974491085647,216.4794615381957,1.1890155642462616,0.5409855545591081,44106,235.70433660621114,0.778816977831721,0.9892985081394822,0.9196785117960179,0.9157213384301884,0.005899011071837665,0.0025586584195533522,0.8385455696563757,0.9970437336511785,SEKER
1604,43638,767.847,268.2718851540177,207.67566188033783,1.2917829789250665,0.6330341858494322,44135,235.71514005925252,0.7414745212648464,0.9887390959555908,0.9300907353048267,0.8786427244283388,0.006147666830606757,0.0022601608855899215,0.7720130371908536,0.9972733009513892,SEKER
1605,43650,770.305,269.58639357896317,206.42209026014083,1.305995851699885,0.6431988108811897,44071,235.74754744787876,0.7501288881251074,0.9904472328742256,0.9244186066843944,0.8744786571686792,0.006176091490926992,0.0022278725434497497,0.7647129218435365,0.998711903668957,SEKER
1606,43655,762.0400000000001,259.5877232422475,214.29792409902473,1.211340354012458,0.5643555827911896,44077,235.76104921172524,0.7822355217889908,0.9904258456791524,0.9446878284944372,0.908213401878458,0.00594634573914208,0.002495637738751206,0.8248515833516414,0.9991760089849139,SEKER
1607,43657,760.603,261.4405291301142,212.90348878579013,1.2279767260796697,0.5803773370794466,44058,235.76644970076424,0.7786437896839552,0.9908983612510781,0.9483042233036996,0.9017976305556953,0.005988513391440416,0.002443065705223948,0.8132389664758665,0.9986385235734487,SEKER
1608,43658,776.121,266.48497091487883,209.35044161286268,1.27291334502017,0.6187354309149895,44291,235.76914989889525,0.8104024354024354,0.98570815741347,0.9107828229936527,0.8847371357921912,0.006103920722774265,0.002306989796680046,0.7827597994497699,0.9963853946649242,SEKER
1609,43661,755.49,259.71994570338035,214.31223831970811,1.2118764086441653,0.5648893650412394,44011,235.7772503077469,0.7958041703120443,0.9920474426847834,0.9612715788799028,0.9078134129021503,0.005948556966248605,0.0024921705992200444,0.8241251926450504,0.9987378787358644,SEKER
1610,43662,767.3820000000001,264.36096597579785,210.6831021824513,1.2547801092603126,0.6040421317792946,44131,235.77995038218722,0.7868019389832952,0.9893725499082278,0.9317304164433637,0.8918864005201614,0.006054714991887634,0.0023632607112132322,0.7954613514328099,0.9981290814632171,SEKER
1611,43665,764.3639999999999,274.0552333023585,203.11893778264457,1.3492352623250823,0.6713277762819698,44090,235.7880504199924,0.7811829111206526,0.9903606259922885,0.9391671198729652,0.8603668960404531,0.0062763135990463416,0.0021213833965768223,0.740231195802284,0.9987460316495038,SEKER
1612,43670,764.7030000000001,269.24377509149735,206.66996100153028,1.3027716935094584,0.6409361428802236,44057,235.8015498646787,0.768702693187819,0.9912159248246589,0.9384420682819026,0.875792020760911,0.006165417336649813,0.0022374131090440704,0.76701166362848,0.999241083966782,SEKER
1613,43672,756.1089999999999,262.8048542369317,211.75309469154055,1.2410909725770853,0.5922657257999009,44007,235.8069494261652,0.7997070133675152,0.9923875747040244,0.9599400917153256,0.8972701440802667,0.0060176967905507354,0.002406040497911586,0.8050937114578225,0.9991945373688841,SEKER
1614,43672,754.7389999999999,255.22845408769868,218.14159929609963,1.1700127573615995,0.5191361857499418,44066,235.8069494261652,0.7714538067479244,0.9910588662460854,0.9634282154898596,0.9239054096419043,0.005844212632526532,0.0026267322812246023,0.8536012059655749,0.9987243006789687,SEKER
1615,43678,766.754,266.2025457899186,209.79552425509826,1.2688666583097974,0.6155409855822545,44143,235.82314736883322,0.7844045759028788,0.9894660535079175,0.9335992785083879,0.8858786330125478,0.006094659686568034,0.0023154005416342474,0.7847809524281802,0.9957823846127253,SEKER
1616,43683,755.258,256.92678626910543,216.57359485306432,1.1863255372540635,0.5380092289673845,44054,235.8366448045471,0.7889005273423391,0.9915785172742543,0.9623469012474972,0.9179138081676369,0.0058816195377859905,0.002575634909252427,0.8425657592248134,0.9995572769842548,SEKER
1617,43685,764.6289999999999,260.2794431355883,213.96699082954632,1.2164467151053973,0.5693916016086202,44142,235.8420435625412,0.7707304163726182,0.9896470481627475,0.9389461233522075,0.9061109118774439,0.005958096443529548,0.002477494695839874,0.821036984623373,0.9987477429251426,SEKER
1618,43688,763.553,263.2435126456496,211.4883311691777,1.2447188513444316,0.5954474265676439,44089,235.85014146781805,0.7818181818181819,0.9909047608246955,0.9416589789845653,0.8959390455532114,0.006025533616683062,0.002394909637837515,0.8027067733467993,0.9991442528866231,SEKER
1619,43690,755.343,264.9552449771762,210.21454794417843,1.260403942392864,0.6087052571430414,44039,235.85553991687212,0.7588363004776378,0.9920752060673494,0.9622845014126159,0.890171243589419,0.0060644368271269445,0.0023488997485033476,0.7924048429135326,0.9987501879794147,SEKER
1620,43691,758.261,253.7693105609862,219.36553200525478,1.1568331097471927,0.5027550455341241,44127,235.85823909506317,0.7709450875211745,0.9901194280145943,0.9549143294394224,0.9294198678858032,0.005808274256963362,0.0026734661248617574,0.863821290820864,0.9992970701261342,SEKER
1621,43701,770.2629999999999,276.4757778884418,201.48405585409145,1.3721968059281926,0.6847708667997088,44144,235.88522917824113,0.7432901316460864,0.9899646611090975,0.9255996151782274,0.8531858775470051,0.006326532067651583,0.0020678551267813887,0.7279261416456534,0.9988579265177986,SEKER
1622,43712,759.328,261.07957170112957,213.67928049092004,1.2218291408568447,0.5745848210509216,44059,235.914914703296,0.7862860432068786,0.9921241970993441,0.9526902319697813,0.9036130753782576,0.005972720802093923,0.002456303363709304,0.8165165899945528,0.9976437636484048,SEKER
1623,43713,759.5020000000001,274.73154207128516,202.84700585684618,1.3543780984628857,0.6744218296418494,44048,235.9176132021689,0.7730246869915823,0.9923946603705049,0.9522755488171223,0.858720521944855,0.0062848933285586705,0.002108070065491307,0.7374009348092442,0.9987196758916984,SEKER
1624,43741,755.847,260.69328031857117,213.92277344635795,1.2186326687838176,0.571514710567687,44085,235.99315864291648,0.7566338003805569,0.9921968923670182,0.9621234153277235,0.9052521735678389,0.0059599295927978595,0.002468875540190278,0.819481497749297,0.9986469246211855,SEKER
1625,43752,771.4839999999999,283.6548137049565,196.59316098172772,1.4428518890915065,0.7208685300967375,44112,236.02283059325603,0.7722122206925766,0.9918389553862894,0.9237488852009359,0.8320776492753447,0.006483242222183134,0.0019170234974267264,0.6923532144235836,0.9989631433496445,SEKER
1626,43753,782.6249999999999,269.71752911546497,206.83905131892786,1.3039971291474546,0.6417990540983597,44377,236.02552785831784,0.7824912814092819,0.9859386619194628,0.8976566797679949,0.8750841246112568,0.0061645493821101405,0.0022298739766130793,0.7657722251466497,0.9985647831720895,SEKER
1627,43780,771.185,273.27045091923435,204.19679656635333,1.338270019483071,0.6645617422990302,44206,236.09834236712766,0.7889994232987313,0.9903632990996697,0.925056957441228,0.8639731869030619,0.0062419015742173215,0.0021453479368086373,0.746449667687433,0.9989512113191928,SEKER
1628,43791,759.364,274.3113101021849,203.72279685599605,1.3464929518716808,0.6696575120728165,44075,236.12800110003369,0.7349456229860365,0.9935564378899603,0.9543215222578968,0.8608030088590682,0.006264102443474342,0.002121552189626742,0.7409818200608251,0.9977267981769511,SEKER
1629,43796,766.5899999999999,276.2896737801027,202.00812563062323,1.3677156446929521,0.6822208859176733,44236,236.14148111083995,0.7651292802236198,0.9900533502124966,0.9365220600445711,0.8546880449060269,0.006308559543796299,0.002076540884289733,0.7304916541052868,0.9991048636374332,SEKER
1630,43805,773.977,293.60605641651983,190.2945710773276,1.5429029570013895,0.7615306467239756,44195,236.16574319135236,0.7452111190500493,0.9911754723384998,0.9189194384077817,0.8043626418125359,0.0067025694878785486,0.001730727343867196,0.6469992595436421,0.9982570707275948,SEKER
1631,43824,756.08,264.10965012507825,211.63753035297836,1.2479339070182145,0.5982299422251499,44183,236.21695495555304,0.751440329218107,0.9918747029400448,0.9633550506202251,0.8943897159520083,0.006026598442065495,0.002378806985923085,0.7999329640007141,0.9982634691180718,SEKER
1632,43828,761.709,268.6600494764678,208.1461162593903,1.290728139946005,0.6322597449648709,44224,236.227734964912,0.8027106227106227,0.9910455861070911,0.949255982568254,0.8792812158906544,0.00612987244401907,0.0022601766390969408,0.7731354566181479,0.9979076898470473,SEKER
1633,43832,754.068,255.8977081852194,218.66945277404668,1.1702489988377163,0.5194201428784944,44167,236.23851448235882,0.804744157012503,0.9924151515837616,0.9686795446639832,0.9231755772950058,0.005838148115194821,0.002615725090969877,0.8522531465139671,0.9973483914642635,SEKER
1634,43833,764.879,273.5515465857543,204.43638776284712,1.3380765996662152,0.6644402725208957,44246,236.24120928486713,0.7423157039069248,0.9906658228992451,0.9415114039228422,0.8636076535974146,0.0062407671522769215,0.0021413303474337566,0.745818179352032,0.9979618533966144,SEKER
1635,43865,762.654,275.5717860439935,202.80624237028772,1.3587934119939413,0.6770391000319467,44217,236.32742674054552,0.7635069275221054,0.9920392609177465,0.9477043911152561,0.8575893422660372,0.006282270284828302,0.002096109086900956,0.7354594799682945,0.9993374961694086,SEKER
1636,43879,765.193,268.78116967234536,208.31142388726335,1.290285307721807,0.6319337770443499,44259,236.36513698816543,0.7555965008954402,0.9914141756478908,0.9417261033073858,0.8793961916167851,0.0061255080943582434,0.002259748999633638,0.7733376618301052,0.9978262229673202,SEKER
1637,43880,758.336,275.64768714289926,202.96852196826228,1.3580809697476226,0.6766191941270265,44179,236.36783034706508,0.7967461960271635,0.993232078589375,0.9588554388355771,0.8574997773318119,0.006281852487303994,0.002095094228237267,0.7353058681241071,0.9986049064431047,SEKER
1638,43880,756.327,256.2454805163955,218.66276793384554,1.1718752256621954,0.5213659968442087,44263,236.36783034706508,0.7695815356554071,0.9913471748412895,0.9639561400028163,0.9224273141158539,0.005839687340847664,0.0026079422841465355,0.8508721498269883,0.9971159925881791,SEKER
1639,43912,760.6339999999999,264.3763211973401,211.94779157452078,1.2473653027160014,0.5977403416796585,44312,236.4540016333208,0.7809076682316118,0.9909730998375158,0.9537655095217367,0.8943841890319025,0.006020593942369742,0.0023763781610746646,0.7999230775902538,0.9977962918278824,SEKER
1640,43917,758.75,253.67142689716184,220.76630221966704,1.1490495802423393,0.4925494378916142,44382,236.46746306021498,0.7635216189433057,0.9895227795052048,0.9586169887645768,0.9321801274689036,0.005776155632150689,0.0026904071598357906,0.8689597900479414,0.9984778820020584,SEKER
1641,43917,762.4559999999999,267.02177058049085,210.09728216604557,1.2709434783142808,0.6171862990654561,44291,236.46746306021498,0.7702304535409871,0.9915558465602493,0.9493207131034045,0.8855737213716602,0.006080145970364343,0.002306708157901009,0.7842408159840509,0.9967257505027995,SEKER
1642,43919,813.374,276.465818714697,202.5948787123526,1.364623925697685,0.6804412592604686,44428,236.47284741640763,0.7706439726267766,0.9885432610065724,0.8342221855971821,0.8553420763397854,0.0062949024047609685,0.0020783951016220344,0.7316100675572556,0.9983726024699306,SEKER
1643,43928,762.262,262.1511059826075,213.84278789354525,1.2259057626629473,0.5784421812495367,44320,236.49707550226964,0.7963597469226447,0.9911552346570397,0.9500418893624573,0.9021402927743518,0.005967745082466934,0.00243829556001719,0.8138571078469933,0.9977121184938288,SEKER
1644,43935,765.713,256.3129117446489,218.44945310282787,1.1733282372833318,0.5230916638033412,44370,236.5159178531952,0.7867311308084878,0.9901960784313726,0.9416477084347252,0.9227624010171739,0.0058339117274302695,0.0026091507838279723,0.8514904487309797,0.9990777872731136,SEKER
1645,43946,769.2280000000001,272.8279374238965,205.6476576095031,1.326676610836772,0.6571461381643884,44592,236.54552422933614,0.7577680449701694,0.9855130965195551,0.9332952316150536,0.8670135707613114,0.00620825416246977,0.0021639779544550685,0.7517125318842796,0.9972794341237652,SEKER
1646,43947,765.591,266.0595311703923,210.66601386202476,1.2629447260754998,0.6107800759749858,44397,236.54821553433075,0.7493222390833604,0.989864180012163,0.9422051179650207,0.8890800284197989,0.006054099965194263,0.0023334192122897684,0.7904632969349503,0.9983114520202474,SEKER
1647,43949,764.0429999999999,277.995372001996,201.44014698088625,1.3800395609737799,0.6891518963265538,44246,236.5535980524618,0.7506490401038464,0.9932875288161642,0.9460699744380425,0.8509263889859411,0.006325408359735056,0.002045673408658129,0.7240757194726531,0.999253138012814,SEKER
1648,43951,760.1949999999999,262.5755757249078,213.56708354698213,1.2294758694269683,0.5817680822035637,44326,236.55898044812236,0.7963868957019642,0.9915399539773496,0.9557154509538734,0.9009176873935821,0.005974279896359761,0.002427760167728853,0.8116526794586003,0.9979073837500908,SEKER
1649,43964,795.449,266.7102618450831,210.16854131402974,1.2690303704709538,0.6156711361459425,44557,236.5939630352742,0.7788407029478458,0.9866912045245416,0.8731369810407237,0.8870823394590578,0.006066560409541513,0.0023172773778346815,0.7869150769801552,0.9986191316693053,SEKER
1650,43968,763.577,261.83957236057734,214.33012198944732,1.2216648314765068,0.5744279930320819,44429,236.60472586767077,0.8032005261138817,0.9896238943032704,0.9476345761069055,0.9036247796106394,0.005955230448521137,0.002449237284441848,0.8165377423263768,0.9975354433733605,SEKER
1651,43983,774.627,282.8006743888131,198.32649947585048,1.4259348858383332,0.7128718764774601,44363,236.6450821295187,0.7961876832844574,0.9914343033609089,0.921105661297697,0.836791081354224,0.0064297722844920335,0.0019446593055309116,0.7002193138339716,0.9984671473336403,SEKER
1652,44019,761.7099999999999,277.32924866116133,202.34449514160178,1.3705796565757067,0.683854615608251,44351,236.74190909025197,0.7690385925680043,0.992514261234245,0.9533902843453526,0.8536492643064177,0.0063002169213558085,0.0020637312811032636,0.7287170664508883,0.9987647866771149,SEKER
1653,44028,768.937,274.5148103965606,204.56846393450164,1.3419214531740058,0.666840919694367,44445,236.76610964325053,0.7791049530179965,0.990617617279784,0.9357445447483929,0.8624893837284087,0.006235005232955406,0.0021282939841535033,0.7438879370442105,0.9982391814769801,SEKER
1654,44042,774.452,266.97802442069275,210.1354330259856,1.270504553069248,0.6168396080468197,44538,236.8037500320171,0.7734808570425009,0.9888634424536351,0.9227581406940295,0.886978434070932,0.006061896017907741,0.002314411014142467,0.7867307425069227,0.9995449903945954,SEKER
1655,44048,763.489,271.0824375187785,207.2220042048766,1.3081739970566264,0.6447134869029314,44378,236.81987979579426,0.7616149390507478,0.9925638830050926,0.949577661490463,0.873608345724681,0.006154250760960282,0.002211169564039671,0.7631915417198138,0.9983873296514179,SEKER
1656,44058,778.306,271.3398809429048,206.9524152012213,1.3111220793392486,0.6467459662024195,44518,236.8467602943764,0.7803124225142574,0.9896671009479312,0.9139740931162201,0.8728785443235805,0.006158697193311199,0.0022053823182144323,0.761916953140453,0.9989661398853358,SEKER
1657,44113,754.12,258.9507321129632,217.15470263572033,1.1924712150828076,0.54475589635748,44436,236.99454853836244,0.7667025862068966,0.9927311189125934,0.9747551540890105,0.915210961577731,0.005870168252283072,0.0025404763968257587,0.837611104192035,0.998827131182728,SEKER
1658,44141,765.3229999999999,271.7780250062788,207.14100076042098,1.3120436031909344,0.6473771762459093,44515,237.0697507995375,0.7974887082204155,0.9915983376389981,0.9470273058426113,0.8722918300479243,0.006157042772168253,0.0021988679680999537,0.760893036768357,0.9983248416044472,SEKER
1659,44146,770.979,277.5238707012219,202.69477641362678,1.369171300867152,0.6830530111169467,44560,237.08317726460157,0.7859355527861848,0.9907091561938959,0.9332889529705969,0.8542803062870287,0.00628650094462062,0.0020653341526535997,0.7297948417098596,0.9992141527900256,SEKER
1660,44163,774.123,270.9880394528472,207.84878469509906,1.3037749527877656,0.641642871473014,44646,237.12882155937726,0.7524022079869156,0.989181561618062,0.9260799666508257,0.8750527220247979,0.006136087662813831,0.002219260067219497,0.7657172663230082,0.9983229927490569,SEKER
1661,44165,771.3610000000001,263.84240283152405,213.4231540124645,1.236240763343395,0.5879408538250519,44603,237.1341908987999,0.7494739342926962,0.9901800327332242,0.9327660797164015,0.8987721016557804,0.0059740156873434635,0.0024046089230810117,0.8077912907147483,0.9986245218553467,SEKER
1662,44192,769.732,275.9459447845025,204.29586675514554,1.3507172179612994,0.6722244460633144,44586,237.20666508539827,0.7984389679843896,0.9911631453819585,0.9372909792591213,0.8596127957982592,0.006244251103921581,0.002103156585859314,0.7389341587000999,0.9980910910959723,SEKER
1663,44197,778.339,268.01952551167074,210.29940797049218,1.2744663815186652,0.6199489880519584,44681,237.22008380122452,0.7936966867199425,0.9891676551554351,0.9167798751823796,0.8850850823213435,0.006064201767352326,0.002295585587023821,0.7833756029477794,0.9983858700588591,SEKER
1664,44212,768.598,268.3170821554627,210.29588659153953,1.2759026650702803,0.6210652717615733,44579,237.26033539517516,0.7523653937785039,0.9917674241234662,0.9404842464315001,0.8842535610822823,0.006068874562459574,0.0022887333284498687,0.7819043602866975,0.9976338571198698,SEKER
1665,44213,847.793,279.62441088784595,203.7493651062739,1.3723940231273668,0.684882301729532,45752,237.26301859197474,0.760104526621624,0.9663621262458472,0.7730012486993745,0.8485061008752134,0.006324483995382488,0.0020222029417616277,0.7199626032224578,0.9880723735377209,SEKER
1666,44220,781.713,264.47644412685463,213.20336373189951,1.2404890781152513,0.5917334899810747,44842,237.28180012000266,0.7797566566743079,0.9861290754203649,0.9093559933383426,0.8971755533970798,0.005980923657323714,0.002390329364256281,0.8049239736133564,0.9984993979804974,SEKER
1667,44258,771.799,276.9029272518915,203.84238475657963,1.3584168355494755,0.6768172646439491,44680,237.3837310577303,0.7661069759390687,0.9905550581915846,0.9336696147749769,0.8572814069306981,0.006256562141350524,0.002084534771412916,0.7349314106690772,0.9983432012269997,SEKER
1668,44290,764.47,266.33318230964414,212.34613402516237,1.2542407872520274,0.603589733685228,44661,237.46953370131578,0.7790403152043903,0.991692975974564,0.9523457544847829,0.8916257885779665,0.006013393143139403,0.0023443899194021387,0.7949965468572807,0.9971170947929189,SEKER
1669,44290,776.883,275.7552455752101,204.72601789902865,1.3469477324138315,0.6699355005288383,44739,237.46953370131578,0.7904411764705882,0.9899640135005253,0.9221558123132398,0.8611605309845242,0.006226128823102508,0.0021121965674591636,0.7415974601255476,0.9988930172799632,SEKER
1670,44305,760.7429999999999,271.010823642347,208.26249816278371,1.3012944050566295,0.6398910882300906,44628,237.50974302013674,0.788625845496618,0.9927623913238326,0.9620257022796567,0.8763847134518079,0.00611693541682309,0.0022258343103949093,0.7680501659720075,0.9994593837821889,SEKER
1671,44344,772.1959999999999,263.9895261180324,214.35625335302217,1.2315457188145078,0.583674517997368,44806,237.61425540513358,0.7509822517274082,0.9896888809534438,0.9345222250407841,0.9000897077215625,0.005953218611718212,0.0024103203991944493,0.8101614819462878,0.9977509046393678,SEKER
1672,44351,769.972,268.1440908369128,210.78163433288915,1.2721416250783533,0.6181298587811468,44773,237.6330091728613,0.7419036467045834,0.9905746767024769,0.9400769750372524,0.886213857747816,0.00604595366140364,0.002300375450975515,0.7853750016642665,0.9991082309130943,SEKER
1673,44353,758.9979999999999,256.468519229635,220.3236834261042,1.1640533384403662,0.5118628801058672,44767,237.63836712037616,0.7744543390955125,0.9907521165143968,0.9675013985690355,0.9265790898398769,0.005782439051014249,0.002629182951472,0.8585488097284948,0.999396608178457,SEKER
1674,44358,758.485,260.43140292853377,217.2073702873362,1.1989989224767925,0.551720445082143,44677,237.65176146067662,0.7798249006715657,0.9928598607784767,0.9689197928006824,0.9125311263860595,0.005871125905778749,0.002511261307026681,0.8327130566234106,0.9984220576238255,SEKER
1675,44369,780.4150000000001,272.24037831396686,208.0100427762031,1.308784781160152,0.6451362314329747,44967,237.68122635234454,0.789034713330488,0.9867013587742122,0.9154577133467728,0.8730564798078327,0.0061358240734289,0.0021989837589070586,0.7622276169344445,0.9975919048237711,SEKER
1676,44370,761.4459999999999,258.43582985943283,218.84428976313464,1.1809119175060494,0.5319063141926648,44732,237.68390479773586,0.7864371931441536,0.9919073593847805,0.9616589404305754,0.9197018266662782,0.005824562313712708,0.0025705807730972484,0.8458514499732889,0.998876057713229,SEKER
1677,44385,768.6639999999999,255.63728750529432,221.48594258440338,1.1541919298461871,0.4993384236679697,44875,237.72407785722967,0.7831909937888198,0.9890807799442897,0.9440021970871335,0.9299272425283668,0.005759542356771304,0.0026568291161306605,0.8647646763964121,0.9981044107127882,SEKER
1678,44409,758.7239999999999,268.85350599525367,210.62643222857906,1.276447135103559,0.6214869282412194,44698,237.78834063541433,0.7779587975614883,0.9935343863260101,0.9694227649989049,0.8844531885688418,0.006054031975393584,0.002285198240509714,0.7822574427695913,0.9985102717366809,SEKER
1679,44417,769.784,277.7135196707936,203.82452720202764,1.3625127627330558,0.6792163836829563,44833,237.80975770245786,0.7465543902111066,0.9907211206031271,0.9419358495058392,0.856313217967788,0.006252415058891721,0.002073758381615189,0.7332723272663486,0.99909290445937,SEKER
1680,44417,765.401,275.0257091806538,206.05449576839703,1.3347231670682869,0.662322309160765,44758,237.80975770245786,0.7575039225049458,0.9923812502792797,0.9527545591344182,0.864681917959349,0.006191901956022554,0.002135154679188528,0.7476748192458584,0.9979389026810411,SEKER
1681,44421,788.512,259.8055498416763,218.34616785949962,1.1898791372828432,0.5419333128527453,45157,237.820465512707,0.7584905660377359,0.98370130876719,0.8978040931389784,0.9153786963274385,0.00584871006599753,0.0025330458973191134,0.8379181576901211,0.9970213345859507,SEKER
1682,44429,759.18,264.18604745134905,214.27181587911602,1.232948189510807,0.5849573007314591,44767,237.8418796869856,0.771980122324159,0.9924497956083722,0.9686946150333834,0.9002817596973405,0.005946252390361004,0.0024095553464405523,0.8105072468437399,0.9993134425813779,SEKER
1683,44429,752.449,248.39098928209737,228.1029764976479,1.088942341287943,0.39583356737572795,44704,237.8418796869856,0.7791690780589607,0.9938484251968503,0.9861029627371263,0.9575302243225452,0.005590740041011442,0.0028990721694616447,0.9168641304911839,0.998412172900004,SEKER
1684,44436,772.9150000000001,270.33186000631827,209.53522523154956,1.29014994833248,0.631834038694293,44893,237.86061550801486,0.7837037037037037,0.9898202392355155,0.9347196025118127,0.8798837676863376,0.006083622738462469,0.0022492786470491113,0.7741954446379049,0.9988282128988346,SEKER
1685,44442,766.629,263.34968170292257,215.20353671566068,1.2237237627320008,0.5763855474102018,44827,237.8766736086582,0.7926446457872584,0.9914114261494189,0.9502392642393381,0.9032730629118445,0.005925693751472089,0.002433297453832596,0.815902226182145,0.9984389422450304,SEKER
1686,44459,758.56,257.03041785301804,220.51127128885307,1.1656112467662827,0.5137850146476414,44768,237.92216567478658,0.7665344827586207,0.9930977483917084,0.970933930057665,0.9256576231799987,0.005781291028880947,0.0026182199231821273,0.8568420353512445,0.9987447131075234,SEKER
1687,44460,774.8030000000001,264.3375603617702,214.7831933354473,1.2307180848593176,0.5829141271277272,44927,237.92484140779695,0.745998187858653,0.9896053598059074,0.9306721867191117,0.9000795841581308,0.005945514178177467,0.0024070927563547275,0.8101432578182738,0.9970579587237941,SEKER
1688,44466,760.049,269.4836157741839,210.268172825034,1.2816186689291469,0.6254511949274584,44807,237.94089517397748,0.7705344146392181,0.9923895819849577,0.9672856474733698,0.8829512491526094,0.00606044204052948,0.0022721184390451497,0.7796029083801533,0.9991536417314638,SEKER
1689,44478,772.4340000000001,259.75766647659907,218.7177414895493,1.1876387562689363,0.5394667916804532,44910,237.97299945735557,0.7866086587436333,0.9903807615230461,0.9367686562223319,0.9161346522905955,0.00584013819138898,0.002537699113721932,0.8393027011276106,0.9967884161003543,SEKER
1690,44484,769.8159999999999,269.3168190158621,210.95129260781582,1.2766777377209768,0.6216652661835584,44848,237.98904997499145,0.7739174307138259,0.9918836960399572,0.9432782691919088,0.8836768934248197,0.006054240154119731,0.002277264118912356,0.7808848519729403,0.9969383062373932,SEKER
1691,44487,761.329,264.0926897841119,214.9791289820634,1.2284573439040505,0.5808241204292472,44806,237.9970748278919,0.7832632005211543,0.9928804178011873,0.964491130116159,0.901187666430478,0.0059364014157869014,0.0024152605078836646,0.8121392101264104,0.9976783769522237,SEKER
1692,44495,764.275,263.0499110222545,215.72722138905308,1.2193635523996174,0.5722202865554883,44839,238.018473112889,0.776689708141321,0.9923281072280827,0.9572420489184882,0.9048414887802498,0.005911898213782549,0.002444537666291708,0.818738119818059,0.998339422266332,SEKER
1693,44495,793.424,296.3986317690499,191.41479615601696,1.5484624894277426,0.7635050234039037,45063,238.018473112889,0.7870206594028584,0.9873954241839202,0.8881992637013574,0.8030349927470313,0.0066613918815383736,0.0017087661314871905,0.6448651995762246,0.9985495722811188,SEKER
1694,44515,809.186,274.97142279547495,206.53487972267388,1.3313558618510088,0.6601725450701096,45305,238.07196041089293,0.7719721143174251,0.9825626310561748,0.8543179298862029,0.8658061917509587,0.006177050944523755,0.002141133246934682,0.7496203616742979,0.9980114626779499,SEKER
1695,44515,757.601,265.5904697731684,213.96745256409943,1.2412657466845525,0.5924200383820382,44780,238.07196041089293,0.7717445952740071,0.9940821795444394,0.974619649978302,0.8963874366961356,0.0059663140463477125,0.002376122990285242,0.8035104366666684,0.9973699821378831,SEKER
1696,44517,757.197,261.81575479725086,216.68676855077106,1.2082683061282802,0.5612729707416712,44812,238.0773084797777,0.7712577962577962,0.9934169418905651,0.9757037728317516,0.9093314826074691,0.005881253336865711,0.002480496161792052,0.8268837452610979,0.9990974222516352,SEKER
1697,44524,758.387,258.91632202863576,219.12997650089224,1.1815650517700007,0.5326507903675692,44860,238.09602577487172,0.7829772267651455,0.9925100312082032,0.9727971248600624,0.919586775794454,0.005815208023282629,0.0025651684321281883,0.8456398382160394,0.9991784792205097,SEKER
1698,44538,761.462,265.18092146249285,214.27233728751747,1.2375882244970549,0.589150664023613,44899,238.13345595152035,0.7852118263077167,0.99195973184258,0.9652595444322852,0.8980037275615317,0.005954037484002264,0.0023883825242018244,0.8064106947144054,0.9980043798870377,SEKER
1699,44542,789.2810000000001,285.52547472901364,199.0328580379355,1.434564511326028,0.716997578573918,45086,238.14414920714222,0.7977290636865105,0.9879341702524065,0.8984962748845501,0.8340556982985842,0.006410252676777281,0.0019135293448846653,0.6956489078643389,0.9979532355648904,SEKER
1700,44543,764.877,269.8147058271424,210.597109092039,1.2811890295665125,0.6251246326764233,44928,238.14682244602457,0.7855908289241622,0.9914307336182336,0.9567668601920534,0.8826309956529724,0.006057398599715835,0.002267684408840723,0.7790374744873574,0.9980942659344042,SEKER
1701,44554,771.972,257.69975289739756,220.5798624890093,1.1682832239966503,0.5170473019328928,45003,238.17622609347566,0.7748521739130435,0.9900228873630647,0.939492824923829,0.9242392490314295,0.0057839869124522506,0.0026034227413558406,0.8542181894501808,0.9979687803674387,SEKER
1702,44556,772.808,270.47815988409207,210.45052859136317,1.2852339297720938,0.6281794749583152,44972,238.18157182120515,0.77517006210964,0.9907497998754781,0.9375033773017778,0.8805944698946231,0.006070521588205675,0.0022516951155796463,0.7754466204089923,0.9966303072767382,SEKER
1703,44564,761.8689999999999,267.509366161069,212.51743283987588,1.2587643403476811,0.6073558846538564,44905,238.20295353244003,0.7592340193539594,0.9924061908473444,0.9647914011270309,0.8904471531251604,0.006002813171193542,0.002327915374231496,0.792896132508703,0.9980693772015452,SEKER
1704,44565,833.876,272.2965415583361,209.518698649645,1.2996288317620166,0.6387064994827041,45809,238.20562611139673,0.6992123760512112,0.9728437643257876,0.8053799728504085,0.8748022459196904,0.006110098542765311,0.00220733136625838,0.7652789694661344,0.9945786130593122,SEKER
1705,44581,813.7579999999999,256.83971376549164,221.4744632509599,1.15968094016536,0.5063873158947149,45046,238.24838329742823,0.7818758988389631,0.9896772188429606,0.8459975936493714,0.9276150475504802,0.005761192296392895,0.00263125703431463,0.8604696764420797,0.9978702833601341,SEKER
1706,44593,778.7349999999999,294.69193047623196,193.1196497111169,1.5259551833128044,0.7553450915636954,44946,238.2804461519558,0.696199962530444,0.9921461309126507,0.9240536053537858,0.808574723328483,0.006608479592676697,0.0017424565578091134,0.6537930832057329,0.9976589441318477,SEKER
1707,44598,783.045,263.64656457920864,216.45662548335937,1.2180110633734198,0.5709129412855222,45129,238.2938044014128,0.7917273211432629,0.9882337299740743,0.9140118064364505,0.9038380787617698,0.005911623045410302,0.002433599083592216,0.8169232726197672,0.9950215839780968,SEKER
1708,44634,774.05,266.89719371990185,213.60788629837876,1.2494725655731913,0.5995494684496462,45116,238.38996170080074,0.7387778072033898,0.989316428761415,0.9361331900327601,0.8931902144725495,0.005979683508533894,0.0023476523583667447,0.7977887592295193,0.9968151677799603,SEKER
1709,44652,779.929,292.06769406879954,195.06791458616547,1.4972615803496854,0.7442636184149535,45012,238.4380258086249,0.789755743822848,0.9920021327645961,0.9224453419927645,0.8163793211325124,0.006540976755101665,0.0017922160016221231,0.666475195972782,0.9978877051860738,SEKER
1710,44665,762.9689999999999,256.4415942329787,221.8978365521275,1.155674152653292,0.5012615726500899,45067,238.47273275071942,0.7564185069773743,0.9910799476335235,0.9641917632497035,0.9299300039995289,0.005741443954617232,0.0026485119327218708,0.8647698123385639,0.9993921201145162,SEKER
1711,44699,767.062,264.3649450705085,215.4349161614187,1.2271220922815875,0.5795807175759949,45085,238.5634808811211,0.7569430332588227,0.9914383941443939,0.9546556217006874,0.9024020972882547,0.005914336899494586,0.0024192803967338205,0.8143295451902407,0.9992817753005617,SEKER
1712,44704,770.5459999999998,283.77217892874734,200.7846994562621,1.4133157541247947,0.7066573063674876,45040,238.57682328306893,0.7311384786484144,0.9925399644760213,0.9461480700610633,0.8407336624178843,0.006347802857210705,0.0019563066883156815,0.7068330911225892,0.9989783432202819,SEKER
1713,44706,773.5509999999999,266.7842276820696,213.6209863224495,1.2488671280609716,0.5990311846524357,45128,238.58216003492421,0.7808908296943231,0.9906488211310052,0.9388533797566045,0.8942888494864314,0.005967526230977265,0.0023544277205074463,0.7997525463157652,0.9987846656768189,SEKER
1714,44716,766.1099999999999,260.596661670788,218.64030505619664,1.191896716407377,0.5441331580011372,45132,238.60884200376466,0.7883499938294459,0.9907825932819285,0.9573936641924955,0.9156250907972083,0.005827816926173808,0.0025267158438039847,0.8383693068973962,0.9992496240277351,SEKER
1715,44722,776.6940000000001,264.2160632883106,216.07313602958558,1.2228084811622908,0.5755173747405751,45158,238.62484975300865,0.7638518822163012,0.9903450108507905,0.9316036487848296,0.9031428550679109,0.005907966175222722,0.0024246193393993886,0.8156670166602175,0.9974045457764572,SEKER
1716,44724,765.0999999999999,266.5169538668483,213.95239960768816,1.2456834060078068,0.5962858422452425,45054,238.6301854307946,0.8088107638888888,0.9926754561193235,0.9600947588663259,0.8953658743601507,0.005959148418452024,0.002362468987271157,0.8016800489687171,0.998639533927857,SEKER
1717,44724,772.269,259.2741478974437,219.97672724415008,1.178643537185085,0.5293028891225117,45134,238.6301854307946,0.7869510135135135,0.9909159392032614,0.9423523086669637,0.9203778601373908,0.005797203915066713,0.0025660374589723933,0.8470954054310824,0.9984235249905246,SEKER
1718,44737,765.2169999999999,264.9758004132948,215.26406217752162,1.2309337551884412,0.5831125181558904,45101,238.66486442879895,0.7851351351351351,0.991929225516064,0.9600801755671426,0.900704381519152,0.005922967575235147,0.0024046297697701956,0.811268382887798,0.9986176370137314,SEKER
1719,44749,769.137,266.7535746783373,213.84492404831872,1.247415976158797,0.5977840178484694,45131,238.6968713396843,0.7813689540771783,0.9915357514790277,0.950573692212117,0.8948216406378622,0.005961106944922508,0.002357504827450751,0.8007057685538354,0.9988131678965625,SEKER
1720,44756,827.3249999999999,266.5779949798581,214.2619831879323,1.2441684288249992,0.59496758027765,45565,238.71554005587262,0.7519489247311828,0.9822451442993526,0.8216915734232546,0.8954810395130676,0.0059562515635860685,0.0023625356666743588,0.8018862921274041,0.9976816081724568,SEKER
1721,44782,765.251,272.73144845975406,209.39883502725212,1.302449693305407,0.6407088035850526,45136,238.78486822311427,0.7491886104326295,0.9921570365118753,0.9609605034791895,0.8755311115445157,0.0060902025023392,0.0022074853426375276,0.7665547272823753,0.9983989694507397,SEKER
1722,44808,771.9409999999999,262.19432009811857,217.9452746455043,1.2030282396559728,0.5559201740730693,45203,238.85417626764067,0.7753322259136213,0.9912616419264209,0.9449247128455872,0.9109815047795714,0.005851506875962296,0.0024859118329236675,0.8298873020504524,0.9983778600986003,SEKER
1723,44826,783.558,265.8232669812804,214.95603915293398,1.236640142927811,0.5883001064610373,45376,238.90214698134966,0.7524928655363438,0.9878790550070522,0.9174820002106037,0.89872549417645,0.005930113482828725,0.0023864427112411804,0.8077075138827045,0.9988435354117744,SEKER
1724,44829,766.523,270.2590696096585,211.4813250537462,1.2779334985771178,0.6226338292275717,45200,238.91014116385392,0.7831897831897832,0.9917920353982301,0.9587790456847234,0.8840041575992895,0.006028666033363638,0.00227100567337709,0.7814633506528296,0.9986581937095672,SEKER
1725,44830,827.0939999999999,272.4069663305162,209.93644412474757,1.2975687354628511,0.6372319363590275,45467,238.91280583191298,0.7868363317244406,0.9859898387841731,0.8235099715450752,0.8770436712768787,0.006076443594256439,0.0022177577713784072,0.7692056013268254,0.9980971394245908,SEKER
1726,44868,898.66,271.60776666245164,210.9555106110359,1.2875120724542135,0.6298808864802931,45687,239.01404120506663,0.7378027724335258,0.9820736752248999,0.6981612692445806,0.8799970786627328,0.006053485037497808,0.0022392890566005357,0.7743948584549439,0.997042729107212,SEKER
1727,44901,760.0630000000001,256.06656435387043,223.6304356098027,1.145043444804907,0.48713028923696733,45226,239.10192136022985,0.7990070467648943,0.9928138681289523,0.9767123841773904,0.933749089669527,0.005702914508671754,0.0026742215833307974,0.8718873624586703,0.9983489089915404,SEKER
1728,44903,772.654,277.1386430756122,206.6872579474512,1.3408598373590732,0.6661809949661643,45351,239.10724639216394,0.7363078840351568,0.9901214967696412,0.9451812700764537,0.8627712243179595,0.006171940473367308,0.0021095221932705805,0.744374185511111,0.998101449318721,SEKER
1729,44906,767.466,263.5482273173869,217.3843646610062,1.2123605473115309,0.5653704107150508,45287,239.11523371771446,0.7766516776202006,0.9915869896438272,0.9580671442245872,0.9072921345426158,0.00586888672599178,0.0024531498276289037,0.8231790174028962,0.9979897640739432,SEKER
1730,44911,770.999,261.83564127743335,218.8099030652015,1.196635241867508,0.5492219209851412,45359,239.12854533409617,0.7668573380005123,0.9901232390484799,0.9494125315290484,0.9132772916912507,0.005830100449275976,0.0025018797790321247,0.8340754115189059,0.9980840317986671,SEKER
1731,44928,766.3,269.9416281899942,212.19212536812185,1.272156672740261,0.6181416829617159,45295,239.1737992880102,0.7945108580321143,0.9918975604371344,0.9614557454381523,0.8860204366837094,0.00600831615451376,0.002284059940629822,0.7850322142211911,0.9986839696375504,SEKER
1732,44937,775.1979999999999,275.44393702577156,208.53185451776565,1.3208722363436585,0.6533274044064289,45290,239.19775379748867,0.7741752088896546,0.9922057849414881,0.9396987569764699,0.8684081282758764,0.006129557759213378,0.0021503265821354433,0.7541326772556112,0.9961129159064495,SEKER
1733,44945,772.4110000000001,272.58862517464905,211.34805700395134,1.289761680513357,0.6315476853112947,45285,239.21904468106607,0.7868522408963585,0.9924919951418792,0.9466607016577622,0.8775826376753508,0.006064937705521171,0.0022190045719448427,0.7701512859492263,0.993311616815397,SEKER
1734,44957,777.7539999999999,277.80004170613057,206.30699845778457,1.3465371692806398,0.6696845577667967,45371,239.2509774539254,0.7691926018444061,0.990875228670296,0.9339479650167651,0.8612344907673408,0.006179238866163903,0.002097009524751075,0.7417248480872808,0.9987600773285596,SEKER
1735,44987,765.3979999999999,263.8115500747347,217.365666852024,1.2136762621961346,0.566672758211781,45335,239.33079074578092,0.7871741032370954,0.9923238116245726,0.9649887508567669,0.9072036105999958,0.00586417298496754,0.0024502230194920964,0.8230183910856684,0.9988778846115308,SEKER
1736,45003,769.4369999999999,270.8227610012066,211.86410119915632,1.2782852756476566,0.6229043722977807,45353,239.3733469534913,0.7576262626262626,0.9922827596851366,0.9552239369868041,0.8838745534849076,0.006017882385645547,0.0022656143237349824,0.7812342262981448,0.9986402083089079,SEKER
1737,45009,768.751,277.91834654677973,206.48535685737406,1.345946999712656,0.669323269177916,45398,239.3893035809765,0.74364312267658,0.9914313405876911,0.9570570804243591,0.8613656009236585,0.006174728310932918,0.002096755119401921,0.7419506984545755,0.9986263165196456,SEKER
1738,45010,797.8349999999999,289.79702679708555,198.0833748147617,1.4630052979867199,0.7299275477826161,45724,239.39196291548652,0.7090533877345264,0.9843845682792407,0.8885721725316479,0.8260676983518799,0.006438503150346268,0.0018493845984531479,0.6823878422603725,0.9983370285086509,SEKER
1739,45014,772.981,270.36666068160383,212.24631074066207,1.273834441400291,0.6194560065338234,45454,239.40259995812204,0.774607654185022,0.990319883838606,0.9467162519914267,0.8854738204576692,0.006006279394890564,0.002277656331814263,0.7840638867159007,0.9987675831568903,SEKER
1740,45037,782.1759999999999,255.57746831601176,224.64293487345805,1.137705347644159,0.47689143810236545,45554,239.46375378381904,0.7911638120333773,0.9886508319796286,0.9250609440161183,0.9369517405490976,0.005674833321846743,0.0026977503787295226,0.8778785641179836,0.9987671369792057,SEKER
1741,45066,768.715,268.4169536326755,214.18470851986842,1.253203160429057,0.6027167422927208,45424,239.54083852870443,0.776036644165863,0.9921187037689327,0.9583588665908036,0.8924206734590708,0.00595608559962445,0.0023303394273657533,0.7964146584171414,0.9980693669403895,SEKER
1742,45073,782.275,270.1065059447051,212.8584809732441,1.2689487621527138,0.6156062675703978,45552,239.55944147507103,0.7933152633061109,0.9894845451352301,0.9255660722022727,0.8869073354497892,0.005992645396239547,0.002287237854647172,0.786604621674645,0.9981609609776446,SEKER
1743,45084,763.811,261.1382037611505,219.9778723311401,1.1871112352975683,0.538882342604133,45425,239.58867175816155,0.7730982920639276,0.9924931205283434,0.9710922496682327,0.9174784397969621,0.005792258977933425,0.00253169394919433,0.8417666874922678,0.9992706922212883,SEKER
1744,45085,773.6519999999999,264.85200151774364,216.93714364198235,1.2208697739416934,0.573667634553286,45537,239.59132887979231,0.7835963570634038,0.9900740057535631,0.9465654158926887,0.904623440664242,0.005874503748868662,0.0024267346772955914,0.8183435693992117,0.999090928579054,SEKER
1745,45116,766.7049999999999,259.0206881329107,222.08058492585818,1.1663364819548951,0.5146747384302933,45484,239.6736850392041,0.7741913341913342,0.9919092428106587,0.9644592019024721,0.9253071125972024,0.00574121571355862,0.002596134744952556,0.856193252622972,0.9986094261377958,SEKER
1746,45125,894.1850000000001,273.8982944643716,211.27011910013977,1.296436503330349,0.6364170569932196,46673,239.6975895919152,0.6755037274333103,0.9668330726544254,0.7092058648314364,0.8751335602898207,0.006069768298379426,0.002196085432181092,0.7658587483455374,0.9928872377500462,SEKER
1747,45137,774.785,272.9422702041845,210.77777270508702,1.2949290938095068,0.6353272096351231,45520,239.729458620986,0.7691010087241004,0.9915861159929701,0.9448875929794155,0.8783156175906632,0.006046974105593737,0.0022198329429595895,0.7714383241036681,0.9989579299614876,SEKER
1748,45142,787.312,266.8412875925476,216.14880235152256,1.2345258668543715,0.5863917804096855,45731,239.74273613278612,0.7903564675397436,0.9871203341278345,0.9151597661633758,0.8984469318663328,0.005911153417937787,0.0023758647476206612,0.807206889380027,0.9965177848426984,SEKER
1749,45154,773.686,273.64484960340195,210.45052676633395,1.3002811340417004,0.639171233758855,45500,239.77459916131968,0.7576428739219437,0.9923956043956044,0.9479307598015462,0.8762255145997778,0.006060257111294724,0.0022036082678202973,0.7677711524356455,0.9983183447735245,SEKER
1750,45169,766.629,265.71605135141573,217.26345069576132,1.2230131230102923,0.575711766715818,45532,239.81442199363775,0.8093932552055334,0.9920275849951682,0.965783657945787,0.9025213974615238,0.005882708303292429,0.0024076153619920666,0.8145448728759019,0.9961990688079784,SEKER
1751,45174,768.607,275.31563401526165,209.4739879776243,1.3143189599496738,0.6489274165994606,45529,239.82769480163512,0.793570487483531,0.9922027718596939,0.960925549355758,0.8711008935596468,0.006094559570001807,0.0021646910721233622,0.7588167667604151,0.9973272636809231,SEKER
1752,45195,765.944,270.53197020041375,213.1831864314335,1.269011758051686,0.6156563432651266,45511,239.883432575711,0.7850988430670882,0.9930566236733976,0.9680687874303977,0.8867101082286212,0.005985882734824953,0.0022826251848115076,0.786254816034813,0.997766606372943,SEKER
1753,45217,773.044,278.3089933251183,207.19837040747058,1.3432006862689294,0.6676331794232179,45541,239.94181064226768,0.7347340027948392,0.9928855317186711,0.9508306691779486,0.8621417790907303,0.006154963693414386,0.0020975871974990633,0.7432884472537298,0.9983855524469767,SEKER
1754,45218,788.51,269.4230653865629,213.94996043349445,1.2592807441547158,0.6077817707580642,45684,239.94446385327288,0.7840546539048412,0.9897994921635583,0.9139170983587553,0.8905861994740699,0.005958314507199852,0.0023121022181317188,0.793143778693668,0.9987906878550455,SEKER
1755,45244,774.166,278.4999888295351,207.11006206993684,1.3446955983021787,0.6685549667936491,45600,240.01343704467402,0.7536898217557888,0.9921929824561404,0.9486427016230286,0.8618077079765414,0.006155512086233204,0.0020945245130291248,0.7427125255277798,0.9987222638811,SEKER
1756,45252,786.5139999999999,269.90563373940296,215.01344599175752,1.255296535035068,0.6044744607744699,45733,240.03465557780524,0.7140242363039636,0.9894824306299609,0.9192523049061775,0.8893280671924081,0.005964501762118867,0.002301452041929718,0.7909044110961843,0.9928195667929911,SEKER
1757,45278,771.915,275.8822276733009,209.20125541454667,1.318740784449985,0.6519067551547596,45666,240.1036028603459,0.7935573198731094,0.9915035255989139,0.9549005391496354,0.870311962047356,0.006093074510210277,0.002156334159025045,0.7574429112827183,0.9988708590010523,SEKER
1758,45328,795.88,295.0024358898309,195.9358848667628,1.5056069800099854,0.7475691758874895,45823,240.23613817191503,0.77867106438535,0.989197564541824,0.899251640254986,0.8143530660934324,0.006508172341374667,0.001765589555472015,0.6631709162557744,0.9984747604543113,SEKER
1759,45339,765.9789999999999,262.83029167186646,219.83768124763063,1.1955652469596778,0.5480822431143448,45690,240.26528612920248,0.759142053445851,0.9923177938279711,0.9710644934914612,0.9141461001350806,0.0057970023968739156,0.002497156069070031,0.8356630923921768,0.9990897514309411,SEKER
1760,45347,834.011,264.8911059826602,220.23286940035925,1.2027773451978103,0.5556608228139047,46554,240.2864824227643,0.793945654457595,0.9740731193882373,0.819247014770902,0.9071141952138382,0.005841425143508064,0.0024397562042993703,0.8228561631584493,0.9897127514033761,SEKER
1761,45357,776.822,273.0395632779302,211.91804624178098,1.2884205386001653,0.6305555766592625,45741,240.31297516062833,0.755685510071475,0.9916049058831246,0.9445199875972946,0.880139758046752,0.006019788859005891,0.002228268802611669,0.7746459936945954,0.9980698084204509,SEKER
1762,45363,779.4889999999999,287.1038322097276,201.86986854552487,1.4222223171705346,0.711066312228173,45774,240.3288694015373,0.8182359307359307,0.9910211036833136,0.9381918379406923,0.837079977483472,0.006329030977001689,0.0019168353053301737,0.7007028887037301,0.9965552860203063,SEKER
1763,45375,786.539,267.820317234619,216.17162569668363,1.2389244720322594,0.5903440734628209,46073,240.36065473025738,0.7293726189902108,0.984850129142882,0.9216923410987045,0.8974698305644001,0.0059023761374020715,0.0023620336352457912,0.8054520967732931,0.9978943137421286,SEKER
1764,45381,767.6999999999999,267.1976343109399,216.39523758035693,1.2347667041966108,0.5866099667251533,45728,240.37654581848543,0.7703184410646388,0.9924116515045487,0.9676111059618826,0.8996207860835976,0.0058878745358396664,0.0023789002694190923,0.8093175587536702,0.999318374670716,SEKER
1765,45422,779.468,265.7687924137733,217.9280096328714,1.2195256261987435,0.5723764588863011,45912,240.4851068173673,0.7720890702022778,0.9893274089562641,0.9394626874235392,0.9048658596565317,0.005851102822724084,0.0024196597692661376,0.818782223971954,0.9985259044097972,SEKER
1766,45428,769.104,265.47418809404866,218.15335826058768,1.2169154314687904,0.5698484737036394,45811,240.5009896824314,0.785136536467335,0.9916395625504791,0.9650800565907977,0.9059298435342795,0.005843844943516084,0.002428044898707542,0.8207088814060441,0.9987333025265046,SEKER
1767,45443,778.4059999999998,268.4356503110963,215.8949664205699,1.2433622458254798,0.5942629158678234,45872,240.5406922568404,0.7807270728103632,0.9906478897802581,0.942463432698209,0.8960832586061955,0.005907084706359534,0.0023493429341886847,0.802965206354298,0.9983766222923998,SEKER
1768,45454,813.5989999999999,263.4350355408508,220.4674548908794,1.194893076945249,0.5473635147594965,46295,240.56980331369954,0.7460280987394958,0.9818338913489578,0.8629013717656091,0.9132035259463218,0.005795640329582672,0.002486288420039698,0.8339406798007947,0.996469944876984,SEKER
1769,45454,777.58,278.06529797630384,208.3350827020949,1.3347022228316603,0.6623090096354984,45868,240.56980331369954,0.7899548140424053,0.9909740995901282,0.9446954167127173,0.8651557927742584,0.006117509965598272,0.002114130191145009,0.7484945457708556,0.999017334017735,SEKER
1770,45460,783.3439999999999,267.2120103544411,217.58533388290616,1.2280791429547433,0.5804726168474986,45965,240.5856805873128,0.7703387389219325,0.9890133797454586,0.9309669270764637,0.9003550411831788,0.005877958872732976,0.0023826568953916032,0.8106392001839636,0.9955290942074407,SEKER
1771,45475,773.603,270.4200680700534,214.4588917271221,1.2609412736037842,0.6091456811844045,45854,240.62536918793813,0.7717044528916644,0.991734636018668,0.9548744683896017,0.8898206812284478,0.005946565543046804,0.002299619350411671,0.791780844741859,0.9983891467838796,SEKER
1772,45477,772.981,270.523062983184,214.26996407327516,1.262533758071064,0.6104458032054335,45827,240.63066050676292,0.794496855345912,0.9923625810111942,0.9564538808329435,0.8895014637688055,0.00594856879264648,0.002297094804310549,0.7912128540468476,0.9989329380538989,SEKER
1773,45479,772.2729999999999,266.0924016641342,218.010362406325,1.2205493295231282,0.5733604696195514,45886,240.63595170923745,0.7525275088938529,0.9911301922154906,0.9582505296379408,0.9043322928588233,0.00585088506044843,0.002413867829460718,0.8178168959072969,0.9981858639723372,SEKER
1774,45510,778.457,285.0243847623556,203.53421749825384,1.4003757612147005,0.7000497743584732,45877,240.71795047502638,0.7824023931094951,0.9920003487586372,0.9437293092178433,0.8445521272705472,0.006262895731978809,0.001965444500131394,0.7132682956772066,0.9988436325092802,SEKER
1775,45512,784.5740000000001,265.37606486328895,218.62358843378505,1.2138491860116178,0.5668433883377777,46089,240.7232397588291,0.7968345122207438,0.9874807437783419,0.9291117681398752,0.9071023036039064,0.005830903165391302,0.0024352338462523245,0.8228345892035136,0.9987970963268893,SEKER
1776,45514,770.8820000000001,261.7816322344434,221.6797700459968,1.1808999629516297,0.5318926665419967,45919,240.72852892641578,0.7625062824593735,0.9911801215183258,0.9624519551119566,0.9195776146388562,0.005751672721238375,0.002537041033357692,0.8456229893448888,0.9985961567884254,SEKER
1777,45530,769.815,267.058151757075,217.38550449478467,1.2285002736393678,0.5808639857860924,45833,240.77083808424965,0.7757445648469979,0.9933890428294024,0.9654610910671484,0.9015670800540208,0.005865542538042499,0.002390452581652037,0.812823199837133,0.9985535234203444,SEKER
1778,45545,785.8,274.0362266047203,212.19827681338336,1.2914158904585262,0.6327649998908931,46060,240.81049616859102,0.7622594142259415,0.9888189318280504,0.9268864247218568,0.8787542404601298,0.0060168235065258605,0.0022131801687455582,0.7722090151266597,0.9972429928898966,SEKER
1779,45598,774.842,260.72706086963467,223.14837690413873,1.1684022285389026,0.5171916004570255,45973,240.95056912328295,0.7904791623327092,0.9918430383050921,0.9543976281824917,0.9241486799245587,0.005717949490539819,0.002572690053229781,0.8540507826063044,0.9978748376825999,SEKER
1780,45601,786.993,285.3914352837244,204.13728726860322,1.3980367776133285,0.6988290082347315,46050,240.95849534612418,0.75184660027699,0.9902497285559175,0.9252146303009252,0.8443087828006233,0.006258446860457542,0.0019617856783151434,0.7128573207142702,0.9966007515494492,SEKER
1781,45604,774.6940000000001,275.57672142964765,211.15194006796767,1.3051110084091213,0.6425803017139605,46000,240.96642130824443,0.7791826134499726,0.9913913043478261,0.954887957450265,0.8744077513447052,0.0060428190823096145,0.0021790909150821835,0.7645889156117038,0.9978734106724274,SEKER
1782,45606,791.4639999999999,283.61372325272055,205.3790131935032,1.380928454386459,0.689641998109249,46088,240.97170513815897,0.7894408862731521,0.9895417462246138,0.9148913377732569,0.8496475501061547,0.0062187809334894656,0.0019991264215500873,0.7219009594013907,0.9968935760862644,SEKER
1783,45623,770.991,270.48398619539233,215.04980953848371,1.2577736607899135,0.6065365475236917,46014,241.01661301547728,0.7502178810451713,0.9915025861694267,0.9644841314303039,0.8910568659002667,0.005928676022957551,0.0023054683532918374,0.7939823382680058,0.9986500722058851,SEKER
1784,45626,790.0509999999999,265.7257991939746,218.9481850847544,1.2136469598554227,0.566643832222705,46200,241.02453706642928,0.7726410621147464,0.9875757575757576,0.9185694679279394,0.9070422886958226,0.005823999456318209,0.0024317069185945525,0.822725713482556,0.9984985609629875,SEKER
1785,45628,777.737,265.0395502793253,219.3135770121306,1.2084958619076533,0.5615026977452868,46097,241.02981962233636,0.7769774372073223,0.9898258021129358,0.9479289257325556,0.9094107629156288,0.005808704091332631,0.002450752052280256,0.827027935706786,0.9994598379836799,SEKER
1786,45646,771.593,274.63553651011114,211.90244994907246,1.296047009254096,0.636135998345781,45953,241.077357416621,0.7792744344857021,0.9933192609840489,0.9634651982339861,0.8778083145396057,0.006016639716735555,0.0022035988116451484,0.7705474370748635,0.9986657013092856,SEKER
1787,45650,772.0649999999999,261.45914607014805,222.55872177866453,1.1747872380852822,0.524812327523175,46028,241.08792009795965,0.7549572494087684,0.9917876075432346,0.9623718603847872,0.9220863898686378,0.005727473079302258,0.0025540492442173925,0.8502433103809776,0.998854990302956,SEKER
1788,45653,777.821,266.987536030233,218.42054395156404,1.2223554213354535,0.5750864257818671,46020,241.0958418052754,0.748495729018084,0.9920252064319861,0.9482434623032578,0.9030228354104677,0.005848192583844063,0.002398812811116055,0.8154502412727607,0.9967700232490626,SEKER
1789,45654,779.1869999999999,268.03587937479585,217.25536260107944,1.2337365401053815,0.5856752238667259,46140,241.09848231654033,0.7484262295081967,0.9894668400520156,0.9449423256132455,0.8995007790707421,0.0058710272785472434,0.0023708279377021384,0.8091016515488721,0.9982182721754556,SEKER
1790,45656,771.851,271.8282640623636,213.935091565534,1.2706109225615068,0.6169236763003302,45988,241.10376325231547,0.7552438298153907,0.9927807254066278,0.9630321396393572,0.8869709118879587,0.005953834415243639,0.002273076355962493,0.786717398535357,0.9996117195481986,SEKER
1791,45670,788.865,294.64713556898994,197.81374527952048,1.4895180067120166,0.7411331071715166,46048,241.14072656449983,0.7044686791405081,0.9917911744266852,0.9222220457023661,0.8184051275395416,0.006451656132449966,0.001785354001719731,0.6697869527830135,0.9976597268310701,SEKER
1792,45678,773.561,269.25827057829247,216.17043848915276,1.245583218779489,0.59619890239563,46084,241.16184591351254,0.775373020318786,0.9911900008679803,0.9592411739075086,0.8956525101181235,0.00589470358987461,0.0023399141520348485,0.8021934188808952,0.9991986607733887,SEKER
1793,45692,773.948,267.3380448722435,218.1230134283185,1.225629706239587,0.5781829957708031,46025,241.19880032462652,0.7963330893373767,0.9927648017381858,0.9585758151522126,0.9022240004780896,0.005850872031695778,0.0023914310586817763,0.8140081470386878,0.9976725661316573,SEKER
1794,45719,774.7180000000001,261.8543545729308,222.72843528156673,1.1756664758224618,0.5258434514403366,46106,241.2700535618685,0.7742159452685768,0.9916062985294756,0.9572365953972146,0.9213902665677106,0.00572747336059255,0.002546345445373015,0.8489600233257169,0.9980938387375003,SEKER
1795,45725,778.7219999999999,276.2327550815478,210.98900199974395,1.3092282178854187,0.6454426053090182,46072,241.28588475709745,0.7449130866852386,0.9924683104705678,0.9475424806515874,0.873487594495687,0.006041175616873653,0.002169342822093403,0.7629805777378619,0.9989157020729279,SEKER
1796,45726,811.4609999999999,269.91395148352916,216.76640616534826,1.2451834961808623,0.5958516982868858,46322,241.28852318865074,0.7809068397233371,0.9871335434566728,0.8726453369850745,0.8939460960148804,0.005902855082087415,0.0023253440158351934,0.799139622580246,0.9950754691811253,SEKER
1797,45735,776.3319999999999,267.1302741662617,218.32988901012965,1.2235167405497462,0.5761894654158755,46119,241.31226777448066,0.7533851678582019,0.9916737136538086,0.9535941356182607,0.9033505038979148,0.005840828122144128,0.0023992712710274497,0.816042132892617,0.9984412105880376,SEKER
1798,45738,786.456,290.0632964744967,201.21202267100819,1.4415803420890254,0.7202802790301958,46160,241.32018211723792,0.7455985915492958,0.9908578856152513,0.929261991338182,0.8319569730134938,0.0063418447784008205,0.001874126213977352,0.6921524049457751,0.9977933006994724,SEKER
1799,45739,777.9119999999999,281.45687896508684,207.09010801611956,1.3591034437201543,0.677221542089555,46085,241.32282017381118,0.7807821648657415,0.9924921341000326,0.9498074844438232,0.8574060121079717,0.006153542468464261,0.0020514033610288225,0.7351450695988953,0.9991381957257512,SEKER
1800,45753,906.221,275.32113007155476,212.1319136428529,1.2978769924033577,0.6374532428063137,46399,241.3597499382776,0.7791192698045092,0.9860772861484084,0.7001018027449943,0.8766481158767191,0.006017553604606359,0.0021923048537172392,0.7685119190702017,0.997433938148966,SEKER
1801,45754,771.006,262.54141292186887,222.1515575524826,1.1818121637965302,0.532931868848039,46104,241.36238756238023,0.7862863034885719,0.9924084678119035,0.9672158757106051,0.9193307252985973,0.005738108425970819,0.0025283408023567266,0.845168982478045,0.99883098395609,SEKER
1802,45794,777.0509999999999,279.9184231418864,208.58091115507125,1.3420136176017503,0.6668981065791919,46143,241.46786890102385,0.7773420923087369,0.9924365559239755,0.953058143248005,0.8626365717222815,0.006112556735421375,0.0020879213292366865,0.744141854872771,0.9986485026666839,SEKER
1803,45813,786.0559999999999,272.7826004491041,214.14227594041597,1.2738381491985473,0.6194589023017611,46250,241.51795639859165,0.7541234567901235,0.9905513513513513,0.9317333095180573,0.8853862233183534,0.00595426190053269,0.0022570372994839684,0.7839087644419371,0.9985728896372371,SEKER
1804,45862,778.266,274.2327099194629,213.12136981063765,1.2867443098884161,0.6293090124599484,46192,241.64708150657236,0.7830957056262273,0.9928559057845514,0.9514954989900193,0.8811752674490935,0.005979519208047248,0.00222379743045641,0.7764698519639815,0.999118163814554,SEKER
1805,45886,784.353,272.10679182594623,215.29762786358376,1.2638633993606179,0.6115254677718283,46375,241.71030129003123,0.7610754507306231,0.989455525606469,0.9372748006467883,0.8882920549981781,0.005930061278515151,0.002277519242023954,0.7890627749728863,0.9972675610861542,SEKER
1806,45906,780.126,272.7095783620644,214.81869023030774,1.269487203695785,0.6160339053821456,46319,241.76297181456962,0.7887222308128446,0.9910835726159891,0.9478722560875996,0.8865217469317915,0.005940608599356607,0.0022634362999494418,0.7859208077829953,0.9977164085987671,SEKER
1807,45919,776.8439999999999,254.55275275338278,229.80392853491503,1.107695392225236,0.43011257009126835,46375,241.79720150302387,0.7795433324845089,0.9901671159029649,0.9561689885400707,0.9498903425227665,0.005543516904840758,0.0027839345957207853,0.902291662818019,0.9994643173467656,SEKER
1808,45932,777.5319999999999,273.71506969497614,214.29824567870034,1.2772622978228205,0.6221166779360873,46306,241.8314263464852,0.776088131927548,0.9919232928778128,0.9547478224244001,0.8835152065831757,0.00595913676075451,0.0022398515218325075,0.7805991202637118,0.9970298260265007,SEKER
1809,45951,784.074,269.29934529602014,217.60347099147063,1.2375691622427099,0.5891335939376222,46376,241.88143856055896,0.7481073864838904,0.9908357771260997,0.9392705928381802,0.8981879933450162,0.0058605763812761445,0.0023528220105724397,0.806741671389147,0.9983986144073502,SEKER
1810,45956,779.419,282.8423292581776,207.0513010385164,1.366049514489949,0.6812639225220386,46324,241.89459795094461,0.74420261691929,0.9920559537172956,0.9506269185944349,0.8552277114439402,0.006154633328796622,0.00203099570748611,0.7314144384216394,0.999148338496819,SEKER
1811,45982,803.092,261.314651160617,224.2230512441568,1.1654227775005663,0.5135532745346878,46659,241.96301524409108,0.7727028298716139,0.9854904734349215,0.8959156473896928,0.9259450787371603,0.005682977059732439,0.0025768941343565326,0.8573742888375657,0.9992035250546487,SEKER
1812,45984,790.582,293.5218655493388,199.7624260129265,1.4693547300549163,0.7326822748593892,46363,241.96827731151396,0.7502692119432207,0.9918253779953843,0.9245337428622629,0.8243620176597743,0.0063831303398864565,0.0018183830287266953,0.6795727361600941,0.998533414293196,SEKER
1813,45988,774.279,268.1410248477238,218.6060794846733,1.2265945461344019,0.5790876026797829,46335,241.97880110307318,0.7998191241434485,0.9925110607532103,0.9639609160932746,0.9024311040822341,0.005830673759409494,0.002385364369567272,0.8143818976150803,0.9989163940852424,SEKER
1814,45989,769.145,267.9785692264938,218.8411482406261,1.2245346516453057,0.5771519870230123,46275,241.98143197945043,0.7948323539578293,0.9938195569962183,0.9768938779203487,0.9029879989206497,0.005827014486648846,0.0023897571746105692,0.8153873261947194,0.9984700354378478,SEKER
1815,45993,773.8769999999998,270.54759392955094,216.66229317014526,1.24870640835085,0.5988933987461947,46334,241.991955198937,0.7684711779448622,0.9926403936634005,0.9650675737168913,0.8944524387895696,0.005882364575686538,0.0023225266737769193,0.8000451652566088,0.9990215248260422,SEKER
1816,45993,775.581,260.73705463970737,224.97518984852687,1.1589591492966782,0.5054717040100206,46415,241.991955198937,0.7735766546127323,0.9909081116018529,0.960831604454614,0.9281072670446754,0.005669059522964525,0.0025946780175985884,0.8613830991411364,0.9983078237991478,SEKER
1817,46009,798.7159999999999,287.5057340193341,203.9274163179949,1.4098434590619786,0.7049081413336928,46553,242.03404350157047,0.7864248598386435,0.988314394346229,0.9062914634620763,0.8418407525927613,0.006248902041325265,0.0019359906787143114,0.7086958527259466,0.9991502124300271,SEKER
1818,46015,775.1659999999999,277.2145630516945,211.53562225589877,1.3104864329485963,0.6463094353226909,46401,242.0498247282747,0.7853729305342209,0.9916812137669446,0.9623207694785256,0.8731497438795727,0.0060244390536063125,0.002159987817563392,0.7623904752369635,0.9991023744072735,SEKER
1819,46021,782.884,281.7103844567642,208.41048118559976,1.3517092943415223,0.6728223977855692,46432,242.06560492613758,0.7404827031375704,0.9911483459682977,0.9435633868776655,0.8592711461202414,0.006121344265808309,0.0020584839367386878,0.7383469025547932,0.9980303706315882,SEKER
1820,46028,779.483,262.7993586108282,223.4295486735784,1.1762068185294843,0.5264749907368381,46414,242.0840138569048,0.7714534727809064,0.9916835437583488,0.9519599390521832,0.9211742948558708,0.005709554154228474,0.002535999721857301,0.8485620815032107,0.9980845062096485,SEKER
1821,46090,779.136,276.9653075306209,212.84790669363758,1.3012357595288482,0.6398494927994741,46412,242.24700331860382,0.766123670212766,0.9930621391019564,0.9540915057288022,0.8746474620898912,0.006009227761566954,0.0021693548091718793,0.7650081829402877,0.9954560039740893,SEKER
1822,46092,774.5129999999999,268.312614534829,219.00649101288224,1.2251354436752584,0.5777182109556522,46436,242.2522592173974,0.7882612487814888,0.9925919545180464,0.9655571715925759,0.9028731639672918,0.00582124044378263,0.0023861749357000964,0.8151799502123085,0.9987058499785315,SEKER
1823,46119,774.8929999999999,258.1131983021408,227.88274013363912,1.1326579544847204,0.46960041532003727,46508,242.32320269351214,0.7909277996913051,0.9916358475961125,0.96517545833607,0.9388253072198761,0.005596678121861723,0.0026819411583252723,0.8813929574764948,0.9983167443125648,SEKER
1824,46132,785.2139999999999,263.07521988545085,223.8726769527802,1.1751108865372586,0.5251923901615528,46785,242.35735325696746,0.7680985680985681,0.9860425350005344,0.9402342751606638,0.921247365534829,0.0057026623577007465,0.0025337423890833084,0.848696708504863,0.9973127415324029,SEKER
1825,46137,784.568,272.40729470300124,215.96229031751707,1.2613650943527979,0.6094924451424975,46611,242.37048680779225,0.7701822916666666,0.9898307266525069,0.9418853333843894,0.8897356697882949,0.00590431312618942,0.002282407322598802,0.7916295620936258,0.9985338972826904,SEKER
1826,46151,786.415,274.7575357171342,214.41130651529966,1.2814507787980316,0.6253236436251297,46749,242.40725696453993,0.7304685026907249,0.9872082825301076,0.9377507120629434,0.8822588116895209,0.005953447069773877,0.0022250115926897547,0.7783806108038057,0.9974564399158242,SEKER
1827,46173,792.175,286.6587398730906,205.40859089857415,1.395553801421265,0.6975240106027933,46608,242.4650273731382,0.7826595474192728,0.9906668383110195,0.9246038380600565,0.8458316236249492,0.006208362893316237,0.0019601645501081803,0.7154311355240179,0.9984226408356754,SEKER
1828,46202,780.6329999999999,260.09973393843256,226.39791865715208,1.1488609766431517,0.4922969142037605,46732,242.54115825124194,0.7768697874630078,0.9886587349139776,0.9527453261265731,0.932492911771502,0.005629620664439474,0.002625675500747044,0.8695430305040942,0.9989840552581796,SEKER
1829,46217,779.227,270.77983049448966,217.72778875525913,1.2436622446887782,0.5945253950671302,46553,242.5805269163727,0.7545632653061225,0.9927824200373767,0.9564970410930814,0.8958589215207784,0.005858879427364166,0.002327838332152927,0.8025632072683723,0.9981175598560089,SEKER
1830,46250,782.848,281.7191346716483,209.3760486821657,1.3455174860965111,0.669059908755187,46601,242.66711549775604,0.7950833763108132,0.9924679727902834,0.948345763245219,0.8613795998649204,0.006091224533441044,0.002068534172225121,0.7419748150634505,0.9983400879110976,SEKER
1831,46294,782.096,270.63478406360775,218.81897658581835,1.2367975953743109,0.5884415832880788,46720,242.7825189011137,0.7558944549670171,0.9908818493150685,0.9510742903921781,0.897085419899506,0.005846001297438281,0.002335467688593037,0.8047622505962729,0.995328016385489,SEKER
1832,46323,782.3269999999999,262.00602717911727,225.6030472490788,1.1613585471203653,0.5085024805511615,46742,242.85855025254298,0.7749171936163806,0.9910358991913054,0.9511081509940249,0.9269197081734141,0.005656067767180823,0.002575507577020815,0.8591801454002872,0.9978162053767416,SEKER
1833,46343,784.808,280.39049732610937,210.82251724348976,1.3299836326414411,0.6592897720639932,46736,242.9109718017316,0.7767330383480826,0.9915910647038685,0.9455122621480547,0.8663309709787096,0.006050331168161521,0.002102297972613485,0.7505293512769138,0.9981917530152938,SEKER
1834,46347,779.401,261.43603248585634,225.85333223406278,1.1575478205250365,0.5036716115251825,46748,242.9214547540842,0.7676903200159014,0.9914220929237615,0.9587592667145131,0.929181231998792,0.0056408404532301195,0.002593733167023166,0.863377761898793,0.9994010465757317,SEKER
1835,46371,810.7869999999999,281.37810265479493,210.33879611731157,1.3377375351043792,0.6642271554304794,46994,242.9843429707236,0.7386269512583625,0.9867429884666128,0.8864265843983984,0.8635510037141226,0.006067975731702895,0.002081495954336493,0.7457203360156687,0.9975780841788099,SEKER
1836,46374,793.1479999999999,294.12770652076864,201.04041459082782,1.4630277554858753,0.7299373727477656,46747,242.9922028534011,0.712678653757492,0.9920208783451344,0.9263518108029689,0.8261452337413279,0.006342513186716019,0.0018224966895759626,0.6825159472335134,0.9985397743643631,SEKER
1837,46379,795.7959999999999,276.5100037415948,213.91540640854362,1.2926137877769575,0.6336421499888978,46847,243.00530209292165,0.7897658578118348,0.9900100326595086,0.9202964370495307,0.8788300560728208,0.005961965625425188,0.002193758598845464,0.7723422674569573,0.9983402637977816,SEKER
1838,46380,809.834,308.6616562693507,191.74640536534775,1.6097389449425985,0.7836372096722641,46786,243.00792185609265,0.7722277722277723,0.9913221903988373,0.8886865267277858,0.7872954638850057,0.006655059427972202,0.001577185216023416,0.6198341474539065,0.9977711665618465,SEKER
1839,46382,776.2009999999999,268.46915121584425,220.3100487447584,1.2185969398376417,0.5714801638675503,46718,243.013161297709,0.7738071404738072,0.9928079112975726,0.967410818450429,0.905180949830362,0.005788218516145148,0.0023969904421085987,0.8193525519357963,0.9984605124371236,SEKER
1840,46390,779.816,274.56038281386884,215.72884067428427,1.2727106026051043,0.6185765020951036,46750,243.03411793463113,0.7752339572192514,0.9922994652406417,0.9586276542187558,0.8851754774081513,0.0059185251738277395,0.0022413555632339937,0.7835356258047487,0.997214098480529,SEKER
1841,46411,783.759,286.88782749801925,206.33065582088082,1.3904275462928373,0.6947997522482027,46760,243.08912051077817,0.7915913354937745,0.9925363558597091,0.9494360291301238,0.847331595177061,0.006181461883993433,0.001965552104071644,0.717970832185303,0.9982864225052371,SEKER
1842,46414,786.458,286.14719023546616,207.1665155413844,1.3812424729338282,0.6898148266775636,46778,243.09697700575762,0.7328564887183616,0.992218564282355,0.9429915321850812,0.8495522070502137,0.00616510514576348,0.001980982050819714,0.721738952503889,0.9968964955691425,SEKER
1843,46418,780.5579999999999,271.72853013560825,217.91111095054498,1.246969596686959,0.5973989838682742,46840,243.10745193744427,0.7673538212296044,0.9909906063193852,0.9573834811142893,0.8946703234147684,0.0058539473940197395,0.0023135596724629687,0.8004349875990864,0.9981180936605637,SEKER
1844,46427,811.657,293.9180292933612,202.24616005217055,1.4532687751280091,0.7256121135906205,46974,243.13101888368624,0.6837958053493578,0.9883552603567931,0.8855955151854591,0.8272068898536872,0.006330756441151942,0.0018284872669125903,0.6842712386214101,0.9944300248066626,SEKER
1845,46448,777.498,278.58763828457285,212.4825018217971,1.3111086131610792,0.6467367279244134,46761,243.185999543269,0.787681454348121,0.9933063878018007,0.9655578998181756,0.8729245886167367,0.005997839267235895,0.0021482335433188364,0.7619973374116992,0.9990612722862876,SEKER
1846,46460,831.866,275.30047141655854,215.48147479425683,1.2776062150095144,0.6223818170743053,47213,243.21741148280412,0.760343021733438,0.9840510029017432,0.8436888723359024,0.8834616600230613,0.005925537482061097,0.0022266827273658583,0.780504504730703,0.9971774060868692,SEKER
1847,46474,783.1719999999999,278.4977782744728,212.65398659697536,1.3096287670462792,0.6457189555794405,46851,243.25405361889028,0.7829177897574124,0.9919532133785832,0.9521505297172623,0.873450607491568,0.005992550206017834,0.0021515173314867624,0.7629159637273892,0.9991366929362246,SEKER
1848,46480,793.169,269.22716166575646,220.0689480665956,1.223376419213332,0.5760564648483306,47029,243.26975570195808,0.75591985428051,0.9883263518254694,0.9284200682425151,0.9035854859398462,0.0057923227552873595,0.002381823091565665,0.8164667304011479,0.9988461450449734,SEKER
1849,46494,799.4359999999999,254.09240380465698,233.20039676258037,1.0895882139658049,0.3970940662208316,47084,243.30638995496327,0.7691060676239,0.9874692039758729,0.9141961173721938,0.9575508213225222,0.005465057938758915,0.002834143694816899,0.916903575415437,0.9990473291157665,SEKER
1850,46503,780.5260000000001,268.3833664394638,221.33466728976157,1.212568142739737,0.5655763782098755,46896,243.32993763369782,0.7572545188080118,0.9916197543500512,0.959215275478718,0.9066505903918713,0.0057713129570019965,0.00240554886100937,0.822015293057929,0.9967495572069135,SEKER
1851,46568,783.891,275.35490272674076,216.02145915888278,1.2746645810045127,0.6201033733866014,46944,243.49993658978036,0.769973544973545,0.9919904567143831,0.9523269919527829,0.8843130599037384,0.005912963896382511,0.0022305355307879952,0.7820095879163127,0.9967999237228585,SEKER
1852,46594,804.546,268.32988311660904,221.4171308671726,1.2118749893727927,0.5648879533869363,47173,243.56790294985538,0.7854951279544152,0.9877260297203909,0.9045615001640104,0.90771814201554,0.005758893486642251,0.0024116977095365315,0.8239522253441443,0.9985270943326235,SEKER
1853,46610,785.6459999999998,276.2100808782359,215.1219326031201,1.2839698748328825,0.6272295151326457,47018,243.6097189771088,0.7468593770029484,0.9913224722446723,0.9489321471352928,0.8819725847895515,0.005925983284235913,0.0022118747343206277,0.7778756403203629,0.9987688885376848,SEKER
1854,46625,785.298,281.11578864495766,211.67328475790862,1.3280645640590434,0.658048619903336,46992,243.64891498481367,0.7358743686868687,0.9921901600272387,0.9500790158713358,0.8667208489400653,0.006029293054047349,0.00209876170147159,0.7512050299873875,0.9976487806691603,SEKER
1855,46625,785.745,275.8307819144497,215.8361968770789,1.2779635015137816,0.6226569170483439,47081,243.64891498481367,0.7483468156137648,0.9903145642615917,0.9489983484254165,0.8833274999031203,0.005915941703258975,0.0022217267967013,0.7802674720850972,0.9971533507431776,SEKER
1856,46680,796.926,286.44996883009526,207.87594397771431,1.3779851739882159,0.6880142116116295,47243,243.79257976451495,0.7264239028944911,0.9880828905869653,0.9236442251268945,0.8510825843696214,0.006136460343403926,0.0019860240776936318,0.7243415654172737,0.9981319380484186,SEKER
1857,46699,783.519,275.667311230246,216.00202439343585,1.2762255909608196,0.6213154564165904,47066,243.8421897448991,0.7856758302769272,0.992202439128033,0.9559130268167798,0.8845524290010375,0.005903066687300499,0.002229214041249465,0.7824329996516354,0.9985610173676551,SEKER
1858,46701,781.494,274.34799757937367,217.15414990128374,1.2633790222479733,0.6111327705386252,47058,243.84741126097038,0.7533391405342624,0.9924136172383017,0.960914502775601,0.888825190679298,0.005874563662006674,0.0022616260406588783,0.7900102195860905,0.9980823387865817,SEKER
1859,46716,785.04,267.506049174742,222.61820046352028,1.201636023549554,0.5544774440866475,47132,243.88656906817943,0.7869946091644204,0.991173724857846,0.9525591259413355,0.9117048747890794,0.005726219050747966,0.0024404214185863578,0.831205778714171,0.9988068066855068,SEKER
1860,46828,779.4339999999999,268.1653772478117,222.590828241569,1.2047458530356985,0.5576881085905037,47157,244.1787488723337,0.7972080354102826,0.9930233051296732,0.968627468990154,0.9105528512977574,0.005726603255484149,0.0024282729005587742,0.8291064950064757,0.9988626115840149,SEKER
1861,46841,833.5699999999999,295.6766049313191,202.56787999691025,1.4596420959523742,0.7284495458981004,47465,244.21263995735308,0.7035718577265081,0.9868534709786159,0.8471335267943444,0.8259450896160003,0.006312346126925538,0.0018120712486547493,0.6821852910607826,0.9957463680718414,SEKER
1862,46887,789.5140000000001,276.5854475263421,216.18583801173116,1.2793874477167806,0.6237498236560419,47344,244.33252451116198,0.7624522318887714,0.9903472456911119,0.9452411913784738,0.8833889371127946,0.005898979408500055,0.0022159730159489045,0.7803760142132731,0.9984032770837136,SEKER
1863,46918,790.933,281.76640148610096,212.6099018423436,1.325274124321072,0.6562300581190325,47341,244.4132831085176,0.7180593816957453,0.9910648275279356,0.9424752693104432,0.867432319181512,0.006005507512811734,0.0020973546552977046,0.7524388283606165,0.9971877093607894,SEKER
1864,46925,776.375,256.51188268413523,233.16864306041992,1.10011311691541,0.4168017101920917,47253,244.43151522808492,0.7764540415322247,0.9930586417793579,0.9782977637885871,0.9529052325777598,0.005466422646438683,0.002780236986638912,0.9080283822740746,0.9989339338711895,SEKER
1865,46946,796.12,285.48870922548315,209.85551819210417,1.3604060149809523,0.6779861593399037,47380,244.48620342902163,0.7675931981687377,0.9908400168847615,0.9307893163482998,0.8563778374714036,0.006081214783484922,0.002017584734723287,0.733383000512198,0.9976986451815728,SEKER
1866,46954,799.2189999999999,296.8753171355145,201.68642756637595,1.4719647758043184,0.7338013647048763,47395,244.5070338119025,0.7248896162040325,0.990695221014875,0.9237423606776709,0.823601760399274,0.006322684268337405,0.0017945283466828535,0.6783198597327832,0.9984629402551829,SEKER
1867,46973,781.2129999999999,275.06076169457305,217.7319469280094,1.2632999684952928,0.6110686127338602,47306,244.5564988603754,0.7518326450910721,0.9929607237982497,0.9672065714980497,0.8890999114294988,0.005855720556374365,0.002257160148978835,0.7904986525039428,0.9986369228038026,SEKER
1868,46975,790.564,284.70558738512096,210.22939002185552,1.3542615870955192,0.6743522799274629,47450,244.56170512558637,0.7784019354411083,0.9899894625922023,0.9445013541431108,0.8589986145750206,0.006060789513254305,0.0020355361415863955,0.7378786198418049,0.999280670790814,SEKER
1869,47044,792.0029999999999,279.6201419684756,214.5121886349008,1.3035163351225154,0.6414609232878746,47419,244.74125345458413,0.7798295925471604,0.9920917775575191,0.9424546293570685,0.8752633187711358,0.005943800313928994,0.0021517850492138294,0.7660858771862631,0.9986054550189551,SEKER
1870,47049,797.773,263.87400478407017,227.26061227091924,1.1611075150563432,0.5081871161406504,47536,244.7542590849946,0.7952839756592293,0.989755132951868,0.9289697952449404,0.9275421399894189,0.00560849337465345,0.0025607110297666534,0.8603344214561509,0.9989407622143882,SEKER
1871,47096,807.722,255.1785001188739,235.34156108650384,1.0842899951066385,0.3865642040283129,47740,244.87647824739562,0.7952718676122932,0.9865102639296187,0.9071311133491026,0.9596281745261489,0.005418262699993076,0.00283433892757324,0.9208862333443888,0.9985077294467581,SEKER
1872,47107,792.499,284.3996312157604,211.2066344990363,1.346546863408583,0.6696904867034769,47479,244.90507392424377,0.7954576156703816,0.9921649571389456,0.9425358229441302,0.8611300685493717,0.006037311465721875,0.002047851027894574,0.7415449949598456,0.9985250870395137,SEKER
1873,47171,792.111,277.0274818579011,217.08103632075944,1.276147776669744,0.621255196900037,47597,245.07138259026158,0.7622979961215255,0.9910498560833666,0.9447412069428671,0.8846464652050979,0.00587283461995508,0.0022187405469488585,0.7825993683998743,0.9987124440066457,SEKER
1874,47210,791.788,277.14293706537495,217.19492460013493,1.2760101902731238,0.6211486084728778,47669,245.17267161522514,0.7497816247121417,0.9903711007153496,0.9462938846011637,0.8846434053536484,0.005870428660567146,0.0022178008978516227,0.7825939546356994,0.9985978609612953,SEKER
1875,47211,853.59,275.6104513261552,218.71192519039874,1.2601528292809077,0.6084991294125978,47904,245.1752682194755,0.7911353162966066,0.9855335671342685,0.8142437363280314,0.8895717380809229,0.005837843962766203,0.0022550498806671987,0.7913378771923143,0.9972066648610425,SEKER
1876,47239,820.1289999999999,283.12733580465476,212.96473990166783,1.3294563970325937,0.6589495520297527,48050,245.24796197673967,0.7646820771820771,0.9831217481789802,0.8825640266500402,0.8662108209358839,0.005993508241170532,0.002081398745933337,0.7503211863064179,0.9975193009641519,SEKER
1877,47273,784.934,270.0951594589661,223.40758275777497,1.2089793735954395,0.5619900810035998,47632,245.3362040104667,0.7793623054603007,0.9924630500503863,0.9641769513868296,0.9083324725326635,0.0057135184874868555,0.002399179605604585,0.825067880657302,0.9974900495307818,SEKER
1878,47300,809.261,281.01397877930106,214.5581050556821,1.3097336905840604,0.6457912838798399,47819,245.40625596339876,0.7746098291928009,0.9891465735377152,0.9075985264509536,0.8732884286732675,0.005941098917109959,0.00213146089226411,0.7626326796546247,0.9988457140840631,SEKER
1879,47369,800.7779999999999,272.142899181425,222.15266155924817,1.2250265077685976,0.577615645960941,47880,245.58518683862007,0.7463446146089368,0.9893274853801169,0.92828175410933,0.9024126206390558,0.005745168763989634,0.0023501911971502824,0.8143485378886484,0.9975985454761945,SEKER
1880,47397,795.724,276.4688862686571,218.65540019077434,1.264404565482678,0.6119633741845887,47788,245.6577592949437,0.778505962353405,0.9918180296308696,0.9406667726305985,0.8885548121180882,0.005833046105632363,0.0022429111234795493,0.7895296541382111,0.9982848992763139,SEKER
1881,47406,803.384,281.504905245126,215.04502779991319,1.3090509839969415,0.6453202078393226,48073,245.6810816031937,0.8043640559250712,0.9861252678218543,0.9229896261521567,0.8727417427744714,0.005938170384447665,0.00212508062429672,0.7616781495810218,0.9970755311980061,SEKER
1882,47407,808.47,291.71773401074347,207.1099132827983,1.4085165185329271,0.704235122687973,47884,245.68367283411376,0.7320639920936409,0.9900384261966418,0.9114325175744626,0.8421965626027578,0.0061534738332048745,0.001909650887400048,0.7092950500599011,0.9990537945230101,SEKER
1883,47447,785.622,267.9061219903089,225.67135708264132,1.1871516414562133,0.5389271592276195,47852,245.78729966995704,0.7659660338370141,0.9915364039120622,0.9660316349782871,0.9174381602181081,0.005646429110171537,0.0024675209246322596,0.841692777824387,0.9992169627960609,SEKER
1884,47465,801.514,281.11323192405206,215.127263115755,1.306729922802911,0.6437105265774753,47925,245.83391749482922,0.7781657813627123,0.9904016692749087,0.9284555660083202,0.874501409315538,0.005922537278501044,0.0021366314691793303,0.7647527148948622,0.9993252560978798,SEKER
1885,47484,794.213,282.41302368334027,214.38204124701232,1.3173352676399896,0.6509644729854142,47848,245.88311561025182,0.7444500188134956,0.9923925764922253,0.9459826633852596,0.8706507667505867,0.0059475407228401205,0.0021081093495028424,0.7580327576433846,0.9985832856700274,SEKER
1886,47496,793.007,276.26460804989773,219.26542348441873,1.2599551888286182,0.6083367592039883,47965,245.91418303290538,0.7486759142496847,0.9902220369019077,0.9491019334107753,0.8901400174592375,0.005816586829415061,0.002252585485517018,0.7923492506823316,0.9983245497616713,SEKER
1887,47518,785.966,276.5853784296088,218.97622098015822,1.2630840791369335,0.6108933072744747,47854,245.97112978300004,0.7957064871563013,0.9929786433735946,0.9666305094289414,0.8893135681270291,0.005820644354341698,0.0022457970159995657,0.7908786224548282,0.9989461965524432,SEKER
1888,47532,811.9079999999999,277.24226882412233,218.41993727418267,1.2693084353197115,0.6158920183002864,48007,246.00736176048014,0.7863807822116339,0.9901056095986002,0.9061128953745738,0.8873371394768916,0.0058327499121459715,0.0022305283920502463,0.7873671990950327,0.9994118275053799,SEKER
1889,47533,800.405,279.59173518164494,216.68506317994095,1.2903138364893414,0.6319547921975405,48024,246.0099495546806,0.7779414412202746,0.989775945360653,0.9323640149993866,0.8798899201897118,0.00588205531276471,0.002174814586170784,0.7742062716514573,0.9989690646087013,SEKER
1890,47534,786.0759999999999,278.3614339090804,217.78409577240922,1.278153176988536,0.6228028184463207,47834,246.01253732166015,0.7721572449642625,0.9937283104068236,0.9666853837888272,0.8837881522122558,0.005856049015632608,0.0022038253121875943,0.7810814979907535,0.9983417981438462,SEKER
1891,47562,802.0279999999999,290.03990538196314,209.4093521116212,1.3850379768491121,0.6918911109551632,47944,246.08498374889476,0.7339814814814815,0.9920323710996162,0.9291608695821456,0.8484521584187434,0.006098143589040897,0.0019493366324468307,0.7198710651254246,0.9970487636335336,SEKER
1892,47705,803.6719999999999,283.61679271064276,214.3764565389558,1.322984796416321,0.6547256721445539,48140,246.45464589167503,0.7785393716850265,0.9909638554216867,0.9281455541712401,0.8689705695357678,0.00594522152207615,0.0020910676136280063,0.7551098507193168,0.9989988521258538,SEKER
1893,47720,799.753,293.75241029430845,207.02205697857346,1.4189425734703789,0.7094555783318723,48085,246.4933895153417,0.7792674363538383,0.9924092752417594,0.9375588621562737,0.8391195472009293,0.0061557504252788865,0.001882591609302933,0.7041216144946926,0.9991081357072171,SEKER
1894,47735,795.6259999999999,273.7960663787312,222.46604553243918,1.2307319336011089,0.5829268714842447,48141,246.53212705027514,0.7523246650906226,0.9915664402484369,0.9476083026518295,0.9004224578933762,0.005735750840656357,0.0023257086806283004,0.8107606026787487,0.9978289642224167,SEKER
1895,47762,816.963,293.87131843411044,207.37007557655798,1.4171346449918107,0.7085613137650456,48372,246.6018392787062,0.7178045958009588,0.9873893988257669,0.8992647965779224,0.8391490554189532,0.0061528269007602365,0.0018819622167606596,0.7041711372105215,0.997905314544312,SEKER
1896,47779,819.346,298.5944463815306,203.96271052738294,1.4639658671404199,0.7303472669332494,48331,246.64572205473448,0.7239242424242425,0.9885787589745711,0.8943597464919557,0.826022469753445,0.0062494913326258525,0.0017947000629993796,0.682313120537581,0.9988831191690855,SEKER
1897,47812,802.1349999999999,282.2464815841894,216.048731936295,1.3064019355939276,0.6434820459387265,48280,246.7308839867389,0.7461298377028714,0.9903065451532725,0.933795639777548,0.8741681476484348,0.005903256119471877,0.0021264310264206836,0.7641699503630955,0.9983131022770636,SEKER
1898,47829,800.678,292.00897950510864,208.74945878568417,1.3988490375196811,0.6992538800706439,48359,246.7747438153631,0.7973759231782338,0.9890403027357886,0.9375304314599971,0.8450929975975133,0.006105270432271397,0.001920890820561473,0.7141821745883508,0.9990330475366274,SEKER
1899,47930,790.8230000000001,272.46696768340325,224.51300133281293,1.213591044019337,0.5665886246425688,48282,247.03516223233555,0.7602867929316963,0.9927094983637794,0.9630718960429582,0.9066609590612154,0.005684685326171568,0.0023695498713315792,0.8220340946858029,0.9976132151892341,SEKER
1900,47971,905.348,281.9002602738676,217.34966579622682,1.2969896191980315,0.6368155371952602,48879,247.14079833263162,0.7416666666666667,0.9814235152110313,0.7354574350543569,0.8766958856034153,0.005876472457815506,0.00214137309276961,0.7685956758339565,0.9968606129171369,SEKER
1901,48004,795.841,281.0863977044235,217.8036746335313,1.2905493820403604,0.6321282222418568,48377,247.2257897256408,0.775208319875977,0.9922897244558364,0.952433522016153,0.8795366540134437,0.0058554786622869665,0.0021615134271909748,0.7735847257531642,0.9983492897766075,SEKER
1902,48007,809.638,284.6810089601492,214.8948298025507,1.3247457336303499,0.6558838348475117,48696,247.23351476711437,0.7415353722582638,0.985850993921472,0.9203068712763883,0.8684580529982705,0.005929989563191809,0.002080793958561411,0.7542193898175469,0.9991489188820808,SEKER
1903,48067,791.313,271.5494224645426,225.78554315993927,1.2026873761008945,0.5555677521163893,48402,247.387964939253,0.7339930062455143,0.9930787983967605,0.9646289249161094,0.9110237197118529,0.005649394022188666,0.0024004925751289277,0.8299642178776206,0.9981874874568668,SEKER
1904,48094,820.0939999999999,296.8403893082509,206.41706101923154,1.4380613106423155,0.7186416076501693,48614,247.45743606627164,0.7952707730467136,0.989303492820998,0.8986146489478722,0.8336380256168643,0.006172087772034992,0.001838746764552394,0.6949523577543838,0.9993840984262362,SEKER
1905,48112,788.4219999999999,278.376276642942,220.37336959732818,1.2632028867716558,0.6109897982351292,48427,247.5037393178094,0.8014392324093816,0.9934953641563591,0.9726258464080901,0.8890978150241907,0.005786005084863277,0.0022302664203517285,0.7904949246807901,0.9985554708351166,SEKER
1906,48123,798.934,276.4188256460356,221.92898938407674,1.2455282494332327,0.5961511871368879,48499,247.53203148540237,0.7569603926133325,0.9922472628301614,0.9474160770842778,0.8954962850554042,0.005744006517591081,0.0022785042388493984,0.8019135965480297,0.9988060381051752,SEKER
1907,48201,792.906,277.46650352816937,221.4105608301279,1.2531764631636026,0.6026942356318689,48558,247.73255598685364,0.7882162480376766,0.9926479673792166,0.963435187527229,0.8928377041436389,0.005756447034878309,0.00225644298286094,0.7971591659404843,0.9989811041517435,SEKER
1908,48202,815.613,272.31138720239085,225.9420202214612,1.205226840653544,0.5581808333182843,48782,247.7351257600026,0.7565370248297077,0.988110368578574,0.9105559648915299,0.9097494170373333,0.005649379428289093,0.0023870837192619056,0.8276440017997678,0.9974987654749902,SEKER
1909,48224,796.462,275.8280278573867,222.86146738215643,1.2376658517840804,0.5892201653440572,48642,247.79165402674175,0.7793777777777777,0.9914066033469019,0.9553070321124401,0.8983556020451235,0.005719725196113692,0.0022979895414789696,0.8070427877258566,0.998849299296921,SEKER
1910,48237,813.9519999999999,314.5999820064322,195.37073607402394,1.6102717752326712,0.7838001193084319,48597,247.8250510327599,0.7791723202170964,0.9925921353169949,0.9149398944151962,0.787746551834491,0.006521964094086121,0.001549188304279537,0.6205446299271306,0.9992455028438615,SEKER
1911,48324,812.215,285.37970544788294,216.0143228852437,1.3211147373754897,0.6534884048917126,48849,248.04843833368918,0.7767009016828198,0.9892525947307007,0.9205146996180779,0.8691873794753379,0.005905548080620043,0.0020791873277113274,0.7554867006392051,0.9980846141056385,SEKER
1912,48327,803.0209999999998,290.20722741770135,212.29146745472073,1.367022569946666,0.6818233976037706,48756,248.05613775598502,0.7715038314176246,0.9912010829436377,0.941772261326267,0.8547552035944047,0.006005074335624006,0.001977266298436912,0.7306064580717121,0.998755517932823,SEKER
1913,48335,812.4079999999999,293.95350476898284,209.52480203982293,1.402953263323514,0.7013855221786314,48862,248.0766683805111,0.7347307937859119,0.9892145225328476,0.9202868241207276,0.8439316570675822,0.006081586940498249,0.001902943067284537,0.7122206418008352,0.9992122736208494,SEKER
1914,48357,820.651,296.70432025684926,207.81799023771862,1.4277123935105687,0.7137297597709426,48825,248.13311883897777,0.7400939714412526,0.9904147465437788,0.9023025982389045,0.8362976266209247,0.006135705694250041,0.0018513466299828892,0.6993937202917916,0.9985330824040548,SEKER
1915,48412,800.234,282.53224409583,218.76252084985788,1.291502049794621,0.6328282114299458,48785,248.27418883105568,0.765407114624506,0.9923542072358307,0.9500115591184208,0.878746387427714,0.005835996118644757,0.002146589336530763,0.7721952134172582,0.9972917009699837,SEKER
1916,48433,803.54,269.40733668347315,229.0584799014569,1.1761508973576298,0.5264097069496808,48921,248.3280307781587,0.7765432098765432,0.9900247337544203,0.9426190951327706,0.9217567488517192,0.005562474690468754,0.002476926473702712,0.8496355040536913,0.9992995605196512,SEKER
1917,48484,809.4709999999999,276.06221157509844,224.33569535540283,1.2305763964033816,0.582783697055887,49140,248.45874121660447,0.7811432622285236,0.9866503866503866,0.9298346324402462,0.9000099644170789,0.005693882756684647,0.0023045044653625907,0.8100179360500317,0.9967889527665529,SEKER
1918,48538,828.59,271.5869147488343,227.88057576027748,1.1917949296149506,0.5440226560101904,49197,248.59706559482018,0.7473823601872382,0.9866048742809521,0.8884078065731897,0.9153499380657741,0.005595346218402784,0.0024230108164200403,0.8378655091170167,0.9985638654649095,SEKER
1919,48598,813.192,301.3699872306318,206.01704454275358,1.4628400669445103,0.7298552426244758,49088,248.75066913485767,0.7585378035836923,0.990017926988266,0.9235109851306916,0.8253996073752834,0.006201283740701918,0.0017754906826630123,0.6812845118552722,0.9966102809306242,SEKER
1920,48606,805.1129999999999,287.38033899137594,215.5698919120188,1.3331190939626456,0.6613011356061036,48997,248.771142440994,0.7387828307392996,0.9920199195869135,0.9422932242476948,0.8656512248336495,0.005912445767834751,0.0020479470530931753,0.7493520430559977,0.998975516697869,SEKER
1921,48611,804.7819999999999,284.49759185782005,217.94976392830856,1.3053356274861645,0.6427374869134655,49059,248.78393740175628,0.7462313100610973,0.9908681383640107,0.9431655095747337,0.8744676388195511,0.005852535266870051,0.002111051223331086,0.7646936513426412,0.9981818672100328,SEKER
1922,48620,898.957,288.26295774522026,215.4478055505843,1.3379711945013983,0.6643740453840719,49827,248.8069666730086,0.7239643825009678,0.9757761856021836,0.7560438438531523,0.8631250044028042,0.005928896703932955,0.002029777524059797,0.7449847732253407,0.9967681669176625,SEKER
1923,48644,835.917,323.1527042405779,192.35523678943488,1.6799787187199007,0.8035437968488544,49179,248.868367644619,0.7181834288076537,0.9891213729437361,0.8748081667608408,0.7701262108558549,0.006643218161347297,0.0014414709552758975,0.5930943806471967,0.9963859376796506,SEKER
1924,48673,807.338,278.9753670972752,222.6076031737981,1.2532158071863728,0.6027274031239972,49337,248.94254027966892,0.7400261509456911,0.9865415408314246,0.9383982523289013,0.8923459546622473,0.005731624660433406,0.0022417673620280985,0.7962813028020774,0.9979123156385221,SEKER
1925,48673,799.093,270.6905941154061,229.29236415769762,1.1805477915053313,0.531490274457288,49078,248.94254027966892,0.7515440676919276,0.991747829984922,0.9578628429460587,0.9196571498658533,0.005561411750157297,0.002453966441198649,0.8457692732993846,0.9984710477166575,SEKER
1926,48686,795.8399999999999,279.1326830767439,222.39418184695762,1.2551258344916205,0.6043316510257711,49041,248.97578290865184,0.7953019586062695,0.9927611590301992,0.9659673148979483,0.8919621312857843,0.005733325454478575,0.002238576933231385,0.7955964436478787,0.9985736502521092,SEKER
1927,48782,811.014,274.678280738063,226.3339856083311,1.213597153780481,0.5665946576477875,49312,249.2211296645425,0.8024147119781557,0.9892521090201168,0.9319932424606311,0.9073201164463499,0.005630730202494014,0.0023538925840629757,0.8232297937082179,0.9990693345515859,SEKER
1928,48813,813.947,288.04597402543243,216.16297139224628,1.3325407777761726,0.6609316791691695,49316,249.3003046471414,0.736155516679737,0.9898004704355584,0.9258766043484363,0.8654878982100612,0.005901009444726455,0.002042443592547757,0.7490693019480692,0.9981653902261349,SEKER
1929,48868,800.747,286.91725271047676,217.1602035330629,1.3212239077073495,0.6535608430222355,49210,249.4407145437928,0.7557686359418496,0.993050193050193,0.957731537540653,0.8693820681306297,0.005871270621070573,0.0020689718130146102,0.7558251803870909,0.9986142983746445,SEKER
1930,49031,838.858,275.64790269284094,226.84463949851968,1.215139592023023,0.5681127664219274,49761,249.85637497952652,0.7794947616095134,0.9853298768111574,0.8755958884918271,0.9064330710977535,0.005621910682891251,0.0023410283527933243,0.8216209123797049,0.9983841002666586,SEKER
1931,49063,795.123,271.5623472773777,230.18896728763548,1.1797365897994736,0.5305608576611206,49420,249.93789585283238,0.7714308176100629,0.9927762039660056,0.9752036804155984,0.9203702146437195,0.005534972326954685,0.00244988353162279,0.8470813320033262,0.9993328419003998,SEKER
1932,49085,800.622,277.36007580338486,225.54844458367307,1.2297139814701357,0.5819882040458858,49463,249.99392603286475,0.7579758485438093,0.9923579241048864,0.962284786708594,0.9013334933254077,0.00565060763580289,0.002300472008734125,0.812402066190183,0.9990221793692944,SEKER
1933,49092,805.611,289.5555998917997,216.1123185418487,1.3398384777206913,0.6655439935067743,49571,250.01175118409654,0.7396938283510125,0.990337092251518,0.9505387244249054,0.8634326232251084,0.005898223740972047,0.0020221567630434906,0.7455158948493922,0.9988708816715886,SEKER
1934,49105,813.6789999999999,289.71829538468637,216.0480583182522,1.3409900447145575,0.6662620543791699,49553,250.0448516650966,0.7631280401572723,0.990959175024721,0.9320288683952178,0.8630620007379527,0.0058999754685813335,0.002019286545319248,0.7448760171177979,0.9988713235015975,SEKER
1935,49106,908.723,297.86987808175763,210.4572992109266,1.4153459119667953,0.7076720507695007,49733,250.0473976744507,0.7423431594860166,0.9873926768946173,0.7472765997096348,0.8394517743275106,0.006065855049927863,0.001858038875823671,0.704679281421606,0.9973649402077688,SEKER
1936,49108,799.901,278.8531643496677,224.44140216829302,1.2424319294734,0.5934470009416104,49455,250.05248961538928,0.7844477812210473,0.9929835203720554,0.9644720172573339,0.8967174182819607,0.005678365324380298,0.002264777364763263,0.804102128250265,0.9990421586956441,SEKER
1937,49129,805.088,276.17309995340435,226.85148825039266,1.2174180653757571,0.5703374140942552,49531,250.10594873631814,0.7716677661546194,0.9918838707072338,0.9524914402214537,0.905612996988178,0.00562138655281818,0.0023323504155667997,0.8201349003139098,0.9984470436872995,SEKER
1938,49216,799.6310000000001,286.2928915991326,219.00124355620432,1.3072660545220083,0.6440834592075687,49540,250.32730061598508,0.7605154989646753,0.9934598304400485,0.9672459788766405,0.8743748376627298,0.005817069481451816,0.0020973679090933745,0.7645313567377253,0.9994458902808842,SEKER
1939,49227,807.687,289.38303616925026,216.80527172592178,1.3347601461235636,0.6623457885657086,49748,250.35527369855396,0.7530173007204809,0.9895272171745598,0.9482591633233556,0.8651345877514731,0.0058785429981361905,0.002031347215162355,0.7484578549239111,0.9990117158055687,SEKER
1940,49235,801.151,279.1017678918259,224.85244075039915,1.2412663476561814,0.5924205688136606,49611,250.3756157956196,0.7913050466088074,0.9924210356574147,0.9639511994150286,0.8970764237246253,0.005668767500595631,0.002264572243921516,0.8047461100025636,0.9989042647534017,SEKER
1941,49335,837.3309999999999,300.58481203060086,209.23879305762873,1.436563495889663,0.7179393366838823,49944,250.62975270208693,0.7559529281971131,0.9878063431042768,0.8842410165725905,0.8338071075812431,0.006092729543541114,0.0018165779331691596,0.6952342926529987,0.9987482059159688,SEKER
1942,49354,802.838,282.1301299907183,223.05291668442825,1.2648573898267896,0.6123291231907241,49750,250.67800958771636,0.7821057302231237,0.9920402010050251,0.9622244322015348,0.8885191014372104,0.005716459253367879,0.002197728043271979,0.7894661936187878,0.9985621490171507,SEKER
1943,49363,816.683,280.6216408567113,224.28927191034995,1.251159444526967,0.6009872056425997,49830,250.70086487039057,0.7535070446184611,0.9906281356612483,0.930045892124576,0.8933768048145702,0.00568485790686772,0.002233768007603357,0.7981221153806907,0.9985780225443928,SEKER
1944,49377,800.422,279.1055223003123,225.57257294513303,1.2373202941130628,0.5889106168341527,49719,250.73641339141014,0.7941488677303139,0.9931213419417124,0.9684930981440953,0.8983570490648424,0.0056525411082146,0.0022710119096853152,0.8070453876044918,0.9985736363533806,SEKER
1945,49452,825.5289999999999,278.3305612823881,226.91367940642752,1.2265922531002076,0.5790854569985732,50153,250.92676614152438,0.7659851301115241,0.9860227703228122,0.9118618707967342,0.9015422704046487,0.005628297364765593,0.002293512832278113,0.8127784653263688,0.9969477690559996,SEKER
1946,49639,833.546,298.803597401119,211.8542236435697,1.410420770764692,0.7052001585884708,50048,251.40075131373163,0.7345763965963744,0.9918278452685422,0.8977878927229781,0.8413578467606164,0.006019532976109894,0.0018606537324058724,0.7078830263056611,0.9984129235732732,SEKER
1947,49680,819.7259999999999,278.00282459301303,227.9971291469447,1.219325987275215,0.5721840742843166,50264,251.5045538006079,0.7492534612252285,0.98838134649053,0.9290819670468743,0.9046834476189308,0.005595870060245834,0.002312245599793913,0.8184521403956747,0.9979599641254691,SEKER
1948,49728,823.685,285.9101272778714,221.80430074293213,1.289019763459127,0.6309994282854194,50280,251.62602425144775,0.7795945882389829,0.9890214797136038,0.921061315670561,0.8800878326597241,0.005749479715208161,0.0021277097133244375,0.7745545931956908,0.9984161785072896,SEKER
1949,49753,812.08,273.55773191317894,231.98793684169993,1.1791894683724211,0.5299319990363207,50186,251.68926689314455,0.8239707197509192,0.9913720958036105,0.9480505781163994,0.9200590498133866,0.005498316320888769,0.0024303694083147513,0.8465086551435118,0.9981940910313307,SEKER
1950,49827,831.8389999999999,284.1727675682603,223.53636813944436,1.2712596609379925,0.6174356972184502,50442,251.87637204692098,0.781256859732196,0.9878077792315927,0.9048905396824583,0.8863494352477617,0.005703188383170978,0.0021712876846582047,0.7856153213640261,0.9987210670649238,SEKER
1951,49848,805.584,270.64732137121064,234.71417102426125,1.153093229054479,0.49790328003913037,50183,251.92944414251858,0.7899340770791075,0.9933244325767691,0.9652413944130614,0.9308403381424224,0.005429451961386829,0.00251441256747169,0.8664637351130993,0.9991134661801685,SEKER
1952,49874,824.563,280.36070184573185,226.8318893393494,1.2359845110944752,0.5877100488479801,50482,251.995136965223,0.7750547794060514,0.9879561031654848,0.9217993100135056,0.8988247472139766,0.00562137991429867,0.0022631992233512776,0.807885926204269,0.9985344915196908,SEKER
1953,49878,822.009,292.00316307571137,218.01707909416217,1.339359119427494,0.6652443140006845,50429,252.00524203337605,0.7799774817038844,0.989073747248607,0.9276107004160924,0.8630223021523759,0.005854347870317803,0.002003301716736239,0.7448074940123867,0.9975647093234288,SEKER
1954,49888,810.5469999999999,286.48992010664887,222.0352076182104,1.2902905047350346,0.6319376054774064,50224,252.03050293118847,0.7643913276641385,0.9933099713284486,0.9542222788706878,0.8797185703335303,0.005742661964934431,0.002121622217180821,0.7739047629896705,0.9985619672547892,SEKER
1955,49923,816.0039999999999,271.57334730928494,234.31018205683787,1.1590334868307512,0.5055661589243022,50388,252.11889614190667,0.7648221343873518,0.9907716122886402,0.9421628245846845,0.9283639158255751,0.0054398443064175815,0.002492523373150484,0.8618595602069955,0.9989240912251319,SEKER
1956,49949,823.828,299.1147954962764,212.9170718090357,1.4048417675241702,0.7023579432922684,50448,252.18453961330906,0.7575605908939242,0.9901086267047257,0.9248335258805366,0.8431028602075569,0.005988404082089258,0.0018664360362628401,0.7108224328901632,0.9985930430172476,SEKER
1957,50086,821.7760000000001,287.94426256495007,221.92735997804954,1.2974707696853158,0.6371615547958959,50593,252.5301483736256,0.7553765873374958,0.989978850829166,0.9320072831389462,0.8770105232316053,0.005748996976499422,0.0020979303265262796,0.7691474578589741,0.9979463441497871,SEKER
1958,50124,827.8759999999999,291.38301710862686,219.47328430047062,1.3276468616093975,0.6577774472475465,50718,252.62592689647929,0.7928503638089213,0.9882881817106353,0.9190200789434659,0.8669891931357858,0.0058132434982967615,0.0020260633180999034,0.751670261014241,0.9979526630006736,SEKER
1959,50129,825.083,303.2506786517965,210.79958449985133,1.4385734173589433,0.7188810558764429,50553,252.63852663049823,0.7866827783183202,0.9916127628429569,0.9253448817938636,0.833101273684492,0.006049406105284296,0.0017975612473374166,0.6940577322147229,0.9984530036765323,SEKER
1960,50170,810.208,277.11514838535606,230.7938036495864,1.200704455679838,0.5535071637960761,50599,252.74182075660354,0.7578206425690679,0.9915215715725607,0.9604193709184444,0.9120462097768145,0.005523522989542676,0.0023575629627873213,0.8318282887682531,0.9987799326845765,SEKER
1961,50172,828.968,316.45357149405794,202.2688176401529,1.5645198067902184,0.7690623581063376,50547,252.74685841460538,0.6882398935513518,0.9925811620867707,0.9174781819573524,0.7986854350270818,0.006307374063104081,0.0015831840619654272,0.6378984241243989,0.9980047192628895,SEKER
1962,50218,822.578,284.87149729978086,224.7925849753151,1.2672637637538762,0.614262561947408,50719,252.86269684852766,0.7978202846975089,0.9901220449930006,0.9326422727176298,0.8876377568319194,0.005672696987131723,0.0021722630631442895,0.7879007873536016,0.9984781172463677,SEKER
1963,50233,818.361,288.1186703798694,222.1320773898563,1.2970601714321626,0.6368663104345064,50713,252.9004587791043,0.7774321354505216,0.9905349713091318,0.9425602726981732,0.877764910013184,0.005735645300497072,0.0021002689408820244,0.770471237250453,0.999347555071623,SEKER
1964,50253,864.971,285.9700020036614,224.16479073142548,1.2757132869554233,0.6209184170249961,51027,252.95079925071622,0.7667531278608484,0.9848315597624787,0.8440511448020037,0.884536131336872,0.00569060557585938,0.0021488225757728663,0.7824041676404001,0.9981233924281568,SEKER
1965,50316,820.444,286.8992596372199,223.71319861014857,1.2824422583004675,0.626075800079082,50767,253.10930629452255,0.773806594488189,0.9911162763212323,0.9393297684298083,0.8822236300455278,0.005701948875849032,0.0021306780207517215,0.7783185334107086,0.998148577664337,SEKER
1966,50336,819.0049999999999,295.01710347655006,217.63544846075212,1.355556300975265,0.6751237312004899,50726,253.15960523707005,0.7822222222222223,0.9923116350589442,0.9430081772551425,0.8581184014546224,0.005860956442239154,0.001960365797492749,0.7363671909150364,0.9981871854763337,SEKER
1967,50371,827.9359999999999,293.94066495836563,218.6727557204459,1.3442034147781226,0.668251958216981,50872,253.24760434771122,0.7849985194882104,0.9901517534203491,0.9234149537387621,0.8615602893311197,0.005835513786868747,0.001983360026046093,0.7422861321523229,0.9977835535815971,SEKER
1968,50459,834.9989999999999,286.90113497437846,224.46423858740158,1.2781596604425933,0.6228078038704836,51035,253.4687242793311,0.7435969229862359,0.9887136279024199,0.9094453205245443,0.8834706223869312,0.005685826809377484,0.002136691589151902,0.7805203406207516,0.9976296135363573,SEKER
1969,50487,835.946,311.6093704115191,206.49852081856125,1.5090150243028273,0.7488992020520953,50978,253.5390401793068,0.7130428642045054,0.9903683942092667,0.9078894743776018,0.8136438254230829,0.006172071432478045,0.0016685838604980853,0.6620162746491084,0.9989925047784913,SEKER
1970,50551,828.646,291.6220791755462,221.0689941922761,1.3191450942320122,0.6521770020774781,51124,253.69968905362734,0.7835906498015873,0.9887919568108912,0.9251273888807816,0.869960497404276,0.005768868650977156,0.002038302068274546,0.7568312670438954,0.9983702530823526,SEKER
1971,50552,813.194,289.6649456089714,222.47573647573546,1.3020069073490357,0.6403957794053317,50884,253.70219838513805,0.768501064153238,0.993475355711029,0.9606382501604768,0.8758470855069198,0.005730039278544299,0.0020799386170198674,0.7671081171909657,0.9987800672661512,SEKER
1972,50645,846.485,327.39810128626385,197.81068293014684,1.6551082905966126,0.7968402317269384,51163,253.935457829568,0.7879179177621856,0.9898754959638801,0.8881941453861107,0.7756167700176642,0.006464569084534778,0.0014431388097992843,0.6015813739326341,0.9956823194644034,SEKER
1973,50666,820.9399999999999,282.8244454858723,228.46129718406914,1.2379534256868168,0.5894774509517879,51147,253.9880996691612,0.7738457073908329,0.9905957338651338,0.9447211728605173,0.8980415368014872,0.005582134873206337,0.002239575902292436,0.8064786018207769,0.998382947867145,SEKER
1974,50695,832.0409999999999,302.41016165373696,213.8232786220218,1.4142995262377926,0.7071497578941637,51159,254.06077761108475,0.7315718078965597,0.9909302371039309,0.9202070089235472,0.8401198432676584,0.0059652857609968826,0.0018330570699355577,0.7058013510520752,0.9982145164109437,SEKER
1975,50747,842.6089999999999,300.5536668470731,215.42377735519304,1.3951740635924184,0.6973235981823552,51387,254.19104464295216,0.7498079196217494,0.9875454881584836,0.8981896579411185,0.8457426166498543,0.005922589844662208,0.001869150540489302,0.7152805736177424,0.9979409045029818,SEKER
1976,50760,851.459,289.5108299913729,223.9165126675489,1.292940956173306,0.6338810819243992,51715,254.2236009711861,0.754145123908005,0.9815334042347481,0.8798405963374607,0.878114303975301,0.005703523049475431,0.0020918337716358737,0.7710847308460275,0.9969670291906991,SEKER
1977,50771,830.8820000000001,302.17168059412813,214.47166329658123,1.408911909151706,0.7044359293392237,51286,254.25114537745733,0.7424288952255612,0.9899582732129626,0.9241593893029387,0.8414128844819285,0.00595165902964543,0.0018401551329988513,0.7079756421721992,0.9974753136457383,SEKER
1978,50913,828.731,294.47403879992163,220.48038589472736,1.3356019747739556,0.6628795455426025,51415,254.6064510987523,0.7690436989260305,0.9902363123602062,0.9315611813471155,0.8646142530470841,0.005783867358040611,0.001993827811470086,0.7475578065721671,0.9984396827154731,SEKER
1979,51013,826.986,279.188849552996,233.00750170800117,1.1981968284560556,0.550875519494541,51500,254.856369148536,0.7677824267782427,0.9905436893203884,0.9373340929757971,0.9128458015303325,0.005472896115754728,0.0023441567944049208,0.8332874573715551,0.9984423886148079,SEKER
1980,51026,817.975,290.3108913795835,224.03304091903527,1.2958396234263534,0.6359861947535389,51407,254.88884049651213,0.7797848279234671,0.9925885579784854,0.958343778776248,0.877985800964123,0.005689469905138233,0.002085458428180755,0.7708590666946128,0.9989097227003373,SEKER
1981,51071,833.0639999999999,300.38706980260656,216.6920756274883,1.3862392933971288,0.6925434377794851,51633,255.00120938766054,0.7747538645913925,0.989115488156799,0.9247567097888993,0.8489087414955296,0.005881754220645896,0.0018842158738434256,0.7206460513875239,0.998987873064872,SEKER
1982,51268,828.387,294.84186232303745,222.26472373251664,1.3265346716821487,0.6570536161006076,51717,255.4925536673864,0.7301261784727563,0.9913181352359959,0.9388359039956974,0.8665409709950251,0.005750992087131104,0.002000225403125952,0.7508932544130011,0.9960859367110906,SEKER
1983,51342,854.937,326.9648446518626,200.34304056514625,1.6320249694200997,0.7902878801127232,51898,255.67687557890864,0.8037383177570093,0.9892866777139774,0.88270263005139,0.7819705383040241,0.006368369846360925,0.0014688234694384503,0.6114779227754853,0.9979472382187274,SEKER
1984,51408,866.227,300.84246158370695,218.05672550207447,1.3796522941038336,0.6889379666514526,52127,255.8411587601675,0.7436101427682872,0.9862067642488538,0.8609484319744836,0.8504157206178883,0.005852055352935476,0.0018880492014209766,0.7232068978740424,0.9977740557636393,SEKER
1985,51426,879.177,300.83124559693607,217.98467053129312,1.3800568859439581,0.6891614610350684,52169,255.88594495898064,0.7407311381903033,0.9857578255285706,0.8360648659091262,0.8505963017612383,0.005849788931609226,0.001888921543104494,0.7235140685698958,0.9984905724072137,SEKER
1986,51630,826.672,296.4460312509176,222.11429271512557,1.3346553597571804,0.6622792484933446,52050,256.3929751273939,0.7714029583146571,0.9919308357348703,0.949391924003015,0.8648892145578363,0.005741739904143281,0.00198182454825662,0.7480333534584711,0.998366724470486,SEKER
1987,51650,850.5400000000001,297.9037199025459,221.21841188029174,1.34664975383582,0.669753403448727,52193,256.4426300082947,0.7559126565975881,0.9895963060180484,0.8972029733947235,0.8608238597765262,0.005767739010697888,0.001953631040953163,0.7410177175605567,0.9978913269409049,SEKER
1988,51737,838.558,294.5472347575551,224.10539395284547,1.3143246111226197,0.6489312522238547,52387,256.6585169558242,0.7406871868289191,0.9875923416114685,0.9245808482350765,0.8713662417068099,0.005693164171822005,0.0020245867610638054,0.7592791271862507,0.997939243572591,SEKER
1989,51901,839.5559999999999,286.770667615972,230.59931452165492,1.2435885519037058,0.5944609470809008,52463,257.06498324606497,0.7576788321167883,0.9892876884661571,0.9253078578255028,0.8964131003464856,0.005525339928247471,0.002200754221108371,0.8035564464727986,0.9992935976419951,SEKER
1990,52255,840.7890000000001,315.8166169091345,211.17075208190712,1.4955509406276026,0.7435773661914303,52689,257.9401721526446,0.8026388547554681,0.9917629865816394,0.9288886871712088,0.8167403434216957,0.006043758815599168,0.0016589103668435423,0.6670647885725892,0.9976293720092889,SEKER
1991,52345,839.6239999999999,289.3469650135865,230.7840720739636,1.2537562164205776,0.603182474447809,52832,258.1622047650703,0.7626019813519813,0.9907821017565112,0.9330724789088057,0.8922236483556969,0.005527690610633041,0.002160819100012163,0.7960630386851502,0.9980689834141617,SEKER
1992,52371,841.309,281.55603741872,237.23841233039738,1.186806279189739,0.5385438314859082,52919,258.2263119771593,0.7578467549381376,0.9896445511064079,0.9298002549784656,0.9171400277705088,0.005376182188973287,0.0023463691154034594,0.8411458305388899,0.9982771533978224,SEKER
1993,52530,831.059,296.63048348502235,225.91834130745104,1.3129986780548266,0.648029318790734,52917,258.61800649788114,0.7495719178082192,0.9926866602415103,0.9557703434119745,0.8718524254805371,0.005646877660099417,0.0020126120190749525,0.7601266518162956,0.9980452889890375,SEKER
1994,52578,837.1579999999999,309.1914219839343,216.80895824109302,1.4261007685859148,0.7129521163879907,53008,258.7361373737449,0.7991792065663474,0.991888016903109,0.9427554735452469,0.8368153803024617,0.005880623492410025,0.0017787780114402261,0.7002599807107537,0.9986412967015638,SEKER
1995,52737,835.521,277.79669041783467,241.9587178223272,1.148116062599669,0.4912970513862608,53211,259.1270612473701,0.7900674157303371,0.9910920674296668,0.9493154412425904,0.9327939107468,0.005267586142894641,0.00245999496779513,0.8701044799263088,0.9989809295433264,SEKER
1996,52807,839.524,298.0882332885398,225.8175693285784,1.3200400401742132,0.6527739179659163,53201,259.29897924756614,0.7687056014906254,0.9925941241705983,0.941532091960301,0.8698732465450022,0.005644862107079361,0.00199368708914887,0.7566794650547423,0.9988471914498642,SEKER
1997,52829,846.266,298.2441132147876,226.04951629824686,1.3193751444320196,0.652330610382634,53408,259.3529870828827,0.7468052021487136,0.9891589275014979,0.926975953695933,0.8695996855974939,0.005645462023032569,0.001991391959267957,0.7562036131912604,0.9977162513742339,SEKER
1998,53037,853.987,306.6590106712289,220.48914532078192,1.3908122788769555,0.6950056301156345,53549,259.8630518833311,0.7668960930044246,0.9904386636538497,0.913873944595194,0.8474006725402631,0.005781982590855985,0.0018391271674796416,0.7180878998216903,0.998725468384972,SEKER
1999,53149,853.1220000000001,317.7498965771118,213.46163688243624,1.4885573877244849,0.740740414282939,53609,260.1372879137652,0.7442169821888652,0.9914193512283386,0.917661853175636,0.8186856729649158,0.005978473660409637,0.0016566808191435637,0.6702462311180172,0.9976999789252167,SEKER
2000,53187,835.257,296.3062454068003,228.72388170747448,1.2954757640295735,0.6357231043990076,53606,260.2302666213696,0.7873140404115165,0.9921837107786442,0.9580211803638424,0.8782476598294382,0.005571027608377993,0.0020444809978929627,0.7713189519958845,0.9992250086473584,SEKER
2001,53192,851.357,317.7812988063405,213.32660180630887,1.4896468425202398,0.7411857005834546,53597,260.24249818881003,0.7990626126667468,0.9924436069182977,0.9222162309779844,0.818935850430282,0.005974231064940978,0.0016575296765736775,0.6706559271199691,0.9990404842517461,SEKER
2002,53507,843.007,299.65434012053845,227.6097553649104,1.3165267878792108,0.6504204661415195,53987,261.01193137507016,0.7534074908476486,0.9911089706781262,0.946145883554944,0.8710433870908593,0.005600282955884995,0.0019886066390869426,0.7587165821947167,0.9988707048675035,SEKER
2003,53566,844.9759999999999,288.42704276691296,237.17842948107733,1.2160761979829382,0.5690298133991618,54171,261.1557953660683,0.7663123560464085,0.9888316626977534,0.9427799403943907,0.9054483687131811,0.005384517096048108,0.0022324476592288918,0.8198367484053608,0.996983955967486,SEKER
2004,53662,833.1229999999999,283.74320736293197,241.05088940885688,1.1771091492703967,0.5275259941396889,54024,261.38970991524957,0.7865329932870166,0.9932992743965645,0.9715350440650141,0.9212192684525119,0.005287600301198837,0.002349040119385992,0.8486449405681808,0.9989477240248378,SEKER
2005,53674,835.455,283.72326403378105,241.0759435725757,1.176904090176739,0.5272875445254671,54066,261.4189345172134,0.7782224155429897,0.9927496023378833,0.9663349803360558,0.9213870262189285,0.005286046578115681,0.0023500609144149983,0.8489540520845607,0.9991374962704358,SEKER
2006,53933,848.8269999999999,287.39160805645514,239.19416962180222,1.201499219278043,0.5543352024191309,54470,262.0489045315808,0.792293453989893,0.9901413622177345,0.9406456936474008,0.9118182201064965,0.005328678324151357,0.0022721255803017297,0.8314124665181792,0.9989414294196243,SEKER
2007,53939,865.418,327.9582680956419,209.89944336332707,1.562454205883529,0.7683592842145638,54446,262.0634804841566,0.7675090355445516,0.9906880211585791,0.9050256890126075,0.7990756933980743,0.006080169600764603,0.001529139608382096,0.6385219637796132,0.9976613278564671,SEKER
2008,54087,873.614,325.29311793141517,212.06096148508337,1.5339604029584517,0.7582986608961222,54762,262.42276436332793,0.7692865676736644,0.987673934480114,0.8905608253871513,0.8067270713629335,0.006014256992094499,0.0015713331318585318,0.6508085676698159,0.9983145727116033,SEKER
2009,54136,892.6909999999999,337.72613788795235,204.8845378467736,1.648372988207273,0.7949623166597746,54637,262.5416081191375,0.6718709277071052,0.9908303896626828,0.8536772638191061,0.7773801866832146,0.0062384760212788595,0.0014053747378064843,0.6043199546476298,0.9961446894757972,SEKER
2010,54282,854.73,286.0227064148194,242.16208236004687,1.181120940269916,0.532144816878266,54824,262.89539548518934,0.7884668458130584,0.9901138187655042,0.9337009696789367,0.919141696057905,0.005269199852894503,0.002319820091848584,0.844821457432202,0.9978363141625235,SEKER
2011,54421,860.5049999999999,325.1132724680355,213.69531314672534,1.5213870050804974,0.7536334286375793,54873,263.2317785983149,0.7852958152958153,0.991762797732947,0.923569506756569,0.8096617421984682,0.0059740407649259576,0.0015836617198973163,0.6555521367798588,0.9973485020496299,SEKER
2012,54694,846.9590000000001,298.94299046823454,233.4474723852484,1.2805578377601865,0.6246439669704017,55081,263.89119663176524,0.7865113603681334,0.9929739837693579,0.9581307438069819,0.8827475640704348,0.005465736469598759,0.0020472673594243815,0.7792432618722863,0.9978660665123699,SEKER
2013,54801,871.432,327.9575589760549,213.0951501150912,1.5390193479247525,0.7601356525652379,55357,264.1492008146753,0.7302029340830657,0.9899561031125241,0.9068414029065369,0.8054371475364029,0.00598451778208527,0.0015535868898972607,0.6487289986315774,0.9984064804538477,SEKER
2014,55107,850.202,297.8084704884415,235.98827685428714,1.26196298586614,0.6099807027475752,55515,264.8856575802484,0.7600965517241379,0.9926506349635233,0.9580151750083624,0.8894497095593159,0.00540418586546975,0.0020863906631043575,0.7911207858351513,0.9983651490732949,SEKER
2015,55191,862.2019999999999,297.585917830836,236.61414959243845,1.25768437070826,0.6064625509691806,55791,265.0874642707164,0.7544082670384646,0.9892455772436415,0.932953665275315,0.8907930395463353,0.005391928354819373,0.002094262591206309,0.7935122393041992,0.9979879413386038,SEKER
2016,55238,878.5909999999999,338.8208253235884,208.0904060394881,1.6282385707839522,0.789181056850161,55721,265.20031291851996,0.7701681492429101,0.9913318138583299,0.8992372925682633,0.7827155035858328,0.006133835861609551,0.001420128547385345,0.6126435595536238,0.9975298738075857,SEKER
2017,56201,881.1379999999999,339.00684739491334,211.793496727784,1.60064804931492,0.7808272780758011,56601,267.50202925148227,0.7848863192000447,0.9929329870496988,0.909632659893381,0.7890755933312043,0.006032042977792447,0.0014425093343831785,0.6226402919909921,0.9966279688002536,SEKER
2018,56204,899.17,300.38352405711953,238.95916971807225,1.2570495805267348,0.6059357715776094,57330,267.5091687630446,0.7516717487829668,0.9803593232164661,0.8735614729055124,0.8905587268900151,0.005344522170256913,0.002073666448367932,0.7930948460399647,0.996959543532453,SEKER
2019,56493,877.9509999999999,321.3010808666699,224.3158962270698,1.4323598383835636,0.7159528949465525,57079,268.196050680698,0.7129803748343535,0.9897335272166646,0.921009153409911,0.8347187938405696,0.005687449433853219,0.001703170312741027,0.6967554647906553,0.9980045449404078,SEKER
2020,56525,872.803,320.9125419328667,225.03229946784904,1.4260732467816972,0.71293880625108,57058,268.271998662095,0.7865113819780709,0.990658628062673,0.9324337278331157,0.8359660767581223,0.005677355894433732,0.001710332307010134,0.6988392814903667,0.9965960031335557,SEKER
2021,56693,933.372,304.47740007728504,237.53305272701166,1.2818317138676703,0.6256129421705967,57737,268.670373338168,0.7774258131753606,0.9819180075168437,0.8177673482762071,0.882398408781643,0.005370634824004464,0.0020084649230985682,0.7786269518203756,0.9980687201154718,SEKER
2022,57144,878.1940000000001,314.6127709292002,231.56500003388436,1.3586369739950497,0.6769469760381784,57621,269.736909866533,0.7887370600414079,0.9917217681053783,0.9311069534775656,0.8573616038213338,0.005505613378993424,0.0018350233456937886,0.7350689197070895,0.9986918127486505,SEKER
2023,57649,896.189,323.54676012745097,228.39176810952327,1.4166305677545128,0.7083111670883945,58415,270.92616432238026,0.7891609971116069,0.9868869297269537,0.9019914571265694,0.8373632429997367,0.005612356851418949,0.001702082522632111,0.7011772007270362,0.9933090559624613,SEKER
2024,57994,906.7099999999999,339.93153299080484,217.47401110418554,1.5630903723385754,0.7685761834686974,58461,271.73563284444504,0.7873628760725535,0.992011768529447,0.886453822658664,0.7993834242255939,0.005861494861378847,0.0014764158734284641,0.6390138589266358,0.9988364106791451,SEKER
2025,59385,910.6029999999998,310.99138897753323,243.6819280705478,1.276218517474545,0.621309979393956,60094,274.9751449933205,0.7908825762115945,0.9882018171531267,0.8999709088546866,0.8841889349328105,0.005236867710323031,0.001974384208020656,0.7817900726576178,0.997734967503422,SEKER
2026,61150,896.7199999999999,309.19918159347645,252.28764891972565,1.2255819217367205,0.5781381019900808,61640,279.03153613983346,0.7792787052376704,0.9920506164828033,0.9556362448651489,0.9024329712058996,0.005056405259092011,0.002068623500590973,0.8143852675195082,0.9980958612006321,SEKER
2027,41487,815.9,299.0468410103589,177.0814896438195,1.6887526844949161,0.8058255409314121,42483,229.83230624180686,0.6891757201235922,0.9765553280135584,0.7831555483946403,0.7685495204206004,0.0072082059683842865,0.0015512949334179579,0.5906683653387349,0.9974927876120124,BARBUNYA
2028,41488,759.552,283.14277715886533,186.9854891254084,1.5142500013408295,0.7509202179760333,42005,229.83507615673557,0.7084336526475761,0.9876919414355434,0.9036855546927829,0.8117285507437827,0.006824690926505624,0.0018277047354628383,0.6589032400926017,0.997744232193699,BARBUNYA
2029,42012,809.77,266.70039644938487,202.38108757631596,1.3178128433014509,0.6512851389525391,43087,231.28194861124302,0.7709755560449241,0.9750504792628867,0.805118589919659,0.8671976183400101,0.006348195669079903,0.002214636090266516,0.7520317092545856,0.9910370450256355,BARBUNYA
2030,43122,838.1859999999999,296.4045889406183,185.65759983727045,1.5965120156698027,0.7795295358424137,44074,234.31738230031013,0.731985537505729,0.978399963697418,0.7713082096994188,0.7905322354751171,0.006873628053907942,0.0016559382042704515,0.6249412153252859,0.9977261593541082,BARBUNYA
2031,43145,799.426,273.40294460829557,201.26688617038525,1.3584099690241271,0.6768132172915041,43812,234.37986295242726,0.7661233042119469,0.9847758604948416,0.8483670639867268,0.8572689781678223,0.006336839601536576,0.002111158840511917,0.7349101009289023,0.9983092074383485,BARBUNYA
2032,44027,813.833,293.37182832079156,192.11117379284656,1.5270940389814824,0.7557688224956772,44639,236.7634208150723,0.756217794572312,0.9862900154573355,0.8353305514534717,0.8070421150192376,0.006663452615912771,0.0017436682970150474,0.6513169754147244,0.9946222706432744,BARBUNYA
2033,44924,817.2149999999999,282.1488205724007,203.1618504048167,1.3887883970843737,0.6939200062885198,45772,239.16315206921496,0.7942715700141443,0.9814733898453203,0.8453092542512914,0.847648952010574,0.00628058099395425,0.0020000631164310187,0.7185087458446245,0.99785660943266,BARBUNYA
2034,45012,854.1659999999999,299.2873978506231,192.1275180324174,1.5577539381949688,0.7667465770399208,45841,239.3972814958832,0.779820169435734,0.981915752274165,0.7752711330292471,0.7998909516910846,0.006649057981218855,0.001679047642421271,0.6398255345972692,0.9966907462765974,BARBUNYA
2035,45564,802.7439999999999,296.0736966465412,196.34028052174517,1.5079620741081212,0.7484894913317497,46120,240.8607203682513,0.7464613368283093,0.9879444926279272,0.8885412016840969,0.8135161045926877,0.006497974204339856,0.001755587034404011,0.661808452431661,0.9979820465911333,BARBUNYA
2036,45653,841.132,303.46949090679607,191.93207651922143,1.58112961840646,0.7745936606880008,46601,241.0958418052754,0.7724311794663553,0.9796570889036716,0.8108693306853656,0.7944648441754649,0.006647306659075988,0.0016335190866562114,0.6311743886307457,0.9979685202436618,BARBUNYA
2037,46278,846.3079999999999,300.6302145588279,196.47844420260938,1.5300926052163604,0.7568788425430387,47102,242.74056037517477,0.7909957953030459,0.9825060506984842,0.81194676041874,0.8074390018694373,0.006496179924776954,0.001703243347401721,0.651957741739913,0.9975557195497987,BARBUNYA
2038,46529,815.0260000000001,289.6082450032377,205.38139817672467,1.4100996856299435,0.7050378056961902,47156,243.3979514642274,0.7782851599090057,0.9867037068453643,0.8802188325437414,0.840438612034358,0.006224252509257403,0.0019155388001028987,0.706337060598238,0.9960056670983538,BARBUNYA
2039,46774,833.7220000000001,305.70388675642926,196.1460607176044,1.558552262727099,0.7670217586298914,47446,244.03792013833117,0.793909973521624,0.9858365299498377,0.8456133914101824,0.7982820327461827,0.006535765313131852,0.001637199600556013,0.6372542038053773,0.9931939812732268,BARBUNYA
2040,47003,821.3009999999999,300.1907651398814,200.11128439528377,1.5001191264502038,0.7454033408825529,47681,244.63458120467524,0.7757806826434277,0.9857804995700593,0.875650376547597,0.8149304029745272,0.006386629898940098,0.0017375351323716977,0.6641115616922255,0.9962464557912221,BARBUNYA
2041,47143,858.562,296.8462778026491,203.05871161623685,1.4618741320670967,0.7294319147520079,47996,244.99863643998057,0.7179865976241243,0.98222768564047,0.803681098794091,0.8253384150663389,0.0062967201451466625,0.0018022805383084237,0.6811834993842163,0.9958045369407289,BARBUNYA
2042,47149,857.6899999999999,300.2878932268089,200.31991421049716,1.4990416425162048,0.7449745601558974,48091,245.01422671901767,0.7207674080868303,0.9804121353267763,0.8054186039744718,0.8159310856197498,0.00636891330095673,0.001741241530675613,0.6657435364806235,0.9979772844204606,BARBUNYA
2043,47668,846.1279999999999,300.10715214168147,202.88116112300486,1.4792263139687447,0.7368749465018954,48450,246.35905223562565,0.8147540423204458,0.983859649122807,0.8366901588466644,0.8209036355098889,0.006295778135052477,0.0017635910808270236,0.6738827787933526,0.9968251389215059,BARBUNYA
2044,47794,833.459,279.6545563592836,217.91856503749486,1.2832984482582588,0.6267231968346096,48528,246.68443566847174,0.7381312741312741,0.984874711506759,0.8645990659456373,0.8821041175940869,0.005851248197666728,0.002185282965735204,0.7781076742764427,0.9985443709768016,BARBUNYA
2045,47883,873.536,327.998649304693,186.52012715831674,1.7585161145975976,0.822571799028362,48753,246.91401159220143,0.7584464543107409,0.9821549443111193,0.7885506623042658,0.7527897206760497,0.006850002073902909,0.0013569541901814785,0.5666923635555251,0.9965376533317911,BARBUNYA
2046,47940,854.752,284.15378866300335,215.15725127136207,1.3206795819519976,0.6531994064101656,48828,247.06093129955553,0.7601078167115903,0.9818137134431064,0.8245702134319958,0.8694620348439602,0.005927279696766862,0.0020894773941156275,0.7559642300349999,0.9983865232932875,BARBUNYA
2047,47981,809.088,291.65396813092315,210.04315693461626,1.3885430612800744,0.6937879680569173,48451,247.16655638645338,0.7697774783013268,0.9902994778229551,0.9210594000334146,0.8474650901218,0.006078530421019219,0.0019340407757842842,0.7181970789751508,0.9972475706425631,BARBUNYA
2048,48160,829.2339999999999,304.5282824438078,202.71551294303723,1.5022445890925962,0.7462457388706976,48950,247.62717232655513,0.754043432651208,0.9838610827374872,0.880120508644972,0.8131499982181386,0.0063232616786504945,0.0017053109435443824,0.6612129196021588,0.993303530710461,BARBUNYA
2049,48165,824.7009999999999,310.0210087659043,198.25998214089668,1.5637094557265865,0.768786945544883,48758,247.64002639349138,0.806905563652812,0.9878378932687969,0.8899147114846729,0.7987846610114202,0.0064366450486017706,0.0016164347913885074,0.6380569346671294,0.9977356620309112,BARBUNYA
2050,48439,810.3699999999999,297.9819919992157,207.3178380770113,1.4373195995248893,0.7182942064579427,48883,248.34341204756478,0.7997985602007793,0.9909170877401141,0.9269116117583546,0.8334175175532702,0.006151695782307969,0.001830733428018617,0.6945847585646554,0.9983402870162424,BARBUNYA
2051,48638,874.6659999999999,303.6070160131038,204.6563236399567,1.4834968722844202,0.7386556229052619,49543,248.8530188220124,0.776865576284181,0.9817330399854671,0.7989159329700005,0.8196550333055274,0.006242177227951474,0.0017379620869106404,0.6718343736230851,0.9966641919630094,BARBUNYA
2052,48638,874.0409999999999,301.98397061753377,205.41101537994643,1.4701449679266587,0.733021908966815,49596,248.8530188220124,0.7477477477477478,0.9806839261230744,0.8000589021973458,0.8240603576180792,0.006208807323852416,0.0017661355608045977,0.6790754729976364,0.998339389469891,BARBUNYA
2053,48831,871.2699999999999,318.9514290875095,195.57996145258736,1.6307980977122236,0.7899302602418006,49662,249.34626568080526,0.7890093554589669,0.9832668841367646,0.8083509654077721,0.7817687677216617,0.006531740678821026,0.001504949617967075,0.6111624061850455,0.9966824893997975,BARBUNYA
2054,48868,885.2959999999999,313.62991424224987,198.97255764931975,1.5762470862690954,0.7729899210792355,49648,249.4407145437928,0.6958775364898541,0.9842893973573961,0.7835332398703092,0.7953345749765538,0.0064178995302089275,0.0015840618230216882,0.6325570861531356,0.9970662639477489,BARBUNYA
2055,48915,894.486,310.0875692821176,201.75585075520186,1.5369446195558354,0.7593850132952288,50027,249.56063858453416,0.7086562839550887,0.9777720031183161,0.7682539938220438,0.8048069748887093,0.0063393145105206505,0.0016405481740269276,0.6477142668295157,0.9955009574131769,BARBUNYA
2056,49166,856.3319999999999,293.7755666002112,214.16888258605397,1.3717005152799027,0.6844901513655532,50168,250.20011082421408,0.7759785353535353,0.9800271089140488,0.8425397396198888,0.851670932745413,0.005975177289187878,0.001939178820273841,0.7253433776834418,0.9949538849232422,BARBUNYA
2057,49309,867.4479999999999,304.072323453285,206.81291062462515,1.470277278797116,0.7330787056056748,50235,250.56370190302133,0.7784566322503237,0.9815666368070071,0.8234726109785537,0.8240266626617722,0.006166669846342148,0.001753862398064725,0.6790199407774982,0.9983475907753186,BARBUNYA
2058,49317,886.9309999999999,310.56307474954696,202.4588914210164,1.5339562148630272,0.7582971307389266,50400,250.58402708014734,0.7130855986119145,0.9785119047619047,0.7878197154407838,0.8068699966415208,0.006297282372195125,0.0016464448830587311,0.6510391914802879,0.998665613890588,BARBUNYA
2059,49755,868.813,332.0911111573769,191.9920822953887,1.7297125339077228,0.815944139583643,50783,251.6943256179964,0.7342827626918536,0.9797570052970482,0.8283120385382642,0.7579074451610941,0.006674527407444013,0.0013585166848665898,0.574423695430617,0.9935878657599305,BARBUNYA
2060,49777,861.2769999999999,300.7570338082622,211.61686131588047,1.4212337898695235,0.7105823885446462,50590,251.74996488238523,0.8019106535852948,0.9839296303617315,0.8432432689616357,0.8370542882893313,0.006042088390386367,0.0018297061158057857,0.7006598815435588,0.9958014988556836,BARBUNYA
2061,49967,878.7539999999999,313.3752665432826,203.33988324817574,1.5411401911783777,0.7608990842825039,50787,252.22997508579718,0.7401202749140894,0.9838541359009195,0.8131272386413843,0.8048815653770168,0.006271644616312418,0.0016236376978461897,0.6478343342837571,0.9984035297899866,BARBUNYA
2062,49975,873.5289999999999,313.99969224633264,203.93828583885437,1.5396799622727306,0.7603738719268852,50699,252.25016600220454,0.71479653865408,0.9857196394406201,0.8230154948120141,0.8033452650785223,0.006283135412632969,0.0016142289639165452,0.6453636149240815,0.9936534262785028,BARBUNYA
2063,49991,911.8240000000001,329.2584333588139,193.81967803979836,1.6987874331893427,0.8083842492837414,51285,252.29054298735716,0.7374173943828181,0.9747684508140781,0.7555786021213184,0.7662386667327062,0.006586354210934246,0.0014004935143670182,0.5871216943963153,0.9973949561932943,BARBUNYA
2064,50035,846.4739999999999,279.4366973395273,228.68388101842731,1.2219343842472672,0.5746852167700989,50802,252.4015463915066,0.8063918256833419,0.9849021692059368,0.8775189869784898,0.9032512508005637,0.005584824569591832,0.0022931031183125233,0.815862822072783,0.9969308351197439,BARBUNYA
2065,50166,893.8459999999999,313.0215817417072,204.6558145966169,1.529502508192512,0.7566610426343727,51209,252.73174513935555,0.762517099863201,0.9796324864769864,0.7890307627858147,0.8073939941556477,0.006239715778449692,0.0016356358799098183,0.65188506179861,0.9970598370742049,BARBUNYA
2066,50167,873.8249999999999,309.8928256241198,206.77236788993457,1.4987148852939407,0.7448442966839055,50937,252.73426408132497,0.7945988754256751,0.9848832871979112,0.8256178304074645,0.8155537759621305,0.006177224582377255,0.0016857127244665196,0.6651279614860891,0.9968371765044165,BARBUNYA
2067,50486,982.6659999999999,325.5099200568053,198.52382863682286,1.639651634224168,0.792489429545824,51525,253.53652923296758,0.7999429585498796,0.9798350315380883,0.6570054427045712,0.7788903305580441,0.006447528424846597,0.0014637883207603219,0.6066701470368192,0.9947276980239369,BARBUNYA
2068,50575,858.52,314.3267899542754,205.46628171028806,1.529821766071978,0.7567789171394665,51389,253.75990616127845,0.7121233455364686,0.9841600342485746,0.8622732665293799,0.8073123713005579,0.006215062579422153,0.0016285147609588601,0.6517532648549299,0.9970663306835464,BARBUNYA
2069,50683,905.491,314.9375831675491,205.45621084202162,1.5328696167267943,0.7578996041770925,51613,254.03070650181692,0.7698839470166484,0.9819812837850929,0.7767904924752842,0.8066065153191663,0.00621387019646724,0.0016225154551428745,0.6506140705553286,0.997306540969206,BARBUNYA
2070,50712,877.164,316.2129383742451,204.46541377305022,1.546535096274184,0.7628235299964321,51454,254.1033722574527,0.7175380261761585,0.9855793524312979,0.8282453458076628,0.8035830967697966,0.006235465735412626,0.0016038798500042602,0.6457457934141362,0.9986685327863803,BARBUNYA
2071,50798,900.9010000000001,308.39405745416724,210.46704396831962,1.4652843107379225,0.7309216242799289,52164,254.31874172670953,0.7386221537208829,0.9738133578713288,0.7865065428028415,0.8246551306018786,0.006070988177766196,0.0017319231249985781,0.6800560844280015,0.9964755109342146,BARBUNYA
2072,50948,884.6919999999999,313.5564944140568,208.1921878944844,1.5060915473589862,0.7477589789222626,52063,254.6939503112845,0.7196045197740113,0.9785836390526862,0.8179990587999667,0.8122745178256673,0.006154441674139452,0.0016526456280740822,0.6597898923089204,0.9937039798393608,BARBUNYA
2073,50978,881.559,323.1062346274964,201.10068850986005,1.6066888533385324,0.7827008844646873,51805,254.76892571801042,0.7089139201780003,0.9840362899334041,0.8243087119009262,0.78849894683007,0.0063381504693690695,0.001511286414547388,0.6217305891521298,0.9989276073703255,BARBUNYA
2074,51015,859.2529999999999,327.85750961679213,198.5078690322489,1.6516096375178435,0.795868169393932,51718,254.8613650098114,0.777418814099145,0.9864070536370316,0.8682916823446507,0.7773540563633866,0.006426688417461377,0.0014475796991408377,0.6042793289446113,0.9980335634377352,BARBUNYA
2075,51107,886.653,317.36034386581497,206.24922086253878,1.5387226314776221,0.7600285315968498,51979,255.09106886125974,0.7158845776719428,0.9832239943053925,0.8169262979087759,0.8037899939039527,0.006209723596881347,0.0015989040933630518,0.6460783543001163,0.9941353854694065,BARBUNYA
2076,51332,889.637,330.8228042475382,198.61889902007712,1.66561594027413,0.7997159849546799,52283,255.65197497837832,0.7516876802999019,0.9818105311477918,0.8150277123936175,0.772776155984358,0.006444767479302155,0.001417757226474796,0.5971829872579607,0.9946775028373821,BARBUNYA
2077,51512,887.7449999999999,276.6573220584498,237.61360812415606,1.1643159844359288,0.5121879776178356,52436,256.09981536189696,0.7421195182389212,0.9823785185750248,0.821375616663363,0.9256932491661666,0.0053707354025945364,0.002432662753177386,0.8569079915518145,0.9977116717546655,BARBUNYA
2078,51576,861.13,310.8525300919125,211.42622146431037,1.4702647946834055,0.7330733474356255,52274,256.25885888932845,0.7839489284085728,0.9866472816314038,0.874017407436813,0.8243743707460195,0.0060270771306792405,0.0017170559136455601,0.6795931031428956,0.9991818142606477,BARBUNYA
2079,51674,910.012,318.88585743066244,206.9663202594546,1.5407620768002477,0.760763262850134,52718,256.5022031769801,0.7977214134646556,0.9801965173185629,0.7841293438336094,0.8043699562084002,0.006171108438105477,0.0015935522383044964,0.6470110264507039,0.9968900528268464,BARBUNYA
2080,51693,834.877,304.3503036584591,216.79600524797974,1.4038556813366156,0.7018508493788833,52208,256.549355458155,0.7764509733237203,0.9901356114005516,0.9319585724534193,0.8429410201806594,0.005887650236172385,0.0018336249889355735,0.7105495635032111,0.997509041595235,BARBUNYA
2081,51695,880.771,306.3289695366183,216.056112997146,1.4178213487561204,0.7089015172958156,52714,256.5543183520485,0.7734835562737529,0.9806692719201731,0.8373989079325223,0.8375124257432669,0.0059256982210391385,0.0017983918663856662,0.7014270632743711,0.9944982649057134,BARBUNYA
2082,51734,878.392,319.93875913050493,206.31112795749533,1.5507586153880144,0.7643127919088194,52632,256.6510756013481,0.7465223665223665,0.982938136494908,0.8425761838205819,0.8021881321876935,0.006184303535982235,0.0015797031731191388,0.6435057994227804,0.9979221625070284,BARBUNYA
2083,51782,858.6610000000001,311.32875030145436,212.42636014856024,1.465584356309296,0.7310520546074905,52581,256.7701113943681,0.713663551917087,0.9848043970255416,0.8825619680994465,0.8247555394281509,0.006012296749863937,0.001716015219353792,0.6802216998174202,0.996922282074529,BARBUNYA
2084,51906,896.485,327.3825036135615,202.81318007378545,1.6142072398571754,0.7849973332052351,52774,257.07736541559495,0.7763270067752501,0.9835525069162845,0.8115987542491893,0.7852507772347117,0.0063072188882510975,0.0014792826569994093,0.616618783147719,0.9953505039889695,BARBUNYA
2085,51932,897.6179999999999,313.76119605018147,211.33463695928256,1.4846652709874208,0.7391393875468243,52906,257.14174308576673,0.7264029541766911,0.9815899897932182,0.8099567080165281,0.8195460315769599,0.006041769930874633,0.0016812695712090028,0.6716556978735435,0.9971838886936698,BARBUNYA
2086,52104,906.358,316.91511091959944,209.60409120023368,1.5119700627257895,0.7500432737318803,53108,257.56722081600543,0.7741130326261366,0.9810951269111998,0.7970423253489775,0.8127325329127318,0.006082356650537376,0.0016369756636624004,0.660534170054745,0.9987078905302001,BARBUNYA
2087,52184,888.581,332.9882035305494,200.1934012294018,1.6633325648380286,0.799096573926452,53114,257.7648781398655,0.6781546458739441,0.9824904921489626,0.8305259067933852,0.7740961253488289,0.006381040233223774,0.0014133535700413253,0.5992248112800699,0.9967101422610625,BARBUNYA
2088,52187,975.927,311.1939098485007,215.77079865469386,1.4422429345803927,0.7205870657889458,53664,257.77228734116073,0.7090432325208554,0.972476893261777,0.6885532447441727,0.8283333291022714,0.005963054205999592,0.0017316856755470152,0.6861361041016519,0.9895749483011245,BARBUNYA
2089,52341,904.349,289.78051380232426,230.42027818686086,1.2576172378688166,0.6064069002557165,53407,258.15234070405626,0.7657230634189159,0.9800400696537906,0.8042290462691722,0.8908547276583153,0.0055363962056958075,0.002150970634834068,0.7936221457911713,0.9980728909014159,BARBUNYA
2090,52545,911.5619999999999,315.9159220638412,212.11526629769676,1.4893596655153696,0.7410684452455062,53754,258.6549281921942,0.7482484620642516,0.9775086505190311,0.7946370957850153,0.8187460970704871,0.006012292740771552,0.0016665442598586173,0.6703451714681556,0.9983850603576552,BARBUNYA
2091,52596,887.9419999999999,312.68668071727944,214.51495934712318,1.4576451062850915,0.7275656670636472,53574,258.78042254948616,0.7529202931745305,0.9817448762459402,0.838288258372078,0.827602960112863,0.00594506579810783,0.0017203807314978546,0.6849266595875733,0.9983799935120211,BARBUNYA
2092,52655,915.9929999999999,310.99664653465226,216.5300927717087,1.43627448062169,0.7178034957304278,53696,258.9255264125768,0.7409518180794776,0.9806130810488677,0.7886152507847107,0.8325669401831524,0.005906307977108579,0.0017505418541873881,0.6931677098859367,0.9955790925001499,BARBUNYA
2093,52808,928.664,332.5824782687627,202.73214620841372,1.6405019356272172,0.7927326053190243,54100,259.3014343932067,0.702682563338301,0.9761182994454713,0.7694711886947523,0.7796605393735235,0.006297956337463315,0.0014354948019701965,0.6078705566562135,0.9972128248053124,BARBUNYA
2094,52836,932.617,321.661219914091,209.46032816206795,1.5356665519267625,0.7589207205258703,53871,259.3701690357375,0.7157894736842105,0.9807874366542295,0.7633665756837573,0.8063457854975798,0.0060879177059976345,0.0015875734138685908,0.6501935257897092,0.9984804498345872,BARBUNYA
2095,52839,883.529,323.10374141796444,209.2399353055105,1.544178174908159,0.7619858582393504,53489,259.3775323813943,0.6930159354711785,0.9878479687412365,0.8505950206865909,0.8027685821374182,0.006114872374911797,0.0015664936140588176,0.6444373964669208,0.9951261627188555,BARBUNYA
2096,52855,898.1739999999999,322.048797637547,210.35597819515533,1.5309705024820828,0.757202285541535,53855,259.4168000284041,0.7065515259267181,0.9814316219478229,0.8233319767246949,0.8055201631908196,0.006093062106471422,0.001582417331704776,0.648862733306965,0.9933897048528618,BARBUNYA
2097,52894,918.483,331.6248277447896,203.50729897600203,1.6295475858283366,0.789564750692887,53879,259.51249002547394,0.7178881650380021,0.9817182946973775,0.787905314774461,0.7825484352009627,0.006269611444488782,0.0014503248847095318,0.6123820534354752,0.9979056967803782,BARBUNYA
2098,53202,897.6499999999999,301.8954431097935,224.7506292136147,1.3432462643869014,0.6676613479734265,54102,260.26695959917794,0.7518654607122668,0.9833647554619053,0.8297050862886405,0.8621095996620389,0.005674513046686093,0.0019335628162661473,0.7432329618294411,0.9983448995466091,BARBUNYA
2099,53249,919.923,325.38662859922766,208.91742051711128,1.5574892117365438,0.7666552108480327,54195,260.38189744604495,0.6966846347079757,0.9825445151766768,0.7907120655025048,0.8002231024888002,0.0061106617701595835,0.0015456542411972358,0.640357013756801,0.9973491405860471,BARBUNYA
2100,53363,904.64,327.0878319072981,208.048585501421,1.5721704193228656,0.7716368327042017,54318,260.6604723115925,0.717244623655914,0.9824183511911337,0.8194048449023156,0.7969127765824925,0.006129487320939567,0.001524920043316528,0.6350699734804177,0.9984382265060694,BARBUNYA
2101,53364,919.64,314.3128688474999,216.9357311409893,1.448875513472808,0.7236277933792362,54228,260.66291463353053,0.7665258984745325,0.9840672715202479,0.7929075149358962,0.8293103479641505,0.00588997955264785,0.0017185488742534351,0.6877556532404204,0.9964723252325406,BARBUNYA
2102,53368,951.9129999999999,321.01705729605214,212.32442952723775,1.5119176724545063,0.7500230638779632,54618,260.672683692454,0.7063837672565552,0.9771137720165514,0.740110006231397,0.8120212859968164,0.006015159970320269,0.0016132311515442684,0.6593785689119236,0.9969261111756987,BARBUNYA
2103,53524,919.5339999999999,324.56384550586654,210.51583945712122,1.5417549878567456,0.7611196587569717,54727,261.05339184236783,0.7890903729913018,0.9780181628812104,0.79546823523852,0.8043206150564581,0.006063893683317139,0.0015654822254747497,0.6469316518047993,0.9974101009724525,BARBUNYA
2104,53525,959.13,319.9928690590668,213.40496151247706,1.4994631183415943,0.7451424243526267,54660,261.05583048832597,0.7828726049436887,0.9792352725942188,0.7311585948746885,0.8158176501118788,0.005978381486390785,0.00163356257456544,0.6655584382340679,0.9979803312330167,BARBUNYA
2105,53552,937.5550000000001,336.4962468374512,203.6038358079593,1.652700920403273,0.7961721604333662,54684,261.12166532032046,0.6892149292149292,0.9792992465803526,0.7655825932735644,0.7760017170309141,0.006283542105569376,0.001405513499313838,0.6021786648349268,0.9952212336198974,BARBUNYA
2106,53755,929.5979999999998,325.29715700693214,210.9394479695406,1.5421352437307254,0.7612559215806868,54945,261.616115190251,0.719111194349315,0.9783419783419783,0.7816968625593834,0.8042373244125091,0.006051477202249691,0.0015616297108350923,0.6467976739781914,0.9974494886048244,BARBUNYA
2107,53874,913.8779999999999,326.25582718970685,210.6497575895197,1.5488070383895793,0.7636265181485293,54878,261.9055311234609,0.7365873666940115,0.9817048726265535,0.8106112762058021,0.8027612361117203,0.006055905022639991,0.0015513307111683177,0.6444256022036174,0.9980909084114058,BARBUNYA
2108,54113,872.821,327.62992192461815,210.78284085493303,1.5543481651341,0.7655667247332228,54651,262.48583101617857,0.7177551994906621,0.99015571535745,0.8926086725654252,0.8011656245383226,0.006054551067666146,0.0015386893105268674,0.6418663579418805,0.9976837957282695,BARBUNYA
2109,54187,931.202,353.78485008914913,195.56197229691682,1.8090677135941668,0.8333332616095189,55164,262.6652455323396,0.7691335945040595,0.9822891740990501,0.7852666822718789,0.7424434524716121,0.006528961745236849,0.0012237069120379592,0.551222280117967,0.9971984299751739,BARBUNYA
2110,54230,940.7599999999999,337.98052010482695,204.90732274415396,1.6494311456444501,0.7952591674231211,55277,262.7694436402145,0.7886738121900496,0.9810590299763011,0.770001873005281,0.7774691972150193,0.0062323533119090346,0.001404638586417085,0.6044583526181666,0.9970124330533396,BARBUNYA
2111,54358,923.3299999999999,326.41776563516976,214.26478164693228,1.5234317237120394,0.7544019537628903,55744,263.07937048106595,0.7140436376055801,0.975136337543054,0.801234129597503,0.8059591057157846,0.006004962758658703,0.001562939280908602,0.6495700800861873,0.9895756667774678,BARBUNYA
2112,54424,899.2959999999999,324.8266146249812,213.68277695555884,1.5201347495242339,0.7531608366467599,55211,263.239033926708,0.7484048404840484,0.9857455941750738,0.845658461229741,0.8103986005907265,0.005968444337516191,0.0015879456733094348,0.6567458918394077,0.9983422517923677,BARBUNYA
2113,54440,1027.543,334.13768387618694,209.85968031458924,1.5921957156100652,0.7781620980743378,55695,263.2777256347036,0.72848922788706,0.9774665589370679,0.6479298235069287,0.7879318566542164,0.006137723803750678,0.0014592904582961018,0.6208366107305605,0.9884933916990724,BARBUNYA
2114,54522,897.406,340.0239168500328,204.4497627229209,1.6631171996557794,0.7990379952943767,55225,263.4759314587398,0.6904927749141981,0.9872702580353101,0.8507534221413572,0.7748747026373018,0.006236453483915351,0.0013868943564200639,0.600430804787247,0.998586798644832,BARBUNYA
2115,54543,974.0419999999999,335.9046656046787,207.4933402071076,1.6188696238124969,0.7864020706247461,55730,263.52666750917257,0.6711580346266012,0.9787008792391889,0.7224262499721348,0.784528154840556,0.006158529336572589,0.0014390998014385842,0.6154844257375274,0.9963890407561616,BARBUNYA
2116,54614,925.529,339.95229289380563,205.37060380373535,1.6553113571145983,0.7968964260693058,55585,263.6981313854275,0.769753347427766,0.9825312584330305,0.8011868038709564,0.7756915805471609,0.006224636409964581,0.0013901128624635248,0.6016974281317528,0.995996586333135,BARBUNYA
2117,54631,893.756,303.9114566736381,229.35428905637448,1.3250742243539981,0.6560991456423747,55557,263.7391695755992,0.7562430786267995,0.9833324333567327,0.8594311162133559,0.8678158186672812,0.005562985423544107,0.001946246899393318,0.7531042951291635,0.9979190897259407,BARBUNYA
2118,54677,911.0219999999999,308.85390344051126,226.39857090350165,1.3642042977919446,0.6801984235027607,55858,263.850182087268,0.7530126289405187,0.9788571019370547,0.827859834546932,0.8542879955476701,0.005648698784507402,0.0018558607814855496,0.729807979336856,0.9956071819741936,BARBUNYA
2119,54692,881.8069999999999,330.7268465587917,211.9992113845125,1.5600380982499862,0.7675325383674267,55278,263.88637172210224,0.6782242063492063,0.9893990375918087,0.8838663195551502,0.7978982488656011,0.0060470790345716315,0.0015118735016294124,0.6366416155427926,0.9931851751781771,BARBUNYA
2120,55059,944.732,344.32769110396447,204.9475016204122,1.680077524153973,0.803569727571328,55970,264.7702704111119,0.7328594816914906,0.983723423262462,0.775212793327392,0.7689485256391085,0.00625379485831498,0.0013486910269551883,0.5912818350825589,0.9933993215627235,BARBUNYA
2121,55100,948.328,300.6459570355733,235.3802983383058,1.2772774916083371,0.6221283983251465,56772,264.868833415537,0.7874578402789687,0.9705488621151271,0.7699177208833584,0.8809991527150219,0.0054563694561810035,0.002027614997315843,0.7761595070845864,0.991371068296964,BARBUNYA
2122,55327,885.816,325.34038349823174,217.25300132677083,1.4975184762068552,0.7443664189830971,55918,265.4138735853165,0.7930139892214195,0.9894309524661111,0.8860534995768802,0.8158036537962065,0.0058803185334146395,0.0016066571063523064,0.6655356015472406,0.9966518598904363,BARBUNYA
2123,55377,921.337,322.9626948339596,219.5998638153349,1.470687136243145,0.7332545185491731,56515,265.53377613554005,0.7140259941203775,0.979863752985933,0.819789334517141,0.8221809527321888,0.005832072788954974,0.0016438884491415862,0.6759815190356098,0.994157324383772,BARBUNYA
2124,55387,883.8639999999999,328.45682284674575,215.23241418287515,1.5260564915081423,0.75538283311386,55945,265.5577501490899,0.8026403501144828,0.9900259183126284,0.8909366319665224,0.8085012448439719,0.00593021508380569,0.001563050391535263,0.6536742629142523,0.9975438522520949,BARBUNYA
2125,55429,911.762,327.8248583352825,215.90977954060594,1.5183418696123896,0.7524816612810767,56253,265.6584173805252,0.728763196991809,0.9853518923435195,0.8378840663112739,0.8103669097259957,0.0059143202716138215,0.0015732994719223224,0.6566945283788601,0.9970867979829848,BARBUNYA
2126,55434,925.4219999999999,330.5917573756197,213.77257385041517,1.5464647846123953,0.7627986092725495,56460,265.67039903393265,0.7188764394646747,0.98182784272051,0.8134042589652339,0.8036207591590884,0.0059637002088180485,0.001534264209245996,0.6458063245514296,0.9987167385987493,BARBUNYA
2127,55596,947.733,314.7614494034101,225.63643199667166,1.3949939139617893,0.6972284440647877,56806,266.05831264799093,0.7702624068275652,0.9786994331584692,0.7778241163761266,0.8452696896404255,0.005661584455777575,0.001782784858317361,0.7144808482248214,0.9966964349158826,BARBUNYA
2128,55607,898.497,311.4197591438376,228.71986515003027,1.3615772243462971,0.6786710609849137,56424,266.08463195774425,0.756506360111557,0.9855203459520772,0.865577715253913,0.8544243714312485,0.005600369722226295,0.0018411576300837963,0.7300410064956839,0.9940072072833703,BARBUNYA
2129,55619,932.404,311.92403249063494,228.31571074487854,1.3661960951919812,0.6813483075288062,56806,266.11334096325385,0.7445649263721553,0.9791043199662007,0.8039421228800238,0.853135101000092,0.005608227988468598,0.0018326379100137968,0.7278395005584376,0.9943714835894193,BARBUNYA
2130,55643,949.05,347.70220501458397,205.58085259989537,1.691316095917198,0.8064842803993051,56777,266.17074968466886,0.7991354177138836,0.9800271236592282,0.7763225725286204,0.7655135510961302,0.006248804072652157,0.0013236958353080813,0.5860109969118077,0.9911298314614236,BARBUNYA
2131,55660,936.905,325.91336104658416,217.96642067438083,1.4952457357340598,0.7434546136456339,56773,266.21140670519577,0.7054499366286439,0.9803956105895408,0.7968231675975233,0.8168164872109832,0.00585543228614057,0.0016078173353878888,0.6671891737796904,0.9976117670220127,BARBUNYA
2132,55676,934.071,333.102779952971,215.62286077989614,1.5448398131262908,0.7622214907673933,57508,266.24966646490833,0.7993567931544414,0.9681435626347639,0.8018961208543144,0.7993018446213469,0.005982879157140797,0.0015063755383286181,0.6388834388150877,0.9869725722285823,BARBUNYA
2133,55699,948.396,317.4639035492548,223.77110151034987,1.4186992931907763,0.7093355080045187,56924,266.3046552394528,0.7367592592592592,0.9784800787014265,0.7781760043616724,0.8388501882014294,0.005699633809390739,0.0017408619856867432,0.7036696382455736,0.9982956184188045,BARBUNYA
2134,55721,916.614,342.8912925881243,207.19488989112338,1.6549215705479348,0.7967885391669588,56533,266.35724257505746,0.7972899496336996,0.9856367077636071,0.8334044086810449,0.7767979191440175,0.006153717495883497,0.0013821320303399555,0.6034150071864757,0.9986045113852356,BARBUNYA
2135,55773,968.988,347.9202425680947,204.49119121270937,1.7013947667124305,0.809040374098274,57047,266.48149866081553,0.7653766982297242,0.9776675372938104,0.7464437260572689,0.7659269742221451,0.006238148253959706,0.001324295530332384,0.5866441298410905,0.9981132524341992,BARBUNYA
2136,55796,900.322,330.20176873798385,215.517497300257,1.5321343875757327,0.7576300257218671,56573,266.53643960637567,0.7701311249137336,0.9862655330281229,0.8650021849944137,0.8071926465599073,0.0059180186525554495,0.0015497615433284668,0.6515599686603875,0.9982774335523463,BARBUNYA
2137,55805,934.264,333.92404333996944,213.19784281285408,1.5662637057406312,0.7696532718472008,56596,266.55793515471595,0.7093735699394925,0.9860237472612905,0.8034220512584176,0.7982591863962675,0.005983765672251042,0.0014987529163003812,0.6372177286660308,0.9980510010640854,BARBUNYA
2138,55912,901.128,348.3959103971307,204.75417282714463,1.7015326505274682,0.8090749732730421,56502,266.8133606572812,0.7711574533818824,0.989557891756044,0.8652506271427721,0.7658337905090363,0.006231147345777842,0.001322165686993607,0.5865013946854386,0.9979512726371711,BARBUNYA
2139,56155,934.742,344.514405984738,208.1900925364873,1.654806920864203,0.7967567886122062,57050,267.3925328699421,0.7700165919344002,0.9843120070113935,0.8076343496906613,0.7761432562033055,0.006135061988865426,0.0013733026914523648,0.6023983541498699,0.9968529655644098,BARBUNYA
2140,56235,1023.117,321.7252343163063,223.76959593144184,1.4377522244571417,0.7184969242244174,57765,267.5829325614432,0.746971468041018,0.9735133731498312,0.6750966636066105,0.8317126044840092,0.005721085343937162,0.0016886954060477222,0.6917458564575739,0.9945591438808876,BARBUNYA
2141,56247,944.1600000000001,325.14082996049154,221.05552292843652,1.4708559444848213,0.7333268757605366,57246,267.61148083129524,0.7763561076604555,0.9825489990567027,0.7928992977814435,0.8230632888026188,0.00578058971963823,0.0016363825281467922,0.6774331773745832,0.996406615932646,BARBUNYA
2142,56248,925.453,330.3764438426203,218.05101876852532,1.5151336861825688,0.7512587758585844,57157,267.61385971631483,0.8252952828112391,0.9840964361320573,0.8252930992865404,0.8100270606574985,0.005873567839614214,0.0015598393156584039,0.6561438389974267,0.9941456334461533,BARBUNYA
2143,56277,944.618,335.31263385528086,213.9215296602936,1.5674562274669397,0.7700559584257723,57408,267.6828381855302,0.6982431325839351,0.9802989130434783,0.7925530986231255,0.7983082388153042,0.005958253529066597,0.0014927297455784446,0.6372960441603928,0.9989336531592535,BARBUNYA
2144,56322,911.5889999999999,326.83661011334755,219.97020122424325,1.4858222081642865,0.7396169718975079,57129,267.78983856482273,0.7358024691358025,0.9858740744630573,0.8517061443254937,0.8193385633021733,0.00580300078323475,0.0016131916892086402,0.6713156813140695,0.9974557479853833,BARBUNYA
2145,56385,908.18,319.6881974152079,224.84405067377693,1.4218219092620734,0.7108704578317396,57282,267.93956730929483,0.7357892264328219,0.9843406305645752,0.8590720344249055,0.8381278053918817,0.005669738359762489,0.0017257734219646593,0.702458218171012,0.9987704849367425,BARBUNYA
2146,56430,946.4599999999999,330.9432846487824,217.7435780278449,1.5198762124064187,0.7530630841401565,57314,268.0464652059512,0.7165714285714285,0.9845761942980773,0.7916174989834913,0.809946832704035,0.005864669229997917,0.0015568591779328517,0.6560138718072982,0.9970598787685464,BARBUNYA
2147,56506,911.9099999999999,311.90783359065324,231.3239233194459,1.348359603774856,0.6707959961363011,57392,268.22690714170545,0.7494760856301562,0.9845623083356565,0.8538871397104741,0.8599556607921733,0.005519906445167827,0.00186215453245515,0.7395237385285038,0.9971439350643935,BARBUNYA
2148,56521,936.644,346.83237092046016,208.2229249259756,1.6656781237885356,0.7997328111525593,57353,268.2625063402937,0.8148933102652826,0.9854933482119506,0.8096001690080863,0.7734644422847571,0.0061363452684924215,0.001354724430822074,0.5982472434788704,0.9964873460795479,BARBUNYA
2149,56545,975.5530000000001,339.5660561178584,212.5891557194973,1.597287758957479,0.7797738701069399,57685,268.3194552339613,0.7920244281652263,0.9802374967495883,0.7466246683532174,0.7901833837621024,0.006005235761214226,0.0014441802341553613,0.624389779973726,0.9973301523701864,BARBUNYA
2150,56546,951.015,315.49363734305547,229.12416172706904,1.3769549006309911,0.6874410334437523,57830,268.3218278422285,0.7682254164062712,0.9777969911810479,0.7856642988899083,0.8504825330295515,0.00557941564996738,0.0018006531848101521,0.723320538988362,0.9959797608870752,BARBUNYA
2151,56567,915.89,326.4419563494079,220.98322725789006,1.4772250382987042,0.7360336689856805,57388,268.3716477704639,0.7230765297644156,0.9856938732836134,0.8473959348574552,0.8221113816730459,0.005770890383958985,0.0016260924414539502,0.6758671238763647,0.998407837953098,BARBUNYA
2152,56644,961.412,343.12276779123266,210.50200178609072,1.6300214006511413,0.7897033599535622,57622,268.55424176873197,0.7956735496558506,0.9830273159557114,0.770095704694894,0.7826768345845512,0.006057530679175776,0.0014021849606244794,0.612583027395293,0.9985234443299921,BARBUNYA
2153,56724,929.168,347.0655985046673,209.2032795909565,1.6589873695253026,0.797909439599238,57657,268.7438184136658,0.7332376778997169,0.9838180966751652,0.8256352436775056,0.774331479615234,0.006118496553569342,0.0013568509531673302,0.5995892403231176,0.9947109765993232,BARBUNYA
2154,56778,908.906,315.9444788379022,229.55282075853668,1.376347621405357,0.6871023544983709,57545,268.871707085318,0.7592265725288831,0.9866713007211747,0.8636783114032828,0.8510093547900381,0.005564558083023393,0.0018003120120512674,0.7242169219401574,0.9967742378938446,BARBUNYA
2155,56823,948.496,313.2609836972265,231.28338060880458,1.3544465792251619,0.674462696486296,57838,268.9782345292759,0.7660357518401683,0.9824509837822885,0.7937121260961051,0.8586394365320935,0.005512925816961908,0.0018484394836758796,0.737261681968151,0.9985815631355516,BARBUNYA
2156,56857,952.885,328.1323756555259,221.25678301795628,1.4830387171854345,0.7384655292062093,57866,269.0586939591567,0.7940478185576225,0.9825631631700826,0.7868878215869274,0.8199699691980871,0.005771186936622155,0.0016092988186785367,0.6723507503867118,0.9971221943521734,BARBUNYA
2157,56893,938.2750000000001,339.61345528829895,214.15951700272782,1.5857966997748374,0.776109749427963,58014,269.1438600797306,0.7164192260712982,0.9806770779467026,0.8120979407942474,0.7925005793756125,0.005969336390914505,0.0014524599624036352,0.6280571683106816,0.9959709847770085,BARBUNYA
2158,56928,935.6600000000001,324.0394421175975,224.15071894330913,1.4456319553431887,0.7221476018795623,57936,269.22663464576334,0.7701298701298701,0.9826014913007457,0.8171460079298245,0.8308452603373451,0.005692092504876291,0.0016731400652416132,0.6903038466250306,0.9979252995774677,BARBUNYA
2159,56970,998.3149999999999,322.69416976509405,225.93587587980952,1.4282555548493625,0.7139910634851574,58070,269.3259305443169,0.7779917243639641,0.9810573445841226,0.7183248491558274,0.8346166611574461,0.005664282425225453,0.0016954026697662869,0.6965849710816033,0.9949013543718825,BARBUNYA
2160,56988,902.722,345.5850375831499,211.00160284335857,1.6378313383699847,0.7919673213519295,57852,269.36847472443293,0.7577183885121659,0.985065339141257,0.8787902428282147,0.7794564157298656,0.0060641720639985595,0.0013807613520660869,0.607552304022449,0.9950682032268553,BARBUNYA
2161,57103,919.308,354.5460498678556,205.55226302130256,1.7248462491075174,0.8147860040989187,57779,269.64012632212587,0.6766399658735425,0.9883002474947645,0.8490762836130497,0.7605221562124994,0.006208886571070794,0.0012812709274021812,0.5783939500901094,0.9976406353194058,BARBUNYA
2162,57105,953.054,346.2734018078067,210.21898845092275,1.6472032538994301,0.7946333691868511,58126,269.644848276583,0.6960628961482204,0.9824347108006743,0.790039822959788,0.7787050546442054,0.0060638018003293355,0.0013753610953869443,0.606381562128435,0.9988336822425775,BARBUNYA
2163,57132,914.731,335.2396034588863,217.50788403052846,1.5412756413548372,0.7609477087598094,57887,269.7085865704118,0.7193291700241741,0.9869573479364969,0.85803004724299,0.8045248347380557,0.005867807944039878,0.0015163989418364122,0.6472602097102957,0.9976063948447025,BARBUNYA
2164,57187,898.194,326.1756938520264,224.48361734539083,1.4530044450868413,0.7254933842090884,57817,269.83837726455766,0.6919177253478523,0.989103550858744,0.8907726601367337,0.8272792312567997,0.005703668558449061,0.001647944303717365,0.6843909264688414,0.9944230583363282,BARBUNYA
2165,57200,956.741,352.7864470176083,206.90379536874067,1.7050747976318068,0.809960425013723,58277,269.8690459442344,0.737893134497794,0.9815192957770648,0.7852665925624651,0.764964323957617,0.006167595227580564,0.0013027478085255906,0.5851704169279341,0.9977593302235175,BARBUNYA
2166,57208,929.814,345.44027499136257,212.41092375933894,1.6262830031413336,0.7886057714553202,58161,269.8879172456766,0.79978749877672,0.9836144495452279,0.8315233844016005,0.7812867716493825,0.006038321126264903,0.001387835054529131,0.6104090195543145,0.9926978134653476,BARBUNYA
2167,57271,990.081,355.80436917194044,206.04003529969816,1.7268700651036129,0.8152690448250868,58861,270.0364826584132,0.6696404560070155,0.9729872071490461,0.7341810618093145,0.7589465055948192,0.0062126446049822846,0.0012714548300737103,0.575999798354587,0.9946768092842534,BARBUNYA
2168,57343,1021.149,341.5122061900434,215.64613342319828,1.5836695087865877,0.7754207669792003,58908,270.2061716796055,0.6752908756889161,0.9734331499966049,0.6910540894515448,0.7912050192702109,0.005955604104948178,0.001439665900062294,0.6260053825183747,0.9913856366306344,BARBUNYA
2169,57351,952.862,329.425015075134,222.74480968291095,1.4789346406952781,0.7367526079058988,58282,270.2250194377018,0.7242568130730179,0.9840259428296901,0.7937629861391032,0.8202929561255994,0.005744015188490768,0.0016042471315248755,0.6728805338692744,0.9951463305888024,BARBUNYA
2170,57433,975.96,340.4333752276232,217.33213836348227,1.5664198483993073,0.7697060618839076,58982,270.41813321738357,0.698392431538499,0.9737377505001525,0.7577175205612441,0.7943349650620317,0.005927487249971674,0.0014556773021185529,0.630968036720099,0.988360856423906,BARBUNYA
2171,57516,957.4299999999998,340.9225203938529,215.48918025585405,1.5820864880040364,0.7749058332937446,58509,270.6134617031969,0.6902610261026103,0.9830282520637851,0.7884687333072669,0.7937682186280008,0.005927437937162753,0.0014515152521674046,0.6300679849038698,0.9968220454403436,BARBUNYA
2172,57563,986.047,343.6359123805583,213.95891603586415,1.6060836292653373,0.7825143228746522,58779,270.724006902953,0.7109264039323692,0.9793123394409569,0.7439745025675084,0.7878222186601403,0.005969735982845896,0.0014185602520352522,0.6206638482145861,0.9968380458942729,BARBUNYA
2173,57583,926.308,332.54527341608383,220.72307312312742,1.5066176304575911,0.7479647817484516,58564,270.7710337249627,0.7180820551190922,0.9832490950071716,0.843321789582262,0.8142381064191864,0.005775059886009479,0.0015658204076634905,0.6629836939451021,0.9988629220035906,BARBUNYA
2174,57641,938.653,333.54318148805055,223.85447240030797,1.49000007867429,0.7413298097090378,59171,270.90736534483426,0.7797754329004329,0.9741427388416622,0.8221124509056389,0.8122107732384861,0.005786561327666948,0.0015533714035832267,0.6596863401646597,0.9829326987456972,BARBUNYA
2175,57716,909.091,335.90117000405775,219.5139403214524,1.5302042754650111,0.7569200237065219,58301,271.0835545803814,0.7765041437950705,0.9899658667947376,0.8775894065999182,0.8070336717704992,0.0058198969090730085,0.001522865945462197,0.6513033473713742,0.9966271667723501,BARBUNYA
2176,57744,947.6779999999999,342.4605385490983,215.38625847018966,1.589983228184895,0.777455903363874,58657,271.1493025460092,0.7208808768819754,0.9844349353018395,0.807969805680202,0.7917680200316999,0.005930668788949472,0.0014377231269853252,0.6268965975449183,0.996755075902596,BARBUNYA
2177,57761,910.99,330.2813373139707,223.64553003792795,1.476807237139765,0.7358574842670521,58490,271.18921317679235,0.7912682539247651,0.9875363309967515,0.8746158591835763,0.821085488457362,0.005718068200238408,0.0016031811589736638,0.6741813793552647,0.9956359401767242,BARBUNYA
2178,57779,949.1499999999999,329.2330423901832,223.89144820959413,1.4705029826863882,0.7331755472202633,58873,271.23146509070983,0.7164432650935558,0.9814176277750412,0.8059538625078598,0.8238282012085103,0.005698143657560414,0.0016190481894273509,0.6786929051064499,0.9980199412871245,BARBUNYA
2179,57812,906.071,289.54855788926693,254.93101282327822,1.1357918155292706,0.47415192878053675,58725,271.3089098430592,0.7693904711205749,0.9844529587058323,0.8849187498226866,0.9370066002774458,0.005008450804145626,0.002381517489528719,0.877981368963497,0.9972040530559247,BARBUNYA
2180,57812,941.0359999999998,343.09012078850367,215.4655387038567,1.5923201587241225,0.7782017121453955,58931,271.3089098430592,0.7832118568293278,0.9810116916393748,0.8203806004506903,0.7907803034943881,0.005934583145168887,0.0014315066028929957,0.6253334883946765,0.9957311194961207,BARBUNYA
2181,57929,917.333,330.45353117522757,223.88703738831748,1.4759833129690194,0.7355094769567014,58707,271.5833087414675,0.7991529632490895,0.9867477472873762,0.8650712155462014,0.8218502243737763,0.005704457718504161,0.0016053319172960653,0.6754377913032266,0.9969349089122135,BARBUNYA
2182,57949,929.665,317.018812912238,233.2385836858852,1.3592039871892898,0.6772806708008811,58918,271.63018679421094,0.774646757656369,0.9835534132183713,0.8425639007299235,0.8568267110047119,0.005470652002834182,0.0018188246846466954,0.7341520126911522,0.9978623428528559,BARBUNYA
2183,57995,929.1099999999999,324.56967652794106,229.35238420254225,1.4151571942732102,0.7075779683386797,58998,271.7379756252625,0.7460027527302195,0.9829994237092783,0.8442404331946163,0.8372253949665244,0.005596511363530322,0.0016961596388975994,0.7009463619768528,0.991949286951177,BARBUNYA
2184,58003,934.2789999999999,338.0408857136209,219.05569477935651,1.5431732375372027,0.7616272451170744,58862,271.75671714471684,0.8162079252504785,0.9854065441201454,0.8350397434203337,0.8039167113499454,0.005827989685251124,0.0015015602525268758,0.6462820787877114,0.997325207885106,BARBUNYA
2185,58043,953.88,332.99196248039584,223.07992176574146,1.492702524927699,0.7424280184041053,59165,271.85040536122625,0.7717457784869033,0.9810360855235358,0.8016268019663446,0.8163872885587466,0.005736987448622501,0.0015719857265362226,0.6664882049203024,0.9948686263190651,BARBUNYA
2186,58078,935.7839999999999,352.71232432238435,211.08815069743838,1.6709243183808167,0.8011443574414778,58934,271.93235607247766,0.7221206808658783,0.9854752774289883,0.8334322193468477,0.7709749201276205,0.006073079725926932,0.0013235786336859036,0.5944023274657909,0.9932013038647477,BARBUNYA
2187,58153,989.011,324.22628042397866,229.36087794571333,1.4136076009471794,0.706803540608876,59388,272.10788162966526,0.7420503266639444,0.9792045531083721,0.7471017336371566,0.8392530095766447,0.005575400760476306,0.0017061903525365239,0.7043456140834558,0.9956683137621817,BARBUNYA
2188,58191,959.2469999999998,341.4378910432242,217.4412004232033,1.5702538910688848,0.7709962452709146,59272,272.1967713763039,0.715650826446281,0.9817620461600756,0.7947028770051543,0.7972072769798277,0.005867537781499273,0.0014619101276579338,0.6355394424695917,0.9979582824656262,BARBUNYA
2189,58208,941.5879999999999,331.7551132488046,224.1314496810342,1.4801809996809092,0.7372747298366751,59272,272.23652844529215,0.7889828670570376,0.9820488594952085,0.8250318437459532,0.8205948230287694,0.005699476244653735,0.0015941522689856488,0.6733758635816172,0.9967181589172336,BARBUNYA
2190,58260,952.149,319.51590409274365,232.96705738624814,1.3715068030541404,0.684380468516288,59309,272.35810227762744,0.7354017823331903,0.982312971049925,0.8075520297642587,0.8524085930901641,0.005484310059950972,0.001786047642365783,0.7266004095739531,0.9965374048326014,BARBUNYA
2191,58294,917.8770000000001,342.57582636137084,218.1332901583612,1.5704885123800516,0.771074820580798,59011,272.4375635274834,0.7032693931716733,0.9878497229330125,0.869490308447737,0.7952620779497117,0.005876691020711752,0.0014499522980102146,0.6324417726248935,0.993242538656672,BARBUNYA
2192,58299,913.932,348.27189941269563,213.73386545570492,1.6294652168019341,0.7895406397274648,58881,272.44924705074015,0.7191192796348834,0.990115657003108,0.8770880659541349,0.7822889171081039,0.005973891480346071,0.001380084893011909,0.6119759498301699,0.9971935237675874,BARBUNYA
2193,58322,978.7729999999999,374.00416169107604,198.83822257807552,1.8809470173382792,0.8469659829867996,59273,272.5029848057525,0.7264823119083209,0.9839555952963407,0.7650297277061328,0.728609498818458,0.006412745819606255,0.0011148157716299838,0.5308718017684847,0.9985417321254295,BARBUNYA
2194,58360,1017.74,343.4058787501124,217.04336755222454,1.5821993669881793,0.7749426137162733,59984,272.59174571278584,0.7377163154634745,0.9729261136303015,0.7080296739044676,0.7937888154534006,0.005884267970358334,0.0014410933249254315,0.630100683538913,0.9969449026340872,BARBUNYA
2195,58361,919.0219999999999,328.5385737285167,227.1540301200509,1.4463250929551377,0.7224650060158524,59350,272.5940811358325,0.717159428838261,0.9833361415332772,0.8683219371229532,0.8297171258833272,0.005629419881916292,0.0016457490858582332,0.6884305089840891,0.9956943198995654,BARBUNYA
2196,58469,951.9459999999999,358.0763382545632,209.11982824055647,1.7123021822811457,0.8117471340207488,59369,272.8461891636389,0.7058404558404558,0.984840573363203,0.8107947043762516,0.7619777126118492,0.0061242083540776005,0.0012734995475622319,0.5806100345171861,0.994179829158109,BARBUNYA
2197,58481,926.502,348.7394788140976,214.49894314239774,1.6258330866580664,0.7884730624541866,59402,272.8741867888149,0.6974478234943351,0.984495471532945,0.8561146561929428,0.7824585496220111,0.005963295409006303,0.0013788322977282162,0.6122413818765814,0.9954022956762022,BARBUNYA
2198,58525,962.8369999999999,317.8193216632034,235.43698681565897,1.3499124583685216,0.6717380344108487,59543,272.9768201800757,0.7653127942253374,0.9829031120366793,0.7933151430521833,0.8589056787093398,0.0054304881958684905,0.0018230581989756058,0.7377189649191518,0.9958560215190932,BARBUNYA
2199,58531,972.953,343.3965287195179,219.79614935071902,1.5623409679101121,0.7683206418237433,60295,272.9908126529056,0.6845730994152047,0.9707438427730326,0.776984016782883,0.7949725457937904,0.005866917167304811,0.0014454339195446191,0.6319813485658602,0.9873703518195239,BARBUNYA
2200,58635,926.5229999999999,353.2945175484061,211.92769914604884,1.6670521077329068,0.8001040262343524,59458,273.2332349944755,0.728204172876304,0.986158296612735,0.8583301818522414,0.7733865696261162,0.006025317942328065,0.0013296772407461876,0.5981267860780515,0.9971085194229252,BARBUNYA
2201,58641,910.692,344.1535559241731,217.28377577759272,1.5838897989164258,0.7754922747620034,59181,273.2472143367882,0.7049044356292824,0.9908754498910123,0.8885220064721685,0.7939688828814322,0.005868821403526084,0.001438614999394912,0.6303865869839894,0.998462884497683,BARBUNYA
2202,58778,968.674,329.370046870347,227.65049931009656,1.4468233009306606,0.7226927795642825,59726,273.56621494702773,0.7193049011809337,0.9841275156548237,0.7871715373104693,0.8305740535499093,0.005603628004871669,0.001644987112013262,0.6898532584303279,0.9980957685199391,BARBUNYA
2203,58835,921.6189999999998,349.5601190199555,214.55419197395784,1.6292392882371853,0.7894744836270642,59540,273.6988283031064,0.7751646903820817,0.9881592206919718,0.8704479017372054,0.7829807046366225,0.005941363457465038,0.0013774318541464675,0.6130587838332618,0.9988194566200581,BARBUNYA
2204,58836,962.165,327.38949515637216,229.89997440628713,1.4240518991002504,0.7119584450797634,60103,273.70115427969614,0.7093802748975163,0.9789195214881121,0.7986452144198359,0.8360108015957181,0.005564441756006054,0.0016766751148708152,0.698914060384715,0.9952898949987206,BARBUNYA
2205,58851,931.858,324.48006739239685,231.75159018878244,1.4001201334932751,0.699916757874424,59915,273.7360415568419,0.7258297258297258,0.9822415088041392,0.8516560479435028,0.8436143512809687,0.005513586300868241,0.0017226211545844428,0.7116851736872097,0.9964447403881206,BARBUNYA
2206,58857,953.9179999999999,319.23006244412204,235.8839230661267,1.3533353960482946,0.6737985090302108,59856,273.7499952227899,0.7719457013574661,0.9833099438652767,0.812804123722717,0.8575320041191516,0.005423824905179028,0.0018092008091805105,0.7353611380886085,0.9951902570536716,BARBUNYA
2207,58859,934.994,327.0002502918676,230.34723969208733,1.4195969994213062,0.7097781615384725,59798,273.75464628671955,0.7403461548137154,0.9842971336834008,0.8460676608873725,0.8371695313455476,0.005555654195481873,0.0016833275217916519,0.700852824213324,0.9949285662891827,BARBUNYA
2208,58879,953.706,346.4185228993576,218.83634976466917,1.5830026559659167,0.7752040794281803,60225,273.80115258059385,0.7517939681810056,0.9776504773765048,0.8134694724818968,0.7903767682195773,0.0058835666859042715,0.0014163060445138668,0.6246954357412234,0.9888945339481423,BARBUNYA
2209,58891,981.815,347.1969327877299,216.4020640681188,1.6044067522315297,0.7819960853452341,60173,273.8290525656444,0.7586015895711765,0.9786947634321042,0.7677140118718268,0.7886851141425799,0.005895585620684483,0.0014070880973138231,0.6220242092700945,0.9979798414044176,BARBUNYA
2210,58910,993.443,358.49945895543215,209.88839024633657,1.708048065615623,0.8106986814745183,60140,273.87322172923086,0.7612094585863807,0.9795477219820419,0.7500893146372865,0.7639431940210492,0.006085545051017351,0.0012785670529500196,0.5836092036910823,0.9968325714400272,BARBUNYA
2211,58932,928.9060000000001,341.43292342342005,220.07629820346912,1.5514297823555356,0.7645480681791207,59770,273.92435607359306,0.7190863167142544,0.9859795884222854,0.858257303901546,0.8022786828143464,0.00579367615936028,0.0014805906087767818,0.6436510848983228,0.9985794625567095,BARBUNYA
2212,58947,930.106,324.8758610862139,231.89184650123295,1.4009800947636446,0.7003638509416958,59792,273.959214927156,0.7760472892914505,0.9858676746052983,0.856262016839438,0.8432735322691584,0.005511321374899722,0.0017191326023208416,0.7111102502257031,0.9962513057486047,BARBUNYA
2213,58962,931.9010000000001,335.84408697811136,224.66662064926624,1.494855292733528,0.7432974393563728,59755,273.99406934580657,0.7001282416642918,0.9867291440046858,0.8531836316938639,0.8158371100446503,0.005695941232965493,0.0015565357056126902,0.665590190126007,0.9949610185013767,BARBUNYA
2214,58984,924.535,349.13923949058506,215.54298533799044,1.6198125814352244,0.7866843990664141,59646,274.04518114110095,0.6847775610662209,0.9889011836502029,0.8671562752400539,0.7849165895559296,0.005919219440705701,0.0013859202364844786,0.6160940525601116,0.9979568976842833,BARBUNYA
2215,59100,1057.719,351.9312622473993,215.12718416456107,1.6359218553160173,0.7914173857510337,60703,274.3145222073525,0.778707424731537,0.9735927384149053,0.6638297831855647,0.7794548300585924,0.0059548436928493955,0.0013558571615886771,0.6075498321016694,0.9939040485286976,BARBUNYA
2216,59135,1064.665,343.15961604251083,219.86023240300344,1.5608080292278588,0.767796507590251,61028,274.3957369893232,0.6935843302838377,0.9689814511371829,0.6555842490229695,0.7996154680256167,0.0058029866583666325,0.0014633765166429536,0.639384896705826,0.9979570805454785,BARBUNYA
2217,59151,931.54,305.9389410208427,247.63152320334925,1.2354604012576087,0.5872372557374411,60079,274.43285574185467,0.7976993203150285,0.9845536709998503,0.8565819901578258,0.8970183881337236,0.005172168535119317,0.002065655120493945,0.8046419886500235,0.9941033141662784,BARBUNYA
2218,59162,930.7479999999998,355.31243215180376,212.57133435738885,1.6714973974544904,0.8012975961626091,59888,274.45837197218395,0.8065492420111244,0.9878773710927063,0.8581999557012852,0.7724423553379194,0.006005754236702677,0.001318899297076721,0.5966671923199924,0.9973276591093453,BARBUNYA
2219,59167,962.1519999999999,361.67778584002747,210.69345375907332,1.716606659519682,0.8127987131944715,60797,274.4699694745226,0.7028629128058921,0.9731894665855223,0.803159941676599,0.7588798102074273,0.006112829547552309,0.0012505873847255891,0.5758985663404611,0.9885913141878728,BARBUNYA
2220,59244,934.803,340.33006203154804,222.21342204184708,1.5315459296039162,0.7574139132167027,60023,274.64850916815476,0.7044554632040809,0.9870216417040134,0.8519498726613423,0.8070063147777269,0.005744549018154548,0.001502946199670902,0.6512591920911275,0.9974333647643012,BARBUNYA
2221,59255,922.943,329.2752344764207,229.5490083205205,1.4344441602494398,0.7169407137212037,60140,274.67400536505465,0.7476594241300124,0.9852843365480546,0.8741482770791414,0.8341775408703688,0.00555691898534167,0.0016597695752663209,0.6958521696925356,0.9981610812123598,BARBUNYA
2222,59295,964.167,350.03022804376974,216.35245203941565,1.617870399638458,0.786102245724851,60252,274.7666988648214,0.7767225569819229,0.9841167098187612,0.80153669836562,0.78497991559307,0.005903199730900915,0.001382615497749174,0.6161934678845036,0.996921172140909,BARBUNYA
2223,59389,927.16,311.702777770075,242.82189757593147,1.2836683218514269,0.6270022648995449,60205,274.9844055983476,0.7643667065652471,0.9864463084461423,0.8681734553554458,0.8822006899187392,0.005248493454513041,0.00196102890446945,0.7782780572930998,0.999050887739222,BARBUNYA
2224,59403,960.0079999999999,348.6860620871796,217.44511227075697,1.603558978382576,0.7817333313717728,60252,275.0168152602725,0.7309968866519818,0.9859091814379606,0.8099692626140041,0.7887232819518663,0.005869839268844664,0.001401214474939809,0.6220844154929233,0.997549049775554,BARBUNYA
2225,59489,973.6129999999998,361.76466333763557,210.16007761272357,1.7213767117286862,0.813953261556009,60627,275.21581945220754,0.6924975263372329,0.9812294852128589,0.7886309269907364,0.760759265189337,0.006081202631371104,0.0012564876914494929,0.57875465957142,0.9962547927907062,BARBUNYA
2226,59508,928.1419999999999,343.74191824474735,222.09566201147928,1.547720091115425,0.7632428974749903,60177,275.2597660903243,0.7837837837837838,0.98888279575253,0.8680732370523434,0.800774509829601,0.005776398437936872,0.001465135750785405,0.6412398155928377,0.9924597458161851,BARBUNYA
2227,59553,970.6179999999999,360.84645306007434,211.18953806567217,1.7086379200652657,0.8108446035921044,60682,275.36382225632536,0.7725326899128269,0.9813948123001879,0.7943590104234077,0.763105248565329,0.006059248955721363,0.0012674660107258669,0.5823296203879527,0.9949904713720671,BARBUNYA
2228,59582,943.8149999999999,331.5527716252767,229.2148248500841,1.4464717622087742,0.7225320930019752,60606,275.4308598440096,0.7431771690864641,0.9831039831039831,0.8405260747238613,0.8307300780320531,0.005564646564822878,0.001634771617095097,0.6901124625471411,0.9982281898227999,BARBUNYA
2229,59619,944.0889999999999,335.83677479191783,226.70634933307585,1.4813734850386042,0.7377727053765287,60673,275.5163668778421,0.7375394321766562,0.9826281871672737,0.8405599168201726,0.8203877227219983,0.005633049443833641,0.0015739826315167107,0.6730360155929863,0.9970177079754785,BARBUNYA
2230,59632,925.853,346.44369974309194,219.3624607044648,1.5793208128251115,0.7740016531095795,60256,275.54640359047914,0.7936119244077722,0.9896441848114711,0.8741886492447004,0.7953569477372882,0.005809694455042459,0.001434106392909757,0.6325926743139755,0.9990667765847587,BARBUNYA
2231,59658,936.462,320.24287049062315,237.98070602043956,1.345667368778704,0.6691518511918886,60741,275.60646719518456,0.7746786131671212,0.9821701980540327,0.8548663759359515,0.8606170272360659,0.00536797865316677,0.0018164785761384712,0.7406616675686434,0.9966842373523436,BARBUNYA
2232,59678,971.509,347.2440928428692,219.32041956379373,1.5832729735493976,0.7752919568830663,60638,275.6526610622597,0.7642305574408688,0.9841683432830898,0.7945668970370307,0.7938296626027698,0.0058186281853089775,0.0014253110783878093,0.6301655332280274,0.9977240576222807,BARBUNYA
2233,59688,964.218,351.1883989199036,217.1409106195537,1.6173294931751052,0.7859396628870444,60632,275.6757550931028,0.7280444964871194,0.9844306636759467,0.8067638350130792,0.7849796745591726,0.005883735406110166,0.0013780549763522214,0.6161930894710245,0.9965872570921742,BARBUNYA
2234,59787,1036.442,352.5588678548508,216.600880886999,1.6276889845096303,0.7890196323475602,61185,275.9042817012472,0.6941000278629145,0.977151262564354,0.6994015951948771,0.7825764910693938,0.005896915179802478,0.0013643061386124583,0.6124259643744848,0.9968389960400363,BARBUNYA
2235,59802,1015.5169999999999,375.26400850397334,206.2712910954468,1.8192740565643206,0.8353820174550283,61962,275.93889043455295,0.6653612078461042,0.9651399244698363,0.728704038952086,0.7353193596545811,0.006275107998126707,0.001131631345655103,0.540694560682823,0.9836715867757027,BARBUNYA
2236,59829,976.9029999999999,359.84037372992714,213.0306154030355,1.6891486373878246,0.8059275230747307,60870,276.00117521844004,0.6744791666666666,0.9828979793001479,0.7878049792664217,0.7670100282454371,0.006014480832538186,0.001284050417896253,0.5883043834290662,0.9937335476384915,BARBUNYA
2237,59844,997.552,350.9466189770973,217.9793747463262,1.6099992000872188,0.7837168055456133,61098,276.0357718034586,0.7799804496578691,0.9794755965825396,0.755717346383238,0.786546320372081,0.005864357646164983,0.0013845142369504058,0.6186551140908604,0.9960342388161524,BARBUNYA
2238,59921,1021.206,359.0814765415642,213.1506727078102,1.6846368438808443,0.8047604260909514,61108,276.21329939030034,0.7652745849297573,0.9805753747463507,0.7220415685037194,0.7692217990485183,0.005992581508011618,0.001294195977157606,0.591702176131439,0.996803286515495,BARBUNYA
2239,59936,922.98,295.43286044848855,259.7326000776653,1.1374500557887155,0.47652765718930756,60869,276.247869409425,0.834159104826588,0.9846720005257191,0.8841237129338988,0.9350614179819423,0.004929138755480655,0.0023244026259388556,0.8743398553984005,0.9945179173012081,BARBUNYA
2240,59938,957.732,347.3380320173276,220.19352800140314,1.5774216216523596,0.7733773797136775,60922,276.25247841845,0.749225,0.983848199336857,0.8211530580262711,0.7953418657150353,0.00579495532078694,0.0014303595815507286,0.6325686833590732,0.9978275183107674,BARBUNYA
2241,59953,933.665,343.3883970157166,223.77864245282066,1.5345003135771247,0.7584957912239092,60713,276.2870435353551,0.8049867744404313,0.9874820878559781,0.8642484832662903,0.8045905043282802,0.005727626591091632,0.001480655657984056,0.6473658796552363,0.9933831453300913,BARBUNYA
2242,60024,959.9839999999999,356.16468620714136,215.3835280711024,1.6536301053141087,0.7964304315167954,60955,276.4505931141827,0.7175012252411633,0.9847264375358872,0.8184776184670183,0.7761875441896061,0.005933704621603714,0.001328533049796618,0.6024671037550917,0.9962577402308185,BARBUNYA
2243,60045,974.654,343.5508409554795,223.52384313283048,1.536976262310067,0.7593964900976679,61177,276.4989483951482,0.7281712345379578,0.981496313974206,0.7943022160722645,0.8048268711150659,0.0057215561821214005,0.00148082521654628,0.6477462924688671,0.9955706755240028,BARBUNYA
2244,60045,956.5419999999999,356.4396421268227,216.69746911393386,1.6448721970971247,0.7939753372147004,61058,276.4989483951482,0.8071649415243984,0.9834092174653608,0.8246670177698787,0.7757244585515791,0.005936208545704434,0.0013259246735960808,0.6017484355951408,0.989799271357137,BARBUNYA
2245,60075,937.1,350.75123417832003,218.61233632969487,1.6044439214507231,0.782007593803005,60993,276.56801270205654,0.7717060387683533,0.9849490925188137,0.8596699927950503,0.7885018946546339,0.00583855570833658,0.0013921824540107529,0.6217352378739474,0.9975393231585743,BARBUNYA
2246,60110,949.622,345.9102404853525,222.2243717909307,1.5565810252836976,0.7663413272006141,61062,276.6485659352505,0.7275390034010724,0.9844092889194589,0.8376354656352835,0.7997698060256331,0.005754620537104517,0.0014523004442067186,0.6396317426302788,0.9956386337474377,BARBUNYA
2247,60131,966.0539999999999,337.64561747288604,227.58116210000372,1.4836272666738461,0.738709683876391,61175,276.69688661867895,0.7436065492679066,0.9829342051491622,0.8096652202825103,0.8194890509452519,0.0056151671762133685,0.0015621224543131917,0.6715623046191496,0.9963481464032978,BARBUNYA
2248,60155,959.281,352.88746576019366,217.492232179702,1.6225290541347792,0.7874944187143101,61020,276.75209992616806,0.6819676219844005,0.9858243198951163,0.8214665992312155,0.7842502972724915,0.005866303146208855,0.0013688726060508167,0.6150485287719913,0.9979341076354067,BARBUNYA
2249,60192,996.2089999999998,353.95621695804556,219.47366616865438,1.6127502817857344,0.7845553440925404,61801,276.83719886731063,0.6857142857142857,0.9739648225756865,0.7621627443876221,0.7821227191501037,0.00588045283356668,0.0013573446627395745,0.6117159478107522,0.9865450672046181,BARBUNYA
2250,60237,963.531,358.72415502358825,215.05368534353073,1.66806792662286,0.8003777743888953,61280,276.94066233800334,0.7793432696786213,0.9829797650130548,0.8153457553631452,0.7720156517472119,0.005955212826395542,0.0013049127381503337,0.5960081665426723,0.9941821066151278,BARBUNYA
2251,60276,973.071,332.8602516241931,231.65279097984808,1.4368929043170875,0.718094031703824,61313,277.03029942310764,0.7989925768822905,0.9830867842056333,0.7999543952066274,0.8322720963868081,0.00552226842564525,0.0016344009752238156,0.6926768424240923,0.9953024398639437,BARBUNYA
2252,60294,973.8180000000001,348.14590965435474,221.57462035127585,1.5712355011707462,0.7713247015259582,61644,277.07166060472855,0.7510837610244656,0.9781000583998443,0.7989661229024106,0.7958492486090388,0.005774138548684027,0.001428861733449752,0.6333760265115719,0.9951828984454455,BARBUNYA
2253,60321,941.694,357.5161264969943,215.13717857046095,1.6618054065439085,0.7986806068138298,61010,277.13369080277795,0.6916752665978673,0.9887067693820685,0.8547887348535209,0.7751641681682515,0.005926893229505384,0.001320023380812766,0.6008794876119775,0.9985447811949176,BARBUNYA
2254,60340,980.9639999999999,345.4561468352179,222.9906300836464,1.549195796727572,0.7637634814883754,61109,277.1773333613694,0.7876461988304093,0.987415928913908,0.7879688159252416,0.8023517193155708,0.005725159874630724,0.0014636139219601058,0.6437682814886528,0.9973231157487534,BARBUNYA
2255,60353,950.902,344.28402808281567,224.5974163006509,1.53289398317009,0.7579085300746875,61174,277.20719010047566,0.7856417599583442,0.9865792657011149,0.8387590227783773,0.8051700557941508,0.00570450562661037,0.001478932102695705,0.6482988187475561,0.9937733585544054,BARBUNYA
2256,60380,1011.9840000000002,330.56403143059947,233.08595075689104,1.4182065901319734,0.7090920840504471,61607,277.26918997809537,0.8137905008356245,0.9800834320775237,0.7408933222229342,0.8387760422032089,0.005474727251252061,0.001671576741183502,0.7035452489740791,0.9977725085510789,BARBUNYA
2257,60408,999.7369999999999,369.48753452537534,208.9364254114231,1.768420866767516,0.8247645790097836,61404,277.33347150742856,0.7424778761061946,0.9837795583349619,0.7595087651482153,0.7505895208715955,0.006116533150002903,0.001197553940073908,0.5633846288422514,0.9963011336607096,BARBUNYA
2258,60409,946.447,359.7523847368893,215.04997224637526,1.672878080285142,0.8016660179451903,61368,277.3357670007719,0.731414664858582,0.9843729631078086,0.8474594222702058,0.7709073762043465,0.005955277934362253,0.0012974499155401298,0.5942981826862697,0.9941884029691554,BARBUNYA
2259,60416,997.116,352.2230726365392,219.51921038343602,1.6045204974148197,0.7820313004538119,61537,277.35183492221495,0.7497083860720224,0.9817833173537871,0.763607986628165,0.7874323304436553,0.005829963463925768,0.0013826064043358146,0.6200496750279262,0.9948824129977054,BARBUNYA
2260,60444,1015.6890000000001,353.441573861264,218.53847986479087,1.6172967528644715,0.7859298156593806,61940,277.41609730145825,0.7448979591836735,0.9758475944462383,0.7362775573847655,0.784899451048597,0.0058474219750721985,0.0013689900751743477,0.6160671482563891,0.9963633984215331,BARBUNYA
2261,60566,994.857,350.53541135820177,220.66726327766125,1.5885247596383612,0.7769884135611841,61848,277.6959241084209,0.7078775128564749,0.9792717630319493,0.7689842344869342,0.7922050529287372,0.005787659930624472,0.0014061550158872898,0.6275888458858234,0.996940420562494,BARBUNYA
2262,60590,952.177,359.06467508379103,216.03277054872314,1.6620842947658678,0.7987566721055822,61579,277.75093882020184,0.7983398115817907,0.9839393299663847,0.8397991735378838,0.7735401394063232,0.005926137565337366,0.0013088289993463315,0.5983643472727539,0.9945319841498739,BARBUNYA
2263,60595,956.0819999999999,327.7434485213424,236.18992537631124,1.3876267076132178,0.6932939497680038,61552,277.76239884697713,0.7384951006678692,0.984452170522485,0.8330218059962889,0.8474994697838772,0.0054087539982068215,0.0017212134561160294,0.7182553512839529,0.996670308327727,BARBUNYA
2264,60621,934.49,324.545204422403,239.3762759621018,1.3557951936464463,0.6752657370736704,61608,277.8219833659502,0.733590686867709,0.9839793533307363,0.8723356946673424,0.8560347821512054,0.005353676191788373,0.0017733624465896994,0.7327955482526617,0.9935206822464713,BARBUNYA
2265,60673,957.3119999999999,328.3949053137162,235.9652894498346,1.3917085266201064,0.6954843318807228,61537,277.9411140830311,0.7631631908631229,0.9859596665420803,0.8319521101423472,0.8463624422477367,0.005412537789687607,0.0017131927846656403,0.7163293836475536,0.9969217110908257,BARBUNYA
2266,60730,951.837,340.0269705658803,228.2420069030681,1.489765075148003,0.7412339502716229,61724,278.07164104195596,0.7457481426904894,0.983896053399002,0.84234107679955,0.8177928961905083,0.005598995069420061,0.0015447677090245507,0.6687852210596597,0.9963328651098179,BARBUNYA
2267,60736,985.501,342.4453022344902,226.74177553187056,1.5102876451911549,0.749392947071149,61680,278.0853771578701,0.7893532959035142,0.9846952010376135,0.7858540791909299,0.8120577953423069,0.005638259059445637,0.0015124204743845605,0.659437862976208,0.9959408572242244,BARBUNYA
2268,60756,982.6500000000001,352.94219978009113,219.890305054564,1.6050830421673723,0.7822053289890903,61871,278.13115931144705,0.7601531416560319,0.9819786329621308,0.7906810320781383,0.7880359999023726,0.0058091743989086035,0.001381905702190856,0.6210007371421322,0.9967577523602742,BARBUNYA
2269,60813,944.0419999999999,359.5404963964963,215.8900137475743,1.665387343098152,0.7996541097435098,61634,278.26159712396435,0.7025206783420359,0.9866794301846383,0.8574793297291331,0.7739367328933687,0.005912230878208546,0.0013084375142061245,0.5989780665216616,0.9975304907785782,BARBUNYA
2270,60874,921.145,310.3337608079893,250.96937247247033,1.2365403704471183,0.5882104116142256,61578,278.4011207703882,0.8203821999407024,0.9885673454805287,0.9015414641757759,0.8971022683627434,0.005097968932680443,0.0020367830234940595,0.8047924799015798,0.9951583912305545,BARBUNYA
2271,60880,970.236,354.03759595416983,219.7636532671345,1.6109924943949587,0.7840201639262048,61670,278.41484063080526,0.6884230047266888,0.9871898816280201,0.8126990239313263,0.7863990825054807,0.005815335018958112,0.001371912757224065,0.6184235169654622,0.9962756441886929,BARBUNYA
2272,60918,939.729,347.63270340419575,223.8423141421599,1.553024970888292,0.7651057456160097,61747,278.50171738460904,0.8216617210682493,0.9865742465220982,0.8668625515561863,0.8011378522716044,0.005706567901181847,0.0014500526096485257,0.6418218583423589,0.9967653728676115,BARBUNYA
2273,60946,967.8489999999999,366.242809685172,212.22744875272832,1.7257089591266348,0.8149921569965162,61813,278.56571449736816,0.7183809142129706,0.9859738242764468,0.8175980745118492,0.7606039139357509,0.006009300195011519,0.0012406174516163691,0.5785183138943831,0.9983542373063716,BARBUNYA
2274,60993,958.3470000000001,356.74694827525457,218.00966359164744,1.6363813530003655,0.7915499330138495,61892,278.67310518245523,0.7282746268656717,0.9854746978607898,0.8345344777955069,0.7811506350082075,0.005848981822098512,0.0013433809794171643,0.6101963145737259,0.9985138708379901,BARBUNYA
2275,61013,943.385,336.5838734683019,231.25785232264712,1.4554484100228762,0.7265879416080239,61950,278.71879079625484,0.7848744468457343,0.9848748991121873,0.8614980733543708,0.8280812384866189,0.005516592750205725,0.0016000828394921317,0.6857185375335327,0.9980279551763922,BARBUNYA
2276,61055,977.9269999999999,346.61798865632124,226.66708058772682,1.5291942162821914,0.7565471293986356,62594,278.8147062186738,0.8052624637298865,0.9754129788797649,0.8022657017780235,0.8043861407756429,0.005677143373291642,0.0014661146793647983,0.6470370634719321,0.9894453351814918,BARBUNYA
2277,61076,957.031,333.49377039649266,234.1825071978911,1.4240763513334522,0.7119703375375439,61989,278.8626515585133,0.7441033138401559,0.9852715804416913,0.8379699390717759,0.836185489243088,0.005460307983438546,0.0016466731687446079,0.6992061724207026,0.9957229748507026,BARBUNYA
2278,61137,978.126,345.90999935459683,225.73626264827573,1.5323634550181522,0.7577140672874555,62582,279.0018746289595,0.7577526585855581,0.9769102936946726,0.8030163382834646,0.8065736033925722,0.005657948531242895,0.0014771165852645414,0.6505609776896785,0.9968958674725427,BARBUNYA
2279,61142,1024.175,361.25810137356734,216.15305845158892,1.6713069153933675,0.8012466828719368,62247,279.013283275541,0.7729709228824273,0.9822481404726332,0.7324890952862926,0.7723377890064833,0.005908509721199296,0.001296841367144547,0.5965056603274234,0.9969440351765098,BARBUNYA
2280,61152,982.982,334.02463924814595,233.81371917053426,1.4285929860451085,0.7141531965147324,62351,279.0360991693452,0.743941605839416,0.980770156052028,0.7952971000657081,0.8353757968197373,0.005462203022765338,0.001640873701249879,0.697852721912211,0.9969475038162723,BARBUNYA
2281,61153,988.0759999999999,330.52959099273284,236.10848074185924,1.3999056279308557,0.6998050636461431,62432,279.03838065611944,0.74649658203125,0.9795137109174782,0.7871308428592314,0.8442160346915943,0.005404961179218236,0.001693505956734488,0.7127007132303992,0.9977137394815708,BARBUNYA
2282,61206,1003.5089999999999,359.4550303111181,219.19631528873393,1.6398771568656614,0.7925539703889561,62918,279.1592727728391,0.7190892429155505,0.9727899806096825,0.7637677533949293,0.7766180724504513,0.005872872435890568,0.0013178327648669065,0.6031356304566544,0.9890683428776366,BARBUNYA
2283,61247,967.954,348.5079955140525,224.2208281539559,1.5543069677485883,0.7655523941777839,62253,279.25275718673663,0.793560507903602,0.9838401362183349,0.8214577801886869,0.8012807762841603,0.005690205161298553,0.0014469268721777554,0.6420508824425468,0.9979441602295802,BARBUNYA
2284,61254,961.2389999999999,347.3497103719354,224.9855621210032,1.5438755584908221,0.7618779606423037,62242,279.2687148128262,0.7867096492467346,0.984126474085023,0.8330701095121756,0.803998697778647,0.0056706453516821,0.0014616171524850763,0.64641390602976,0.9979826301879297,BARBUNYA
2285,61274,1025.5829999999999,350.36768220666687,223.70596497690156,1.566197317281386,0.7696308207916773,62720,279.31430300667085,0.7088206373995026,0.9769451530612245,0.7320562780684207,0.7972033871603356,0.005718048147773393,0.0014246366466306515,0.635533240499912,0.9953704563141079,BARBUNYA
2286,61301,984.7679999999999,333.13797657694204,234.9036252163349,1.4181900184390006,0.7090838908068912,62463,279.3758352682103,0.7880825351931606,0.9813969870163136,0.7943457342888158,0.8386189954650375,0.005434462350972122,0.001658040476515813,0.7032818195547887,0.9973872566422196,BARBUNYA
2287,61302,957.18,335.877801110831,232.86076568432745,1.4423975637276583,0.7206585809709566,62348,279.3781139805961,0.740809667673716,0.9832231988195291,0.8408088546175694,0.8317849916148776,0.0054790675852473165,0.0016178220107577685,0.6918662722757621,0.9979462255558958,BARBUNYA
2288,61320,971.046,339.15160043592863,230.9590195652203,1.4684492559519025,0.7322922452477771,62409,279.4191276257948,0.770739064856712,0.9825505936643754,0.8172076114137486,0.8238767774253263,0.005530848017546129,0.0015718841461909148,0.6787729443807407,0.9967436251361805,BARBUNYA
2289,61333,952.52,355.96431095488543,220.26209832564348,1.6160942516247843,0.7855676416543768,62227,279.44874484821315,0.6868120177825556,0.9856332460186092,0.8494852949880015,0.7850470854748981,0.005803797481859447,0.0013597993675541452,0.616298926412632,0.9959971522579805,BARBUNYA
2290,61348,949.0609999999999,356.93935562443517,219.2460921673,1.6280306394335442,0.7891200063532787,62159,279.4829146663759,0.7399884203416,0.9869528145562187,0.8558980137759908,0.7829983168357667,0.005818272080987729,0.001349016007436091,0.6130863641676438,0.9981233854838358,BARBUNYA
2291,61377,993.9649999999999,352.8614992496351,222.87569115116656,1.5832211105082115,0.775275101005558,62512,279.5489644717184,0.7691931724189789,0.9818434860506783,0.780680509607998,0.7922342479023163,0.005749083520693991,0.0013969885030236423,0.6276351035493488,0.9936851456353364,BARBUNYA
2292,61387,960.4549999999999,318.9882421910172,245.26035717240444,1.3006106892635165,0.6394056320730452,62237,279.57173664849853,0.8037893468810559,0.9863425293635618,0.8362424895200959,0.8764327322167718,0.005196348448222216,0.0018912649917803193,0.7681343341009559,0.9990437257220164,BARBUNYA
2293,61387,946.924,324.62449613130724,241.21964691741155,1.3457630847227453,0.6692105434824857,62475,279.57173664849853,0.7672607739226077,0.9825850340136054,0.8603120895284492,0.861215773856495,0.005288163554682705,0.001794454885461869,0.7416926091392417,0.9981425335912875,BARBUNYA
2294,61442,992.0859999999999,337.90859876851067,232.44021506947433,1.4537441323030644,0.7258254184896175,62709,279.6969504796537,0.7091643582640813,0.9797955636352039,0.7844704084353705,0.8277296035051901,0.005499635408491108,0.001592456631538632,0.6851362965188593,0.9960128708921443,BARBUNYA
2295,61484,971.2949999999998,386.0691043001248,203.3579528051858,1.8984706473219362,0.8500265938950553,62193,279.7925305802439,0.8073640255272212,0.988600003215796,0.8189731651948858,0.7247213710287914,0.006279180019194015,0.001068481408446288,0.5252210656258512,0.997116776445827,BARBUNYA
2296,61497,963.843,354.07707520651206,222.48667282557577,1.5914529652933416,0.7779254224969513,62605,279.8221082805615,0.6849743818222321,0.9823017330884115,0.8318618334914111,0.7902858667632123,0.0057576316764478275,0.001385353169384125,0.624551751205682,0.9939447364354319,BARBUNYA
2297,61543,991.2,354.68384920123924,221.9501538936996,1.5980338061450992,0.7800084434323611,62634,279.9267427410895,0.8282595822566753,0.9825813455950442,0.787165297881554,0.7892288960196372,0.005763187514440948,0.0013792863038729535,0.6228822503123753,0.9953868932469094,BARBUNYA
2298,61557,954.856,342.8196421714064,229.13965698521756,1.4961165896897657,0.7438046165541071,62493,279.95858024940475,0.7220762463343109,0.98502232250012,0.8484212692647052,0.8166351801669178,0.0055691414814140775,0.001527848718931932,0.6668930174862544,0.9977497070094523,BARBUNYA
2299,61559,972.702,363.41181020472334,216.01488302521722,1.682346165760714,0.8041636297763481,62400,279.9631281693214,0.7745608737228848,0.9865224358974359,0.817601731676166,0.770374325511347,0.005903471632169518,0.0012826094795925498,0.5934766014070629,0.9984330848458718,BARBUNYA
2300,61570,1001.035,372.79203419386914,211.14716809739878,1.7655554538240654,0.8241346048102062,62673,279.9881404083822,0.7443541757338362,0.9824007148213745,0.772112339078162,0.7510571973830733,0.006054767487313126,0.0011884181672676339,0.564086913740917,0.9959267269860611,BARBUNYA
2301,61576,938.4719999999999,339.9676897941285,231.3110074966379,1.469742808495916,0.732849154125463,62280,280.001782506134,0.7837486953644069,0.9886962106615286,0.8785747108703457,0.8236129223800428,0.00552110708383345,0.001567106605994465,0.6783382459113945,0.9969827586560062,BARBUNYA
2302,61608,1002.5299999999999,357.7891597917832,219.6483306591657,1.6289181835257123,0.7893804012585813,62728,280.07452913830616,0.8001038961038961,0.9821451345491646,0.7702863811944985,0.7827921038784311,0.005807511358781055,0.0013451031060174763,0.6127634778944204,0.9981415713426774,BARBUNYA
2303,61645,952.199,335.13913619342435,235.84396955994222,1.421020587546739,0.7104778417789365,62499,280.1586188843725,0.795522002839076,0.986335781372502,0.8543823712847177,0.8359471891778105,0.005436598851381691,0.0016376550134135223,0.6988077030942824,0.9930201328332243,BARBUNYA
2304,61669,972.7949999999998,355.49390385055034,221.4226451146345,1.6054993095512193,0.78233396260093,62489,280.21315009162714,0.7237211158183803,0.9868776904735234,0.8189061085234107,0.7882361611731851,0.005764547890359019,0.0013726835623335272,0.6213162457810393,0.9975228036144144,BARBUNYA
2305,61701,973.472,327.56459308251146,240.32641859136325,1.362998687378947,0.6794990124786098,62812,280.28584186452275,0.7280869442084396,0.9823122970133096,0.8181918289007515,0.8556658679954475,0.005308902498865682,0.0017555020720720414,0.7321640776524029,0.9979386767862425,BARBUNYA
2306,61731,969.593,363.2265517743293,218.00804317019416,1.666115371214842,0.7998510624772484,63023,280.3539732838583,0.7737556561085973,0.9794995477841423,0.8251525259227692,0.7718432804935491,0.0058840218330227815,0.0012881621934372747,0.5957420496430436,0.9925749861893103,BARBUNYA
2307,61786,966.634,327.7161335653199,241.10305745810237,1.3592367389296534,0.6772999278576416,62957,280.478837902268,0.734219032227398,0.9814000031767715,0.8309517571947075,0.8558591084633415,0.005304051622783801,0.0017554829388268182,0.7324948135396658,0.99563386163854,BARBUNYA
2308,61787,943.911,361.5859403560702,218.77609385768193,1.652767146447403,0.7961905854500976,62403,280.4811076535307,0.7081766917293233,0.9901286797109113,0.8714548245651595,0.7756969404765246,0.005852136215645203,0.0013069606228534646,0.6017057434646409,0.9944794846270676,BARBUNYA
2309,61788,975.2059999999999,337.790499937006,233.23933614548707,1.4482569943789556,0.7233465338602348,62654,280.48337738642596,0.7601870078740157,0.9861780572668943,0.8164343575988101,0.8303471454606711,0.005466927234042306,0.0016031045402692525,0.6894763819746849,0.9985389926539339,BARBUNYA
2310,61843,954.292,347.1065222338001,227.56693069573436,1.5252942120043562,0.7550986210520793,62526,280.6081844227938,0.7759083609354612,0.9890765441576305,0.8533709345544973,0.8084209499059337,0.005612705111876851,0.0014787754303260737,0.6535444322468125,0.9968475397937362,BARBUNYA
2311,61846,1001.0690000000001,345.73414615376913,228.9225197629733,1.5102670829927205,0.7493849819550067,63198,280.61499048285157,0.7728045184185535,0.9786069179404412,0.7755208072947278,0.8116496261785057,0.005590242637418251,0.0014965278139276496,0.658775115675708,0.9949263722997437,BARBUNYA
2312,61883,988.7079999999999,349.8545320386321,227.07372831041215,1.5407089787171562,0.7607441796824509,63151,280.69891832147493,0.680736145028931,0.9799211413912685,0.7955090544398209,0.8023303762447166,0.00565348370374145,0.0014451364228718307,0.6437340326449886,0.9918068040019369,BARBUNYA
2313,61884,977.8739999999999,332.1090455102429,237.93804122453543,1.3957795222700053,0.6976430334549002,62975,280.7011862931662,0.7245691270138629,0.9826756649464073,0.8132469500568936,0.8452078920702232,0.005366638315400473,0.0016894146818759383,0.7143763808177902,0.9971119235388304,BARBUNYA
2314,61955,941.725,356.2676132264638,221.85024918327304,1.605892328442449,0.7824553008566625,62655,280.8621654727938,0.7468957203134419,0.988827707285931,0.8778858029591258,0.7883460495587117,0.005750425522176803,0.001370084422279822,0.6214894938548269,0.9980452103890468,BARBUNYA
2315,61959,933.915,338.52762557760025,234.38429845317353,1.4443272344253597,0.7215485190595043,62621,280.87123197694336,0.8223045070871158,0.9894284664888775,0.8926877231337784,0.8296848196590078,0.0054637361090011174,0.0015970630226742803,0.6883768999726003,0.9942415041797283,BARBUNYA
2316,61974,991.559,362.9654923284659,218.77509766429904,1.6590804721541976,0.797934992228303,63233,280.90522876126204,0.7949053409265815,0.9800895102240919,0.7921041163471767,0.7739171758704175,0.005856738185827378,0.001296025402388609,0.5989477951072428,0.9937025907022401,BARBUNYA
2317,61978,1036.289,354.0364831859203,223.58340243498452,1.58346495907213,0.7753543360180988,63295,280.91429387554473,0.7744539411206078,0.979192669247176,0.7252465060464649,0.7934614290246018,0.005712292800444033,0.0013966690312972392,0.6295810393497633,0.9969195147065617,BARBUNYA
2318,61988,969.081,359.16728216337253,220.61765975269188,1.6280078510758935,0.7891133137788305,62965,280.93695538152906,0.701864830897089,0.9844834431827205,0.8294635971720112,0.782189718644085,0.00579414212691767,0.0013378804861044367,0.6118207559525131,0.9960489941418793,BARBUNYA
2319,62005,960.799,350.4905656865589,226.18356318869004,1.5495845973306546,0.7639003320979454,62953,280.97547574709034,0.7987144310906725,0.984941146569663,0.8440564463797731,0.801663449048054,0.005652617783832899,0.0014401167933157555,0.642664285539622,0.9958626781267079,BARBUNYA
2320,62033,990.706,348.3721294035711,227.46520594502482,1.53154029846555,0.7574118436671357,63197,281.038909545558,0.7108658782544921,0.9815814041805782,0.7942241020945027,0.8067204171203631,0.0056159161962757095,0.0014672110033566359,0.6507978313988529,0.9967231049413318,BARBUNYA
2321,62075,991.5840000000002,336.6106270957687,237.77258936240705,1.4156830608540631,0.707840006648698,63581,281.1340334065501,0.7159663671699288,0.9763136786146804,0.7933550149105406,0.8351906053357162,0.005422644012819471,0.0016275459528416897,0.6975433472410403,0.9875003009005845,BARBUNYA
2322,62145,1051.6899999999998,328.9746105184567,241.2600002760924,1.363568806026634,0.679830076433074,63727,281.2925016909741,0.7679332715477294,0.9751753573838404,0.7060583077749885,0.8550583926451447,0.00529366176713262,0.0017454967643096228,0.7311248548328987,0.9969390453608918,BARBUNYA
2323,62169,1006.8570000000001,350.4064815010338,226.2702692183543,1.5486191920463317,0.7635602922817853,63136,281.34681312686007,0.7460757488479263,0.9846838570704511,0.7706339862222643,0.8029155508815268,0.005636353833920986,0.001444965538095119,0.6446733818473858,0.9983535717302748,BARBUNYA
2324,62185,981.28,347.5787654837853,230.0615340840176,1.510807823079415,0.7495943105039167,63550,281.3830149269072,0.7585664271685961,0.9785208497246263,0.8115393971140122,0.8095517991015877,0.0055894309798791555,0.0014809006697501371,0.6553741154286175,0.9901443406333069,BARBUNYA
2325,62209,977.9780000000001,344.174160971056,231.39784145116658,1.4873697991849648,0.7402535970835045,63383,281.4373088956575,0.7798741349914753,0.9814776832904722,0.8173440654552505,0.8177177162329904,0.005532546110226109,0.0015258731572360556,0.6686622634412974,0.9945480564972465,BARBUNYA
2326,62215,998.572,354.26707504206814,224.3706120294257,1.5789370623796615,0.7738757346016121,63401,281.4508807513278,0.7651392168437623,0.9812936704468384,0.7840544083313457,0.7944596057025801,0.005694238930194779,0.0013992738903666094,0.631166065093099,0.996571492691828,BARBUNYA
2327,62218,969.4590000000001,346.4144781152973,229.75468792597815,1.5077580407277886,0.7484099751569753,63385,281.4576664337505,0.7944278454505989,0.9815887039520391,0.8318921325049707,0.812488173026281,0.005567753352973373,0.0014966765095974347,0.6601370313075838,0.9953269169361814,BARBUNYA
2328,62298,992.5829999999999,327.68509355957707,242.65803304817652,1.3503987048906787,0.6720320769107003,63353,281.63855765486227,0.8011574074074074,0.983347276372074,0.7946031875957889,0.859479308611446,0.005259961693145479,0.001770533087665108,0.738704681931209,0.9975458457765853,BARBUNYA
2329,62353,974.133,336.41451501000483,236.40062162173336,1.4230695025341538,0.7114799799646622,63337,281.7628530038543,0.7674215384615385,0.9844640573440485,0.8257160110554485,0.8375466587566079,0.005395322037592495,0.0016376955785911158,0.7014844055943579,0.9982610641046296,BARBUNYA
2330,62363,950.295,360.5063423568373,220.63437689386836,1.633953636020426,0.7908481125024487,63010,281.785446267757,0.6905283904685977,0.9897317886049833,0.8678006568806066,0.7816379718192015,0.005780772931976289,0.0013310313054426778,0.6109579189896347,0.9982769131885866,BARBUNYA
2331,62391,965.2759999999998,342.42269544827633,232.14084164328335,1.4750644178953067,0.7351204731224686,63399,281.848697771644,0.7389321837174598,0.9841006955945677,0.8414509284239198,0.8231016854845647,0.005488334783034033,0.001553940271143499,0.6774963846475314,0.9993508102462855,BARBUNYA
2332,62406,972.588,370.7602672621613,215.10789001356198,1.7236014320013358,0.8144879050320565,63240,281.88257666755953,0.7469836253950014,0.9868121442125237,0.8290455587279892,0.7602825910907084,0.005941099690128533,0.0012244661596745308,0.5780296183156014,0.9962926778679558,BARBUNYA
2333,62417,971.9419999999999,325.2218476376426,245.47716353125887,1.324855815340351,0.6559560141407658,63584,281.907418603581,0.7375280633345149,0.9816463261197785,0.8302942992114296,0.8668157463937604,0.005210469065120762,0.0018145283277203755,0.751369538196172,0.9954563021487923,BARBUNYA
2334,62434,947.305,361.6383841989758,220.69043033703056,1.6386681726375474,0.792207606007139,63123,281.9458063812887,0.7868773946360154,0.9890848026868178,0.8742816534224315,0.7796346259144888,0.005792330848559692,0.0013200719400015095,0.6078301499248251,0.9960319210513194,BARBUNYA
2335,62441,971.6059999999999,334.6205025038225,239.7088797409221,1.3959453770151573,0.6977304391165232,63560,281.96161159421735,0.7159351495138506,0.9823945877910636,0.8311881397439862,0.8426310088127263,0.005358986923717148,0.0016665264410031621,0.710027017012753,0.9911589319548149,BARBUNYA
2336,62499,1002.9960000000001,353.6828433774346,225.35230704525884,1.569466263801783,0.7707321503274073,63749,282.0925350065168,0.7237450060795553,0.9803918492839103,0.7807006312629488,0.7975861433162033,0.005659016038295567,0.0014126386632614387,0.6361436560100152,0.9984060070392453,BARBUNYA
2337,62504,989.061,347.19417043014727,230.94932506449518,1.5033348563941002,0.7466760983541281,63945,282.103818662787,0.7653613498885705,0.9774650089921025,0.8029186034645904,0.8125246409330023,0.0055547512228040965,0.001493449485839711,0.6601962921233043,0.992496098011105,BARBUNYA
2338,62524,977.204,359.21872890650496,224.13671882978204,1.6026768428751264,0.7814593907470689,63879,282.1489487753256,0.7153857595624664,0.9787880211023967,0.8227845848068862,0.7854516651573628,0.005745293469811672,0.001348869202904481,0.6169343182984739,0.9887463455119165,BARBUNYA
2339,62599,989.399,363.73637490812763,221.0639331726245,1.6453899543354864,0.7941217832504229,63931,282.3181224450114,0.7806140263367917,0.9791650373058454,0.8035896331216335,0.7761613682885556,0.0058105780429100725,0.0013007900101931285,0.6024264696235629,0.9912264613444024,BARBUNYA
2340,62608,1002.965,365.92640145084846,218.60335929470165,1.6739285371984562,0.8019455986923179,64037,282.3384164735275,0.6916941025697683,0.9776847759888815,0.7821105402106162,0.7715715929599342,0.0058447227423148555,0.00127775796299038,0.5953227230627303,0.9965276949773977,BARBUNYA
2341,62626,993.13,363.84320087281816,219.83783718672981,1.6550526766862725,0.7968248374596867,63602,282.37900015508285,0.7684831826046409,0.984654570610987,0.7979071110586737,0.7761008024272213,0.005809778700105677,0.0013002051520865656,0.6023324555281769,0.9968919427769245,BARBUNYA
2342,62650,963.789,349.1235041048735,229.69873099133068,1.5199191680255744,0.7530793299316637,63464,282.43310265912163,0.7460109549892832,0.9871738308332283,0.8475532798057174,0.8089776235010556,0.00557260182130684,0.0014722576230192731,0.6544447953254159,0.9947031888296732,BARBUNYA
2343,62683,1007.3470000000001,343.39230728137954,233.9888426009024,1.4675584675935964,0.7319076334095418,64225,282.5074766844839,0.7016465742077751,0.9759906578435189,0.7762496954710756,0.8226959972431591,0.005478236639621261,0.0015480254207511375,0.6768287038799161,0.9932856954893698,BARBUNYA
2344,62701,951.7339999999999,354.88829891235724,226.0346212698494,1.5700616875353668,0.7709318435677897,63308,282.5480360831401,0.7053615623453179,0.9904119542553864,0.869867615032441,0.7961604734477814,0.005660010189827231,0.0014028118510748433,0.6338714994805954,0.995217356155077,BARBUNYA
2345,62713,1018.3459999999998,393.4393745888233,203.98449172910586,1.928771012216537,0.855098932922744,63714,282.5750724479713,0.7201437692343026,0.9842891672159965,0.7599354721678652,0.7182175722582054,0.006273649396278655,0.0010297317732703135,0.5158364811004706,0.9949304517903712,BARBUNYA
2346,62738,1066.4759999999999,358.63331648603065,223.2364286885597,1.6065178904396695,0.7826482106656586,64416,282.6313899013955,0.6985091909104068,0.9739505712866369,0.6931677693564111,0.7880790124874091,0.005716365145303176,0.0013601248415094737,0.6210685299231299,0.9977577045105734,BARBUNYA
2347,62761,1026.847,356.4494250412492,225.82379836664938,1.578440481558613,0.7737126267212658,64077,282.6831920491976,0.7115759637188208,0.9794622095291602,0.7479769963329197,0.7930527367703982,0.0056794733200753525,0.0013857857756134385,0.6289326432990187,0.9927327443568345,BARBUNYA
2348,62766,996.0259999999998,346.5206833108835,231.42794597261639,1.497315641179676,0.7442852572084668,63965,282.69445212958675,0.7020805369127516,0.9812553740326742,0.7950472979808381,0.8158083073960852,0.0055208342623535595,0.0015084710025444691,0.6655431944164656,0.9965282348804598,BARBUNYA
2349,62787,942.1869999999999,359.4618419814202,223.1302894791032,1.6109952746468554,0.7840210120807682,63429,282.7417395703837,0.8113063703320843,0.9898784467672516,0.8888027330046829,0.7865695507814094,0.005725099813359775,0.001351796589574178,0.6186916582164682,0.9967093378501576,BARBUNYA
2350,62792,983.7510000000001,373.5219751367984,215.3814718992871,1.7342344810024242,0.81701014446227,63919,282.75299731923326,0.7110084471318251,0.9823683098922074,0.8153494947699557,0.7569915992644825,0.005948559930194904,0.0012049134265073964,0.5730362813569988,0.9937792779947139,BARBUNYA
2351,62821,998.2560000000001,348.3495133616555,230.7214201478189,1.509827362966449,0.7492145507637755,64071,282.81828342560823,0.7793685255257118,0.9804903934697445,0.792192727114133,0.8118808052761282,0.005545112515904801,0.0014861382797252557,0.6591504419758142,0.9952033736065129,BARBUNYA
2352,62831,1046.743,356.0906095121082,225.78747323584554,1.5771052503880716,0.7732731186523273,64195,282.84079238196,0.7482731516768293,0.9787522392709712,0.7206156759941016,0.7942944431179743,0.0056674350163471564,0.0013915294716239212,0.6309036623680928,0.9950014784097825,BARBUNYA
2353,62835,997.065,347.04290699440656,231.0540487168775,1.5019988133584112,0.7461485603998713,63990,282.84979546295233,0.7839479988022757,0.9819503047351149,0.7942633816400065,0.8150283142583034,0.005523082788165936,0.0015033223070773647,0.6642711530427315,0.9977344836184064,BARBUNYA
2354,62838,982.2079999999999,350.09768014910594,229.61650066185794,1.5247061040472574,0.7548789833398756,63926,282.8565475856413,0.7076351351351351,0.9829803209961518,0.8185124388686299,0.8079360807680108,0.005571432575019987,0.0014643829203044851,0.6527607106067738,0.9952682399443734,BARBUNYA
2355,62839,952.704,360.6232376107519,222.52985680287756,1.62056113634316,0.7869080991321159,63383,282.8587982573865,0.7987060857186435,0.9914172569932,0.8700078113474834,0.7843609860845893,0.005738844310233325,0.0013398868996663499,0.6152221564915893,0.9970051170274994,BARBUNYA
2356,62879,961.969,342.90495927923996,233.90209875381314,1.46601916402706,0.7312408829407828,63902,282.94881044705295,0.7293616823839185,0.9839911113893149,0.8538731089589743,0.8251522842999697,0.005453409871010034,0.0015594962248020137,0.6808762922854581,0.9981776928221714,BARBUNYA
2357,62930,996.486,354.61949904392674,226.45259091805036,1.5659767795381858,0.7695562147780075,64015,283.06353447624406,0.7717211355693175,0.9830508474576272,0.7963888899138323,0.7982176254813923,0.005635142206323323,0.0014111393286191049,0.6371513776291521,0.9977642624180182,BARBUNYA
2358,62934,992.2800000000001,368.3417167755763,218.1674481073798,1.6883440676919053,0.8057202082673169,64268,283.0725304729562,0.6788923528333027,0.9792431692288541,0.8032055928291586,0.7685052156213601,0.005852825448494872,0.0012593098838285144,0.5906002664372333,0.9971364562165614,BARBUNYA
2359,62955,1025.614,349.4229476037787,230.06950459113645,1.5187712436063567,0.7526445908488327,64331,283.1197547660745,0.7343489367658552,0.9786106231832242,0.7520941511789707,0.8102494604536179,0.005550360536951453,0.0014756248471479768,0.6565041881653789,0.9970796822927144,BARBUNYA
2360,62958,978.8299999999999,336.8551999870999,243.3110500714375,1.384463220590258,0.6915781936872515,64609,283.1265004506579,0.7772592592592592,0.9744462845733567,0.8257455544368701,0.8404991238416399,0.005350474919582895,0.0016471045071295661,0.7064387771785643,0.978038504602479,BARBUNYA
2361,62987,1008.734,368.7900641525405,218.03305561838542,1.691441066615234,0.8065163048130211,64219,283.1917004508319,0.7404137768896203,0.9808156464597705,0.7778708006130497,0.7678940621721765,0.005855018720569967,0.0012557792082108243,0.5896612907192864,0.9973773225159455,BARBUNYA
2362,63015,970.092,351.9240146652637,228.27618471324345,1.541658912458803,0.7610852107904174,63991,283.254637934644,0.7096683371811476,0.9847478551671329,0.8414493094580341,0.8048744221222432,0.005584765764742739,0.0014457634145925635,0.6478228353866152,0.9987218478681074,BARBUNYA
2363,63048,967.121,358.5487664221666,224.36813984513554,1.5980377903460172,0.7800096950799503,63896,283.32879630645124,0.7517527543282301,0.9867284337047703,0.8470704881983778,0.790209931925553,0.0056869173712436015,0.0013678126518710788,0.624431736513787,0.9978655124404187,BARBUNYA
2364,63052,960.073,345.34421819054654,233.13294544039732,1.4813188137703048,0.7377499085908477,63868,283.3377838810798,0.813469229776803,0.9872236487755996,0.8596075442733513,0.820450347672379,0.005477133448432192,0.0015308840518382491,0.6731387729957274,0.9971331287168295,BARBUNYA
2365,63081,950.0,358.4980058188704,225.01589733408412,1.593211902208863,0.7784852511210806,63792,283.4029352731527,0.6842944545691226,0.988854401805869,0.8783370911073585,0.7905286240736883,0.005683137645548904,0.001369109981866141,0.6249355054798389,0.9956546854433915,BARBUNYA
2366,63127,989.8559999999999,351.10020348259917,229.1462507266796,1.5322101163303932,0.7576578147203045,64252,283.5062481507182,0.7185280458932799,0.982490817406462,0.8096195283178197,0.80747958941234,0.005561807205832673,0.0014585519668516168,0.6520232873175212,0.9990366769109045,BARBUNYA
2367,63164,965.8989999999999,351.86993659436706,229.20601129111742,1.53516888415048,0.7587395384070176,63999,283.5893203272151,0.7145572197837006,0.9869529211393928,0.8507776178310197,0.8059492750985847,0.0055707354916466195,0.0014498502127614967,0.6495542340319342,0.9971754486540242,BARBUNYA
2368,63211,999.8859999999999,341.43709082098405,236.13357570118515,1.4459489287243719,0.7222928254518411,64474,283.69480936783873,0.7254625166414176,0.9804107081924497,0.7945139917688774,0.8308845670096818,0.005401545471848002,0.00158803682379213,0.6903691636948666,0.9982385526689328,BARBUNYA
2369,63223,1029.742,345.59293352608427,234.5236670302352,1.4735951296613907,0.7344965240585277,64555,283.7217364545607,0.7337859795728876,0.9793664317248858,0.7492523443438296,0.820970884907131,0.005466253318034327,0.0015317240754986463,0.6739931938651977,0.9931930879046809,BARBUNYA
2370,63253,1006.449,352.1086290797359,230.07623321108946,1.5303998338528284,0.7569921135848646,64388,283.7890429934412,0.7839207812809835,0.9823724917686525,0.7847068557989315,0.8059701454495637,0.005566670815293123,0.0014489424062206471,0.649587875355991,0.9941291765176204,BARBUNYA
2371,63278,1028.0369999999998,358.98107188166136,226.09999546032228,1.5877093281262717,0.7767263547722381,64508,283.84511958416977,0.7677319162359564,0.9809325975072859,0.7523936420462983,0.7906966183379711,0.00567307866686149,0.0013678488013425746,0.6252011422511031,0.9926376855072764,BARBUNYA
2372,63317,979.067,371.67580831835573,217.43554448883032,1.7093608553841975,0.8110232064079095,64040,283.93257695093087,0.7191844616083598,0.9887101811367895,0.8300521297029118,0.763925363438588,0.005870079257045592,0.0012331827631189385,0.583581960904779,0.9975521598789802,BARBUNYA
2373,63320,993.072,341.4139113302988,236.59768486309034,1.443014590476071,0.7209436532557155,64491,283.93930332490163,0.7397628366142882,0.9818424276255602,0.8068434844059718,0.8316570997899564,0.005391881101236557,0.001591099235920826,0.6916535316310416,0.9980661376978957,BARBUNYA
2374,63357,972.487,330.44974120973876,245.53704540471293,1.345824377193536,0.6692481182809209,64428,284.0222488393923,0.7649040202825064,0.9833767926988266,0.8418541555014863,0.859502107036366,0.005215678476091652,0.0017558133898541034,0.7387438719999528,0.9942195114398777,BARBUNYA
2375,63406,951.1769999999999,358.4486262520513,225.98684368502774,1.5861482040593655,0.7762232737232573,64085,284.1320583346373,0.7811699191799724,0.989404696886947,0.8806787957377,0.7926716341628364,0.005653228815128715,0.0013767325973302786,0.6283283196063815,0.9966218357033011,BARBUNYA
2376,63512,1022.604,358.4412686436695,226.36413033743472,1.5834720284938744,0.775356632456224,64721,284.36946032445127,0.6967472985574023,0.9813198189150353,0.763221645231357,0.7933502227589373,0.00564367786628778,0.0013791190948992038,0.6294045759516553,0.9966445406254943,BARBUNYA
2377,63530,977.519,346.37060519561595,234.55151309707037,1.4767357525093803,0.7358273203343032,64529,284.40975418755403,0.6915055729710902,0.9845185885415859,0.8354843212836278,0.8211140030977254,0.005452079414380859,0.0015288179390090502,0.6742282060831712,0.9956568972732813,BARBUNYA
2378,63550,990.7339999999999,347.8183919274543,233.0616803846277,1.4923877290914604,0.742300483362994,64683,284.4545184522819,0.7256554307116105,0.9824838056367207,0.8136006449555858,0.8178248334596739,0.00547314542765467,0.0015102815822620327,0.6688374582233435,0.9981648154092402,BARBUNYA
2379,63557,1023.8449999999999,372.08304525005735,218.35507239623735,1.704027486821364,0.8096992980172731,64632,284.4701842807656,0.7141155717351491,0.9833673721995296,0.7619120218125285,0.7645341219178321,0.005854320456441578,0.0012337971047608161,0.5845124235766707,0.9960252361632188,BARBUNYA
2380,63608,972.4630000000001,322.7578654684382,251.5858028049892,1.2828937955557704,0.626417468942593,64527,284.5842950015236,0.7807919868411362,0.9857578997938847,0.8452310285361639,0.8817269087725843,0.0050741709449823634,0.0018918262035101463,0.7774423416536573,0.9973759565098262,BARBUNYA
2381,63653,1016.303,355.13717060533173,228.64441465430565,1.5532291534095608,0.7651769744649645,64755,284.6849429475105,0.7166677925645702,0.9829820091112655,0.7744302808508122,0.8016196740607711,0.005579268386491316,0.0014211191313371647,0.642594101841297,0.9980958927889348,BARBUNYA
2382,63685,1062.512,369.6487794557639,221.3831020352487,1.669724455287957,0.8008229131644192,65204,284.75649317699293,0.8092327632214288,0.9767038831973499,0.7088907832323643,0.7703433881108485,0.005804330367523968,0.0012608671312756507,0.5934289356061014,0.9908628062570098,BARBUNYA
2383,63703,1010.6109999999999,360.8357261852719,225.51982665739047,1.6000177524677386,0.7806303017772727,64811,284.7967322815767,0.7236345874227553,0.982904136643471,0.7837935897613573,0.7892697746213388,0.005664344319502565,0.0013559113445482187,0.6229467771308191,0.9967259022518745,BARBUNYA
2384,63731,1034.1150000000002,361.47020961871937,225.24988180828618,1.604752050109276,0.7821029603201708,65415,284.85931514612025,0.7097467536806468,0.9742566689597187,0.7488984326836136,0.7880575150206467,0.005671811357404079,0.001349376679365007,0.6210346469805168,0.996606622930875,BARBUNYA
2385,63732,1018.8909999999998,341.2361727717172,238.5801588544799,1.430278923486892,0.7149610092803278,65059,284.86154999413554,0.7671067993885485,0.979603129467099,0.7714574179137926,0.8347929461297307,0.005354236063072196,0.0016039556672786596,0.6968792629079554,0.9967317219523293,BARBUNYA
2386,63733,1048.882,358.4090779455126,227.7786694178216,1.573497109547477,0.7720785902383327,65287,284.86378482461777,0.6904834131438106,0.9761974053027402,0.7279825359092222,0.7948006966160729,0.005623602810875254,0.001384290882276599,0.6317081473413947,0.9939909439192763,BARBUNYA
2387,63766,1027.779,339.7887826401129,240.03857749582585,1.4155590579852593,0.7077782513068142,65051,284.9375243971604,0.7644703399990409,0.9802462683125548,0.7585768053264189,0.8385724866584304,0.0053286827249649175,0.0016254067624088954,0.7032038153805036,0.995426530471666,BARBUNYA
2388,63776,1014.158,362.7734171480619,224.69725539654974,1.6144986573504554,0.7850855654977995,64824,284.9598659548915,0.6898506203420264,0.9838331482167099,0.7792124794004361,0.7855037124690653,0.005688243495171568,0.0013358291289282404,0.6170160823026839,0.9961716364413213,BARBUNYA
2389,63780,1001.8199999999998,362.6544311113011,224.48143573031717,1.615520811025903,0.7853945867814142,64748,284.968802087542,0.7936389428102135,0.9850497312658306,0.7985736644498249,0.7857860752295154,0.005686021183933853,0.0013372282722907828,0.6174597560246058,0.9975190858287273,BARBUNYA
2390,63888,1027.994,370.11411185353995,221.09878921307399,1.6739762038988788,0.801958270467549,65071,285.20997183485724,0.8088317212741176,0.9818198583086167,0.7597102696186878,0.7706001006190204,0.0057931710470438885,0.0012601213209187014,0.5938245150740444,0.9940481075257414,BARBUNYA
2391,63888,1043.617,367.8371757025285,221.70714185650976,1.6591128847829133,0.7979438868860463,65079,285.20997183485724,0.7796258557360245,0.9816991656294657,0.7371347191615621,0.7753701655906248,0.0057575315505654975,0.0012836671715884779,0.6011988936880328,0.9974568308350482,BARBUNYA
2392,63905,1030.26,356.70670449147445,228.9156536898769,1.558245138511682,0.7669159549904969,65322,285.2479151655636,0.7136714911105155,0.9783074614984232,0.7565733266966607,0.7996707423041476,0.005581827783295117,0.001407994708180512,0.6394732960972666,0.9964561548516069,BARBUNYA
2393,63911,1007.098,364.06681649204324,224.30469313056307,1.623090499850253,0.7876612246395555,65289,285.26130572436387,0.7066674038036267,0.9788938412289973,0.7918483387282925,0.7835410776323755,0.005696465655239994,0.0013244401088279177,0.6139366203373043,0.9964746959796503,BARBUNYA
2394,63958,1016.1029999999998,381.8207997492616,213.89627832206983,1.785074535866131,0.8283569149658797,65090,285.36617669613815,0.7580207407407408,0.9826086956521739,0.7784473982887613,0.7473824812151031,0.005969867721774627,0.0011489896742405525,0.5585805732272439,0.9971079574974597,BARBUNYA
2395,63966,995.0799999999998,376.33558800778565,218.15661575237118,1.7250707099112816,0.8148396759675235,65115,285.3840232362867,0.7932291666666667,0.9823542962451048,0.8117888141647288,0.7583232421547723,0.005883369102457331,0.0012001162778164142,0.5750541395921255,0.9920090528236092,BARBUNYA
2396,63975,1027.0839999999998,339.1857144688748,241.04750708932698,1.4071322228741403,0.703530294387827,65434,285.4040992600352,0.794779735135538,0.9777027233548308,0.762093453503415,0.8414390320268785,0.0053018478228819815,0.001639447962610403,0.7080196446183304,0.99627725637035,BARBUNYA
2397,63988,992.483,351.38997462453074,233.008679189093,1.508055304409361,0.7485258116221423,65106,285.43309546812117,0.790287520995949,0.9828280035634197,0.8163234023122115,0.812297208459387,0.005491498009385053,0.0014747908559140084,0.659826754870913,0.9950552376742955,BARBUNYA
2398,63988,1012.38,342.88444126227154,238.8867325910389,1.4353431751660777,0.7173650362416542,65339,285.43309546812117,0.8152376098866098,0.9793232219654417,0.7845511915999501,0.8324469154020145,0.005358574127371875,0.0015872860489151224,0.6929678669623289,0.9946466984537734,BARBUNYA
2399,64001,971.2080000000001,358.8447693637953,228.147998519678,1.5728595985594174,0.7718664847174027,64745,285.4620887308771,0.7039652422592532,0.9885087651556105,0.852652601784484,0.7955029948938084,0.005606861914091894,0.0013850546165792932,0.6328250148850185,0.9953448988704076,BARBUNYA
2400,64011,963.4159999999999,356.28690430236,228.90417357675526,1.556489332348898,0.7663095989741809,64811,285.4843892370343,0.7600812197207182,0.9876564163490765,0.8666360819955153,0.8012766840140727,0.00556602621896799,0.0014153212679746952,0.642044324344588,0.9993351417375073,BARBUNYA
2401,64033,1005.3710000000001,354.12024394741184,230.90600983092068,1.5336120710184804,0.7581713413820981,65141,285.5334442198088,0.7687034813925571,0.9829907431571514,0.7960878684097706,0.8063177666346902,0.005530277262464851,0.0014419545945777304,0.6501483407907549,0.9970753433893385,BARBUNYA
2402,64036,1028.773,354.63211806943593,230.47969432433152,1.538669682416347,0.7600094077513773,65223,285.5401328826841,0.7769284899662712,0.9818008984560661,0.7603174262551803,0.8051727926875933,0.005538011713246235,0.001435786938484756,0.6483032260843382,0.9975245189886819,BARBUNYA
2403,64109,960.5649999999999,332.34694972444936,246.83765751563183,1.3464191528531353,0.6696123643413295,65115,285.702842081465,0.7055800132071318,0.984550410811641,0.8731228421594385,0.8596523672575986,0.00518409193287135,0.0017464007575283083,0.7390021925315934,0.9950067060249975,BARBUNYA
2404,64181,1001.764,357.11308037487447,229.20637052453915,1.5580416877489949,0.7668458241366852,65138,285.86323166970504,0.7848582679091154,0.9853081150787558,0.803684333251151,0.8004837889713368,0.005564155752868832,0.0014092537720018514,0.6407742964059078,0.9983530662384354,BARBUNYA
2405,64184,971.191,345.94848818970604,236.65053009418793,1.4618538485927628,0.7294230137411564,65308,285.8699126163537,0.7436019231883219,0.9827892448092117,0.8551205529783117,0.8263366436785602,0.0053899490245186655,0.0015502169031951583,0.6828322486859476,0.998200950684803,BARBUNYA
2406,64214,1087.234,373.99524685400525,219.54319503044974,1.703515551015524,0.8095714505913301,66325,285.9367134972768,0.6758230192809632,0.968171880889559,0.6826428367013299,0.7645463836841129,0.005824201059800125,0.001227528193021094,0.5845311728044545,0.995757942925731,BARBUNYA
2407,64222,977.4119999999999,337.0460686149963,243.1834250220837,1.3859746756358449,0.6923999460999878,65307,285.95452442998976,0.7162997167012425,0.983386160748465,0.8447697555533764,0.8484137661211892,0.005248140335321171,0.0016773203994045053,0.7198059185439402,0.9976327744746989,BARBUNYA
2408,64231,990.6309999999999,361.987789423829,226.34948898303554,1.5992427950697041,0.7803877295302344,65039,285.9745604033412,0.7809240121580547,0.9875766847583758,0.8224901751579988,0.7900116212718749,0.005635717790845993,0.00135413798304374,0.6241183617446163,0.998116793290785,BARBUNYA
2409,64244,963.9799999999999,342.93165742004123,239.14080814441115,1.4340156332203802,0.7167380854410126,65055,286.0034987757419,0.7512687980915406,0.9875336253938974,0.8687731500986223,0.8339956157078533,0.005337956189216756,0.0015929782203508735,0.6955486870199213,0.9974276908524764,BARBUNYA
2410,64260,984.886,370.8288299947581,221.14522160729553,1.6768566252508372,0.8027216314316314,65203,286.0391112150252,0.7448016875680938,0.9855374752695428,0.8324892940352434,0.7713507906574268,0.005770756769292843,0.0012601442105850294,0.5949820422478376,0.99769957944856,BARBUNYA
2411,64284,1038.268,351.48618926549585,233.44687193900518,1.5056367487217044,0.7475808428426,65556,286.09252156209044,0.7302344601962922,0.9805967417170053,0.7493657133436359,0.8139509610888007,0.005467708749696594,0.0014803966605781657,0.6625161670573825,0.997508687743843,BARBUNYA
2412,64314,997.7959999999998,346.2438025571775,237.397932348185,1.4584954432094686,0.7279426060518852,65360,286.1592704772942,0.730840909090909,0.9839963280293758,0.8117678892912045,0.8264675594591729,0.0053836459022479945,0.0015493855285436905,0.6830486268384017,0.9962233097342936,BARBUNYA
2413,64317,981.442,365.8679827638921,224.87902622680903,1.6269546738204215,0.7888036435726775,65275,286.1659445125004,0.8212078651685393,0.9853236307927997,0.8390857862344978,0.7821562913231839,0.005688511323038887,0.0013132655786512923,0.6117684640564374,0.9953195618925612,BARBUNYA
2414,64332,987.7450000000001,341.30036184597526,240.4800296624194,1.419246173268879,0.709605304124804,65485,286.199312354,0.7829706440776982,0.9823929144078797,0.8286044043401503,0.8385555491533827,0.005305296926039533,0.00161814265827411,0.7031754090159315,0.9979790083826395,BARBUNYA
2415,64380,979.1949999999999,343.5301553493186,239.1536556437415,1.4364411634211562,0.717881851969933,65278,286.3060633134579,0.7965061612312565,0.986243451086124,0.8437668562225892,0.833423380321089,0.005335976317945303,0.001588021489098126,0.6945945308658305,0.9977441760228858,BARBUNYA
2416,64382,990.697,362.7910489238453,226.50212422439537,1.6017114637054295,0.7811589701897779,65321,286.31051040634054,0.7862970200293112,0.9856248373417431,0.824313916713247,0.7891884633196695,0.005634976374201567,0.0013483255802569521,0.6228184306368614,0.997575420158086,BARBUNYA
2417,64410,1004.4189999999999,367.12849173412303,224.40690922675347,1.6359946001624914,0.7914383787388978,65579,286.37276245549583,0.7573637486036804,0.9821741716098141,0.8022935936530786,0.7800341539901211,0.005699867904581944,0.001301664404907562,0.6084532813910838,0.9954262828069621,BARBUNYA
2418,64412,974.5400000000001,327.9948214447462,250.7908824531824,1.3078418889728824,0.6444832583880057,65298,286.37720851262117,0.7462434107629033,0.9864314374100279,0.8522702117571832,0.873115030448321,0.005092138443841927,0.0018254326896937209,0.7623298563947725,0.9970069194077653,BARBUNYA
2419,64413,998.5110000000001,333.03266002094773,247.2226217433903,1.3470962231224362,0.6700261808091561,65455,286.37943151529936,0.758317440135622,0.9840806661064854,0.8118535302181963,0.8599139540767147,0.005170270908371722,0.0017438657496650122,0.73945200841585,0.9961130077172914,BARBUNYA
2420,64437,1082.767,367.7894709629625,223.9394257120439,1.6423614099818693,0.79326281799936,65869,286.4327784037638,0.8233497738366001,0.9782598794577115,0.6906772553900499,0.7787954822464409,0.005707737339773151,0.0012952017910134955,0.6065224031674669,0.9961289892517126,BARBUNYA
2421,64451,1001.0269999999999,354.7850978829289,231.86131422208652,1.5301608164917964,0.7569039984742537,65479,286.4638928342034,0.8005937593163073,0.9843003100230608,0.8082541459611718,0.8074293270590809,0.00550472603812088,0.0014432233634593579,0.6519421181950802,0.9975762838827751,BARBUNYA
2422,64478,974.289,361.66087931692533,227.70208643061164,1.5883072701976992,0.7769185661382221,65268,286.5238896940948,0.6873254450485022,0.9878960593246308,0.8535831303611228,0.7922446304816188,0.0056090585830349165,0.0013630348383548692,0.6276515545269566,0.9969035272060528,BARBUNYA
2423,64510,989.333,348.66112686270156,236.3516490286895,1.4751795821842537,0.7351692777583754,65406,286.59498081938796,0.7859405458089669,0.9863009509830902,0.828231825838377,0.8219871925448273,0.005404760918659147,0.0015220063120432968,0.6756629447077271,0.9967241804713274,BARBUNYA
2424,64517,989.6169999999998,358.2773487646686,230.04739346920763,1.5574066863427638,0.7666267167469053,65672,286.61052965248587,0.7137152086375503,0.9824125959312949,0.8278463427060366,0.7999683224203591,0.005553223937329209,0.0014028657403960941,0.6399493168760438,0.9966613450232346,BARBUNYA
2425,64530,1004.9419999999999,371.6179980341293,221.63795789208862,1.6766893250977486,0.8026774214294354,65642,286.63940381908424,0.6979234263465283,0.9830596264586697,0.8029519082962665,0.7713280985727697,0.005758840818752972,0.00125739418324322,0.5949470356478844,0.9975413436693575,BARBUNYA
2426,64566,1016.789,355.1781594734404,232.5007747539183,1.5276429072090851,0.7559726154343118,65592,286.7193478741372,0.7997770345596432,0.9843578485181119,0.7847874825413622,0.8072550077381027,0.005501009191733117,0.00144100379504752,0.6516606475182443,0.9955047660885257,BARBUNYA
2427,64576,1039.574,359.01875165847156,230.27793496281998,1.5590670974031346,0.7671989451540121,65886,286.74155060056756,0.7015317762085823,0.9801171720851167,0.750879393249852,0.7986812646302662,0.005559631312847986,0.0013954675525360634,0.6378917624714016,0.9945160585736579,BARBUNYA
2428,64580,1036.017,356.780999525505,230.72384853365122,1.5463550984997907,0.7627597245572216,65911,286.7504312097835,0.717603395781941,0.9798061021680752,0.7560911263090256,0.8037155330332684,0.005524636102903453,0.0014219780322640321,0.6459586580389507,0.9988814642786142,BARBUNYA
2429,64592,1000.0660000000001,344.3690356812006,239.37425732253533,1.4386218448594255,0.7189036820002033,65657,286.77707138739953,0.7860202492211839,0.9837793380751482,0.8115798786434646,0.8327609095867817,0.005331450267543978,0.001581635661839806,0.693490732535804,0.9976709170335728,BARBUNYA
2430,64595,1013.2359999999999,374.3757954924812,220.2918279119093,1.699453851924944,0.8085522888701397,65684,286.7837310451342,0.6809293402064029,0.9834206199378844,0.7906559491908592,0.7660317106448561,0.005795739538547584,0.0012310497801940152,0.5868045817134844,0.9972473067201867,BARBUNYA
2431,64605,1067.702,385.7553397359202,214.09355493692794,1.8018073446889322,0.831851486232562,66321,286.80592878742095,0.6921469895007499,0.9741258424933279,0.7121572212315194,0.7434917919315442,0.005970982737186289,0.0011254605889407987,0.5527800446695788,0.9960031444831231,BARBUNYA
2432,64628,1062.5449999999998,355.82871694066756,233.28600279160784,1.5252896131043316,0.7550969047572964,66408,286.856977075936,0.7640417558253633,0.9731960004818696,0.7193428253678814,0.8061658978574453,0.005505798058746481,0.0014344906848098263,0.649903454868301,0.9912909892312394,BARBUNYA
2433,64704,1003.301,335.8175772811187,246.51868028428834,1.362239879322126,0.6790574819862084,65994,287.025593810977,0.7956322856721263,0.9804527684334939,0.8077528581017069,0.854706880249758,0.005190058996060811,0.001708523108449493,0.7305238511462745,0.9951487228274355,BARBUNYA
2434,64717,954.2189999999999,329.08574162894206,250.60548926143753,1.3131625432419483,0.6481410000904867,65499,287.0544262271974,0.7899927979394783,0.988060886425747,0.8931658745317623,0.8722785277973643,0.005084996857532674,0.0018158968667338342,0.7608698300563375,0.999145761112849,BARBUNYA
2435,64725,954.98,354.4853828304532,233.20955720334868,1.520029397943401,0.753121010921008,65283,287.07216781322325,0.8028604033838597,0.9914525986857221,0.8918531909208073,0.8098279413414543,0.005476792318740103,0.0014530383063053862,0.6558212945773381,0.9968676475548528,BARBUNYA
2436,64734,1032.0919999999999,372.8922115956568,224.14631970663697,1.6636106811108864,0.7991721806473743,66426,287.09212578697804,0.6918021224071046,0.9745280462469514,0.7636695672580526,0.7699064685702915,0.005760376488331585,0.0012484826337905187,0.5927559703463772,0.9861151635604809,BARBUNYA
2437,64746,1018.798,374.78073468560746,220.60771215556244,1.6988559965724557,0.8084015484964319,65891,287.118734260624,0.7990373935579415,0.9826228164696241,0.7838746854004178,0.7660979012207751,0.005788477043919431,0.0012299321905151152,0.5869059942548766,0.9970687677642163,BARBUNYA
2438,64762,1000.168,385.83405592245947,214.5390567124353,1.7984327042121064,0.8311557257657062,65876,287.1542083900889,0.7096427788735481,0.9830894407675026,0.8135499179930502,0.7442427747948664,0.0059577229845041765,0.001127505261928788,0.5538973078343623,0.9961470331843578,BARBUNYA
2439,64778,984.1229999999999,367.3746148660396,225.33271967486442,1.6303651568939004,0.7898038311784675,65656,287.18967813773247,0.8019560507582791,0.9866272694041672,0.8405017760995825,0.7817352275209707,0.005671286777394171,0.0013064719919852754,0.6111099659472639,0.9963323955110369,BARBUNYA
2440,64783,1059.216,355.2919273600474,232.7027317626104,1.5268060012397933,0.7556617650868865,66071,287.200761535512,0.7308551444043321,0.9805058194972075,0.7256076535062942,0.8083514975122617,0.005484338906195258,0.0014444583901662776,0.6534321435303161,0.9976641181450685,BARBUNYA
2441,64828,1010.2879999999999,356.1744539997736,232.84802029752973,1.529643471070354,0.7567130994775471,65960,287.3004928747793,0.7434062657676254,0.982838083687083,0.7981455532097407,0.8066285766664274,0.005494145338430518,0.0014347436846924382,0.6506496606949066,0.9952620054361051,BARBUNYA
2442,64871,959.372,357.76262931437054,231.19658232090276,1.5474390915424219,0.7631435602149325,65510,287.39575937462047,0.7693429791271347,0.9902457640054954,0.8856994572438862,0.8033140854465327,0.005514985576210796,0.00141666013104299,0.6453135198767992,0.9985833669581968,BARBUNYA
2443,64913,1040.559,343.6703557603768,241.09630879287394,1.4254484337859537,0.7126363588035726,66203,287.488779898266,0.7153262953739008,0.9805144781958521,0.7533696581982365,0.8365248124534684,0.0052943224894917325,0.001599209876961762,0.6997737618503105,0.99749141283403,BARBUNYA
2444,64948,1087.7050000000002,352.1132678459925,235.85239738428243,1.4929391083198624,0.7425237992891867,66338,287.5662740160246,0.7716471818268226,0.9790467002321445,0.689847978821387,0.8166868456141235,0.005421464369125955,0.0014877111310686744,0.6669774037991474,0.9957566504973958,BARBUNYA
2445,65088,1011.1270000000001,369.31716156690015,225.3597592667316,1.638789297470731,0.7922423486982391,66543,287.876041878657,0.698069498069498,0.9781344393850593,0.8000172954107909,0.7794818975031832,0.005674120599294803,0.0012921188424654454,0.6075920285351629,0.9957153135919561,BARBUNYA
2446,65099,1008.4290000000001,339.04242796905214,245.31349531201985,1.3820781752663722,0.6902739938085927,66288,287.90036665956916,0.7423257617223135,0.9820631185131548,0.8044397612597114,0.849157341115575,0.005208105008818141,0.001670368028802655,0.721068189970473,0.9965726082370169,BARBUNYA
2447,65159,974.3789999999999,332.8213221152696,250.34963174375025,1.329426050268509,0.6589299518860073,65995,288.03301112094505,0.8405769057110053,0.9873323736646715,0.8624391120703848,0.8654283604497776,0.005107833486015279,0.0017674249689217558,0.7489662470707903,0.9956952396277488,BARBUNYA
2448,65170,978.0839999999998,380.25645551392245,220.03168406881576,1.7281895428978118,0.815582908477156,66112,288.0573226467096,0.7013861982866245,0.9857514520813165,0.8560621113037726,0.7575343389171282,0.005834838967529883,0.0011852717512512846,0.5738582746386104,0.9917358693358272,BARBUNYA
2449,65219,1011.11,353.65054573549037,235.30899930061372,1.5029197641680168,0.7465123893062922,66672,288.16559452523575,0.7194356502266885,0.9782067434605232,0.8016544141281532,0.8148314713495919,0.005422507946081515,0.0014745215961541542,0.6639503267017408,0.9978640684258577,BARBUNYA
2450,65231,1026.2649999999999,363.46654755315933,229.78648098523047,1.581757751782278,0.7747986632581703,66343,288.19210388665994,0.8249570012140833,0.9832386235171758,0.778296118678495,0.7928985647420825,0.005571991040351356,0.001358503304069909,0.6286881339700545,0.9944323293606692,BARBUNYA
2451,65235,1017.685,329.6995392926977,253.3145195281676,1.3015422088982798,0.6400667558176929,66266,288.2009397986036,0.7527868171432528,0.9844414933751848,0.7915234464665138,0.8741320670841071,0.00505402834816736,0.0018202273930328216,0.7641068707047337,0.9945173443313915,BARBUNYA
2452,65243,980.6679999999999,328.50512393232543,253.2426845366916,1.2971949200954285,0.636963248666565,66224,288.2186108098438,0.757494485080692,0.9851866392848514,0.8525105815574057,0.877364125587335,0.0050351014504594425,0.0018403798884173894,0.7697678088676289,0.998538891316077,BARBUNYA
2453,65277,1009.049,365.3323503156458,229.3557321717856,1.5928633954612252,0.7783745088095532,66391,288.29370052374924,0.8019681556833259,0.9832206172523384,0.8056483801741056,0.7891272160121177,0.005596647369144504,0.0013387386268567155,0.6227217630510354,0.9919107019210728,BARBUNYA
2454,65284,1020.755,383.2241246734474,222.1171220631091,1.7253245545139189,0.81490034443764,67271,288.30915774302133,0.7212107821475917,0.9704627551247937,0.7873604362061197,0.7523251778282358,0.0058701079081160375,0.0011599739424053197,0.5659931731942865,0.976521919399352,BARBUNYA
2455,65290,1032.586,342.66912189842805,243.81875274871814,1.4054256206108395,0.7026575141532413,66600,288.3224061285539,0.7507963339887995,0.9803303303303303,0.7694919265743321,0.8414017712807421,0.005248416631925686,0.0016226384155102168,0.7079569407143703,0.9949808227692453,BARBUNYA
2456,65301,1011.6289999999999,357.9627859626688,232.5992193305355,1.5389681315051416,0.7601171678470695,66437,288.3466932544066,0.7731772005020247,0.9829010942697594,0.8018389613235696,0.8055214244658316,0.005481735133652912,0.0014236597068842817,0.6488647652734626,0.998582195412423,BARBUNYA
2457,65330,974.886,344.979939802369,242.12596808002243,1.4247952936975081,0.712319636300986,66249,288.4107131462841,0.7604912403236133,0.9861280924995094,0.8638032920256826,0.8360216924830698,0.0052805746181290225,0.001591223309242492,0.6989322703022567,0.9958354093399697,BARBUNYA
2458,65345,996.042,362.3966987283893,230.22979344864055,1.5740651689775,0.7722673225267382,66369,288.4438213079268,0.7106115968506677,0.9845711100061776,0.8276885036171704,0.7959339097735847,0.005545897906930742,0.001372965624976435,0.633510788727465,0.9971872667073665,BARBUNYA
2459,65425,984.708,325.013163929242,257.4804423929976,1.2622829171357717,0.6102415238789616,66436,288.62033402776393,0.8164245782170311,0.9847823469203444,0.847888339754859,0.8880265972568389,0.0049677212675466875,0.0019056400733603795,0.7885912374355598,0.9954252476178662,BARBUNYA
2460,65458,1022.133,387.3753025144676,215.98922363765655,1.7934936567220978,0.8301292743225376,66482,288.69311408357885,0.6844779989961519,0.9845973346168888,0.7873317695928167,0.7452543107670031,0.005917921453672089,0.0011260740399940772,0.5554039877168009,0.9961135288882402,BARBUNYA
2461,65459,1000.764,348.1530578522245,241.19683757544013,1.4434395631050976,0.7211397166878936,66423,288.69531925339385,0.7134884734862935,0.9854869548198666,0.8213265876144182,0.8292195422162059,0.005318643087309988,0.0015511675988450417,0.6876050491932543,0.9925163317963701,BARBUNYA
2462,65473,1081.9080000000001,390.1514389372255,215.36199768956254,1.811607633300358,0.8338468191735312,67449,288.7261898623769,0.7485879581989893,0.9707037910124687,0.7028965969454063,0.7400362040157239,0.0059589668861549875,0.0011024593927870434,0.5476535832540023,0.9921334118272433,BARBUNYA
2463,65482,1011.6610000000001,357.07473077036144,234.2268649477171,1.5244823895417197,0.7547953502690399,66602,288.74603351102144,0.7938944254504013,0.9831836881775322,0.8040106164759149,0.8086431456184926,0.005453021147343719,0.001438283781481238,0.6539037369557708,0.9968647314445936,BARBUNYA
2464,65496,988.059,366.1841229065504,228.39163233794898,1.603316720310975,0.7816581545223221,66356,288.7768986985874,0.7891844997108155,0.9870396045572367,0.8430607773296867,0.7886111948449572,0.005590938727655893,0.0013338784216826893,0.6219076166347912,0.9971148802393087,BARBUNYA
2465,65503,1028.839,333.48392553432234,253.41247455296306,1.3159728072685088,0.6500468632744597,67100,288.7923300553312,0.768093339587242,0.9761997019374069,0.7776357493421469,0.8659857580619985,0.0050911244604723805,0.0017661861536481312,0.7499313331662144,0.9868892417653585,BARBUNYA
2466,65526,992.787,361.20413525412886,231.62356583528094,1.5594446702845388,0.7673287538825037,66422,288.84302728007174,0.6975600408788962,0.986510493511186,0.8354324845443885,0.7996670001489692,0.00551237883060356,0.0013904504480788803,0.6394673111272515,0.9972138901585773,BARBUNYA
2467,65532,975.5279999999999,366.868766604199,227.8834095338128,1.6098967772805939,0.7836854863460662,66381,288.8562511796909,0.7031707709641075,0.9872101956885253,0.8653340800946995,0.7873557998774181,0.005598314817252624,0.0013271536433913382,0.6199291556006089,0.9980219497437001,BARBUNYA
2468,65553,977.3100000000001,338.7465415711052,247.10254714046357,1.3708743414067168,0.6840219125446224,66402,288.90253006165267,0.7553581305309734,0.9872142405349237,0.8624575942038418,0.8528575043798937,0.005167521571417101,0.0016864286118390111,0.7273659227771004,0.9971272803487462,BARBUNYA
2469,65563,1033.627,364.120052113853,230.64375048578225,1.5787119804761356,0.7738018271029469,66934,288.9245650190919,0.8144472049689441,0.9795171362835031,0.7711537788338023,0.7934871022394313,0.005553742997023519,0.0013580789849165882,0.6296217814203298,0.9939914494970014,BARBUNYA
2470,65610,1081.364,342.2177384512853,246.04756493943228,1.3908600905500794,0.6950311988768658,68005,289.0281068167489,0.6900432263017848,0.9647820013234321,0.7050762520231464,0.8445737153332631,0.005215938705247451,0.0016370520460985563,0.7133047606318318,0.9921071239621921,BARBUNYA
2471,65617,977.81,351.8985885612919,238.9379580866096,1.4727613451594685,0.7341413810521672,66608,289.04352476208004,0.7154913912484053,0.985121907278405,0.8624169542888807,0.8213830181695541,0.005362917971886735,0.001505787875371841,0.6746700625373259,0.9936279888412949,BARBUNYA
2472,65618,973.3790000000001,349.7425879433205,239.9523772100708,1.4575500022537045,0.7275234559863475,66416,289.04572725856355,0.8129893943899297,0.9879848229342327,0.8702998495166683,0.8264527604668108,0.005329979395033687,0.0015338307185410501,0.6830241652832117,0.99554187364788,BARBUNYA
2473,65653,1142.4360000000001,351.94546874053515,237.8849057530051,1.4794779333580694,0.7369804105805853,67253,289.12280406515436,0.7850694153802001,0.9762092397365173,0.6321216716985929,0.8214988677075551,0.005360691342978008,0.0015060120321295162,0.6748603896447951,0.9984410545769031,BARBUNYA
2474,65686,1015.6749999999998,352.451030103326,237.83804485973968,1.481895086680422,0.7379900402265277,66838,289.1954576674293,0.7717232952676347,0.9827642957598971,0.8001532147467607,0.8205266348140551,0.005365694822387206,0.001500294314035301,0.6732639584392778,0.9977065520501773,BARBUNYA
2475,65707,1000.6529999999999,361.11582248314465,233.20335911889367,1.5485018048090704,0.763518891857622,66803,289.2416822761086,0.8199947585828207,0.9835935511878209,0.8246212070354058,0.8009665161919322,0.005495850099428442,0.0013953144308641507,0.6415473600606406,0.9934372449243967,BARBUNYA
2476,65732,974.417,380.5056441030558,220.47160036752103,1.725871465843046,0.8150309491194198,66557,289.296701942023,0.7654113975639861,0.9876046095827636,0.869955436026004,0.7602954290572104,0.005788742836108072,0.001193145856072621,0.5780491394452878,0.9976385156237503,BARBUNYA
2477,65806,1042.8629999999998,361.12619235901997,234.70032833777876,1.538669310420777,0.7600092733874139,67326,289.45949886096696,0.7074696826352456,0.9774232837239699,0.7603627602430293,0.8015466753328037,0.005487739603668662,0.0013972963568674268,0.6424770727370708,0.9885597544695081,BARBUNYA
2478,65897,983.841,351.74807677632054,239.80237313554872,1.4668248365394378,0.7315901981746536,66806,289.6595696320303,0.818555599721753,0.9863934377151753,0.8555111483437227,0.8234858660399362,0.005337846590532506,0.0015141553969446003,0.6781289715675438,0.9946964178722196,BARBUNYA
2479,65901,989.689,320.09171938180964,262.74086812786555,1.2182791419644456,0.5711726559146328,67032,289.6683607810697,0.7671202579533681,0.9831274615109201,0.8454820314318248,0.9049542466781199,0.004857160276502779,0.0020094105904464405,0.8189421885807635,0.9977001868226579,BARBUNYA
2480,65901,1054.483,347.05897627609147,242.85383346341956,1.4290858469333902,0.7143897399021717,67385,289.6683607810697,0.7716925454928687,0.9779772946501447,0.7447709072369357,0.8346372823696496,0.005266368890852816,0.0015764571134715207,0.6966193931213943,0.995528915409112,BARBUNYA
2481,65902,1011.4159999999999,348.50301644226425,241.2555956930127,1.4445385834105968,0.7216457071973489,66877,289.6705585266419,0.7470357523407921,0.9854209967552372,0.8095595858646728,0.8311852261245234,0.005288200911084099,0.0015569654321503426,0.6908688801276752,0.9979867534220973,BARBUNYA
2482,65908,990.132,361.10480993814593,233.02384082188473,1.5496474895637902,0.7639224570182885,66692,289.6837446499287,0.7180068196921334,0.988244467102501,0.8448153645418273,0.8022151372050375,0.005478922284671754,0.001399710798608467,0.6435491263608971,0.9972742880761345,BARBUNYA
2483,65909,1076.99,386.9199994465029,217.43428126793856,1.7794802051922602,0.827163146941985,67278,289.68594227878896,0.6664138886361108,0.9796515948749963,0.7140543097726031,0.7486972570381234,0.005870518433696505,0.0011378399735770459,0.5605475826964098,0.9974833274766328,BARBUNYA
2484,65911,988.9809999999999,380.14395193477384,221.1101102867165,1.7192517856457852,0.8134403314466903,66678,289.69033748649485,0.746190422280086,0.988496955517562,0.8468214857900035,0.7620543112999486,0.005767534280086387,0.0011998132258051616,0.5807267733708392,0.9984155420901306,BARBUNYA
2485,65930,1024.555,366.8341091317046,229.41599814280897,1.5989909688135802,0.7803088122849131,67081,289.73208863429204,0.7526341624904394,0.9828416392122956,0.7892641661356058,0.7898177443752086,0.00556399376811322,0.0013355924145565068,0.6238120693299425,0.9974698650954889,BARBUNYA
2486,65935,1007.8699999999999,368.86491786551164,228.98362566691137,1.6108790171838625,0.7839855415916539,66901,289.7430747785233,0.6817664819257176,0.9855607539498662,0.8156744108860069,0.7854991373404716,0.00559437200069025,0.0013137537056943426,0.6170088947626251,0.9939266819889186,BARBUNYA
2487,65974,1020.8760000000001,374.45876965738023,225.51232617409104,1.6604802762235953,0.7983185613602026,66946,289.8287524114155,0.7661417688591602,0.9854808353000926,0.7954936039782571,0.7739937635232874,0.005675853664434174,0.0012564950964050585,0.5990663459729428,0.994737851637412,BARBUNYA
2488,65987,1008.537,362.3717090995532,232.40045929937185,1.5592555634012581,0.7672637538833743,67136,289.85730599458617,0.7799881796690308,0.9828854861773118,0.8152383040578128,0.7998894469848215,0.005491562112227457,0.0013867415599469377,0.6398231273976837,0.9976477709876301,BARBUNYA
2489,65994,1024.7199999999998,343.70828052527673,245.33335685995547,1.4009847047479849,0.700366244681535,67205,289.87267983591056,0.75454483089799,0.981980507402723,0.7897759255556036,0.8433683337303041,0.00520817469050636,0.0016253034863180312,0.7112701463390297,0.9964785959648417,BARBUNYA
2490,66026,1010.329,348.7042819375206,242.29203232807572,1.4391900492433745,0.7191689327199287,67246,289.9429498723565,0.7714128821955579,0.9818576569610088,0.8128290444817846,0.8314866346387663,0.005281317692083734,0.001557195523189342,0.6913700235829013,0.9950128582856684,BARBUNYA
2491,66040,1020.017,369.252114638155,229.04832911670582,1.6121144217123358,0.7843619928294501,67289,289.97368765857044,0.7226173541963016,0.9814382737148717,0.7976311546456374,0.785300005506339,0.005591340318566853,0.0013117107906811796,0.616696098648256,0.9941846744445867,BARBUNYA
2492,66041,995.358,361.8370919053769,233.0117717254974,1.5528704375143925,0.7650518137261211,67102,289.9758830900509,0.7207198358651999,0.9841882507227803,0.8376544154209434,0.8013989985467873,0.005478976573725063,0.001394037279373062,0.6422403548717938,0.9973160608591612,BARBUNYA
2493,66062,1010.706,357.6602761043642,236.03258974458254,1.5153003934388822,0.7513225613601373,67275,290.02198331211775,0.7086296594261196,0.9819695280564846,0.8126656325380974,0.8108867623517972,0.005414009205055315,0.001443908241340828,0.6575373413573802,0.9963665920595948,BARBUNYA
2494,66073,1020.5430000000001,363.31584318367226,231.99338199679795,1.566061238715365,0.7695847911667508,67291,290.0461281232459,0.7559926314946396,0.9818995110787475,0.7972073126320893,0.798330525808132,0.005498703603342852,0.0013777518923019816,0.6373316284370888,0.998100359502668,BARBUNYA
2495,66086,1045.614,358.6010989221505,235.8286936468781,1.520599946413254,0.7533365694462916,67353,290.07466030897626,0.7297643499193887,0.9811886627173252,0.7595852994469471,0.808906222487481,0.005426279377207737,0.0014330938019544276,0.654329276778966,0.9949730632067191,BARBUNYA
2496,66107,1108.5649999999998,367.6165950707181,230.63670904651178,1.5939205714064453,0.7787101670007208,67763,290.12074483533127,0.6993525590842731,0.9755618848043918,0.6759817752994419,0.7891938196629044,0.00556093295824524,0.0013306447482188306,0.622826884994125,0.9927365844171321,BARBUNYA
2497,66163,1012.8439999999999,359.84742332091577,234.40646388432964,1.5351429195164443,0.7587300796354527,67353,290.2436011324153,0.7208554867950842,0.9823318931599186,0.8104755794648402,0.8065740709044148,0.005438801495109287,0.0014199073169968506,0.65056173185532,0.9987052363660501,BARBUNYA
2498,66166,974.533,364.3490237386494,232.08462162042215,1.569897312431789,0.7708767433097715,66906,290.2501812522204,0.7117685025817556,0.9889397064538308,0.8754909169633484,0.7966267571514595,0.005506589845821863,0.001367987251186221,0.6346141902096503,0.9962791116412061,BARBUNYA
2499,66185,1035.1789999999999,338.38628486036015,249.41710129643494,1.3567084337901287,0.6758076320915197,67385,290.2918518806492,0.7334086854382057,0.9821918824664243,0.7761372560439368,0.8578712107095067,0.005112733774425627,0.0017081315571884483,0.7359430141641947,0.9984600941054913,BARBUNYA
2500,66291,1048.4099999999999,371.47924099172127,227.64889271840985,1.63180780963087,0.7902246509027969,67835,290.52422043616036,0.7665471785383904,0.9772388884793985,0.7578829292457162,0.7820739044813407,0.0056037658353580615,0.001293156007832452,0.611639592070689,0.9980782630203898,BARBUNYA
2501,66294,1109.72,348.02181861008813,243.39408439085082,1.4298696678725453,0.7147652618993677,68370,290.5307942003272,0.7257142857142858,0.9696358051777095,0.6764835830429621,0.8348062640458415,0.0052496729509471166,0.0015727323050292435,0.6969014984901752,0.9964783141860262,BARBUNYA
2502,66301,1010.7460000000001,366.5115647150555,230.5989030561278,1.5893898880596433,0.7772659064494779,67227,290.5461324049694,0.6990900367992071,0.9862257723831199,0.8155411518169118,0.7927338735705504,0.005527994520671717,0.0013466571171940147,0.6284269943061696,0.9988155101339409,BARBUNYA
2503,66314,1027.756,365.63436525852546,231.2619774434928,1.5810396905728508,0.7745642866902305,67453,290.57461549414046,0.7329781589884163,0.9831141683839117,0.7889237806502974,0.7947136349962257,0.005513682861213703,0.0013566387024526423,0.6315697616489142,0.9985368605325686,BARBUNYA
2504,66354,1007.8090000000001,342.8486934105726,247.0840998226188,1.387578940355543,0.6932681613054477,67573,290.66223826179584,0.7695537205418445,0.9819602503958682,0.8209571840802573,0.8477857546148447,0.00516696345978498,0.0016464919522201033,0.7187406857278619,0.9973094390926829,BARBUNYA
2505,66365,1009.4449999999998,345.072695752701,245.373588853929,1.4063155589174796,0.7031131726397072,67543,290.6863298924617,0.7934600669536107,0.9825592585464075,0.8184339574880569,0.8423915698644099,0.005199618710957598,0.0016151293487271345,0.7096235569786251,0.9979546491534051,BARBUNYA
2506,66370,1004.139,339.2870724377224,249.88308460283724,1.3577832728333066,0.6764434615624486,67637,290.69727997363987,0.7205358693764113,0.9812676493635141,0.8271685459616656,0.8567885533776081,0.005112054730114847,0.0016992993074078024,0.7340866251988943,0.9967305405057114,BARBUNYA
2507,66371,1046.92,371.4274243149216,228.27101279079793,1.627133553988834,0.7888562914435292,68131,290.6994699403793,0.7151662087172027,0.9741674127783241,0.7609589549252235,0.7826548362080673,0.005596230647646134,0.001295258530084052,0.6125485926398767,0.9966983685329811,BARBUNYA
2508,66372,1060.47,369.24276460362745,230.37276408376573,1.6028056357797889,0.781499420615874,67927,290.7016598906209,0.7442392437851112,0.9771077774669866,0.7416482807397763,0.7872914184322111,0.005563230949852761,0.001318405246539804,0.6198277775370029,0.9934634550491694,BARBUNYA
2509,66391,1029.2659999999998,365.01981643805186,231.91667021515764,1.5739266008752606,0.7722213077019083,67367,290.74326581111416,0.6864247311827957,0.9855121943978505,0.7875240409326701,0.7965136486239417,0.005498031607266827,0.0013650855926808808,0.6344339924442243,0.9985525372074587,BARBUNYA
2510,66423,967.2900000000001,351.14128851827434,241.17653892514997,1.4559512715590148,0.726812266629345,67104,290.8133254855143,0.7549955670735866,0.989851573676681,0.8921029072688843,0.8281946185043392,0.005286441270618224,0.0015341675456913646,0.6859063261195482,0.9986461876841285,BARBUNYA
2511,66437,1103.644,383.68146880614773,221.5038384251962,1.7321662303189402,0.8165237831585007,68544,290.84397128627234,0.6683802816901409,0.9692606209150327,0.6854280358762251,0.7580349715383808,0.005775117311229401,0.00117624432594422,0.5746170180751938,0.9953321940764189,BARBUNYA
2512,66441,1008.386,355.990226986924,238.06288015314425,1.4953621780847055,0.7435014576890562,67698,290.85272663626336,0.747603294625979,0.9814322431977311,0.821093112928715,0.8170244703008288,0.0053579902016363985,0.0014727259321871014,0.6675289850703499,0.9981975970494712,BARBUNYA
2513,66444,1009.7119999999999,365.91566920144714,235.45202578643233,1.5540986236124057,0.76547989987581,68423,290.8592929758015,0.7340742868506529,0.9710769770398843,0.8189749122795742,0.7948806718514015,0.005507128848375281,0.0013561656747708443,0.6318352824829356,0.981934342856486,BARBUNYA
2514,66449,1106.1599999999999,382.85870246579816,221.87445850670983,1.7255645604391183,0.8149576767109324,68691,290.87023654562324,0.6429138124540423,0.967361080782053,0.6824367623780129,0.7597325976196335,0.00576169246287827,0.0011840577373935727,0.5771936198858761,0.9959848549866355,BARBUNYA
2515,66456,1053.899,351.86170443403773,241.40551625487743,1.4575545326915396,0.7275254670238206,68026,290.88555685169376,0.7207183758459136,0.9769205891864875,0.7518757477970258,0.8267042226706005,0.005294656681624499,0.0015255210025003658,0.683439871781402,0.9961508829371072,BARBUNYA
2516,66466,1010.092,356.17058449197225,239.33481536330345,1.4881687144067002,0.7405812525266444,67508,290.9074416036264,0.7803921568627451,0.9845647923209101,0.8186297893981498,0.8167643659247307,0.005358688419522346,0.0014710430965769428,0.6671040294444274,0.992763345873843,BARBUNYA
2517,66483,1030.876,375.3199021682638,226.10094941406797,1.6599660600315527,0.7981777919071011,67668,290.9446419039674,0.7015194681861349,0.9824880297925164,0.786153975173258,0.775191084254122,0.005645351475839896,0.0012574937207856093,0.6009212171070812,0.9975088251506068,BARBUNYA
2518,66506,986.3889999999999,325.0822838844494,261.62851785996355,1.2425338282826242,0.5935365133371575,67473,290.99496415257215,0.7621241290795746,0.9856683414106383,0.8589625929573198,0.8951424872356514,0.004888014372905443,0.0019358910911810117,0.8012800724544282,0.9956175959533791,BARBUNYA
2519,66520,1002.344,374.9274984041285,226.5619618390961,1.6548563375806278,0.7967704748141253,67511,291.025590826276,0.7416409307303803,0.9853209106664099,0.8320099393294337,0.7762183143808354,0.005636312363261103,0.0012621482168498838,0.6025148715802254,0.9970755537211141,BARBUNYA
2520,66547,1044.7029999999997,366.5646537864045,233.6356675699125,1.5689584454253531,0.7705616175550365,68580,291.08464745412266,0.7495382050819968,0.9703557888597258,0.7662185504243887,0.7940881491092601,0.005508357308164223,0.001351066498579577,0.6305759885557704,0.9893475227270168,BARBUNYA
2521,66555,1032.397,339.400991246965,250.43029681713588,1.3552712892992955,0.6749541732637848,67917,291.1021434133537,0.7341731658080813,0.9799461106939352,0.7846881317529929,0.8576938515819871,0.005099556626053115,0.0017023206549459432,0.7356387430415438,0.9969900677404262,BARBUNYA
2522,66642,1029.494,346.97972147115223,246.0212561154585,1.4103648072925603,0.7051718719900992,67731,291.2923441153933,0.7352707533430425,0.9839216902157063,0.7901512774630296,0.8395082654408415,0.005206622272308037,0.001595275663928954,0.7047741277434904,0.9939886268597301,BARBUNYA
2523,66700,1020.511,356.9693595301303,238.92352358279396,1.4940737277651526,0.7429823470853512,67735,291.4190756176324,0.7950129919664354,0.9847198641765704,0.8048228856715308,0.8163699988178815,0.005351864460721594,0.0014663343683285902,0.6664599749699079,0.9957403392095605,BARBUNYA
2524,66795,1067.697,363.0668916697189,234.76170913949377,1.5465336872887865,0.7628230306478666,68388,291.6265340989828,0.7819048064991923,0.9767064397262678,0.7363050401351431,0.803230866791001,0.005435539960621587,0.001395674079707517,0.645179825365823,0.9977923342873416,BARBUNYA
2525,66823,1033.42,379.3587848852446,225.09516268989123,1.685326243140458,0.804939474506804,68016,291.6876516032823,0.7523756980724193,0.9824600094095507,0.7862888346842112,0.7688965254660369,0.005677069046364943,0.0012239834134333807,0.591201866873744,0.996368021235952,BARBUNYA
2526,66871,990.1279999999999,372.968458458255,229.41788986940674,1.6257165414195145,0.7884386642337614,67765,291.79239468496274,0.8018682399213373,0.986807348926437,0.8571661209338977,0.7823513974644105,0.005577432047647784,0.0012889067590046905,0.6120737091145161,0.995058353475465,BARBUNYA
2527,66882,1028.361,356.49777851095405,240.08747445555633,1.484866211031542,0.7392224379870087,68146,291.8163930127592,0.736456131078224,0.9814515892348781,0.7947452111745845,0.8185644079793125,0.00533024997026037,0.0014761781330617663,0.6700476900105227,0.9949311746763618,BARBUNYA
2528,66884,1022.644,352.6405248204782,242.60097545797584,1.4535824687216223,0.7257529064300494,68186,291.82075613305267,0.7715485418973791,0.9809051711495028,0.8036799854841282,0.8275304044582296,0.005272419783811946,0.0015251957297651238,0.6848065703028011,0.995422825057533,BARBUNYA
2529,66906,1019.347,369.0277303697709,231.27969331311505,1.5955907113304904,0.7792387916682219,67928,291.8687461515035,0.7564102564102564,0.984954657873042,0.8091533416412098,0.7909127746553002,0.005515614898062519,0.0013313371769495925,0.6255430171129458,0.9981106276430661,BARBUNYA
2530,66910,996.0079999999998,355.78037791892075,239.92746817721985,1.4828663871705068,0.7383939692647898,67749,291.87747076167034,0.7790378166915052,0.9876160533734816,0.8475693445342147,0.8203866454607754,0.005317297532789131,0.0014857476553774918,0.6730342480503843,0.998019863848492,BARBUNYA
2531,66931,1037.359,341.6177344105175,250.18966699547633,1.3654350258066186,0.6809097578887463,68309,291.92327068712626,0.7796999137951119,0.9798269627721091,0.7815900453554614,0.8545319556985467,0.005104028542984828,0.0016788275570659488,0.7302248633099829,0.997074605078301,BARBUNYA
2532,66943,1039.622,339.82589447245596,251.66174160498136,1.350327993064042,0.6719893438562754,68327,291.94943884721886,0.7985185008469118,0.9797444641210649,0.778330613431545,0.859114751394798,0.0050763469589420246,0.0017058300666476746,0.7380781560641457,0.9966475952025066,BARBUNYA
2533,66945,996.7789999999999,373.73648570295927,228.22956451566515,1.6375463297057067,0.7918853845309037,67778,291.9537999792013,0.7477548923241891,0.9877098763610611,0.8467013464603285,0.781175537170439,0.005582739348763302,0.001282394519303173,0.6102352198735238,0.999288444561044,BARBUNYA
2534,66985,1009.1439999999999,340.0882559356421,251.15170157816559,1.3541148787709762,0.6742646688472633,68137,292.0410089423827,0.7297635908050986,0.9830928863906542,0.8265728591367015,0.8587212402819584,0.005077080778318163,0.0017029529797810369,0.7374021685113852,0.9985272480192493,BARBUNYA
2535,66991,1056.519,357.15448173002727,239.73303365560884,1.4898008684239217,0.7412485543060928,68096,292.05408804081696,0.8133529211791559,0.9837729088345865,0.7541742524377549,0.8177248305162816,0.005331380061949027,0.001470442843681941,0.6686738984428817,0.9961909545926144,BARBUNYA
2536,67012,1010.404,382.8597507364572,224.01086518142577,1.7091124148213979,0.8109618585962718,68008,292.0998602734906,0.8078017262163074,0.985354664157158,0.8248449696095885,0.7629421993605134,0.005713301360002048,0.0011940800516322893,0.5820807995650573,0.9948415209658054,BARBUNYA
2537,67056,1031.7659999999998,336.4785036281064,255.1696498021235,1.3186462570648019,0.6518435195594513,68817,292.19574074883616,0.7765425236242357,0.9744103927808536,0.7915622654047061,0.8683934860569462,0.005017873175079134,0.0017602148134832594,0.7541072466261356,0.9944006981889972,BARBUNYA
2538,67063,990.719,370.0897581639312,231.6978532478427,1.5972947223125689,0.7797760613821408,68087,292.21099156016396,0.7177119006849315,0.9849604182883663,0.8586019240648124,0.789567895663649,0.005518538660124528,0.0013230058891821575,0.6234174618627231,0.9957814216308248,BARBUNYA
2539,67083,1023.3330000000001,370.0467248197745,231.3792164742851,1.5993084014134025,0.7804082817981093,67999,292.25456092158583,0.7895926270318624,0.9865292136649069,0.8049861008521428,0.7897774559791709,0.005516251879310325,0.0013238622002704546,0.6237484299729312,0.9975661044241282,BARBUNYA
2540,67085,1019.7089999999998,369.7382109012313,232.52065222369382,1.590130628678647,0.777503063166867,68180,292.2589175004903,0.7702331882843266,0.9839395717219126,0.8107422078182177,0.7904482384661127,0.005511488572724622,0.0013272184731357467,0.6248084176941803,0.9935270020317578,BARBUNYA
2541,67087,1084.6119999999999,359.9143208358436,238.57116968873092,1.5086245387715196,0.7487473874634895,68230,292.26327401445405,0.7901047003262316,0.9832478381943427,0.7166373271753936,0.812035690426875,0.005364889186218546,0.0014389343805678394,0.6594019625270516,0.994789981582408,BARBUNYA
2542,67136,1025.963,403.174102299717,213.02992768063453,1.8925702444218944,0.8490067670464475,68108,292.36998832872683,0.7445409277927494,0.9857285487754742,0.8014970506883833,0.7251705569902426,0.006005333983253649,0.0010244188927063748,0.5258723367255389,0.9952503368513659,BARBUNYA
2543,67162,1026.783,367.1483308944556,233.501495555519,1.572359654575145,0.7716999275772413,68174,292.42659643661517,0.6974247144340602,0.9851556311790418,0.800527296519875,0.7964808003462754,0.005466608065490242,0.0013570596756403723,0.6343816653202435,0.9974761361517434,BARBUNYA
2544,67163,983.0600000000001,369.4249515085624,232.34434750088195,1.5899889774902318,0.7774577431151353,67907,292.42877345269517,0.7583897922312557,0.9890438393685481,0.8733330588059983,0.791578295560573,0.00550042361878657,0.001332144732220789,0.6265961980025821,0.9962810481613924,BARBUNYA
2545,67215,1017.512,369.9794541104024,231.73870696485838,1.5965371471866687,0.7795374582483471,68160,292.5419559642239,0.704080029330121,0.9861355633802817,0.815824958345601,0.7906978420399771,0.005504417973821355,0.0013271908569255622,0.6252030774066769,0.998159937615182,BARBUNYA
2546,67234,990.278,366.7312389399318,234.14295276674932,1.5662706675834293,0.7696556259795746,68057,292.5833001911147,0.7524369089586481,0.9879071954391172,0.8615580647689008,0.7978139550828882,0.005454550360530859,0.0013631549747803212,0.6365071069250006,0.9969424112850181,BARBUNYA
2547,67236,1008.387,344.0350656046625,249.566195033015,1.3785323190873278,0.6883178921995482,68429,292.58765187514905,0.755036496350365,0.9825658711949612,0.8309162572092031,0.8504588082058103,0.005116828270638684,0.001651177409762576,0.7232801844548471,0.9970651100264508,BARBUNYA
2548,67284,1030.013,384.46026746290215,223.35400827131326,1.7213045355151604,0.8139358755906164,68347,292.6920728819977,0.7946428571428571,0.9844470130364171,0.7969595039177505,0.7613064278748662,0.005713992441931249,0.001184015563077534,0.579587477123589,0.9976465531006231,BARBUNYA
2549,67309,1023.5139999999999,401.7107936964421,214.18206392661776,1.8755575809283207,0.8460051148230182,68457,292.74644407162157,0.7749761090578333,0.9832303489781907,0.8074124232928926,0.7287492610737245,0.005968158696406753,0.0010383233846200128,0.5310754855154995,0.9960626529037836,BARBUNYA
2550,67311,1037.096,374.41725299152677,229.30124829244608,1.6328618172806575,0.790531257366462,68197,292.7507933305537,0.7569071956279729,0.9870082261683065,0.7864262263167915,0.7818838234390304,0.005562497258865962,0.0012823851632914212,0.6113423133556368,0.9982375207664461,BARBUNYA
2551,67359,1028.02,375.787478404901,230.2702608297405,1.631940994250901,0.7902634331220482,68721,292.85515616737194,0.7627216522861607,0.980180730780984,0.8009443964506084,0.7793105757819538,0.005578875553450927,0.001269312965980374,0.6073249735256006,0.9911185211287706,BARBUNYA
2552,67412,1052.897,377.42200719729703,228.38955814556957,1.6525361766177509,0.7961263149357394,68526,292.9703469460464,0.7921504112808461,0.9837433966669585,0.7641441622242934,0.776240763281449,0.0055987362368316775,0.0012538787787814503,0.6025497225797665,0.9957352147740538,BARBUNYA
2553,67413,1077.615,359.8362622878009,239.87365257679284,1.5001074875140918,0.7453987154632743,68823,292.9725199216328,0.7360301342941369,0.9795126629179198,0.7295016231294051,0.8141828676713806,0.005337787404325588,0.0014468678731594492,0.662893742009593,0.9944118658148251,BARBUNYA
2554,67429,1124.6019999999999,393.2619082161088,219.29543151341628,1.7932973135924604,0.830088267842368,68968,293.00728533937047,0.7146687864334923,0.9776853033290801,0.66997543587687,0.7450690728438273,0.005832236993224114,0.0011086668764711206,0.5551279233083605,0.9955094135690442,BARBUNYA
2555,67437,1041.175,380.64788010620157,226.56639528586902,1.68007210259898,0.8035683048664494,68653,293.0246665014827,0.799983392251299,0.9822877368796702,0.781736955174288,0.7698050660881869,0.005644496049738297,0.001222722757996397,0.5925998397750377,0.9956104588106661,BARBUNYA
2556,67439,998.9620000000001,357.31010938286795,240.53374564544666,1.4854884848862449,0.7394793568774707,68597,293.02901163092133,0.7460809151353563,0.9831187952825925,0.8492255451004284,0.8200971759154242,0.005298271169247289,0.0014783430032965974,0.6725593779444543,0.999079211338743,BARBUNYA
2557,67448,1006.1649999999997,380.9752924499353,226.8285115769409,1.6795740967541788,0.8034375504555888,68544,293.0485639161148,0.7258092286501377,0.9840102707749766,0.8372217999268748,0.7692062181555379,0.005648429789614744,0.001219771952571867,0.5916782060491452,0.993767388494126,BARBUNYA
2558,67454,1014.6740000000001,343.9890328927647,249.9889963357216,1.376016696474137,0.6869175388649608,68666,293.0615980482016,0.7316766278703994,0.9823493431975068,0.8233121186309129,0.8519504112782593,0.005099609109804677,0.0016571961612789764,0.7258195032771952,0.9987397551359851,BARBUNYA
2559,67516,1006.963,337.1366572745132,256.0264641808693,1.3168039419407198,0.6506071206621151,68525,293.196250150542,0.7917722112768553,0.9852754469171835,0.8367380957951756,0.8696658871829748,0.0049934335161223,0.0017619305067006026,0.7563187553297509,0.9959235183819146,BARBUNYA
2560,67533,997.712,358.14630306287404,241.2795038815904,1.4843627299508908,0.7390142632005507,68874,293.2331600869856,0.7473771580345285,0.9805296628626187,0.8525414734752695,0.8187524416118497,0.005303278442581761,0.0014700585253890177,0.6703555606453655,0.9950508100373147,BARBUNYA
2561,67535,990.949,351.4178372230433,245.53815005780453,1.4312148117932493,0.7154078139081018,68489,293.23750212701174,0.7483434168827428,0.9860707558878068,0.8642435773242046,0.8344411440358823,0.005203492074080748,0.001556171651000673,0.6962920228599122,0.9965434564505901,BARBUNYA
2562,67538,1010.8480000000001,371.63225350950296,231.7486905828456,1.6036002299510372,0.7817461283287567,68500,293.244015066503,0.6983920169587922,0.985956204379562,0.8305893294527019,0.7890704111315905,0.005502565274504767,0.0013158548914218695,0.6226321137233773,0.9984530007417081,BARBUNYA
2563,67546,985.555,356.6686962398248,241.4833998414038,1.4769905363021634,0.7359348042352911,68376,293.2613821979998,0.8017139059013436,0.9878612378612378,0.8738718879789684,0.8222234956128873,0.005280382202348396,0.0014886913087405773,0.6760514767378756,0.9985216331949445,BARBUNYA
2564,67548,1071.8339999999998,369.8283631432676,232.83461373429196,1.5883736408939233,0.7769398850053232,68736,293.26572382017434,0.7197135977156008,0.9827164804469274,0.7388687522997924,0.7929779136668496,0.005475045347653041,0.0013354014662019119,0.6288139715634293,0.9987915374571725,BARBUNYA
2565,67554,1031.662,363.8119865322561,236.7499879107479,1.5366927354159323,0.7592936236376151,68694,293.2787483010646,0.7307163949853432,0.983404664162809,0.7976016895610839,0.8061272282326576,0.0053854988088382055,0.0014028784968445045,0.6498411080980672,0.9986061099889393,BARBUNYA
2566,67623,992.572,370.4864028991003,233.25415996458446,1.5883378155199983,0.7769283779762467,68500,293.4284882788751,0.6845541788143829,0.9871970802919708,0.8625420132899548,0.792008791639213,0.005478704034117095,0.0013297733120340332,0.6272779260338063,0.9963292507604508,BARBUNYA
2567,67630,1041.652,353.0364609801031,245.4218901684443,1.438488069413034,0.7188411726174289,68870,293.4436750220373,0.7136676374994724,0.9819950631624801,0.7832563912533205,0.8311993447004774,0.005220116235104289,0.0015370241979655607,0.6908923506305029,0.9938404036307051,BARBUNYA
2568,67658,1068.8239999999998,366.2396262553266,236.35783707507395,1.5495133598595188,0.7638752673699294,69020,293.5044141366389,0.7620517210308163,0.9802665893943785,0.7442461992370771,0.8013999389897264,0.0054131015734329505,0.0013772829122733535,0.6422418622127372,0.9951623457596925,BARBUNYA
2569,67659,1058.219,370.5838909652285,233.34404625889144,1.5881437598543726,0.7768660312381849,69000,293.5065831582597,0.6615140938022468,0.9805652173913043,0.7592491753153929,0.7920111756444349,0.005477229798921481,0.0013294314970678206,0.6272817023456797,0.996213521251119,BARBUNYA
2570,67666,1005.3799999999999,345.8977452186023,250.2063845977793,1.3824497155604252,0.6904777671587593,68744,293.5217658608123,0.731935790931118,0.9843186314441987,0.8412399430189375,0.848579587228332,0.005111839701158667,0.0016350359699664873,0.7200873158606064,0.995484504990165,BARBUNYA
2571,67686,1044.47,368.6010689137848,234.20250272185712,1.5738562339427333,0.7721979349897802,69063,293.56514068421717,0.7083830455259027,0.9800616828113462,0.7796806800948266,0.7964305191770391,0.005445750508432834,0.0013515405450669645,0.6343015718766081,0.9982994830976744,BARBUNYA
2572,67718,1046.454,353.6277890315666,244.30698750039474,1.4474730856029863,0.7229893908401205,69018,293.6345270746881,0.7664568996740312,0.9811643339418702,0.7770942622430815,0.830349130306829,0.0052220648724351955,0.0015313165134509044,0.6894796782013074,0.9980032772666003,BARBUNYA
2573,67724,969.983,359.95047767229994,240.5130294492974,1.4965945025784193,0.7439963639732731,68288,293.6475351976314,0.7993107355301671,0.9917408622305529,0.9045325908282456,0.8157998208436024,0.005314961869829011,0.0014521595602311884,0.6655293476884537,0.9960275630551413,BARBUNYA
2574,67745,988.59,359.18362610081954,240.9037809231966,1.4909837642412602,0.7417304353270034,68522,293.69305909075143,0.7654715765923549,0.9886605761653192,0.8710732658223909,0.8176682837104453,0.005301994628397956,0.0014619336264485936,0.6685814221859853,0.9968440455526355,BARBUNYA
2575,67760,1020.165,372.76536137257534,232.13220738386437,1.605832148729597,0.782436728335112,68895,293.72557183748,0.7215956891686102,0.9835256549822193,0.8181678731720949,0.7879636958647136,0.005501259760516165,0.001308177722326945,0.6208867860007788,0.9970399616814442,BARBUNYA
2576,67792,1064.282,403.3338449977543,214.95579127948207,1.8763571923184246,0.8461482677966287,68830,293.79492033846697,0.8030990487247225,0.9849193665552811,0.7520987667275714,0.7284162338028012,0.0059495787850742604,0.0010332001178621848,0.5305902096674572,0.9955767560832741,BARBUNYA
2577,67796,1015.155,344.1761834235921,253.06613837399368,1.3600246387564956,0.6777626058687016,69240,293.8035877501585,0.738647258781487,0.9791450028885037,0.8267024391633727,0.853642994200334,0.005076644395297541,0.0016628827489521885,0.7287063615473116,0.9910586061229426,BARBUNYA
2578,67801,1015.657,355.0918226913255,243.8804044382705,1.4560080114235014,0.7268375591773172,68991,293.8144216552155,0.7815677233429394,0.9827513733675407,0.8259463365931503,0.8274322383104348,0.005237265271770704,0.0015143075436386785,0.6846441089954162,0.9968473076712309,BARBUNYA
2579,67808,1032.304,364.4004203514368,238.50878337623925,1.5278280958592956,0.7560413134290647,68798,293.8295884512006,0.7490279250618593,0.9856100468036861,0.7996051428677988,0.8063371281729699,0.005374003367617933,0.0014013426086718296,0.6501795642702324,0.9933626056456156,BARBUNYA
2580,67822,1034.6619999999998,353.3819207867304,245.86049812461238,1.4373269536272626,0.7182976544232625,68887,293.8599196947896,0.7752857796067673,0.9845398986746411,0.796129026571294,0.8315646681657409,0.0052104320248109815,0.0015368716928491864,0.6914997973415989,0.9939112971468699,BARBUNYA
2581,67848,1001.425,388.5368326295351,222.97815673608892,1.7424883150747232,0.8189310355071858,68623,293.9162408428485,0.800566371681416,0.988706410387188,0.8501783786703605,0.7564694416580419,0.005726577535513724,0.0011567525453475215,0.5722460161624295,0.9971319965110949,BARBUNYA
2582,67849,1022.6289999999998,389.91481650758016,222.0912703920686,1.7556512501335348,0.8219295209634475,68732,293.91840682532296,0.7506416780988627,0.9871530000581971,0.8152993692731612,0.7538015853255196,0.005746802701699069,0.0011445485932584049,0.5682168300392665,0.9975905880053525,BARBUNYA
2583,67856,1036.1439999999998,372.7244724721138,232.5676808661217,1.6026494785690957,0.7814508841938096,69052,293.9335682557356,0.8102015474257331,0.982679719631582,0.794251211960869,0.7886081810142662,0.0054928742111547075,0.0013104622921589562,0.6219028631626298,0.9966922993682164,BARBUNYA
2584,67906,1076.897,376.54901210072126,230.22201410816166,1.6355908168009208,0.7913218109641325,69325,294.041841452515,0.7557034432103986,0.9795311936530833,0.7358167654327173,0.7808859723521546,0.005545150827625265,0.0012718726002915101,0.6097829018163702,0.9973553144530726,BARBUNYA
2585,67959,1012.4369999999999,340.5890370174224,255.2594724203223,1.3342855949204204,0.66204426648031,69034,294.1565675293634,0.807420872540633,0.9844279630327085,0.8331454505645717,0.8636700996171999,0.005011684059762833,0.0017201051089039778,0.745926040972784,0.9952783713460049,BARBUNYA
2586,67959,1017.3100000000001,359.5833377072138,241.19317761456568,1.4908520268423153,0.7416768411638713,69095,294.1565675293634,0.7694720275365436,0.9835588682249078,0.825182894199832,0.8180483817881369,0.0052911805310144906,0.0014616665282262632,0.6692031549461894,0.9976828799207983,BARBUNYA
2587,67960,1003.526,352.4252564060101,246.5565135538284,1.4293893571344174,0.7145352457898632,68906,294.15873174223753,0.7173089304750747,0.9862711520041796,0.8480197683901401,0.8346698382006799,0.005185774814685257,0.0015525739571624903,0.6966737388019489,0.995818027638549,BARBUNYA
2588,67986,1030.513,360.4515938108441,240.55598757585904,1.4984104010180836,0.7447228151986351,69183,294.214995689147,0.7228708133971292,0.9826980616625471,0.8044932495935841,0.8162399632599311,0.005301850289925044,0.001451705891602142,0.6662476776225736,0.9983124498038074,BARBUNYA
2589,67997,1047.09,347.9688676518942,250.16995412404324,1.390929893520941,0.6950685217369512,69185,294.23879642793,0.7959847819724905,0.9828286478282865,0.7793482997961884,0.8455894299207383,0.005117414998483671,0.0016138701261060838,0.7150214839936792,0.9945447565965135,BARBUNYA
2590,68015,993.761,386.98786978852297,224.32314119220806,1.7251357471717017,0.8148552227551156,68625,294.27773893919004,0.7775097738860056,0.9911111111111112,0.8654673100101826,0.7604314292848606,0.005689742994758847,0.0011735798544305362,0.578255958644216,0.9975700252721781,BARBUNYA
2591,68024,1011.261,380.5696407327228,230.3304483927484,1.6522767327912884,0.7960540828058548,69648,294.29720826243783,0.6991879946551547,0.9766827475304388,0.8358830384499509,0.7733071079863808,0.005594637785674509,0.0012341266915417857,0.5980038832622602,0.9880679024330703,BARBUNYA
2592,68035,1022.2069999999999,355.89959512656156,244.02810869057103,1.4584368867843998,0.7279166764364469,69243,294.3210023529697,0.797017408214428,0.9825541932036451,0.8182095644127486,0.8269776262271558,0.005231125084538275,0.00150921081008524,0.6838919942803015,0.9974133110349374,BARBUNYA
2593,68050,1030.9920000000002,382.7137347665929,227.23069616204316,1.6842519132787912,0.8046603402089733,69160,294.3534457403681,0.7240594143684032,0.9839502602660497,0.8045025088681894,0.7691217194488371,0.00562400785843634,0.0012139644930813352,0.5915482193279356,0.9963162201997375,BARBUNYA
2594,68056,1054.6209999999999,359.73135472646356,242.2025443942609,1.4852501059645662,0.7393809858149099,69299,294.36642209412446,0.7168014829794405,0.9820632332356888,0.768924066367278,0.8182951478276282,0.005285813958011983,0.0014619467027272787,0.6696069489582399,0.9945337918948357,BARBUNYA
2595,68062,1016.6659999999998,375.2806725760292,232.54833562023282,1.6137749237168824,0.7848663347631727,69176,294.3793978758783,0.7373838053346623,0.9838961489533943,0.8274808864341986,0.7844246170610855,0.005513806126414581,0.0012877635012644771,0.6153219798514304,0.9929911810960631,BARBUNYA
2596,68087,1029.885,372.47351994236067,233.89522251827,1.592480239365582,0.778252654117307,69320,294.43345747788754,0.7000298160657187,0.9822129255626082,0.8066712845498681,0.7904815824852472,0.005470552674407166,0.0013175830209950844,0.6248611322483808,0.99507900545315,BARBUNYA
2597,68109,1054.03,382.49855130732976,227.4918703154525,1.6813723970748344,0.803909057428054,69487,294.4810217184924,0.750760582010582,0.9801689524659288,0.7703860744328953,0.7698879399987136,0.005615976615532892,0.001217068773992114,0.592727440155463,0.9965955568662215,BARBUNYA
2598,68118,1027.932,359.64524903476405,241.6575617778329,1.4882433075502215,0.7406118107480595,69292,294.50047760278727,0.7351788894285252,0.9830572071812042,0.8101081104158269,0.8188638064681351,0.005279738821380018,0.0014643298164143579,0.6705379335434835,0.9979235920546445,BARBUNYA
2599,68120,1010.368,368.9500198612537,235.45320329112045,1.5669781285798619,0.769894651354259,69182,294.5048009580816,0.7063166189705944,0.984649186204504,0.8385429990858732,0.7982241092406832,0.005416177625679003,0.001356350791352799,0.6371617285730824,0.9984184930421585,BARBUNYA
2600,68131,1036.382,357.7621193880517,243.62870188234578,1.4684727892234295,0.7323023938817851,69197,294.52857827781565,0.7769174629963281,0.9845947078630577,0.7971038456568089,0.8232525533491463,0.005251091564604243,0.0014878587365457694,0.6777447665958888,0.9952497477846468,BARBUNYA
2601,68133,1001.023,356.1784502397708,244.3591833612368,1.45760206488017,0.7275465648462948,69129,294.53290122062907,0.7048946273937738,0.9855921537994184,0.8544354599256381,0.8269251017919713,0.0052276936321572634,0.0015078376811655597,0.6838051239736621,0.9967157606796505,BARBUNYA
2602,68136,1020.991,377.38263101820866,230.3113239516975,1.638576100137204,0.7921811903318035,69141,294.5393855158848,0.7998309621073391,0.9854644856163493,0.8213772514555474,0.7804794426314584,0.005538667239318549,0.0012677420926897232,0.6091481603703122,0.9981356170253383,BARBUNYA
2603,68138,1047.464,344.730208813568,253.33599019956674,1.36076286887625,0.6781951015631255,69362,294.5437083000832,0.7822962112514351,0.9823534500158588,0.7804067811773544,0.8544180369738762,0.0050592945025326255,0.0016632263417447858,0.730030181906292,0.9933979646970567,BARBUNYA
2604,68153,1029.375,358.2789264318971,242.69695753746578,1.4762398757165658,0.7356179235068785,69257,294.5761271595774,0.7619968694096602,0.9840593730597629,0.8082535273568277,0.8221977499298203,0.005256979537685753,0.0014819078037197626,0.6760091399896595,0.9979516488015975,BARBUNYA
2605,68164,1012.3480000000001,352.57170426485703,250.02010499702558,1.4101734109304989,0.7050750971362707,69862,294.5998987225346,0.7920888723621827,0.9756949414560133,0.8358055937409342,0.8355744240361014,0.005172403383968914,0.001555294739020578,0.6981846181032626,0.9845613843698855,BARBUNYA
2606,68167,1098.1490000000001,385.23341578186194,226.1422793416293,1.703500189807039,0.8095676122923957,69964,294.6063815431733,0.7888603434708142,0.9743153621862672,0.7103322039081562,0.7647477333845668,0.00565131831798175,0.0011923460760193266,0.5848390957168327,0.9962735105602014,BARBUNYA
2607,68173,1030.906,368.816598039885,237.0123116221598,1.5561073410728337,0.7661773451891545,69468,294.6193467565059,0.7712314044912043,0.9813583232567513,0.806091116982758,0.7988234486253919,0.005410009799185675,0.0013588797694612748,0.6381189020737642,0.9929815079943208,BARBUNYA
2608,68187,1052.8960000000002,377.09629404191014,231.80068333958368,1.6268126935996607,0.7887618411995089,69510,294.64959670234833,0.7573304011728642,0.9809667673716012,0.7729305904542035,0.7813643394480064,0.005530325341222083,0.0012715832260131214,0.6105302309610195,0.9932183295537195,BARBUNYA
2609,68210,1068.2469999999998,374.5396101583785,235.43998371264672,1.5908071528559997,0.7777193077939846,70112,294.69928630111315,0.7797210791037952,0.972871976266545,0.751129034730215,0.7868307605075364,0.005490978011411501,0.001298239405617584,0.6191026456808681,0.9848729171011986,BARBUNYA
2610,68218,1005.139,384.29156405638093,226.6177580813892,1.6957698607112843,0.8076204375362093,69026,294.7165676760357,0.7484721810780861,0.9882942659287804,0.8485092835994765,0.766908762100218,0.00563328687525845,0.0012020331081845383,0.5881490493860887,0.9973654315549219,BARBUNYA
2611,68247,1088.754,370.36814568575124,237.86379197694248,1.5570597887452042,0.7665068799192755,70172,294.7792041673575,0.7676827896512936,0.9725674058028844,0.7234922815413962,0.7959086319952331,0.005426878041316852,0.0013433299075862079,0.6334705504845237,0.9863515215137404,BARBUNYA
2612,68269,1055.883,344.25340213427353,254.07701234350733,1.3549175462943865,0.6747435178147851,69922,294.82671262883355,0.7488263425763426,0.976359371871514,0.7694879265692911,0.8564235263936144,0.005042602090762623,0.0016733578237843917,0.7334612565604741,0.993779526040915,BARBUNYA
2613,68272,1000.45,350.83968511626375,248.48304846478263,1.4119260339241535,0.7059593048118801,69358,294.8331904622663,0.779067246356966,0.9843421090573546,0.8571596373351011,0.84036442560528,0.005138851727154086,0.0015809440043045772,0.7062123678228924,0.9971196276083621,BARBUNYA
2614,68282,1027.342,374.666593910746,232.81908214085865,1.6092606777139842,0.7834908156407823,69244,294.85478221254334,0.7959202704277888,0.9861070995320894,0.8129915103108655,0.786979108905515,0.0054870477418755455,0.0012982888183617823,0.6193361178537186,0.9966732607500233,BARBUNYA
2615,68309,1097.068,381.57507958369763,229.15176043175774,1.6651632039166993,0.7995934117976213,69725,294.91307204210904,0.7000881400401755,0.9796916457511653,0.7132153747978917,0.772883471226324,0.005586014721101138,0.0012295265669286133,0.5973488600948522,0.9946833417315322,BARBUNYA
2616,68384,1005.6679999999999,363.0102958895796,240.87384716193293,1.5070556648914137,0.7481359325404138,69167,295.0749278186294,0.7438541530696602,0.9886795726285657,0.8496794251374397,0.812855533740523,0.005308409801848087,0.0014295444763485694,0.6607341187325907,0.9957630966229868,BARBUNYA
2617,68384,985.315,364.76295572782993,239.0638113760288,1.5257974581275546,0.7552863136002422,69193,295.0749278186294,0.748249299719888,0.9883080658448109,0.8851445013718964,0.8089498212060803,0.005334039478939956,0.0014090367548766707,0.6543998132293493,0.9984815716244879,BARBUNYA
2618,68389,1030.293,344.67791544848046,253.65376497090708,1.358851959039573,0.6770735661057851,69587,295.0857150471588,0.7920068558987365,0.9827841407159383,0.8096076797417866,0.8561201684860071,0.00503996133074735,0.0016701130909212649,0.7329417428885096,0.9959593231859301,BARBUNYA
2619,68451,1002.0409999999999,384.8935976540137,228.07120577375846,1.6876027657600037,0.8055288859313144,69370,295.2194439339432,0.7202335858585859,0.9867521983566383,0.8566800981070192,0.7670157304079661,0.005622906862631864,0.001200487758605032,0.5883131306932659,0.9928388664908819,BARBUNYA
2620,68456,1005.0579999999999,377.281499838793,232.93298072053045,1.6196997894920246,0.7866506596229864,69503,295.2302258820907,0.7864166896424961,0.9849359020473937,0.8516068251658013,0.7825197525143383,0.0055112992263467485,0.0012747205560428546,0.6123371630751013,0.9918023741308855,BARBUNYA
2621,68460,1022.3279999999999,373.07038327030506,236.51037766003574,1.577395406329963,0.7733687432963333,69842,295.23885115710846,0.7036694418748073,0.9802124795968042,0.8231258629000928,0.7913757414058665,0.0054494651368727,0.0013184527635291099,0.6262755640856849,0.9878841978854657,BARBUNYA
2622,68470,1015.665,344.134644646873,255.58088444473128,1.3464803731097945,0.6696498175537798,69737,295.26041324230476,0.8119485817284887,0.9818317392488922,0.834082901211261,0.8579793340635041,0.005026064621686476,0.0016800226612221072,0.7361285376800542,0.9911826280722067,BARBUNYA
2623,68478,1070.054,361.96366798151075,243.27804929049148,1.4878599571032407,0.7404547030666376,69587,295.2776617768003,0.6868060779298932,0.9840631152370414,0.7515355727904777,0.8157660226602721,0.005285838780068208,0.0014439632030202301,0.6654742037269596,0.9901324202105073,BARBUNYA
2624,68488,1019.038,349.3068275418424,249.94291775309537,1.3975464105244344,0.69857202605797,69675,295.2992210281324,0.761155380699941,0.9829637603157517,0.8287882583817946,0.8453863415903585,0.005100263221905186,0.0016069163172014796,0.7146780665475305,0.9987957665840442,BARBUNYA
2625,68500,1007.1400000000001,339.4168594023328,257.41662259880303,1.3185506669137343,0.651779552938169,69506,295.32509005223153,0.7664335664335664,0.9855264293730037,0.8486346216331251,0.8700955237528833,0.004954990648209238,0.0017518234661721233,0.7570662204548041,0.9982301698785423,BARBUNYA
2626,68513,1015.2019999999999,359.08032577529997,243.5444418870964,1.4743934330546713,0.7348358293225398,69406,295.3531122714643,0.8167101765428125,0.9871336772036999,0.8353681620487737,0.822526579905929,0.005241053898899478,0.0014797834060966567,0.6765499746517448,0.9975008397598369,BARBUNYA
2627,68551,1025.4940000000001,355.97501291738564,245.62837029018445,1.4492422536404816,0.7237943397519206,69684,295.4350081340059,0.727810336773262,0.9837408874347052,0.819138636895215,0.8299318699724865,0.005192849308068236,0.0015196908589372104,0.6887869087960282,0.998219091981617,BARBUNYA
2628,68570,1035.111,367.79310324114584,238.70058244806285,1.540813597810015,0.7607817768827679,69869,295.4759475532486,0.7076367389060888,0.9814080636619961,0.8042112903355882,0.8033754438280425,0.005363761167291029,0.0013782354167314573,0.6454121037459042,0.9944597456428573,BARBUNYA
2629,68572,1010.4319999999999,360.1303412812519,242.96884572231693,1.48220789464027,0.738120236669622,69571,295.48025663583616,0.7439892370453953,0.9856405686277329,0.8440000980409849,0.8204814278757874,0.005251857044876216,0.0014681407010451214,0.6731897734890906,0.9978071968566251,BARBUNYA
2630,68605,1034.797,369.54092413776397,236.67849669268762,1.5613624782212048,0.7679863013619505,69789,295.5513474280837,0.7093375518264627,0.9830345756494576,0.8051101665508297,0.7997797486643262,0.005386501335730107,0.0013594653632895586,0.6396476463735727,0.9987218343302025,BARBUNYA
2631,68616,1034.512,369.45883880700296,237.86808670564278,1.553208939979415,0.7651699245804432,69973,295.575040559158,0.7789483244028699,0.9806068054821145,0.8056829918433001,0.8000215707751949,0.005384441512285808,0.0013605898107582018,0.6400345137056102,0.994107328582931,BARBUNYA
2632,68619,1055.776,360.48610426921084,243.5502783855451,1.4801301261440314,0.7372534510546517,70143,295.58150199256744,0.7170219435736677,0.9782729566742226,0.7735896988120792,0.8199525543204498,0.005253444443509973,0.001464801577740696,0.6723221913366301,0.9951243298725178,BARBUNYA
2633,68638,1006.709,326.93281795327135,269.37996024751294,1.2136493659471828,0.5666462075458533,69930,295.6224211245353,0.770347923681257,0.9815243815243815,0.851072547432002,0.9042298750405313,0.0047631460408705285,0.001964215197334702,0.8176316669158149,0.9923181541307167,BARBUNYA
2634,68648,1004.9099999999999,347.2563822988225,252.65460664803336,1.3744312320518122,0.6860295394225101,69720,295.6439552349742,0.7288634071242767,0.9846242111302352,0.8542469109985678,0.8513708323453231,0.005058506909142619,0.0016393707405530555,0.7248322941683684,0.9962321431047719,BARBUNYA
2635,68676,1082.871,373.7116264588063,235.15909216706223,1.5891863802285529,0.7772006802895493,69854,295.7042424014779,0.7066304482034819,0.9831362556188622,0.7359721994157542,0.7912631597884552,0.005441662683598437,0.00131581600319173,0.6260973880384106,0.9949854417673133,BARBUNYA
2636,68725,1130.424,371.8093491396061,236.3081529980224,1.573408891832512,0.7720492582691406,70474,295.809715377849,0.6925759087381967,0.9751823367483043,0.6758368588463984,0.7955951512848566,0.0054101032977752804,0.0013370690339501328,0.632971644747974,0.9959232141243122,BARBUNYA
2637,68732,1029.691,359.0093548494892,244.45578013270685,1.4686065293878308,0.7323600568858102,69923,295.8247798760902,0.7902500718597298,0.9829669779614719,0.8146198938944972,0.8240029845464932,0.005223321812976332,0.001485394068987413,0.6789809185415283,0.9971558102998354,BARBUNYA
2638,68764,1045.125,354.6890078360358,247.50082613080738,1.4330821168595942,0.7162958454269468,69957,295.8936363867407,0.7250603654614662,0.9829466672384465,0.7911057166239778,0.8342340186745376,0.005158062472166189,0.0015410543057970945,0.6959463979138688,0.9973483371432166,BARBUNYA
2639,68770,1032.496,353.78288336373254,248.615876334195,1.423010020841025,0.7114509679166234,69908,295.90654519871157,0.7550505050505051,0.983721462493563,0.8106476586823356,0.8364071839351342,0.005144436285643922,0.0015530612106853723,0.6995769773383016,0.9955050491020777,BARBUNYA
2640,68774,1136.3049999999998,373.3326894445601,235.58363170135866,1.584714042942598,0.7757595075378183,70416,295.9151507605112,0.6868470987715969,0.9766814360372642,0.6693361987597369,0.7926312351612451,0.005428398660025011,0.0013217101572611696,0.628264274953241,0.9956192191975506,BARBUNYA
2641,68804,1058.9499999999998,383.94461609287737,228.98205358672155,1.6767454482954378,0.8026922540451458,69932,295.97968449871377,0.7644888888888889,0.9838700451867528,0.7710324242287775,0.7708916132505824,0.0055802659161222805,0.001215648283259921,0.5942738793800855,0.9964460222914304,BARBUNYA
2642,68823,1054.403,368.62933543605516,239.06428286603543,1.5419674198785445,0.7611957981626472,70191,296.0205485896344,0.7051536885245901,0.9805103218361328,0.7779115108198037,0.8030303617574789,0.005356193938596911,0.0013739278271306195,0.6448577619043474,0.9943496593122992,BARBUNYA
2643,68838,1021.5459999999999,324.8827085275856,270.18965099217326,1.202424694412136,0.5552958058384948,69878,296.05280572978717,0.7575270710449864,0.9851169180571854,0.8289383891226446,0.9112605810002643,0.0047195256766260725,0.002007467173854726,0.8303958464849397,0.9984884719507605,BARBUNYA
2644,68843,1102.682,371.979447528661,236.3442579432705,1.5738882372930207,0.7722085655315304,70506,296.06355732883236,0.775259009009009,0.9764133548917823,0.7114904595518088,0.7959137508693156,0.005403300953309138,0.0013375282153687993,0.633478698822863,0.9970246726529922,BARBUNYA
2645,68852,981.885,354.74420440489797,248.50699375406504,1.4275018945984699,0.7136283871301722,69563,296.0829092232536,0.7740006295247088,0.9897790492071935,0.8974394843985701,0.8346377630607051,0.005152271602929442,0.0015423063022841747,0.6966201955269778,0.9944266489303173,BARBUNYA
2646,68859,1084.476,413.5414071229865,217.10722214410688,1.9047795970992374,0.8511052345049128,70948,296.0979598222834,0.7101794554455445,0.9705559000958448,0.7357507014566338,0.716005591513172,0.006005626092783609,0.0009736518826502699,0.5126640070781272,0.9765119408495557,BARBUNYA
2647,68862,1033.621,356.63688953285674,246.2047294480666,1.448537931551328,0.7234743427839884,70125,296.10440984482614,0.721460900176012,0.9819893048128342,0.8099661093976501,0.8302685968147617,0.005179008590120193,0.001518101613588957,0.6893459428567534,0.9985437461890215,BARBUNYA
2648,68882,1003.4759999999999,356.958068501755,246.81824738744032,1.4462385673674438,0.7224254164397671,69727,296.14740640506625,0.7788557213930348,0.9878813085318456,0.8596103432447485,0.8296420015047515,0.005182167598236913,0.0015144472100987426,0.6883058506608102,0.9954544673703201,BARBUNYA
2649,68888,1079.833,364.55293237533976,241.57088052589182,1.509093031336062,0.7489295121429937,70428,296.1603041559012,0.7425036107697945,0.9781336968251264,0.7424039078486891,0.8123931474811942,0.005291965688876724,0.0014218762115438776,0.6599826260744012,0.9959751818117528,BARBUNYA
2650,68894,1040.782,369.55645125847684,238.5738340814513,1.5490233984851283,0.7637027596686936,70189,296.1732013450648,0.7831978627863355,0.981549815498155,0.7992298936589954,0.8014288489254758,0.00536413114724761,0.0013650200689167332,0.6422881998900132,0.9949194502005235,BARBUNYA
2651,68901,1003.207,373.05371542201357,236.0557592088097,1.5803626934262534,0.7743429557541054,69802,296.18824735596354,0.7096757580751483,0.9870920603994154,0.8603086339772376,0.7939560312940546,0.005414343992424109,0.0013271237338778267,0.6303661796282058,0.9962071934820487,BARBUNYA
2652,68924,1031.2959999999998,366.94526343284866,239.93023197576278,1.5293831894845025,0.7566169648192479,69919,296.2376788683815,0.7713415998925646,0.9857692472718431,0.8143548199609462,0.8073075425392248,0.005323911314387567,0.0013949756129024071,0.6517454682407224,0.9967685629500668,BARBUNYA
2653,68936,1025.523,381.00704957919646,231.0529832111329,1.6490029441906737,0.7951391238805433,70001,296.2634659485762,0.7715363350457196,0.9847859316295482,0.8236925424469075,0.7775800113824262,0.005526967761100099,0.0012463701695219328,0.6046306741014941,0.9970377617413556,BARBUNYA
2654,68942,1072.869,368.5849917054826,238.62279988400016,1.5446344267381824,0.7621483856883758,70514,296.27635864700983,0.7130209949322577,0.977706554726721,0.7526626212062374,0.8038210055056965,0.005346305469894732,0.0013768002496116272,0.6461282088921889,0.9980318755415548,BARBUNYA
2655,68957,1009.6489999999999,378.0677526301804,233.08148569918714,1.6220411136305832,0.7873492817941116,69918,296.3085879388288,0.7029255861365953,0.9862553276695558,0.8500557006367206,0.7837446750679975,0.005482659521588532,0.001276055171616463,0.6142557156974409,0.9963480251438279,BARBUNYA
2656,68971,1088.6470000000002,370.571474240195,237.67884109279692,1.5591268980292312,0.767219512227852,70444,296.33866544872086,0.7274270948689553,0.9790897734370564,0.7313112032189533,0.7996801860054713,0.005372859234173711,0.0013553472128883595,0.6394883998897452,0.997043565245775,BARBUNYA
2657,68978,1054.8129999999999,373.1035189600218,236.81888213186002,1.575480449875103,0.7727364485769592,70161,296.3537030589327,0.8235982424300315,0.9831387808041504,0.7790575033925733,0.7942935083672773,0.005409021991939775,0.0013280748807237095,0.630902177434398,0.9939740463315275,BARBUNYA
2658,68988,1043.643,352.0409440396784,249.98932717153673,1.408223895086994,0.7040863624608956,70402,296.3751840356905,0.7395163365063031,0.9799153433141103,0.7959384585552476,0.8418770289466279,0.005102930133351864,0.0015812262806612575,0.7087569318680013,0.9980884472650637,BARBUNYA
2659,68999,1012.123,391.5149719407793,225.36613368725244,1.7372396000017318,0.8177132107263734,69656,296.39881131202515,0.676440888993461,0.9905679338463306,0.8464203033824423,0.7570561346421729,0.0056742122630875705,0.001149734789656079,0.5731339909993479,0.9956710652711034,BARBUNYA
2660,69002,1037.299,369.3259432958583,238.325742267005,1.5496687004213292,0.7639299180547336,70098,296.40525478779165,0.7144765316793854,0.9843647464977603,0.8058674684846715,0.8025573620490245,0.005352394760961396,0.0013697213701623885,0.6440983193790891,0.9981390055357553,BARBUNYA
2661,69013,1050.088,373.4753857915928,236.54975997892254,1.5788449154413469,0.7738454820694156,70370,296.42887966729523,0.7377518841199423,0.9807162142958648,0.7864830721510305,0.7937039251971182,0.005411667161137653,0.0013247836298721336,0.6299659208733125,0.994618491072155,BARBUNYA
2662,69053,1142.711,400.11905663299274,221.0364114104555,1.8101952256634686,0.8335615441336542,70386,296.5147724525663,0.6678756576911173,0.9810615747449777,0.6645376620098078,0.7410663589676086,0.005794376155025744,0.0010779902742790361,0.5491793483935086,0.994121834494904,BARBUNYA
2663,69112,1103.241,396.14079826283785,223.26823986239393,1.7742819064054511,0.8260421840817173,70526,296.6414189147169,0.6755816226783968,0.9799506564954769,0.7135469243511503,0.7488282454509937,0.005731867089113871,0.0011117438708528893,0.5607437411852136,0.9949174741150258,BARBUNYA
2664,69123,1053.271,356.3549968757904,248.6214023369974,1.433323895393221,0.7164104936762575,70470,296.66502498732245,0.725883687228278,0.9808854831843338,0.7829827408197233,0.8324985690904364,0.005155375155531305,0.0015274746796640976,0.6930538675376241,0.9933706691363651,BARBUNYA
2665,69221,1021.744,378.5480822103894,233.55537934489038,1.6208065225138266,0.7869813496944965,70135,296.8752507807154,0.820542911332385,0.986967990304413,0.8332273961021515,0.7842471398804185,0.005468688435740446,0.0012760706447162106,0.6150435764106169,0.996866640276559,BARBUNYA
2666,69229,1028.2109999999998,374.70260482596285,236.6692320100508,1.5832332815025576,0.7752790568517036,70463,296.8924054981376,0.7769373211379833,0.9824872628187843,0.8228741716799545,0.7923414507247272,0.005412509278278797,0.0013159152555179555,0.6278049745365656,0.9939617299791562,BARBUNYA
2667,69232,1021.5130000000001,339.7519042486327,260.2171528692769,1.305647612013152,0.6429556109299891,70543,296.8988382616287,0.7796747601243299,0.9814155904909062,0.8337367518738886,0.873869534059642,0.00490744026243114,0.001765310804074378,0.7636479625576158,0.99705513873206,BARBUNYA
2668,69236,1003.29,379.8828948294386,232.82880566669252,1.631597489587531,0.7901633842897096,69916,296.9074150628167,0.7035892849884151,0.9902740431374792,0.8643484671476966,0.7815761622963399,0.005486782812834922,0.0012629400998400591,0.6108612974698746,0.9966797594380294,BARBUNYA
2669,69303,1068.546,353.1006250131228,250.5911174274709,1.4090707948390129,0.7045165587422781,70842,297.0510396695843,0.7140590386894029,0.9782755992208012,0.7627381217575356,0.8412645535774529,0.005095026550266551,0.0015741879220282486,0.7077260491058712,0.9972361065418841,BARBUNYA
2670,69339,1031.231,374.91212537299003,236.39899900182388,1.5859294115289273,0.7761526217702283,70486,297.12818242703173,0.7114538122941484,0.9837272649887921,0.8193614332327386,0.792527534636088,0.005406944509914911,0.001315797673986553,0.6280998931563557,0.9961220939348412,BARBUNYA
2671,69354,1088.9950000000001,373.50013943592563,237.30933746083502,1.5738956731846558,0.7722110353952817,70740,297.16031933211144,0.7584645669291339,0.9804071246819338,0.7349023001160631,0.7956096610322407,0.0053854159736413994,0.0013310648324670548,0.6329947327278372,0.9962676709890207,BARBUNYA
2672,69379,1064.7459999999999,365.5651890074011,242.65960137331345,1.50649381659952,0.747916370468593,70780,297.2138731186363,0.7381294351707042,0.9802062729584629,0.7690345745545338,0.813025643731682,0.0052691043256230434,0.0014201477692841128,0.6610106973653161,0.9958085282869854,BARBUNYA
2673,69386,1036.784,374.2182332975,236.5689490830192,1.581856937472278,0.7748310070050201,70292,297.2288664497343,0.7152605970641597,0.9871109087805156,0.8111574158696744,0.7942661260266283,0.0053932815452324675,0.001324027542558039,0.6308586789533478,0.9979281778669498,BARBUNYA
2674,69392,1065.193,383.8567096345237,230.4881579415459,1.6654075118769167,0.7996595701160929,70781,297.24171727444724,0.7613780996269476,0.9803760896285726,0.768533249320949,0.7743559245257324,0.00553171416927778,0.0012268797432813834,0.5996270978481016,0.9986234730811837,BARBUNYA
2675,69417,1047.174,366.41299980420314,243.3562737631609,1.5056649008391847,0.7475918754178592,70839,297.29525639821566,0.790266393442623,0.9799263117774107,0.795496005880097,0.8113665632962769,0.0052784332339946,0.00141108514714174,0.6583157000352111,0.9912028432143947,BARBUNYA
2676,69448,993.332,374.95516829351834,236.50108855845662,1.5854268180285338,0.7759901903241108,70025,297.36163152425627,0.7832275090505137,0.9917600856836843,0.8844652091651927,0.7930591619195361,0.0053990779906335435,0.001317412290095622,0.628942834304517,0.997142836513258,BARBUNYA
2677,69473,1091.1870000000001,380.61949130353514,234.2548317788413,1.6248095649223404,0.7881706665652886,71276,297.41514906168777,0.7409188831772711,0.9747039676749537,0.7332086003336812,0.7813975790969311,0.005478667846552403,0.0012599200279446315,0.6105821766185447,0.9920797607409132,BARBUNYA
2678,69473,1021.7040000000001,351.0587716367821,252.6363031612477,1.3895816525335842,0.6943462814955232,70650,297.41514906168777,0.7568936777539303,0.9833404104741684,0.8363262528393077,0.8471947522490737,0.0050531684487035555,0.0016057449558003548,0.7177389482383695,0.9973568737807901,BARBUNYA
2679,69483,1073.845,371.1624669181823,239.71066406021717,1.5483769500757105,0.7634748449796062,70724,297.4365533804366,0.744088669950739,0.9824529155590747,0.7571906223031977,0.8013648466400629,0.005341773770824264,0.0013588965734547584,0.6421856174304517,0.9943454076994497,BARBUNYA
2680,69509,1046.853,373.8295468556167,238.14590006388502,1.5697500849493238,0.7708273730732051,70544,297.49219740187544,0.7313657407407408,0.9853283057382627,0.7970388682455848,0.7957963727162936,0.005378145950245532,0.0013305162025988248,0.6332918668284099,0.9941099617516124,BARBUNYA
2681,69509,1061.856,374.3445948525038,237.98385019650152,1.5729831858061385,0.7719076279909391,71008,297.49219740187544,0.7089861281109752,0.9788897025687247,0.7746752015600342,0.794701463551493,0.005385555753247836,0.0013250319191838319,0.6315504161708849,0.9934181856256711,BARBUNYA
2682,69522,1025.9289999999999,363.17925777358585,244.66590624032563,1.484388500851644,0.7390249252872837,70630,297.52001551001234,0.7862167235880849,0.9843126150361037,0.8300371086960296,0.8192098230882257,0.005223947207698079,0.0014513065227182015,0.6711047342442419,0.9961801503792511,BARBUNYA
2683,69525,1014.682,347.6635952781685,255.73371622472143,1.3594750055274891,0.6774399632279101,70517,297.5264347040649,0.7498867484953728,0.9859324701844945,0.8485763994863317,0.8557882928927648,0.00500055512805708,0.001654486952162804,0.7323736022523126,0.9956436069701496,BARBUNYA
2684,69561,1008.8829999999999,339.90532795710635,260.92743052143135,1.3026814669421587,0.6408724660517858,70592,297.60345423284764,0.7984504132231405,0.9853949456029012,0.858804027708047,0.8755480710511342,0.004886435329525257,0.0017712990934382318,0.7665844247213621,0.9986153229310348,BARBUNYA
2685,69570,1025.985,341.45398245454385,260.8840028644013,1.308834496195691,0.6451706026807539,70767,297.62270600077755,0.7832254432873628,0.9830853363856035,0.8305195205789287,0.8716334302541007,0.0049080635684137395,0.001747533284380425,0.7597448367365301,0.994380250627334,BARBUNYA
2686,69575,1076.93,363.90280388536917,244.23106064152887,1.4899939546161534,0.7413273123994998,71278,297.6334008893305,0.7322836303164897,0.9761076348943573,0.7538555361042625,0.8178925738178324,0.005230367285452665,0.0014437666624542652,0.6689482623063586,0.9967288667874551,BARBUNYA
2687,69580,1012.7769999999999,352.2390496882487,252.62604858596256,1.3943100945443092,0.6968667998974428,70646,297.6440953935969,0.817069447380164,0.9849106814256999,0.8524455115415412,0.8450059573378608,0.005062360587643701,0.0015921057913795202,0.7140350679364745,0.9955863030824581,BARBUNYA
2688,69584,1047.3509999999999,367.0781472617785,242.04981146564418,1.5165396950283536,0.7517959142666785,71131,297.65265072035146,0.7533671127279027,0.9782513953128734,0.7971402727978198,0.8108699821569142,0.005275324029400128,0.0014068046566368102,0.6575101279631546,0.9971402089392961,BARBUNYA
2689,69589,1026.8719999999998,385.7660295363922,230.7242449535832,1.671978727740555,0.8014261573387874,70774,297.66334453300635,0.739097648533254,0.9832565631446576,0.829311782566493,0.7716162692986048,0.005543491493431321,0.0012121842930604464,0.5953916670462972,0.9954822019753958,BARBUNYA
2690,69598,1026.093,337.9046610347377,264.61089264714826,1.2769869662369675,0.6219041781306167,70707,297.68259242770284,0.7827299616496283,0.9843155557441272,0.8306788901779294,0.8809662214073457,0.004855091540485901,0.0018039072846655825,0.7761014832607365,0.9910714786011384,BARBUNYA
2691,69651,997.4649999999999,361.70289486453515,245.9155265276614,1.4708420406462202,0.7333209172924413,70419,297.795915906093,0.7461834310017891,0.989093852511396,0.8797147803520011,0.8233163741131334,0.005193075402571896,0.0014718766044915642,0.6778498518827972,0.9970100593950314,BARBUNYA
2692,69673,1063.011,390.0669853865217,228.72407671980594,1.7054041313908803,0.8100424213319818,70866,297.84294317699215,0.7444889672490249,0.983165410775266,0.7748164948436156,0.763568705723342,0.005598538679065373,0.0011739427800295738,0.5830371683600198,0.9943139956756181,BARBUNYA
2693,69714,1023.3009999999999,370.48659254222383,240.05614728145213,1.5433330774397935,0.7616843423334565,70851,297.9305651014463,0.7305632695834425,0.9839522377948088,0.8366100339968915,0.8041601804186519,0.005314378640477147,0.0013708897019755195,0.646673595770959,0.9980327506602508,BARBUNYA
2694,69727,1033.0669999999998,345.3283279966475,257.83972101504645,1.3393139219868126,0.6652160344327537,70784,297.9583422825222,0.7228217488208158,0.985067246835443,0.8210202456190847,0.8628262384701172,0.004952576878349097,0.0016931848053485436,0.7444691177924917,0.9970778539487246,BARBUNYA
2695,69728,1007.0229999999999,340.83792270991387,261.4609765341393,1.3035900317820859,0.6415127882157312,70842,297.96047888150105,0.7943495101389838,0.9842748651929646,0.8640488430740978,0.8741999027352784,0.004888106968648375,0.0017610167194486038,0.7642254699423702,0.9962367046508538,BARBUNYA
2696,69741,1033.122,385.554742799373,231.67263856823266,1.6642221765252554,0.7993382590745314,70820,297.9882532741433,0.7682419035029743,0.9847641909065236,0.821097660539347,0.7728818250569525,0.005528379902774164,0.0012168303149436425,0.5973463155033657,0.9941169853263533,BARBUNYA
2697,69773,1095.0569999999998,387.1163104294507,231.1532909074222,1.6747168465989626,0.8021549991656213,71055,298.0566099834166,0.7624464551097124,0.9819576384490888,0.7311791675774842,0.7699407179531262,0.0055482251075552255,0.0012027157184502963,0.5928087091621755,0.9927867320444802,BARBUNYA
2698,69785,1037.3419999999999,367.5228761685637,242.78529573708724,1.5137773276292443,0.7507388207059617,70841,298.08223970800964,0.7585490988934542,0.985093378128485,0.8149444807913447,0.8110576484803487,0.005266502488623109,0.0014057527866980985,0.657814509158473,0.9957846897496563,BARBUNYA
2699,69806,1052.4449999999997,361.0514467684392,247.35923197139167,1.4596238995850237,0.7284415132897035,71110,298.12708642420057,0.7190934844192635,0.9816622134720855,0.7919610058582184,0.8257191297599336,0.005172212227723107,0.0014831513934925769,0.6818120812515021,0.9951892088204985,BARBUNYA
2700,69816,1028.089,367.5514924696798,243.53739539054695,1.5092199367586179,0.7489788093280675,70868,298.148439632392,0.7656438488364442,0.9851555003668793,0.8300483719151693,0.8111746129203571,0.005264573915287037,0.0014060487907796933,0.6580042526464912,0.993073136566039,BARBUNYA
2701,69824,1055.5720000000001,389.0487082791876,229.11279950613695,1.6980662325186537,0.808202133866579,70943,298.1655210979096,0.6883959380853791,0.9842267736069803,0.787478789987056,0.7663963785324824,0.005571847907298173,0.0011857490665826262,0.5873634090277042,0.9973819710869868,BARBUNYA
2702,69852,1094.715,378.09152194660066,236.36655567889667,1.5995982209100554,0.7804990357994239,70620,298.2252985225106,0.768812529579449,0.989124893797791,0.7324644843666369,0.7887648392301961,0.005412751559677614,0.0012923734511190944,0.6221499716058372,0.9951899877199385,BARBUNYA
2703,69856,1020.927,366.0105965870398,243.40484235188637,1.5037112370094277,0.7468243916846432,70962,298.2338371765007,0.7897616786505676,0.9844141935120205,0.8422173793282928,0.8148229585631099,0.00523950121087723,0.0014246977445210077,0.6639364538015396,0.9983687062415659,BARBUNYA
2704,69886,1084.5379999999998,386.1316044816055,231.55131557633624,1.6675854486963961,0.8002478277810874,71333,298.2978692906833,0.7776862814920324,0.9797148584806471,0.7466387076043023,0.7725290181599046,0.005525163902378238,0.0012139034198903383,0.5968010838991061,0.9952168032763864,BARBUNYA
2705,69892,1052.973,389.85577069142295,228.67146576459547,1.7048728374914854,0.8099101140990341,71139,298.31067406418765,0.6842697839261414,0.982470937179325,0.7921416737789596,0.765182142963084,0.0055779741700255105,0.0011795478599190778,0.5855037119095773,0.9982093746850784,BARBUNYA
2706,69900,1039.311,387.10436858601554,230.41967300576263,1.6799970399069801,0.8035486055115209,70979,298.32774624058663,0.742771526028882,0.9847983206300455,0.8131974199225714,0.7706648915647603,0.0055379737995138135,0.0012050164018994386,0.5939243750905238,0.9977911920806829,BARBUNYA
2707,69923,1053.3449999999998,368.80794834626283,242.68590107396125,1.519692519071656,0.752993591923654,71044,298.37682330656446,0.7560878027681661,0.9842210461122685,0.7919333656044646,0.8090303493850608,0.005274486911978359,0.001393860261481361,0.6545301062261134,0.9946845059390007,BARBUNYA
2708,69949,1119.1979999999999,367.4970116648111,243.0003602572906,1.5123311392448247,0.7501824892014582,71364,298.43229201056624,0.785449604743083,0.9801720755563029,0.7017420857483248,0.8120672618768453,0.005253785067189111,0.0014093539413500553,0.6594532378121569,0.9973116664191476,BARBUNYA
2709,69963,1080.634,379.31238899210564,236.97621447342075,1.6006348562659198,0.7808231579624472,71325,298.4621555043556,0.7824613595186436,0.9809043112513144,0.7528718037621125,0.7868505331381815,0.005421614124495886,0.0012819684600110675,0.6191337614998408,0.9910070793476758,BARBUNYA
2710,69985,1009.0299999999999,378.87767255161464,236.0335037610213,1.6051859863725952,0.7822371517606808,70931,298.5090778155505,0.7025477834885963,0.9866630951206101,0.8637870198956018,0.7878771947821351,0.005413698257506818,0.0012867907442781492,0.6207504740577665,0.9964199619916717,BARBUNYA
2711,70002,1048.285,382.0247491750567,234.11210309072325,1.631802645534367,0.790223146932604,71186,298.54533091400185,0.7057506956486672,0.9833675160846234,0.8005004295615061,0.7814816489211234,0.005457340492772445,0.0012555556031149313,0.6107135676004778,0.9965640152741914,BARBUNYA
2712,70019,1031.181,367.38114420822933,243.07675965105884,1.511379141040105,0.7498151687683305,71281,298.5815796106842,0.7374146937399949,0.9822954223425597,0.8274770610531886,0.8127297340046663,0.005246877907542658,0.0014120995565956272,0.6605296205352958,0.9983106905161819,BARBUNYA
2713,70023,1025.656,363.03418551277804,246.50851804952433,1.4727044257344621,0.7341171084674233,71050,298.59010807625606,0.7198087993421053,0.9855453905700211,0.8364637554888036,0.8224848237212259,0.00518449917188321,0.0014635182586427748,0.6764812852517361,0.996256982716769,BARBUNYA
2714,70027,1018.064,372.3035743259188,240.1702666954873,1.5501651367942386,0.7641044340494773,70967,298.59863629824105,0.7798801674982181,0.9867544069778912,0.8490342778624667,0.8020300015622315,0.005316571812671095,0.0013569814290373887,0.6432521234059132,0.9971470158727116,BARBUNYA
2715,70040,1048.175,363.10953495290937,247.00751340434707,1.4700343724302236,0.7329744188673722,71356,298.62635133767213,0.7829197406662195,0.9815572621783732,0.8011030904761774,0.822413962157177,0.00518431660412492,0.0014629624446225555,0.6763647251510666,0.9942793942713886,BARBUNYA
2716,70042,1025.456,399.90401786292057,223.28104034420636,1.7910343719575794,0.8296145292322256,70743,298.6306149615948,0.6571653750164193,0.9900908923851123,0.8370171211613008,0.7467557254299947,0.005709488847590311,0.0010951944541176296,0.5576441134624774,0.9987597745311094,BARBUNYA
2717,70046,1110.9539999999997,380.2886320732078,235.46722175985784,1.6150385146219912,0.7852488654081705,71441,298.6391420268268,0.7007122564123084,0.9804733976288126,0.7131831107276156,0.7852960010893436,0.005429127031853465,0.0012736300872071332,0.6166898093269143,0.9959777936378585,BARBUNYA
2718,70056,1097.408,374.0286818220391,239.79542991021793,1.5597823609986212,0.7674447527796197,71547,298.66045862478444,0.70828025477707,0.9791605518051071,0.7310026595955136,0.7984961398411834,0.005338995686622689,0.0013388459729264796,0.6375960853412705,0.9945111273570855,BARBUNYA
2719,70066,1042.4940000000001,374.28319440528264,239.14903718954523,1.5650625183518196,0.769246514328196,71094,298.68177370139927,0.7235233374638579,0.9855402706276197,0.8101586262693451,0.7980101115039101,0.0053418661605526595,0.0013363073050701862,0.6368201380624833,0.9966633290132236,BARBUNYA
2720,70069,1111.0600000000002,393.3433339491918,227.88812623413278,1.7260369833620464,0.8150704467939186,71813,298.6881679277706,0.7405148908287713,0.9757147034659462,0.7132811686460138,0.7593573912361058,0.005613657023065718,0.0011513584055669688,0.5766236476249041,0.9952737412817094,BARBUNYA
2721,70082,1020.3969999999998,374.3931053127249,238.78713110800948,1.567894817344145,0.7702037760174373,71054,298.71587466040313,0.7945264494478833,0.9863202634615926,0.8458201069765671,0.797866922284507,0.005342214909858807,0.0013354356331490322,0.6365916256757516,0.9981087106616948,BARBUNYA
2722,70114,1011.7969999999999,371.37162811830314,241.12252142294506,1.5401781050012016,0.7605532516242643,71138,298.7840649023324,0.7755801862790647,0.9856054429418876,0.8606524978925468,0.8045419797312909,0.005296682946605573,0.0013689216099976257,0.6472877971499452,0.996938492804805,BARBUNYA
2723,70135,1026.3110000000001,388.0247906432626,230.70701232274257,1.6818942204515384,0.8040455427227601,70895,298.8288062921656,0.7551791713325868,0.9892799210099443,0.8367326155262866,0.7701281296918452,0.00553254139364458,0.0012004840148232216,0.5930973361426596,0.9975269818235425,BARBUNYA
2724,70136,1018.018,368.72153632050004,242.8384350521175,1.5183821137760412,0.7524969396364015,71134,298.83093666744975,0.7275820573467778,0.9859701408609104,0.8504326856042055,0.8104515392550871,0.00525723645945734,0.0013990894429728954,0.65683169748094,0.9973215012162149,BARBUNYA
2725,70213,1067.05,386.60281934711776,232.09088091520158,1.6657389459793976,0.7997492668253975,71494,298.9949299812456,0.6748654363706267,0.9820824125101407,0.7749217549378558,0.7733904540224991,0.005506143012648908,0.0012151292609861824,0.5981327943731274,0.996333090454805,BARBUNYA
2726,70236,1079.405,362.85658249628506,248.41654489273122,1.4606780021554933,0.7289061960192301,71461,299.0438975535513,0.7215533182658722,0.9828577825667147,0.7575316512029441,0.8241379982588931,0.005166247828695897,0.001470126656697726,0.6792034401741756,0.9920975240507527,BARBUNYA
2727,70249,1056.843,378.12648303934196,237.30592184936017,1.5934135991742064,0.7785493024312593,71505,299.0715713305102,0.7062330350859556,0.9824347947695965,0.7903674751023281,0.7909299791080581,0.005382660009955188,0.0012993581069048203,0.6255702318518731,0.996792114671336,BARBUNYA
2728,70264,1101.506,398.9485457717314,226.3556467041933,1.762485502705777,0.8234557107393589,71973,299.1034994299991,0.639787296037296,0.9762549845080795,0.7277278565290116,0.7497295142445232,0.005677851328870138,0.0011065784561150509,0.5620943445293287,0.9906831333858481,BARBUNYA
2729,70292,1075.4489999999998,391.71694298964906,229.86407552475384,1.7041242399248482,0.8097234452791048,71620,299.16308943204217,0.7744138903578354,0.9814576933817369,0.7637234473356315,0.7637226185540497,0.005572710166016745,0.0011694693138906132,0.5832722380910544,0.9939683594061832,BARBUNYA
2730,70314,1019.1840000000001,376.3267496474308,238.29378230079803,1.5792554300573143,0.7739802072566415,71331,299.2099018222964,0.7080824152585043,0.9857425242881777,0.8506413192417215,0.7950800789543053,0.0053520884837646955,0.0013193090338810077,0.6321523319499843,0.9983300028554066,BARBUNYA
2731,70341,1168.554,402.91343735870515,223.49115311857054,1.8028160476891195,0.8320585832398298,71605,299.26734338416554,0.6733258031167438,0.9823476014244815,0.6473226888964341,0.7427584082228915,0.005728002692010423,0.0010754080509703546,0.5516900529858036,0.9945956808732674,BARBUNYA
2732,70344,1037.985,378.6510948716092,237.90977324387543,1.591574359088911,0.7779641319120302,71521,299.273725099365,0.8213535098781001,0.9835432949763007,0.8204550058107525,0.790368043702187,0.005382848499823854,0.001295714770002636,0.6246816445056222,0.9942272879886427,BARBUNYA
2733,70374,1067.18,394.9477693474057,227.14445385822413,1.7387515417564134,0.8180653339890803,71394,299.33753476834863,0.7923393906640546,0.9857130851332044,0.7765094503731954,0.757916762672089,0.005612126202111657,0.0011423343620437555,0.5744378191393398,0.9988046436717187,BARBUNYA
2734,70380,1081.527,369.95935461685593,244.2695499557457,1.5145537161053493,0.7510366614202821,71769,299.350295069941,0.8000818498056067,0.9806462400200644,0.7561089775672828,0.8091437379113163,0.005256597820643022,0.0013899117392806313,0.654713588601097,0.9915988986004602,BARBUNYA
2735,70413,1068.42,371.22531730031005,243.17443212860846,1.5265803812136751,0.7555778540652559,71731,299.42046700824744,0.7166279921836834,0.981625796378135,0.7751374037955902,0.8065734017974462,0.005272113349811967,0.0013763854937422688,0.6505606524871047,0.9931331288763815,BARBUNYA
2736,70466,1051.738,379.7271200116001,238.29547507110658,1.593513766462795,0.7785811007692229,71737,299.53313299083953,0.7798362107127047,0.9822825041470928,0.8005239919705632,0.7888115365099265,0.005388799137337157,0.001286959183127484,0.6222236401311512,0.9915219363675815,BARBUNYA
2737,70477,1024.772,355.12048993234,253.3520960266826,1.4016875940704248,0.7007308489829807,71580,299.5565111866208,0.7931775721970874,0.9845906677842973,0.8433401405160498,0.8435348555744964,0.0050388139383393165,0.001573693734083769,0.7115510525690865,0.9973722829338411,BARBUNYA
2738,70483,1068.7250000000001,371.4852201367336,242.91510708780618,1.5292800212810698,0.7565788428133997,71947,299.56926216080393,0.7910106054654621,0.9796516880481465,0.77546519011924,0.8064096387214024,0.005270564818988034,0.0013748640681716547,0.6502965054227826,0.9944854536519584,BARBUNYA
2739,70518,1045.719,371.09996845348724,243.2863132985028,1.5253631140283757,0.7551243327415881,71865,299.6436320291726,0.8072115384615385,0.9812565226466291,0.81036346491583,0.807447204261159,0.005262485726388826,0.0013798352461136365,0.6519709876691621,0.9944924960071888,BARBUNYA
2740,70521,1023.4379999999998,352.490347595676,255.6633402023918,1.3787285549685482,0.6884266878309705,71546,299.65000573046615,0.7605146234147183,0.985673552679395,0.8460679614904202,0.8500942161235565,0.00499837420903952,0.0016101887018679655,0.7226601762867242,0.9963522205851115,BARBUNYA
2741,70522,1054.957,368.15640352450674,244.52000893220978,1.505628946817901,0.7475777852045621,71668,299.65213026743714,0.7298827377071238,0.9840095998213987,0.79627846035644,0.8139261667018389,0.005220447569900269,0.0014132778227867464,0.6624758048419498,0.9974427483365261,BARBUNYA
2742,70573,1049.0159999999998,394.676397227454,228.3701261417378,1.7282312879334238,0.8155928246531318,71745,299.7604616866518,0.6726362943194815,0.983664366854833,0.8059056839450888,0.7595094710310187,0.0055924559991420795,0.001147929228361489,0.5768546365858178,0.9969382315370751,BARBUNYA
2743,70574,1055.918,383.8421793353649,235.49608790372727,1.6299301731597458,0.7896766836516673,71425,299.7625854407774,0.7141310397166709,0.9880854042702135,0.795415794735713,0.7809526976942085,0.005438861044228255,0.0012479197091985659,0.6098871160358619,0.9940734126482303,BARBUNYA
2744,70620,1163.561,391.03948442092394,230.86227173212748,1.693821521754114,0.8071247148961269,72221,299.860261870754,0.6992633079847909,0.9778319325403968,0.6554797279639748,0.7668286038040535,0.00553723427387318,0.0011810434581361708,0.5880261076120741,0.9960112764266317,BARBUNYA
2745,70648,1017.479,367.61194624973086,245.767533696383,1.4957709861867774,0.7436658087194412,71492,299.9197015143383,0.7709970316046796,0.9881944832988306,0.8575487669775242,0.8158595077609176,0.0052034303341882415,0.001422102903926596,0.6656267364038867,0.9956251599431278,BARBUNYA
2746,70651,1028.338,378.2561005095492,238.69744090953304,1.5846675987318575,0.7757444631311471,71776,299.92606934890466,0.7639267332727823,0.984326237182345,0.8395690267214158,0.7929179964179665,0.005353867609935446,0.0013054507441036206,0.6287189490434822,0.9963105472579523,BARBUNYA
2747,70657,1076.7830000000001,397.16586391340934,227.27896097193522,1.7474818708030437,0.8200778289704643,72048,299.9388046124615,0.717038765983357,0.9806934266044859,0.7657882125831184,0.7551978451951112,0.005621040575079742,0.0011278191161029777,0.5703237853873394,0.9966304754521415,BARBUNYA
2748,70664,1028.213,391.83332578286905,229.8707572371197,1.7045810023528973,0.8098373770277593,71445,299.95366173655145,0.701560700528176,0.9890685142417244,0.8399276930116767,0.7655134007227555,0.005545020459963617,0.0011746111154962153,0.5860107666861182,0.9989028200674133,BARBUNYA
2749,70675,1041.369,365.76785278394163,248.69083368132178,1.4707733589113505,0.7332914806537988,71996,299.9770071591448,0.7614199525964231,0.9816517584310239,0.8189669780367648,0.8201295025682332,0.005175349880211413,0.0014442727549441045,0.6726124009828177,0.9892604002389268,BARBUNYA
2750,70682,1081.066,366.84993944682617,245.6730544323273,1.493244508619394,0.7426473551695204,71974,299.99186239125015,0.7937160310829627,0.982049073276461,0.7600011966536764,0.8177508843087409,0.005190146564143999,0.0014316718128055258,0.6687165087877277,0.9985572545704071,BARBUNYA
2751,70692,1006.43,378.57446626303476,238.1779057222376,1.5894608910724375,0.7772886563951982,71443,300.0130828754275,0.7878652787374897,0.9894881233990734,0.8770270431006105,0.7924810297876176,0.005355266030994098,0.0013029156858556418,0.6280261825732428,0.9982230557696878,BARBUNYA
2752,70718,1060.02,362.1831184834754,249.03968185350118,1.4543189092914575,0.7260829727408595,72065,300.0682491110668,0.7317522402268165,0.9813085409005758,0.7908820428900682,0.8284987173546505,0.00512151246476817,0.001488488070623976,0.686410124658301,0.9982592238196739,BARBUNYA
2753,70743,1034.348,357.52217343579787,253.08664067358865,1.4126473546144303,0.7063219389185298,71718,300.1212840056493,0.7520410766679423,0.9864050865891408,0.8309214665375336,0.8394480295347153,0.005053816963315068,0.001548012729370783,0.7046729942897165,0.9954544412515977,BARBUNYA
2754,70776,1060.894,386.61994384865886,234.10020818041193,1.6515147374440005,0.7958416997655416,71978,300.19127571962497,0.7757634215314466,0.9833004529161689,0.7902270501072008,0.7764505698576529,0.005462585394041184,0.001224709971951158,0.6028754874322738,0.9956577523381357,BARBUNYA
2755,70853,1087.6319999999998,370.81916382871765,244.15488918543087,1.5187865582617424,0.7526503989201776,72371,300.35452629038315,0.7266974358974359,0.9790247474817261,0.7526692161756371,0.8099757390886025,0.005233640972558927,0.0013895421744045504,0.6560606979121281,0.9964161693927576,BARBUNYA
2756,70877,1088.816,348.913971608316,261.2204117270317,1.3357071497648572,0.6629461301125553,72790,300.4053914499441,0.7231830379462691,0.9737189174337134,0.7512875685598102,0.8609726634483222,0.004922809537767061,0.0016685923418825305,0.7412739272052978,0.9901248845023904,BARBUNYA
2757,70878,1026.542,360.2270008343847,251.13364720381526,1.4344035729391185,0.7169215323199565,71854,300.40751064468884,0.7329982625961777,0.9864169009380132,0.8452163173148879,0.8339394602538469,0.005082352786963298,0.0015162913851931188,0.6954550233684779,0.9975631703382026,BARBUNYA
2758,70881,1019.7679999999999,353.95486359036113,255.54032881387982,1.3851233002371244,0.6919375187146491,71954,300.4138681392273,0.758572345890411,0.9850876949161964,0.8565188799217703,0.8487349632435116,0.004993649406616176,0.001598402622232192,0.7203510378319651,0.997775006851049,BARBUNYA
2759,70924,1079.045,391.006650369572,232.68399787455573,1.680419169092887,0.8036593479522678,72038,300.50497744762345,0.8273432487605716,0.984535939365335,0.765462592221385,0.7685418576988189,0.005513037199954486,0.0011864263644046542,0.5906565870351516,0.99255065120485,BARBUNYA
2760,70925,1050.316,382.77907754862287,236.64691346131474,1.617511388379873,0.7859943579533338,72151,300.5070959400816,0.7722753949847014,0.9830078585189395,0.8079216492890084,0.785066670478899,0.005396955622821612,0.0012646046370643111,0.6163296770968242,0.9969202717006028,BARBUNYA
2761,70966,1038.1280000000002,361.02011915295645,251.01302727519916,1.4382525204843275,0.718731051820591,72074,300.59394127572756,0.7643985824922715,0.9846269112301246,0.8274816681075305,0.8326237938788458,0.005087226547261455,0.0015081901888389494,0.6932623821332028,0.9970863684600478,BARBUNYA
2762,70978,1053.128,370.86451163101486,245.34336830600876,1.5116141683049191,0.7499059333006185,72273,300.6193546766615,0.8024465246687469,0.9820818286220303,0.804213394816726,0.8105907824789594,0.005225062859350994,0.0013914830675118572,0.6570574166398515,0.9932173003826281,BARBUNYA
2763,71003,1076.435,365.10888783794366,248.97033063996503,1.4664754908725495,0.7314388236395156,72459,300.67229236301563,0.7161603324457355,0.9799058778067596,0.7700358455051902,0.8235140320562979,0.005142161427516353,0.0014588461161268885,0.6781753609936215,0.9945275454107895,BARBUNYA
2764,71010,1022.124,360.2367430946147,252.43365408341342,1.4270551381218732,0.713413040486808,72032,300.6871132450539,0.8047735618115055,0.9858118613949356,0.8541265167318701,0.834693070623503,0.005073042431975985,0.0015189920123346611,0.6967125221468923,0.9942471845235719,BARBUNYA
2765,71016,1068.4879999999998,379.49878677677606,239.198683968092,1.5865421183813846,0.7763503857085862,72219,300.69981627681835,0.7335378513216201,0.9833423337348897,0.7816759908249168,0.7923604152486847,0.005343849087202547,0.0012993466509429216,0.6278350276530682,0.996086714766734,BARBUNYA
2766,71042,1038.418,375.6728603281153,241.15519671192882,1.5578053695308673,0.7667643210940039,71867,300.7548565477795,0.7195729681549308,0.9885204614078784,0.8279052339252505,0.8005764810508221,0.005288038911180925,0.001339941119515734,0.6409227020117173,0.9984328266480851,BARBUNYA
2767,71051,1069.4219999999998,376.0805923504694,241.68692878007474,1.5560650890337864,0.766162709217892,72335,300.77390660258084,0.8022922312556459,0.9822492569295639,0.7806957777310304,0.7997591811977623,0.005293107659997317,0.001335756905590025,0.6396147479101155,0.9952821796540768,BARBUNYA
2768,71078,1097.5210000000002,392.83961305097046,230.63216833758665,1.703316653017603,0.8095217425880187,72505,300.8310495289439,0.6818426000537201,0.9803185987173298,0.7415140520110924,0.7657859328201492,0.005526880512267796,0.0011724366214653345,0.5864280949052262,0.998872739849459,BARBUNYA
2769,71081,1078.031,397.446496296179,228.98613564132313,1.735679302954512,0.817348700836208,72466,300.83739807297906,0.6976933647428347,0.9808875886622692,0.768600908962078,0.756925525514744,0.005591458987580071,0.0011321852969158914,0.5729362511757716,0.9944335930781344,BARBUNYA
2770,71085,1049.3419999999999,383.9366687306979,236.90528975161394,1.6206335837128867,0.7869297296669351,72146,300.84586258996325,0.7994264507422402,0.9852937099769911,0.811248151089027,0.7835819995640572,0.005401092617721009,0.001256027622995697,0.6140007500408061,0.9950702359410316,BARBUNYA
2771,71133,1050.271,366.8312187811585,247.46039741004742,1.482383535387729,0.7381932953990841,72336,300.9474182239255,0.7213568603589899,0.9833692767086928,0.8103604582863655,0.8203975093064872,0.00515697663224043,0.0014410274675596727,0.6730520732762877,0.9977213118833441,BARBUNYA
2772,71153,1049.648,381.6419625320183,237.98980418344755,1.603606355496812,0.7817480284779638,72426,300.9897229583446,0.6905577608043713,0.982423439096457,0.8115508082780826,0.7886704097249073,0.00536368055502956,0.001280043870724309,0.6220010151756532,0.9974447810611466,BARBUNYA
2773,71154,1028.27,354.5973513312249,256.05507027506627,1.3848479975432626,0.6917877383866863,72195,300.99183803898364,0.7497392128971077,0.9855807188863495,0.8456581773363607,0.8488270905267732,0.004983519567855987,0.0015958529013461531,0.7205074296121469,0.9977932711134249,BARBUNYA
2774,71175,1023.921,376.9315916635968,240.65098652801683,1.5662997983169042,0.7696654760567294,72235,301.0362512996154,0.7156862745098039,0.985325673150135,0.8531088345883631,0.798649563892972,0.005295842524251448,0.001329045534801894,0.6378411259064345,0.9990504268654754,BARBUNYA
2775,71197,1032.165,376.29822791623974,241.22198597667983,1.559966544478323,0.7675079818401997,72221,301.0827724505495,0.775566448801743,0.9858212985142826,0.8397950329482616,0.8001174337647095,0.0052853101663867825,0.0013361806400493217,0.6401879078142243,0.9986717183697627,BARBUNYA
2776,71200,1034.189,353.43573523914534,258.4528217388654,1.3675058096144466,0.6821006307167697,72192,301.0891156869401,0.7884653717525636,0.9862588652482269,0.8365463898912017,0.8518921140874849,0.004963985045493615,0.0016126815570851028,0.7257201740444442,0.9924265541601849,BARBUNYA
2777,71223,1077.2749999999999,359.8341566418616,255.0095280132834,1.4110616157962457,0.7055237514939254,72555,301.137742726933,0.7969452836522323,0.9816415133347116,0.7712176565671699,0.8368792599826803,0.00505221847776507,0.0015286677584770024,0.7003668957891585,0.988260843622451,BARBUNYA
2778,71236,1055.392,345.9685990498295,264.74074592903725,1.3068203681142647,0.6437734875767626,72582,301.1652241025747,0.8264228868419221,0.9814554572759087,0.8036774698495839,0.8704987242475095,0.004856653925681249,0.0017202417208581336,0.7577680289165417,0.9902666944939358,BARBUNYA
2779,71243,1053.6519999999998,348.7025741267655,260.98072706815157,1.3361238511520683,0.663209716775453,72741,301.1800207277488,0.7614034712722298,0.9794063870444454,0.8064132804810312,0.8637160809092834,0.004894552084089181,0.0016802609681038276,0.7460054684212919,0.9967556994475592,BARBUNYA
2780,71260,1075.6750000000002,360.49606356018035,254.15512203030386,1.4184095944255535,0.7091924208219919,72747,301.2159523627985,0.7134847210541071,0.9795592945413557,0.7739154764986277,0.835559615791794,0.005058883855742076,0.0015210526169183826,0.6981598715421307,0.99027666023827,BARBUNYA
2781,71275,1008.785,371.77584151551355,245.29561849512262,1.5156236535994458,0.7514461717187187,72348,301.2476531875372,0.7901271519948563,0.9851689058439763,0.8801361478356026,0.810293783370985,0.005216076345359713,0.0013870551526426484,0.656576015369665,0.9951221392803375,BARBUNYA
2782,71342,1075.003,391.5659601213989,232.52452246419304,1.6839770531372535,0.8045888241386618,72680,301.389209495788,0.7238727221072284,0.9815905338470006,0.7757750209745765,0.7697022729001953,0.005488575595321114,0.0011883120169693374,0.5924415889077267,0.9976580410447858,BARBUNYA
2783,71364,1042.468,387.3786074857384,236.52891533548538,1.6377642747665437,0.7919480459228997,72498,301.4356761740059,0.8216358109975131,0.9843581891914259,0.8252082922557483,0.7781422885751466,0.005428207604474784,0.001227643542007809,0.6055054212689667,0.9916751471317798,BARBUNYA
2784,71368,1067.432,386.66646790546196,235.81361013258763,1.6397122612560675,0.7925067831316658,72557,301.44412389140894,0.7115453639082752,0.983612883663878,0.7871055126452382,0.779597272875264,0.005417924951034945,0.0012345082385730476,0.6077719078745488,0.9965710493888907,BARBUNYA
2785,71385,1066.275,377.31638002752214,241.93766839378188,1.5595602889476292,0.7673684800821544,72551,301.48002404955383,0.7011177025221969,0.9839285468153437,0.7890024908367962,0.7990112277329793,0.005285653569062438,0.001328892916131617,0.638418942043363,0.9956528297227869,BARBUNYA
2786,71431,1014.6580000000001,348.13775187083763,262.1950979513327,1.3277813147195345,0.6578647744117823,72348,301.57714422677554,0.7545421895466261,0.9873251506606955,0.8718810255006058,0.8662580906728653,0.004873762818255906,0.0016929080440216872,0.7504030796561983,0.9963711876754947,BARBUNYA
2787,71441,1051.138,339.36873995159607,270.0722711003934,1.2565849080650093,0.6055493668092062,72590,301.5982531703802,0.749769111288359,0.9841713734674198,0.8125272138469742,0.8887036950232863,0.00475033580089299,0.0018278140745330792,0.7897942575480424,0.9924435445112789,BARBUNYA
2788,71442,1083.116,355.22700254240925,256.47242765555774,1.3850494799366069,0.6918973682159116,72935,301.6003639834831,0.7873264271545074,0.9795297182422705,0.7652679503085796,0.8490355795727441,0.004972243253862004,0.0015938068549174527,0.7208614153804256,0.9984287284790246,BARBUNYA
2789,71449,1066.064,369.20644895669733,248.41485509162524,1.4862494790036584,0.7397929898132705,72753,301.61513926158057,0.7087772553221039,0.9820763404945501,0.7900225050940385,0.8169281444402824,0.005167412405445805,0.0014196729907272306,0.6673715931786428,0.9918806826635994,BARBUNYA
2790,71456,1005.7759999999998,374.78462551584244,244.4125876142546,1.533409670811833,0.758097311984167,72262,301.6299138159141,0.8015524919514958,0.9888461432011292,0.8876587307353914,0.804808664178152,0.005244970688477419,0.001357354855353146,0.6477169859362216,0.9932154901836944,BARBUNYA
2791,71461,1013.813,341.37522039915746,267.5111633341314,1.2761157932417462,0.6212304239882329,72475,301.6404666259477,0.7884394721744119,0.9860089686098654,0.8737018225169189,0.8836038722237971,0.004777084289320853,0.001796276170918568,0.7807558030088882,0.9963348108847839,BARBUNYA
2792,71475,1051.2939999999999,378.28452340445943,241.7950749134216,1.5644839893447373,0.769050196016579,72499,301.6700125301581,0.7831675140252454,0.9858756672505827,0.8126726731708549,0.7974685557188773,0.005292543174598943,0.0013203784981025773,0.6359560973603522,0.9949431322464342,BARBUNYA
2793,71482,1073.571,379.763262850622,240.42271126664204,1.5795648458079472,0.7740816683042296,72843,301.68478439715665,0.800649641577061,0.9813159809453208,0.7793723894047261,0.7944022339933993,0.0053127117715036235,0.001305142238003357,0.6310749093737037,0.9968237419181384,BARBUNYA
2794,71482,1028.478,368.1825732284608,248.6883646792273,1.4804977856658637,0.7374071681763616,72669,301.68478439715665,0.7349351757605667,0.9836656621117671,0.8492128297077282,0.8193890920794841,0.0051507032991307015,0.0014322110136540998,0.6713984842188413,0.9940039691854117,BARBUNYA
2795,71483,1048.5990000000002,388.3736617423765,234.91524627843933,1.6532501312496621,0.7963248787827413,72503,301.6868946048264,0.7606840335419061,0.9859316166227604,0.8169467629874818,0.7767954532533341,0.005433091248861638,0.0012202630513895583,0.6034111761950527,0.9975896062419839,BARBUNYA
2796,71483,1093.388,372.0698312126485,245.10758137691766,1.5179858130968737,0.7523464209804768,72960,301.6868946048264,0.7204132023179642,0.9797560307017544,0.7513876080627744,0.8108340674157044,0.005205011418276353,0.0013878080392207763,0.6574518848818951,0.9980026340445157,BARBUNYA
2797,71493,1036.269,386.91273176697285,235.89211565412813,1.64021052884309,0.7926493175479302,72432,301.7079958697664,0.7668125361992406,0.9870361166335322,0.8366202505533348,0.779783065012906,0.005411896713901681,0.0012343106003784993,0.6080616284809218,0.9973490852198835,BARBUNYA
2798,71525,1042.205,365.20360297715206,249.79582594993246,1.462008428637039,0.7294908361216074,72758,301.7755100023567,0.7519370065495526,0.9830534099343028,0.8274874689346864,0.8263212836408859,0.00510595739919122,0.001468428165577571,0.6828068637979214,0.9982693900037839,BARBUNYA
2799,71536,1020.47,341.89852248692176,267.1090836836476,1.2799958645054974,0.6242151020008998,72443,301.79871449722015,0.790260931044387,0.9874798117140372,0.8632449234384865,0.8827142986813127,0.0047793911105865824,0.001789917361415484,0.7791845330964416,0.9973529800500921,BARBUNYA
2800,71556,1076.2610000000002,404.6052268398362,226.1113332475797,1.7894071076783016,0.8292725878370307,72868,301.8408999176044,0.7130926992605585,0.9819948399846298,0.7762841393626303,0.7460133480605993,0.005654385751576893,0.0010803179417633632,0.5565359154845849,0.9958693228463669,BARBUNYA
2801,71587,1129.8410000000001,377.2378913109887,242.3102324620606,1.55683846892456,0.7664303726567664,73128,301.9062756700431,0.7061951267633422,0.9789273602450498,0.7047082662877344,0.8003073991874177,0.005269642411485168,0.0013334853141431945,0.6404919331941289,0.9971424806324795,BARBUNYA
2802,71598,1066.952,400.05964244281205,228.74766204120556,1.7489124866803978,0.8204042742851778,72858,301.9294701150389,0.6640388788929903,0.9827060858107551,0.7903527911495133,0.7547111432470954,0.00558758125147088,0.001118218475802268,0.5695889097413378,0.9961611565212999,BARBUNYA
2803,71601,1107.086,399.3117341580092,229.1974356707876,1.7422172852386042,0.8188684637896051,73088,301.93579556353103,0.6438012516184721,0.9796546628721541,0.7341186110635113,0.7561405531950981,0.00557690163765882,0.0011245606172648095,0.5717485361861889,0.996110182553448,BARBUNYA
2804,71606,1026.442,386.2098794265105,236.77103098205106,1.63115343048782,0.7900339355908439,72418,301.94633768321495,0.7761663198057579,0.9887873180700931,0.8540640661660788,0.7818193002508897,0.005393540756731426,0.0012430233219170134,0.6112414182447908,0.997028536226231,BARBUNYA
2805,71608,1065.545,393.283386124339,232.9271862364018,1.6884391748294634,0.8057447329095693,72706,301.95055442803135,0.7020392156862745,0.9848980826891865,0.7925520927931647,0.7677683957200465,0.005492171072007863,0.0011771850629094319,0.589468309466534,0.9952813860237933,BARBUNYA
2806,71613,1195.63,388.4951892562665,235.88014256970945,1.6470025201102074,0.7945768355465525,72987,301.96109603245117,0.7805231607629428,0.9811747297463932,0.6295179592508403,0.7772582631216726,0.005424925491967471,0.0012213353619199452,0.6041304075909193,0.9950043037774509,BARBUNYA
2807,71643,1058.745,384.2721027307019,237.90937245963877,1.615203717104056,0.7852987975459095,72779,302.02433793232836,0.7259692357578582,0.9843911018288243,0.80315780222456,0.7859647780468394,0.005363707588050499,0.0012625750207741209,0.6177406323302174,0.9977769655459772,BARBUNYA
2808,71656,1097.198,373.8467166987882,245.15585110391152,1.5249349139145365,0.7549644736031604,73142,302.0517386434695,0.8034985422740525,0.9796833556643242,0.7479841767149605,0.807956109152713,0.005217242334190971,0.001371424326458335,0.6527930743171908,0.995466950587891,BARBUNYA
2809,71674,1019.1049999999999,372.5711325267751,246.1656028448715,1.5134979388715075,0.7506314995473566,72554,302.0896739866294,0.6745724746120036,0.9878711029026656,0.867228699443632,0.8108241557467405,0.005198135063297362,0.0013859068345828311,0.6574358115424147,0.9950277457097615,BARBUNYA
2810,71682,1058.192,388.21673550523866,236.42093803268347,1.6420573352583963,0.7931762611689546,72768,302.10653261011413,0.7653917611634313,0.9850758575197889,0.8044351339270038,0.7781903894919477,0.005415818971362945,0.0012251446112627675,0.6055802822976293,0.9943975446346723,BARBUNYA
2811,71694,1119.481,384.79615661431,238.59897241447143,1.6127318266311672,0.7845497361735757,73042,302.13181878154234,0.7578246392896781,0.9815448645984503,0.7188846681650154,0.7851736915459266,0.0053672016711901974,0.0012583186534854906,0.6164977258958582,0.9942455035979879,BARBUNYA
2812,71703,1088.317,372.30936846903285,246.48268208414248,1.5104889533047865,0.7494709055318068,73141,302.15078202140296,0.7746650821089023,0.9803393445536703,0.7607401965405712,0.811558364120334,0.00519238202681942,0.001389394044275088,0.6586269783736727,0.9948487751819431,BARBUNYA
2813,71717,1062.753,415.6042125040871,220.5620775580111,1.8842958730962127,0.8475583492425424,72675,302.1802780291455,0.6791382575757576,0.9868180254557963,0.7979346032355976,0.7270866582618525,0.0057950585287182554,0.0009990386534852612,0.5286550086223877,0.996142451038808,BARBUNYA
2814,71742,1057.8549999999998,360.1150077974531,254.16616859359138,1.4168487088195936,0.7084194624888775,73033,302.23294231170445,0.7300944394691851,0.9823230594388838,0.8056215176396648,0.8392678332409172,0.005019584173809666,0.0015362072722959065,0.7043704959129038,0.9979864276648145,BARBUNYA
2815,71775,1027.656,353.41743881414783,259.76944091484074,1.3605042901486144,0.6780437234560218,72769,302.3024451164203,0.8150322492732558,0.9863403372315134,0.8540583454153292,0.8553693505639164,0.00492396292322045,0.0016259578210824467,0.7316567258841362,0.9954221144814559,BARBUNYA
2816,71797,1065.587,367.02979454679195,250.0991472238245,1.467537169242409,0.7318984264622829,73023,302.34877144342835,0.6953569906636191,0.9832107692097011,0.7945812905531735,0.8237717371603804,0.005112049174015515,0.0014521194283996736,0.678599874944231,0.9958705395239096,BARBUNYA
2817,71881,1073.977,376.09120273368603,243.94443273163563,1.5417084887828765,0.7611029874487307,73314,302.52558852948,0.7812812486413634,0.9804539378563439,0.7831302736116861,0.8043942169625845,0.005232136485770733,0.0013512465118484074,0.6470500562828494,0.9975625644387071,BARBUNYA
2818,71892,1066.5529999999999,363.4297866450252,253.41367316227775,1.4341364540827155,0.7167952395675679,73244,302.54873549578804,0.7192076830732292,0.9815411501283382,0.7941920701457057,0.8324819445559044,0.005055218753755984,0.0014976799240241367,0.69302618801158,0.9938941198613886,BARBUNYA
2819,71896,1080.4460000000001,360.6329789824936,254.71279831669622,1.4158416120657664,0.7079189361186646,73431,302.55715213539287,0.7182417582417583,0.9790960221160001,0.7739420806735821,0.8389614088790256,0.005016036761189686,0.0015328808922039634,0.7038562455882795,0.9965489614162677,BARBUNYA
2820,71897,1092.3469999999998,390.01645786098305,235.11844369986505,1.6588084359679134,0.7978603157272974,73373,302.5592562587104,0.7192361173634245,0.9798836084118137,0.7571804508973765,0.7757602279608267,0.005424655519159117,0.0012118865571712127,0.601803931285834,0.9982774380155959,BARBUNYA
2821,71898,1074.336,369.30247789126736,249.12998373024251,1.4823686509414595,0.7381871054197353,73105,302.56136036739514,0.750940006684492,0.9834895014020929,0.7827920677184894,0.8192779049169483,0.005136477758647909,0.0014274803702174772,0.671216285485104,0.9949899796044912,BARBUNYA
2822,71940,1033.77,399.30304996417755,230.49282475766074,1.732388200734679,0.8165760781592055,72706,302.64971972273094,0.7689594356261023,0.9894644183423651,0.845926145070642,0.7579449236610699,0.00555050111153986,0.0011299586501639497,0.5744805073035852,0.9952232524048036,BARBUNYA
2823,71970,1065.618,379.3781848304275,241.86721775785398,1.5685390866415099,0.7704206374187704,73218,302.71281775734184,0.7429084602997647,0.9829550110628534,0.7964495497206925,0.7979183565671992,0.005271337846747637,0.0013180577523975788,0.6366737037469001,0.9986475897638301,BARBUNYA
2824,71973,1022.505,379.7684961216777,242.1072507207248,1.5685961283321814,0.7704398218685548,72745,302.71912683744296,0.8030460251046025,0.9893875867757235,0.8650646965707989,0.7971149000744177,0.005276541149065312,0.0013140527549723793,0.6353921639206487,0.9966736882985364,BARBUNYA
2825,71992,1052.401,376.49767767797437,243.99855943766946,1.5430323791487484,0.7615769101241248,73278,302.75908129166635,0.7732428252277024,0.9824503943884931,0.816829847287453,0.8041459462882051,0.005229715491693166,0.0013489546006620143,0.646650702931753,0.9978029726229932,BARBUNYA
2826,72021,1065.356,388.5145897030711,237.07450407451984,1.6387868919930293,0.7922416588158319,73318,302.82005424240174,0.7048995810985397,0.9823099375323932,0.7974059996343869,0.7794303284050081,0.005394462583178116,0.0012281096681065232,0.6075116368375391,0.9955821071825885,BARBUNYA
2827,72026,1090.0369999999998,402.36163191748386,229.4060673249104,1.7539275948949273,0.821541331646874,73422,302.8305655793266,0.808545032049483,0.9809866252621829,0.7617573987671101,0.7526328097839879,0.005586338709875376,0.001105705866831265,0.5664561463633406,0.9935230664045028,BARBUNYA
2828,72044,1009.7250000000001,380.23395901478506,242.86336269348368,1.565629145531827,0.769438534471594,72712,302.86840337166245,0.7350903506892364,0.9908130707448565,0.8879764810537162,0.7965317042076341,0.005277801885164414,0.0013105244056758393,0.6344627558079181,0.9933333822473192,BARBUNYA
2829,72049,1065.2489999999998,377.3505132547247,244.1189068504778,1.5457652097625152,0.7625504276511899,73185,302.87891303064293,0.7222595358628641,0.984477693516431,0.7978762743593251,0.8026460873691436,0.005237414998885824,0.0013408899085623892,0.6442407415689946,0.9958449250289553,BARBUNYA
2830,72059,1082.571,366.42191037298295,251.0428057877501,1.4595993269880148,0.728430665339729,73183,302.899931254649,0.7357463753318358,0.9846412418184551,0.7726544619680388,0.8266425196744525,0.005085026303070858,0.0014646839650302532,0.6833378553337275,0.997399473750542,BARBUNYA
2831,72063,1078.081,369.1103124303029,250.03781747176183,1.4762179423998074,0.7356086553446589,73332,302.9083381358956,0.7359675640344785,0.9826951399116347,0.7791470266783043,0.8206444738470755,0.005122050323054867,0.0014329921162663918,0.6734573524557433,0.9941698271362395,BARBUNYA
2832,72092,1062.088,346.69501329540117,265.1115142443521,1.3077327640166314,0.6444075530367142,73330,302.96928104850394,0.7528404344193818,0.9831174144279285,0.8031116651802224,0.8738783929100222,0.0048090636033873545,0.0017299927735419734,0.7636634455950029,0.9986677084864176,BARBUNYA
2833,72102,1072.061,377.6167302861604,243.50387603851226,1.5507627082964257,0.7643142278153247,73400,302.9902930037441,0.7084520604476585,0.982316076294278,0.7883483826334221,0.802375182831905,0.005237257361601071,0.0013390402426928134,0.643805934024533,0.9983902338651947,BARBUNYA
2834,72133,1066.7659999999998,392.22521413302394,235.70431008207945,1.664056181223157,0.7992931972777613,73453,303.0554208067915,0.7050297130346391,0.9820293248744095,0.796536218663896,0.7726566520631937,0.0054375280957817355,0.0011954391330015418,0.5969983019775033,0.993438714585393,BARBUNYA
2835,72181,1099.699,400.9105866860232,231.06450686077346,1.7350591492080152,0.8172035047452961,73688,303.15623625208303,0.7140765509531771,0.9795489089132559,0.7500411624945321,0.7561691966231429,0.0055542398510137455,0.001120160671305548,0.5717918539216893,0.9920926875894399,BARBUNYA
2836,72205,1085.425,375.91116933864,245.46042189454803,1.5314532845549118,0.7573798607927893,73563,303.2066314043979,0.7084199992151015,0.9815396326957846,0.7701538590365198,0.8065911740208334,0.005206165353350045,0.001359288311465429,0.6505893220083063,0.9963471540859739,BARBUNYA
2837,72224,1079.9089999999999,377.8104375625952,243.83227988561296,1.5494685024469865,0.7638594822043628,73410,303.2465216271283,0.7145584961662133,0.9838441629205831,0.7782463279364185,0.8026419904740899,0.005231092677816172,0.0013392439159510825,0.6442341648722092,0.9982205466697269,BARBUNYA
2838,72252,1060.96,376.00161128498326,246.37154094983055,1.5261568354664377,0.7554202061782959,73538,303.3052976560169,0.7580020772353885,0.9825124425467106,0.8066064976114202,0.8066595688765078,0.005204030494449749,0.0013591918294923134,0.6506996600600333,0.9930697340363073,BARBUNYA
2839,72255,1067.6619999999998,367.93629590014166,251.76405467059507,1.4614329928136283,0.7292382211481803,73640,303.31159441214766,0.7101088922085069,0.9811922868006518,0.7965447838942533,0.8243589930971822,0.005092191487096279,0.0014506078044185392,0.6795677495002003,0.9931427299716997,BARBUNYA
2840,72263,1042.893,399.93275517679115,230.97944864504268,1.7314646715231674,0.8163583454753822,73011,303.3283851227858,0.7039883874990258,0.9897549684294148,0.8349228492154662,0.7584484671396791,0.005534405645721755,0.001129679017219008,0.5752440773065289,0.9960147973591965,BARBUNYA
2841,72263,1097.796,375.5949145828704,245.38076532982646,1.5306615988340313,0.7570885556239112,73699,303.3283851227858,0.7193927327028372,0.9805153394211591,0.7534987970784282,0.8075944943494705,0.005197610320397304,0.0013638194412207336,0.6522088673035771,0.9983110676006259,BARBUNYA
2842,72268,1077.446,395.01144275966743,233.36033896984583,1.692710271605792,0.806841071868554,73750,303.3388788449656,0.6869973572637222,0.9799050847457628,0.7822847669904457,0.767924282713812,0.005465924652123587,0.0011725112174287232,0.5897077039815228,0.9982042877745915,BARBUNYA
2843,72269,1055.163,360.1199184388976,256.97924836922806,1.401357972381789,0.7005599588340515,73565,303.34097754583945,0.80427573005698,0.9823829266634949,0.8156856112889481,0.8423332396075393,0.004983048311708998,0.001547428588105683,0.7095252865477322,0.9942989169101378,BARBUNYA
2844,72322,1071.542,377.03542610229067,245.02953425251332,1.5387346152065884,0.7600328594722388,73587,303.4521879214853,0.7203960474938242,0.9828094636280865,0.7915200039246769,0.8048373359991853,0.005213288157162283,0.0013493479477624708,0.6477631374182655,0.9967355620003073,BARBUNYA
2845,72327,1036.092,400.48674786344674,230.72818546569084,1.7357512999771711,0.8173655456885901,73037,303.46267736257136,0.674572603736278,0.9902788997357503,0.8466690314890677,0.7577346291269605,0.005537167971344681,0.0011259938078498576,0.5741617681781725,0.9966020355124544,BARBUNYA
2846,72342,1046.653,388.47667066214535,238.0663984172609,1.631799671204582,0.7902222806932698,73305,303.4941435105975,0.8196093537569111,0.9868631062001227,0.8298410800582247,0.7812416199750218,0.005370001806172698,0.0012339446577693117,0.6103384687811965,0.9959501126806645,BARBUNYA
2847,72360,1091.04,369.61125009040546,250.6756944916572,1.4744598627319514,0.7348640322357595,74162,303.5318985824,0.7436029185078614,0.9757018419136485,0.7638834062621497,0.8212193176158932,0.005107949835411905,0.0014330555098542503,0.6744011676255133,0.9943774530433822,BARBUNYA
2848,72373,1041.799,335.8512881523547,275.57868223013423,1.2187128751558771,0.5715922442977356,73521,303.5591632138914,0.7866544928859469,0.9843854136913263,0.8379508906538097,0.9038499297825697,0.004640560542638204,0.0019104493153091445,0.816944695567956,0.9956210187789665,BARBUNYA
2849,72379,1060.571,348.12912792484605,266.7534763884367,1.305059385310177,0.6425441597052116,73840,303.57174606406693,0.8063614081996435,0.9802139761646804,0.8086171482947715,0.8720090383520044,0.004809808479321986,0.0017155030400430185,0.7603997629675876,0.9923668472484842,BARBUNYA
2850,72422,1021.2559999999997,349.4805571626464,265.1379862796517,1.3181082125065064,0.6514832099146853,73542,303.6619078989163,0.7561444172983357,0.984770607272035,0.8725918170231319,0.8688949976624698,0.004825613172277021,0.0016966859199300252,0.7549785169628638,0.9951433834747335,BARBUNYA
2851,72433,1086.0629999999999,399.8496229699908,231.01701358558506,1.7308232703902484,0.8162068883737466,73768,303.6849682546076,0.7075262515262515,0.9819027220475003,0.7716783220158586,0.7594979482509092,0.005520268703077199,0.001133043021985598,0.5768371333973409,0.9984031337093213,BARBUNYA
2852,72511,1130.101,412.4255676456467,225.2915917957813,1.8306300930196082,0.8376156691376859,74018,303.84843693573833,0.6585323767141948,0.9796400875462725,0.7134757885160503,0.7367352093864434,0.005687765547925786,0.0010336348702644068,0.5427787687496869,0.9936271479253077,BARBUNYA
2853,72515,1103.397,386.00473171676464,239.86238661614112,1.6092757900157952,0.7834954438193832,73844,303.85681757444627,0.6980650750866384,0.9820026000758355,0.7484695173255344,0.7871841783468205,0.005323101864673028,0.0012608109333080474,0.619658930639559,0.9972021151453192,BARBUNYA
2854,72568,1068.0469999999998,403.7838784765585,229.70711548606667,1.757820508181214,0.8224161847172582,73709,303.96783922372657,0.7979415904292751,0.9845202078443609,0.7994186741094084,0.7527983543339343,0.005564213957619867,0.0011022959916271787,0.5667053622878797,0.9961663079258999,BARBUNYA
2855,72624,1080.984,378.05047813908163,246.5251456789669,1.5335169039161276,0.7581365378499759,73969,304.08510107673226,0.7250726330607722,0.9818167069988779,0.7810008340840889,0.8043505263465422,0.005205586006541661,0.001344097552826576,0.6469797692339594,0.9921544126120321,BARBUNYA
2856,72633,1071.572,381.5562404632771,243.63182666597987,1.5661182107639495,0.7696040641969275,73795,304.1039425143138,0.7166410134975136,0.9842536757232875,0.7948791993388756,0.7970094844866842,0.005253207776950933,0.0013075499834606509,0.6352241183617301,0.9948360596827801,BARBUNYA
2857,72648,1044.995,397.2866435468288,234.5561319389009,1.693780675281247,0.807114300610465,73835,304.1353423164103,0.688150042625746,0.98392361346245,0.835997736816845,0.7655312537094174,0.005468652179644709,0.0011585419626257332,0.5860381004059126,0.9926200094460659,BARBUNYA
2858,72651,1068.024,397.2520370537827,233.390643224424,1.7020906732400267,0.8092148969126092,73683,304.14162188782103,0.7940520689881304,0.985994055616628,0.8003674839422106,0.7656137502616361,0.005467950022075164,0.0011588926216263863,0.586164414589687,0.9977049830583066,BARBUNYA
2859,72652,1058.6889999999999,394.59337113437005,234.8318161646364,1.6803232951097549,0.8036342047927344,73772,304.14371504947957,0.7383558441822413,0.9848180881635309,0.8145554183394614,0.7707775581103469,0.0054312802281337065,0.00118249202048734,0.5940980440865493,0.9982767830577708,BARBUNYA
2860,72674,1020.7479999999999,358.2016450153195,258.74515815865584,1.3843800887500262,0.6915328898302409,73608,304.18976096194166,0.7221184419713832,0.9873111618302358,0.8764998644267901,0.8492137464888865,0.004928883025777025,0.0015812347010612268,0.7211639872256909,0.9983650646388246,BARBUNYA
2861,72741,1036.0349999999999,374.02420719338016,248.80976037851804,1.5032537575068257,0.7466441270827958,74004,304.3299487785921,0.8003630962204984,0.9829333549537863,0.8516090669548233,0.813663776102186,0.0051418623223956255,0.0013902091225650342,0.6620487405408682,0.9952272568707214,BARBUNYA
2862,72756,1090.293,366.1897585859104,253.56049340652467,1.4441909055556663,0.7214857990867259,74089,304.3613252644815,0.8096774911527076,0.9820081253627394,0.7691166810887464,0.8311573934776672,0.005033121097722667,0.0014816657171648128,0.6908226127325897,0.9976797346606101,BARBUNYA
2863,72773,1074.004,396.06063861063865,234.94179060276656,1.6857819870807387,0.8050576963431243,73831,304.3968813720206,0.7471177044299574,0.9856699760263304,0.7928085863032276,0.7685613052582805,0.005442411864436517,0.0011713460800251388,0.5906864799403121,0.9957686278955061,BARBUNYA
2864,72775,1047.307,372.39974552972865,249.10567030865414,1.4949468836590798,0.7433343236662906,73788,304.4010641704485,0.7868928679555383,0.986271480457527,0.8337657781297189,0.817404060621594,0.005117138378972568,0.0014091398198183588,0.6681493983206703,0.998847860838175,BARBUNYA
2865,72779,1065.022,361.2907741205791,258.66493598151504,1.3967520288347006,0.6981549460303206,74246,304.40942959488035,0.7291535170769339,0.9802413598038952,0.8063039548139679,0.8425607610264776,0.004964217344571636,0.0015432470985965552,0.709908636021517,0.9915663276503289,BARBUNYA
2866,72788,1060.865,393.27733293881886,236.87747167399755,1.6602563771031231,0.7982572868975438,73784,304.4282509593731,0.6962560501999197,0.9865011384582023,0.8127358323241289,0.7740803383823095,0.0054030517796727325,0.0011966386844634042,0.5992003702700707,0.9948262359034374,BARBUNYA
2867,72828,1057.8960000000002,378.0114377762322,246.12484380493405,1.535852423235359,0.758988333024108,73854,304.51188739353415,0.715951318298893,0.9861077260541068,0.81775328518398,0.8055626284350506,0.005190468470591424,0.0013482907688428616,0.6489311483311873,0.9966624766773583,BARBUNYA
2868,72834,1078.61,364.27612378062076,255.11542303823174,1.4278875006550669,0.7138140432273133,74384,304.52443087745985,0.7793900481540931,0.9791621854162186,0.7867108521817466,0.8359714266116838,0.005001457063742493,0.001506752920243082,0.698848226111174,0.9978766469191114,BARBUNYA
2869,72837,1052.169,371.91038210448363,250.02333635026875,1.4875026768839608,0.7403081402693256,73876,304.53070242567503,0.7844503559466242,0.9859358925767502,0.8267818034974153,0.8188281830221155,0.0051060639799069656,0.0014159148722936766,0.6704795933112991,0.9973401898466269,BARBUNYA
2870,72840,1060.2259999999999,351.3973376325675,264.61979709200733,1.327932911649796,0.6579631907631827,74400,304.53697384473577,0.7579446837734907,0.9790322580645161,0.814297123461276,0.8666456493280822,0.004824235826916083,0.0016787055912207255,0.751074681499293,0.9973767886697993,BARBUNYA
2871,72912,1090.1809999999998,371.04646559561974,251.0071293263237,1.4782307840875626,0.7364570021941003,74942,304.68744917657864,0.7144032921810699,0.9729123855781805,0.7709241627150791,0.8211571256647904,0.005088962936082123,0.0014272962147454326,0.6742990250300603,0.9967695764796651,BARBUNYA
2872,72923,1083.134,406.96315282678665,229.19767588652255,1.7755989507863819,0.8263272675428324,74095,304.71043191975275,0.6899315016651529,0.9841824684526621,0.7811060713629309,0.7487420662121833,0.005580724227291618,0.0010819302394694987,0.5606146817156894,0.9954268406498197,BARBUNYA
2873,72924,1041.7749999999999,389.4012176249349,238.91012383606585,1.6299067254769506,0.7896698263244433,73829,304.7125211740847,0.7254675686430561,0.98774194422246,0.8443693958770548,0.782515583881864,0.005339822522419709,0.0012350330135328976,0.6123306390179745,0.9980418267509954,BARBUNYA
2874,72937,1113.897,399.2799917614143,233.2505455820678,1.7118073218865422,0.8116256437489869,74443,304.739680176948,0.7840496205361942,0.979769756726623,0.7386993071165809,0.7632230175937343,0.005474313335637801,0.0011458169765594993,0.5825093745848857,0.9971438124819578,BARBUNYA
2875,72960,1063.4569999999999,382.7319152845765,244.09285281781274,1.567976738631679,0.7702313689930165,74227,304.78772479198943,0.776566757493188,0.9829307394883263,0.810690009098858,0.7963478158474648,0.005245777347650445,0.0013013699948073998,0.6341698438050277,0.9943635634279687,BARBUNYA
2876,72984,1094.5169999999998,402.66288800147345,231.48339223794525,1.7394893176075898,0.8182367699836341,74271,304.83785023016924,0.6753775540420491,0.9826715676374359,0.7655833910550345,0.7570547455792692,0.005517139208613853,0.0011178997257482522,0.5731318878040922,0.99695679641549,BARBUNYA
2877,73021,1081.3419999999999,378.71053941453596,246.23347176389888,1.5380140510615177,0.7597724068884034,74208,304.9151108031649,0.7093480731681254,0.9840044200086244,0.7847503119853415,0.8051402827989567,0.005186323652299147,0.0013443910154218549,0.6482508749855839,0.9970189543407513,BARBUNYA
2878,73051,1093.992,374.6938009635542,249.29417861450705,1.503018654691321,0.7465514065023975,74371,304.9777401425363,0.734505711068211,0.9822511462801361,0.7670218523264388,0.8139385796035652,0.005129208374472002,0.0013886622870401904,0.6624960113670691,0.9957438637432982,BARBUNYA
2879,73056,1041.289,356.69337875226717,261.4526251520625,1.3642753770202614,0.6802395784229416,74191,304.9881771153958,0.742303237212705,0.984701648447925,0.8466875867149822,0.8550430013090263,0.00488246521507155,0.0016097956400074527,0.7310985340875477,0.9974197282312496,BARBUNYA
2880,73064,1093.0249999999999,382.3034482888348,243.98913895688995,1.5668871570401475,0.7698639376695042,74538,305.00487552911335,0.7233343233343233,0.9802248517534681,0.7685163614317375,0.7978083297294211,0.00523244618812048,0.0013076117030060193,0.6364981309856486,0.9973207469214704,BARBUNYA
2881,73078,1012.867,378.1351804666314,246.94405695534556,1.5312584766314459,0.757308232431931,73829,305.0340955535236,0.7902374670184696,0.9898278454265939,0.8951414620301901,0.806680021618463,0.00517440516251993,0.0013515913363535055,0.650732657278364,0.9964398974784006,BARBUNYA
2882,73094,1052.343,369.04610154132337,253.2377064813987,1.4573110247641232,0.7274173406632478,74275,305.0674864400859,0.7757718555311449,0.9840996297542914,0.829424691271726,0.8266378784817658,0.005048924693426593,0.0014542526470432333,0.6833301821408347,0.9958246079879145,BARBUNYA
2883,73097,1028.6680000000001,376.5884966121909,249.01087878501625,1.5123375269773611,0.7501849509044485,74018,305.07374682444606,0.731606497652958,0.9875570807100975,0.8680784148896584,0.8100984219350958,0.005151900852458937,0.0013686689155652692,0.6562594532217325,0.9924857985408702,BARBUNYA
2884,73100,1079.089,380.36001466645445,245.41840453981862,1.5498430746449654,0.7639912407811766,74217,305.0800070803401,0.7946688698525894,0.9849495398628346,0.7888832047444146,0.8020822255669305,0.005203283374370102,0.001328412062601084,0.6433358965704005,0.9970696839701451,BARBUNYA
2885,73118,1060.2309999999998,410.4364910521753,227.46949970085262,1.8043583495455187,0.832374462981032,74002,305.11756591836144,0.8059744268077601,0.9880543769087322,0.8173972474043975,0.7433977547565926,0.00561334406099969,0.0010575146817249014,0.552640221777143,0.9971609984582751,BARBUNYA
2886,73129,1103.9189999999999,372.0794690200129,251.25590764677455,1.4808784896039016,0.7375661847581239,74566,305.14051626576514,0.7209799861973775,0.9807284821500416,0.7540933002097296,0.8200950110723596,0.005087987925720479,0.001419654013281628,0.6725558271857739,0.9959734575371714,BARBUNYA
2887,73151,1038.185,357.1029914377241,262.2102918970092,1.3618954040827154,0.678856702347474,74289,305.18641178290017,0.7964354150335337,0.9846814467821615,0.8528656672954501,0.8546173487771587,0.004881723987884295,0.0016063486130065837,0.7303708128308996,0.9946886532705593,BARBUNYA
2888,73154,1072.009,367.85547945750363,255.7090087861007,1.4385706675090704,0.7188797710114823,74911,305.19266972775756,0.7524119062802131,0.9765455006607842,0.7999283321391002,0.8296537275395264,0.00502850807143155,0.001469624519994044,0.6883253076202306,0.9902045972466215,BARBUNYA
2889,73187,1095.733,373.353352146559,250.67765117616875,1.4893762981853433,0.7410752387774004,74557,305.26149865407587,0.6962366102855838,0.9816247971350779,0.7660098013224876,0.817620886216782,0.005101361609938363,0.0014062864118653945,0.6685039135779158,0.9956538841270911,BARBUNYA
2890,73191,1073.038,385.0103594937889,242.26257612373539,1.5892275466316563,0.7772138769695346,74320,305.2698404996984,0.6930965909090909,0.9848089343379979,0.7987986839965069,0.7928873417875476,0.00526035112915234,0.0012824499801210216,0.6286703367669234,0.9991002169401951,BARBUNYA
2891,73205,1084.621,371.95018754490513,251.3077429301403,1.4800586054696356,0.7372235314821801,74387,305.2990351644394,0.7625918016563362,0.9841101267694624,0.7819781016799773,0.8208062406947462,0.005080939656374635,0.001422611774508529,0.6737228847634416,0.9971493532959592,BARBUNYA
2892,73215,1134.8940000000002,375.22658821750633,249.6687149850338,1.502897903087293,0.7465037627153273,74746,305.31988678725946,0.7762486879631888,0.9795172985845396,0.7143307254270324,0.8136947017471899,0.0051249960830090325,0.0013858596593351673,0.6620990676514483,0.9950673004094137,BARBUNYA
2893,73222,1061.6,402.9536876166921,232.4006330617933,1.7338751719731773,0.8169257964920434,74190,305.33448207596547,0.6960530818662306,0.9869524194635395,0.8164500715288346,0.7577408805510512,0.00550317783748999,0.0011191187792706685,0.5741712420582825,0.9955412610658573,BARBUNYA
2894,73226,1051.9859999999999,365.27223528888385,256.88999537041576,1.42190136584412,0.7109093404521578,74288,305.3428219277097,0.8241159655164653,0.9857042860219686,0.8314866004942586,0.8359321963965379,0.0049882860635414175,0.0015025029188382001,0.6987826369723401,0.9935999859391264,BARBUNYA
2895,73227,1070.181,397.3118861000446,235.1378813260356,1.6896974824279507,0.8060687444631968,74236,305.3449068550542,0.7949088145896657,0.9864082116493346,0.8034643905654123,0.7685269873304702,0.005425756703129237,0.001167552905442776,0.5906337302552489,0.9979923270493234,BARBUNYA
2896,73235,1091.1779999999999,401.96993826059736,232.66950859541913,1.7276433886297016,0.8154530968566195,74256,305.36158576133903,0.8055503613344627,0.9862502693385047,0.7729249870240545,0.759662742648613,0.005488768188169555,0.0011275555851021142,0.577087482568413,0.9970013739202769,BARBUNYA
2897,73266,1044.0359999999998,379.3120305879511,247.63547160286757,1.531735450227635,0.7574835490138901,74227,305.4262079202871,0.7354547279662719,0.9870532286095356,0.8446589680601891,0.8052109695726297,0.005177190382823562,0.0013424948534795699,0.6483647055200945,0.99312320412153,BARBUNYA
2898,73324,1108.382,368.8511345468486,255.1156055664314,1.445819567673608,0.722233572843946,75042,305.54707718805145,0.7881419696025109,0.9771061538871565,0.7500273220944852,0.8283750504480101,0.005030428434712353,0.0014611431884742842,0.6862052242047432,0.9921289405950732,BARBUNYA
2899,73333,1127.7659999999998,400.85242768954055,233.71488701136943,1.715134336607494,0.8124400700554326,74734,305.5658284790099,0.7617746660295431,0.981253512457516,0.7245549394206553,0.7622900782720718,0.0054661943148315295,0.0011385337196676863,0.5810861634320414,0.9966408314298083,BARBUNYA
2900,73347,1082.9679999999998,363.79764633530704,257.6648280399842,1.4119026221105089,0.7059475224059879,74564,305.59499486688253,0.8148308615230795,0.9836784507268923,0.7858885675925424,0.8400136667877726,0.0049599526406711525,0.001523360534968307,0.7056229603902391,0.9962709079963583,BARBUNYA
2901,73353,1059.7009999999998,381.7712858084231,245.98569283381505,1.5520060594188425,0.7647497798166177,74671,305.6074938952878,0.6777636101563366,0.9823492386602564,0.820844809005228,0.8004988988319172,0.005204576306469035,0.001318281320598457,0.6407984870311121,0.9945231347387123,BARBUNYA
2902,73393,1088.136,389.2834068470321,241.22320990930763,1.6137891830284095,0.7848706575818148,75049,305.690807690954,0.6891879202193592,0.9779344161814282,0.7789294905105151,0.7852654449540265,0.00530409448921603,0.0012441047926234337,0.6166418190388452,0.9951298973678503,BARBUNYA
2903,73412,1058.56,344.83264957912144,271.4886534575292,1.2701549224526465,0.6165630507042027,74526,305.73037379053096,0.7992596624931955,0.9850521965488555,0.8232769600372312,0.8866050652793,0.0046972245624573835,0.0017903663988058976,0.7860685417789118,0.9984288277256586,BARBUNYA
2904,73478,1011.417,376.0807406723031,249.56671424923027,1.5069346960137053,0.7480886858641237,74153,305.86777415747855,0.7760011828320379,0.9908971990344289,0.9026236172426944,0.8133034773615159,0.005118276772262488,0.001381382806474878,0.6614625462883336,0.9967808611154614,BARBUNYA
2905,73490,1079.891,374.5447780661398,251.80955329709985,1.4874129005909067,0.7402712912441445,74875,305.8927494115987,0.8052463183730715,0.9815025041736227,0.7919144507705841,0.8167054176832814,0.005096540727529458,0.0013986756299257908,0.6670077392732233,0.9921159161889682,BARBUNYA
2906,73499,1071.953,377.9944357440369,247.9504438954737,1.524475737189584,0.7547928626587949,74611,305.91147951407396,0.7437664440396681,0.9850960314162791,0.8037848314970663,0.8093015414682594,0.0051428514094618545,0.0013608968526394305,0.654968985022901,0.9984843262791006,BARBUNYA
2907,73501,1247.2830000000001,354.30887501178523,265.5079109721468,1.3344569422225392,0.6621531907040878,75625,305.9156416033335,0.6873877749513692,0.9719140495867769,0.5937082798139443,0.8634151249899059,0.004820463327189905,0.0016525216377066437,0.7454856780613349,0.9948185384164253,BARBUNYA
2908,73519,1073.069,362.1862058881657,259.14827267886767,1.3976022380707935,0.6986013015033279,75073,305.9530978587804,0.7698727682077595,0.9793001478560868,0.8023320813221584,0.8447397854606623,0.004926429982564585,0.0015474045642078242,0.7135853051401256,0.9973084195182698,BARBUNYA
2909,73569,1080.363,374.99204823610876,250.62954284014552,1.4962005036863635,0.7438383012669769,74768,306.05711896085865,0.6950963718820862,0.9839637277979885,0.7920731881102233,0.8161696238640075,0.0050971475517692065,0.0013951749731560463,0.6661328549183154,0.996668313050819,BARBUNYA
2910,73608,1062.4669999999999,391.5904484395365,240.20261810593593,1.6302505423435243,0.789770340737252,74612,306.1382308841316,0.7346987663193196,0.9865437195089262,0.8194151363550729,0.7817816601606943,0.005319944142478216,0.0012258257710511063,0.6111825641636113,0.9963807066986331,BARBUNYA
2911,73609,1071.166,393.9251894331986,238.6648442740177,1.6505371397763227,0.7955687100129154,74988,306.14031039445064,0.7636342887969043,0.9816103909958926,0.8061710962977442,0.7771534255906363,0.005351590015258985,0.0012041751486756573,0.6039674469072608,0.996870702336318,BARBUNYA
2912,73611,1116.098,390.9581355019843,240.5775021621546,1.625081863384174,0.7882511833036665,75022,306.14446937271305,0.7738913770264303,0.9811921836261364,0.7425879914142998,0.7830620252463303,0.005311137404762662,0.0012318333366618285,0.6131861353828846,0.9964776674893583,BARBUNYA
2913,73623,1101.269,428.5121810557214,219.70806457035366,1.9503707426201722,0.8585540709905297,74981,306.1694220558886,0.7545040890364632,0.981888745148771,0.7628454243213427,0.71449409279704,0.005820357511317406,0.0009356727781473724,0.5105018086418655,0.9956677916297761,BARBUNYA
2914,73658,1085.1419999999998,387.6075044697439,242.33685060330265,1.5994575464061158,0.7804549925015108,74965,306.24218910219184,0.7986165322230896,0.9825651970919762,0.7860617076665206,0.7900832299961228,0.005262259421512177,0.0012648627183101451,0.624231510321106,0.9984317998875804,BARBUNYA
2915,73664,1072.943,383.1261626430247,245.86058476926453,1.5583065622437258,0.7669371215081893,74759,306.2546617169623,0.7952670898648357,0.9853529340948916,0.8041033291535705,0.7993572133112534,0.005200995909033242,0.0013098750449286214,0.6389719544727328,0.9957141897445587,BARBUNYA
2916,73674,1092.816,378.1779296439969,249.59715424181772,1.515153210751778,0.7512662477144502,75048,306.2754482795158,0.81389748121962,0.9816917173009274,0.775229023851385,0.8098712914522338,0.005133126064065978,0.0013621524313183193,0.6558915087185093,0.9937761253396771,BARBUNYA
2917,73724,1080.903,367.59973355680614,258.7821968729742,1.4204985427851748,0.7102215859246008,75524,306.3793599380597,0.7323042692254207,0.9761665166039935,0.7929490991394839,0.8334591458312743,0.004986160999902422,0.001484168899079217,0.6946541477697974,0.9867552046466748,BARBUNYA
2918,73806,1033.627,392.50889817915805,240.17505061354024,1.634261748572438,0.7909373915976344,74622,306.54969880709945,0.6913911007025761,0.9890648870306344,0.8681081677258151,0.7810006352191713,0.005318116388629082,0.0012205150778708633,0.6099619922127492,0.9968375519563353,BARBUNYA
2919,73849,1063.155,397.36974440993373,237.64456064706133,1.6721179871652474,0.8014633283617374,74917,306.6389850282365,0.7329852805431212,0.985744223607459,0.8210343189373704,0.7716716970577967,0.005380841235628563,0.0011769560016054704,0.59547720804006,0.9957081505107261,BARBUNYA
2920,73871,1055.692,373.47536373107056,252.65693286505632,1.478191631220914,0.7364405428869213,74889,306.6846562988295,0.7685369177790031,0.9864065483582368,0.8329316813061889,0.8211643553540114,0.0050557778252774506,0.001418038758843684,0.6743108985039694,0.9967607270096227,BARBUNYA
2921,73887,1070.9689999999998,396.4265040618694,238.11329001245255,1.6648650902313669,0.7995126360722905,74972,306.7178674969017,0.7021810406272274,0.9855279304273595,0.8095135031100436,0.7737067636855908,0.005365307889911208,0.0011859871557775192,0.5986221561728308,0.9966251300511751,BARBUNYA
2922,73909,1094.529,404.12823920829686,233.62119136585443,1.7298440986692245,0.8159752925581573,75016,306.7635270233916,0.7703668959766521,0.9852431481283993,0.7752694033794326,0.7590747125822076,0.00546791648119034,0.001119798110496565,0.5761944192817614,0.9967265158806956,BARBUNYA
2923,73913,1062.106,363.6795049299866,259.5083294178823,1.4014174641167647,0.7005908139255703,74902,306.77182802534213,0.7270607908715325,0.9867960802114764,0.8233698678028426,0.843522452782705,0.004920372666919035,0.0015366124525342329,0.7115301283485507,0.9971507481129022,BARBUNYA
2924,73927,1082.44,397.72274422595854,237.13051036021307,1.6772314267860253,0.8028206179929096,74724,306.8008797634654,0.8038863878558535,0.9893340827578824,0.7928760169592711,0.7713938521684401,0.005379938915767697,0.001175064756317192,0.5950484751632654,0.9980340030049325,BARBUNYA
2925,73944,1067.612,369.35489097095194,255.97155709530875,1.4429528622722168,0.7209151557662747,75339,306.8361531760833,0.7187961738859943,0.9814836937044559,0.8152408080775007,0.8307353190030305,0.00499506235760781,0.001467477249868307,0.6901211702390669,0.9958123179111134,BARBUNYA
2926,73949,1108.0069999999998,395.88213830097556,239.06894448858773,1.6559329324343652,0.7970682807666023,75397,306.84652693752383,0.79784433463522,0.9807949918431768,0.756932514912049,0.7750956591636852,0.005353448164288571,0.0011918856289559775,0.6007732808543876,0.9948402606934207,BARBUNYA
2927,73978,1043.225,352.3956688927225,268.40798852351736,1.3129105092259439,0.6479692026016383,75082,306.9066878391833,0.7318395409803631,0.985296076289923,0.8541939241082315,0.8709150393463345,0.004763519815252136,0.0016904833579403959,0.7584930057596273,0.9958334384361891,BARBUNYA
2928,74049,1156.0929999999998,396.9097089214219,239.4829340016863,1.657361141728066,0.797462283467818,76062,307.0539285664557,0.7102612799263351,0.9735347479687623,0.6962152289450037,0.7736115334665311,0.005360095462753338,0.0011842517376007332,0.5984748047124377,0.9918888856336872,BARBUNYA
2929,74077,1088.0869999999998,383.25343949466406,246.6858242587695,1.55360949761198,0.76530956459114,75268,307.1119759230282,0.7497065014978544,0.9841765424881755,0.7862596825459416,0.8013286882120833,0.0051737170713536465,0.0013159070161023682,0.6421276665516983,0.9976156414341368,BARBUNYA
2930,74151,1071.243,382.42807743879877,248.68719389091697,1.5377875774598402,0.7596904524426349,75148,307.2653340057369,0.7733568344423354,0.9867328471815617,0.8119903766431561,0.8034591394637064,0.005157423061574338,0.0013257685173561366,0.6455465887877595,0.9927135249093922,BARBUNYA
2931,74155,1093.5859999999998,393.05634174382953,240.7041059164326,1.6329440673533437,0.7905551536061542,75479,307.27362145136374,0.8004641623488774,0.9824586971210535,0.7791918828469865,0.7817546463901762,0.005300469850230322,0.001221169688788837,0.6111403271526296,0.9979579715442682,BARBUNYA
2932,74172,1096.388,400.5306372636224,236.31646654170507,1.6948909364000535,0.8073970590972191,75432,307.30884060192034,0.7843079200592153,0.9832962138084632,0.7753919833713074,0.7672542672426202,0.005400024770312549,0.0011543373946521674,0.5886791106020102,0.9977468890073916,BARBUNYA
2933,74185,1082.9909999999998,377.39517355127583,251.43902355480682,1.5009411356110123,0.7457296702594618,75436,307.3357701703107,0.7808618584480653,0.9834164059600191,0.7948336956437625,0.814360627027345,0.005087216735880243,0.0013801524979933782,0.6631832308523706,0.9953989916337374,BARBUNYA
2934,74216,1170.7259999999999,401.5684114521298,237.98035031437612,1.6874015477397653,0.8054769022825103,76494,307.3999773130519,0.6576400949916705,0.9702198865270478,0.6804510376397731,0.765498402131405,0.0054108064494466125,0.001146090508235197,0.5859878036657342,0.9887967268621854,BARBUNYA
2935,74216,1092.082,408.94488649057,231.85781965708074,1.763774398876873,0.823741239293947,75550,307.3999773130519,0.7376749363867684,0.9823428193249504,0.7819822758719844,0.7516904782721628,0.005510198427435728,0.0010851835389367197,0.565038575125033,0.9966005731833997,BARBUNYA
2936,74237,1065.145,369.03609067079634,257.7340379656367,1.431848480641891,0.7157096799398301,75569,307.44346485574266,0.7467309085056731,0.9823737246754621,0.8222669054872362,0.8330986389350243,0.004971053392119783,0.001477113577886861,0.69405334219539,0.9937792235068957,BARBUNYA
2937,74367,1073.76,407.2304241482621,233.02129423523786,1.7476103438733714,0.820107182702962,75422,307.7125366690799,0.6755723110465116,0.9860120389276339,0.8105422978511911,0.7556226608379577,0.005475956057771083,0.001101183289330975,0.5709656055718353,0.9978253982932628,BARBUNYA
2938,74407,1041.935,380.58728020872064,249.8268201047877,1.5234044129012512,0.7543917142940247,75370,307.7952806738746,0.7376158612143743,0.9872230330370174,0.8612761181312822,0.808737697447677,0.005114939188634412,0.0013497426971567077,0.6540566632729704,0.996392807117511,BARBUNYA
2939,74439,1155.858,396.64603136723593,239.58466134076497,1.6555568672365053,0.7969643328784035,75814,307.86145986553885,0.8053554040895813,0.9818635080591975,0.7001666613484253,0.7761617046925761,0.00532847071249259,0.0011928647094600034,0.6024269918312856,0.9973521433349152,BARBUNYA
2940,74450,1065.0639999999999,379.392112310424,250.76134514510605,1.5129609074751302,0.7504250003686168,75382,307.88420567728525,0.7973482414428308,0.9876363057493831,0.8247515781487139,0.8115197856969942,0.005095931663000994,0.0013633262897788552,0.6585643625776952,0.9963821356363307,BARBUNYA
2941,74486,1133.189,356.88907064086584,267.76838265165924,1.3328275246937724,0.6611149529295888,76411,307.95863476957965,0.7735751080093054,0.9748072921438012,0.7289199160351836,0.8628973541178445,0.00479135771340743,0.0016386073843808033,0.7445918437435767,0.9924125040039234,BARBUNYA
2942,74553,1068.695,363.2833118913771,261.7500135562082,1.387901788258611,0.6934423891228144,75840,308.09710770898283,0.7325276344878409,0.9830300632911393,0.8202900300504963,0.8480904506868867,0.0048728194960816745,0.0015549942216799718,0.7192574125462867,0.9982586490912531,BARBUNYA
2943,74557,1057.513,366.10889319085504,260.4763756822854,1.4055358849027229,0.7027140337461573,75694,308.1053727814877,0.7866654005233392,0.984978994372077,0.8377739632216796,0.8415675732325636,0.004910456337981075,0.0015193491568712904,0.7082359803165463,0.9954510853141645,BARBUNYA
2944,74557,1115.534,417.50805084921336,228.54865253545316,1.82677975222124,0.8368636663764695,76068,308.1053727814877,0.735276134122288,0.9801361939317452,0.7528919707908518,0.7379627103113339,0.005599850461381404,0.0010244572997865633,0.5445889618100499,0.9948440887177852,BARBUNYA
2945,74685,1046.325,404.9604555860614,235.02670117745618,1.7230402058883398,0.8143532598716083,75389,308.36973813677895,0.745336965959103,0.9906617676318826,0.8572550361084214,0.7614811122496004,0.005422246175082833,0.0011245934148307714,0.5798534843128885,0.9991108669955507,BARBUNYA
2946,74709,1110.5639999999999,409.2814053304717,233.71828088684748,1.751174122013252,0.8209184511952345,76051,308.41928141349933,0.7902703731911652,0.982353946693666,0.761194435327222,0.7535628968153784,0.00547834136891769,0.0010896998252377381,0.5678570394567845,0.9944165524997792,BARBUNYA
2947,74724,1093.874,373.50490181366615,255.71869885699695,1.4606084869160765,0.7288755915370658,76013,308.45024192046,0.7960964384262169,0.9830423743307066,0.7847573213915585,0.8258264896195108,0.004998459689171701,0.0014340727859620207,0.6819893909572842,0.9961194924189353,BARBUNYA
2948,74734,1062.473,381.3988414159924,250.9818411113944,1.5196272356879972,0.7529688872393361,75706,308.47088053208137,0.8267401212443029,0.9871608591128841,0.8319405384419006,0.8087881950213677,0.0051034180080818965,0.0013470388436337718,0.6541383444059222,0.9940464440670945,BARBUNYA
2949,74754,1036.3809999999999,352.3274101482656,271.14161809561153,1.2994220976583013,0.6385589945428606,75705,308.51215361332584,0.8179490546218487,0.987438082028928,0.8745918285103242,0.8756405114308264,0.004713157960085956,0.0017092088852486804,0.7667463052588394,0.9963270923511932,BARBUNYA
2950,74794,1197.889,423.7976340381822,225.43171183303687,1.8799379669887017,0.8467867934254762,75813,308.5946832155761,0.7599857745262409,0.9865590334111564,0.6550032732006127,0.728165186471459,0.005666198278447231,0.0009826326187456537,0.5302245387890147,0.9967892414985423,BARBUNYA
2951,74862,1074.036,389.28281265336346,245.71826878231914,1.5842648354251088,0.7756139305829965,76237,308.7349329084154,0.7550302064527842,0.9819641381481433,0.815518115236407,0.7930864730555883,0.005200005512187271,0.0012690120238949623,0.6289861537437524,0.9964806453455181,BARBUNYA
2952,74864,1038.26,365.5093152884411,261.72179220324335,1.3965566726847118,0.6980522294845326,75820,308.73905693490286,0.7870396652684476,0.9873911896597204,0.8727113947227692,0.84468177422855,0.004882310794085823,0.0015331253988984618,0.7134872997138912,0.9964254492912316,BARBUNYA
2953,74880,1059.7369999999999,367.6958053264532,259.6779414603901,1.4159685773022794,0.7079821160988897,75991,308.77204716387297,0.7580635364149912,0.9853798476135331,0.837875524675811,0.8397486256057078,0.0049104674856631034,0.0015062595357348088,0.7051777542066753,0.9985095413692423,BARBUNYA
2954,74894,1116.179,385.6530932107398,249.14620370742088,1.5478987336432495,0.7633060152498291,76098,308.80091072306647,0.7904963955120695,0.9841782964072643,0.7554212470351246,0.8007219860526892,0.005149318946921513,0.0013057395811694507,0.641155698948163,0.9924440944700141,BARBUNYA
2955,74923,1101.567,385.5329638578254,248.44304825845367,1.551796142256144,0.7646763356474784,76197,308.86069094365604,0.7742538855820106,0.9832801816344475,0.7758954202192553,0.8011265440263518,0.005145722459829764,0.0013074666125956768,0.641803739543606,0.9959485671093349,BARBUNYA
2956,74925,1119.9750000000001,398.32595167458044,240.4810746749375,1.6563713057794864,0.7971893447538861,76127,308.8648132909964,0.7533254909058004,0.9842105954523362,0.7506197006656256,0.7754072060645676,0.005316329018012419,0.0011855256214794527,0.6012563352168588,0.9959037410713372,BARBUNYA
2957,74933,1081.712,373.0301534830213,256.0249979778013,1.4570067627355863,0.727282138467707,76038,308.8813021301871,0.7282118561710399,0.9854677924195797,0.8047475980263531,0.8280330671559131,0.004978182556190481,0.0014435814854872945,0.6856387603036289,0.9989803105560309,BARBUNYA
2958,74945,1082.572,388.6936408591952,246.45536368403717,1.5771360584284608,0.7732832749062817,76519,308.9060337387031,0.7325715514544886,0.9794299455037311,0.8035981858281507,0.7947288076436648,0.005186385227289282,0.001276204752053929,0.6315938776987212,0.9961094788013085,BARBUNYA
2959,74991,1138.0870000000002,381.74604345630485,251.83542031182785,1.515855247778962,0.7515346691232392,76411,309.0008199005863,0.7678783534712267,0.9814162882307521,0.7275587762779547,0.8094407923731498,0.005090558113057631,0.0013479864019245993,0.6551943963576728,0.9931798640341476,BARBUNYA
2960,75019,1108.2669999999998,394.0229119889736,242.89515139240854,1.6221934020922923,0.7873945966219309,76241,309.05850159231534,0.7441327593389807,0.9839718786479715,0.7675246480787644,0.7843668278888414,0.005252308241765067,0.0012263285576396177,0.6152313206924033,0.9980241891877436,BARBUNYA
2961,75051,1077.3410000000001,370.1735995018452,258.93625354427195,1.429593556077903,0.714633072042666,76431,309.1244103462531,0.7921535100218485,0.9819444989598461,0.8125684792500463,0.8350795701321002,0.0049322940334152136,0.0014795858093553855,0.6973578884520134,0.9969383436110912,BARBUNYA
2962,75058,1114.9419999999998,399.97843167203996,239.5075108578757,1.6700037098602225,0.8008977990779815,76233,309.1388260130582,0.7642758227435646,0.9845867275326958,0.7587562835028441,0.7728887398271885,0.0053289247205100055,0.00117297098244038,0.5973570041516594,0.9975884130442596,BARBUNYA
2963,75067,1062.917,390.4637188805148,245.09215658559904,1.5931302099589808,0.7784593003370116,76108,309.1573594541046,0.7000167854078854,0.986322068639302,0.8349495169141707,0.7917697458306219,0.005201536212723498,0.00126097652338317,0.6268993304126876,0.9987322618835095,BARBUNYA
2964,75124,1084.9450000000002,391.4400060962641,245.82628801621826,1.5923439647367537,0.778209289043456,76179,309.27471212287037,0.751991991991992,0.9861510390002494,0.8019976997027201,0.790094796919691,0.005210585247008467,0.0012525154032666315,0.624249788119568,0.9940203826003912,BARBUNYA
2965,75139,1047.276,358.66434254590297,267.35104183578085,1.3415483256886311,0.666609228071811,76250,309.3055870039456,0.7860879208252255,0.9854295081967213,0.8609005250999554,0.8623817600835515,0.004773344635221429,0.0016285489003070438,0.7437023001248043,0.9977125755432151,BARBUNYA
2966,75149,1140.415,380.67752314216625,253.4433107685576,1.5020223733180234,0.7461578785035318,76757,309.3261685459262,0.7124478574137277,0.9790507706137551,0.7261180419755928,0.8125674612798364,0.005065636577228789,0.0013622333268928925,0.6602658791307584,0.991734122792893,BARBUNYA
2967,75180,1059.0839999999998,372.15283561830825,258.7489338619524,1.4382777546703207,0.71874285237646,76407,309.38996262514644,0.7655180840664711,0.9839412619262633,0.8422700758111261,0.8313518882937294,0.004950157430411124,0.0014586071027126743,0.6911459621695498,0.9940598626186783,BARBUNYA
2968,75192,1029.627,391.05979475869896,245.33478400167246,1.5939843033266456,0.7787303762159508,75850,309.4146535762751,0.814621409921671,0.9913249835201055,0.8912953801244604,0.7912208253655877,0.005200816506525947,0.0012573093134479484,0.626030394492202,0.9978826222259576,BARBUNYA
2969,75218,1082.347,407.9429151237448,236.09925612858683,1.7278449827117062,0.8155010290950865,76163,309.46814387896126,0.8207987778262767,0.9875924005094338,0.8068607882786744,0.7586064922468078,0.0054234746353764365,0.0011079587627203014,0.575483810079006,0.994346813876827,BARBUNYA
2970,75230,1074.138,403.38912907135284,238.4231268699039,1.6919043650134786,0.806634954524002,76174,309.49282859288724,0.6788179562373111,0.9876073200829679,0.8193713301247466,0.7672314554072752,0.005362078015038586,0.0011460893875402864,0.5886441061663659,0.995929532662332,BARBUNYA
2971,75253,1126.203,392.53949218808174,244.96749841200491,1.6024145845171633,0.78137784256027,76962,309.5401354589663,0.7231832247400488,0.977794236116525,0.7455904252315667,0.7885579454274448,0.005216263699627679,0.0012441528795640155,0.6218236332967532,0.9964192589921698,BARBUNYA
2972,75270,1137.9560000000001,407.26925143381413,235.98588296188538,1.7258204021449586,0.8150187610382034,76553,309.57509675717733,0.7162159590461872,0.9832403694172664,0.7304337638624968,0.7601239122946329,0.0054107778853967605,0.0011142356482417405,0.5777883620420987,0.9971589433341717,BARBUNYA
2973,75275,1044.47,401.37753705559396,239.51647948008753,1.675782551275195,0.8024375284984113,76120,309.5853787405655,0.6730958384748824,0.9888991066736732,0.867099004138789,0.7713071862755625,0.005332149280047744,0.0011641034412690201,0.5949147756003252,0.9969478004468231,BARBUNYA
2974,75279,1124.6129999999998,383.13881423048065,251.69401399300637,1.5222404702923393,0.7539546827403127,76654,309.5936040814123,0.7892535122667226,0.9820622537636653,0.7479585077159034,0.8080455244484143,0.005089584269590199,0.0013384599756413893,0.6529375695811132,0.9939279929906907,BARBUNYA
2975,75332,1064.37,371.6035603520778,258.6551439897425,1.4366757011676308,0.7179920456181638,76292,309.702569224069,0.7588214555527575,0.9874167671577623,0.8356109288477583,0.8334219643391997,0.004932877931716638,0.0014680467932449317,0.6945921706430103,0.9979036937840935,BARBUNYA
2976,75338,1132.638,394.0366998938942,248.19025259865927,1.5876397069109667,0.776703957486131,77341,309.7149024849429,0.7028847589192416,0.974101705434375,0.7379750762752143,0.786005218722882,0.005230251664417614,0.001231413944897054,0.6178042038596054,0.9808504851440272,BARBUNYA
2977,75351,1095.258,408.40868357521566,236.04324391152218,1.7302282277068792,0.8160662022957174,76285,309.74162286547676,0.7943055321302075,0.9877564396670381,0.7893434622111309,0.7584109626514157,0.005420083125309759,0.001106124770223409,0.5751871882698472,0.995205109359841,BARBUNYA
2978,75370,1079.0069999999998,356.03659663387475,271.33394617671473,1.3121712253504572,0.6474644394729118,76855,309.7806715834434,0.7606677162811352,0.9806778999414482,0.8135043039786208,0.8700809818772703,0.00472385029366956,0.0016699927757381754,0.7570409150245149,0.9933673051081491,BARBUNYA
2979,75409,1085.018,386.6434520586245,249.80176285620126,1.5478011349391332,0.7632715351418532,76423,309.8608087979729,0.8231435089672637,0.9867317430616438,0.8049319380372598,0.8014122756978449,0.005127285231983245,0.0013046415408457081,0.6422616356391984,0.9940932885702155,BARBUNYA
2980,75443,1070.2920000000001,380.7410437998494,253.5632975327682,1.5015621247418347,0.7459757469564154,76715,309.9306551044199,0.736101083032491,0.9834191487974973,0.8276071905954582,0.814019555158194,0.0050467378524163865,0.0013668783390354282,0.6626278361799441,0.9949768616074413,BARBUNYA
2981,75515,1109.067,396.89851365527227,243.92471744930862,1.6271352809407436,0.7888567996169146,76863,310.07851299417024,0.7923508735113582,0.9824623030586889,0.7714850673928708,0.7812539032672975,0.005255889739194494,0.0012077993989975642,0.6103576613703879,0.9931344848082415,BARBUNYA
2982,75526,1059.166,377.0555786538261,255.77961546036346,1.4741424095707736,0.734729212362593,76529,310.10109618585335,0.7619652945924132,0.9868938572305923,0.846015433906516,0.8224280815390256,0.0049923943894000225,0.0014089006586883652,0.6763879493039623,0.9970921613915773,BARBUNYA
2983,75542,1136.864,406.83281761672094,236.93686281386954,1.7170515925008958,0.8129068818649952,77278,310.1339415291136,0.6996573122163564,0.9775356505085535,0.734482265809584,0.7623129897580981,0.005385518223196645,0.001121864855669238,0.5811210943539303,0.9978149004962793,BARBUNYA
2984,75562,1077.868,402.79753357433935,239.9578761108599,1.6786176811643723,0.803186051564141,76928,310.1749933171247,0.6799179369049976,0.9822431364392679,0.8173012273746583,0.7700518684032099,0.005330689150291673,0.0011562268134450956,0.5929798800312746,0.9953865111952257,BARBUNYA
2985,75586,1118.7939999999999,385.0406231378582,250.58910560484426,1.5365417511207828,0.7592388160618865,77261,310.22424829202504,0.7749548884514436,0.9783202391892417,0.7588413184487651,0.8056922559595843,0.005094073282590138,0.0013241028141871734,0.6491400113132443,0.9974307297058171,BARBUNYA
2986,75607,1190.215,412.63353756478193,235.26106418006316,1.753938923140134,0.8215438872496867,77466,310.26733998084853,0.6900715563506261,0.9760023752355872,0.6706887653386358,0.7519198313640169,0.0054576102419720655,0.0010761391629868801,0.5653834327984915,0.9916480092838584,BARBUNYA
2987,75626,1096.341,371.1089149333782,260.32656242915607,1.4255514745421718,0.7126862730168061,77287,310.3063225429695,0.7679949630351776,0.9785086754564157,0.7906598447301313,0.8361597096062109,0.004907160433361254,0.0014796771543830183,0.6991630599687428,0.9966929310838583,BARBUNYA
2988,75636,1108.609,404.08959877209753,239.00632646235522,1.6907067053546962,0.8063280007890703,77056,310.32683771402816,0.6823090038158642,0.9815718438538206,0.7733598426179742,0.7679654182067908,0.005342556438363974,0.0011462927285979458,0.589770883561531,0.9971295874604441,BARBUNYA
2989,75647,1073.393,380.74458376191006,254.1714792569618,1.4979831131131185,0.7445521797898689,76811,310.34940283586957,0.7134557526714389,0.9848459205061775,0.8250571950746501,0.8151117995415517,0.005033174927781803,0.0013705361883434805,0.6644072457518668,0.9952708343662942,BARBUNYA
2990,75661,1176.964,408.0759212040142,237.12504603233384,1.7209313315151444,0.8138459365574564,77347,310.37811970918176,0.6891303555814632,0.9782021280721941,0.6863657164036632,0.7605891540804995,0.005393477765348253,0.0011133947468925447,0.5784958613048898,0.9955516528714243,BARBUNYA
2991,75677,1039.3429999999998,394.2064883168658,245.71936924364613,1.6042955406009747,0.7819616458397435,76411,310.4109357399041,0.8258976317799848,0.9903940532122338,0.8803512405430873,0.7874323354373451,0.0052090660083891505,0.0012353573484750698,0.6200496828923118,0.9947429412151841,BARBUNYA
2992,75679,1085.3079999999998,368.0140302143913,262.7612245979921,1.4005644507762867,0.7001478964948339,77287,310.4150374998163,0.7643725759534583,0.9791944311462472,0.8073823296979711,0.8434869652088537,0.004862828924990966,0.0015183862299086837,0.7114702604772419,0.9964599546089701,BARBUNYA
2993,75703,1082.3809999999999,389.22023431538116,248.50310865765772,1.5662590155022078,0.7696516858312695,76726,310.4642543918479,0.7804432989690722,0.9866668404452207,0.8120123492441889,0.7976570255601919,0.005141410965422521,0.0012838871761239544,0.6362567304255325,0.9965428402029483,BARBUNYA
2994,75710,1077.0369999999998,367.91453118383964,263.1446424076498,1.3981456275058255,0.6988860027236056,77071,310.47860784907414,0.7760989010989011,0.9823409583371178,0.8201661933489448,0.8438878639831002,0.004859523592442737,0.0015202409364975934,0.7121467269779594,0.9956848324668189,BARBUNYA
2995,75720,1097.6319999999998,390.07556930263314,248.12210372297332,1.5721113252294117,0.7716171238082912,77033,310.49911163696834,0.7038482989403235,0.9829553567951398,0.7897814875347685,0.7959973299329423,0.005151552684926481,0.0012757464023337962,0.6336117492603732,0.996108206810651,BARBUNYA
2996,75731,1094.38,415.79425641761014,232.75118713613114,1.7864323767097312,0.8286447154733607,76819,310.52166423993447,0.7720720169643586,0.9858368372407867,0.7945976207353002,0.7468156653132233,0.005490410220617846,0.0010535089606351648,0.5577336379572323,0.9963534284269032,BARBUNYA
2997,75754,1051.1979999999999,381.6775635425403,254.85110745119013,1.4976492249131794,0.7444187141953557,76767,310.56881439041416,0.7236237546209175,0.9868042257740957,0.8614823454264245,0.8136941860241134,0.00503838165037543,0.0013624346365125218,0.6620982283694443,0.9915908985338878,BARBUNYA
2998,75780,1073.277,364.9634589368101,265.3948535655354,1.3751715756111589,0.686444722125209,77156,310.6221059423019,0.7427227286092326,0.9821660013479185,0.8266864506828165,0.8511046745534137,0.0048160920947058605,0.0015588576156615548,0.724379167046672,0.9961456404874709,BARBUNYA
2999,75799,1096.146,409.70622352847136,236.30386936171968,1.7338108962630563,0.8169107012892414,77029,310.66104398746324,0.7968776282590412,0.9840319879525893,0.7927505159491888,0.7582531729979316,0.0054051666054759475,0.0011021629124492785,0.5749478743614314,0.9968508893511325,BARBUNYA
3000,75854,1095.8580000000002,402.9619968902599,240.92420540210205,1.6725675040318888,0.801583237972486,77204,310.77373187954777,0.8124892887746358,0.982513859385524,0.7937427774259115,0.7712234262234459,0.005312336816651197,0.0011592743245688922,0.5947855731558308,0.9948190215274242,BARBUNYA
3001,75871,1061.687,361.05566510068417,268.9466594962263,1.3424805713407655,0.667187589358707,76977,310.80855441670445,0.8085144927536232,0.9856320719175857,0.8458486744301883,0.8608327869056762,0.004758809889162976,0.001611956498157993,0.7410330870117934,0.9948225220340037,BARBUNYA
3002,75881,1164.144,372.02076393065,261.7787544559118,1.421126648355663,0.7105298579966808,77787,310.82903643972656,0.7984111952861953,0.9754971910473472,0.7036059467069715,0.8355152899413688,0.004902686626832145,0.0014737760849840528,0.6980857997258098,0.9920683328290227,BARBUNYA
3003,75899,1141.825,377.26580142839225,257.432096750058,1.4654963626959125,0.7310138143453582,77693,310.8659006804286,0.7470962280494527,0.9769091166514358,0.7315547302954859,0.8239970320750982,0.004970629407876155,0.0014134932450444264,0.6789711088685707,0.9950296904225008,BARBUNYA
3004,75956,1140.196,396.8617552142049,244.89999999815456,1.620505329592468,0.7868914345857801,77495,310.9826086132535,0.7631621252310907,0.9801406542357571,0.7341975376913583,0.7836043774119822,0.00522489013658177,0.001215190426356285,0.6140358202992203,0.9950483193555696,BARBUNYA
3005,75959,1091.585,393.8976882752236,245.7920119157685,1.602565051667383,0.7814246356546629,77304,310.98874992278775,0.70664793659063,0.9826011590603332,0.8010764863466534,0.7895165652901577,0.005185661847512784,0.0012428792646035608,0.623336406867568,0.9989371410778849,BARBUNYA
3006,75990,1116.4429999999998,379.5325031405004,256.610013828173,1.4790245223814094,0.7367903175020107,77909,311.0522030213337,0.7093648482132855,0.975368699380046,0.7661136466074104,0.819566704952762,0.0049945058973615,0.0013899831007283853,0.6716895838671276,0.9934453659676461,BARBUNYA
3007,76049,1131.395,384.66475544003885,253.41209495301902,1.51794157856338,0.7523296111130112,77435,311.1729328485439,0.8310276247923769,0.9821011170659263,0.7465774385640849,0.8089457857727993,0.005058117206538401,0.0013361226272375014,0.6543932843195716,0.9933307750013252,BARBUNYA
3008,76074,1094.85,390.4287458177331,250.4580577607351,1.5588587937973761,0.7671272810458533,77592,311.22407542827204,0.8204702329594478,0.9804361274358181,0.797511346844472,0.7971341218137744,0.005132223175036584,0.001278235559895351,0.6354228081598174,0.9905344322793544,BARBUNYA
3009,76075,1119.386,405.83480557607436,239.85527456943288,1.691998670050485,0.806659091764199,77227,311.2261209566567,0.6781511855945801,0.9850829373146698,0.7629429831969794,0.7668788302050078,0.005334667178127826,0.0011381358125721617,0.5881031402166013,0.9950697310990032,BARBUNYA
3010,76077,1133.5649999999998,403.5801066580954,241.34284394958345,1.6722273594422519,0.8014925142103749,77477,311.2302119730939,0.8007009567111869,0.9819301211972585,0.7439956325544538,0.7711733230616384,0.005304889870237988,0.0011573484280262803,0.5947082942019302,0.9944874804516997,BARBUNYA
3011,76098,1073.5749999999998,385.8250106362273,251.6534766230877,1.5331598665497244,0.7580058937949244,77155,311.2731643994651,0.714052471568517,0.9863003045816863,0.8296947222654407,0.806772904343796,0.0050701071071017284,0.0013249580018441843,0.6508825191833237,0.9979069562506531,BARBUNYA
3012,76132,1124.522,395.33195215112596,248.17532680808938,1.5929542925789348,0.7784034010138804,77886,311.34269385963984,0.8066881410528101,0.9774799065300568,0.7565561923447105,0.7875475082788678,0.005192717282497845,0.0012322008042420505,0.6202310777962533,0.9879997577664008,BARBUNYA
3013,76163,1067.4029999999998,370.01191659879186,262.9404450110678,1.4072080717107522,0.70356898577852,77251,311.40607483744463,0.777094174063871,0.9859160399218133,0.8400343941954778,0.841610934317842,0.004858158378724471,0.001503477415421437,0.7083089647633511,0.9967380924800745,BARBUNYA
3014,76202,1161.5009999999997,408.9017363745251,237.91668909328922,1.7186761379912745,0.8133009939689949,77700,311.4857938781621,0.7151088588588589,0.9807207207207207,0.7098017372070923,0.7617619740133925,0.005366023678834218,0.0011145755341691473,0.5802813050527805,0.9973156323166495,BARBUNYA
3015,76217,1067.935,379.056800683244,257.02488463656,1.474786385836688,0.7350025874506787,77190,311.5164496155538,0.736438827371635,0.9873947402513279,0.8397926594384525,0.8218199727693851,0.0049733891478704745,0.001399390663750081,0.6753880676426731,0.9960531273159623,BARBUNYA
3016,76246,1103.271,384.09088650999115,254.21196294595026,1.5109079921296047,0.7496330563532484,77508,311.57570882191254,0.7707922643779254,0.9837178097744749,0.7871591052453379,0.8112030765765323,0.005037521791438123,0.001345597144930201,0.6580504314472314,0.9942536560979562,BARBUNYA
3017,76305,1164.13,394.7024530933118,246.78997357400053,1.5993455786604693,0.7804199268202551,77830,311.6962358788065,0.711402200261048,0.9804060131054864,0.7075545012139367,0.789699261902277,0.005172694490443769,0.00124091924515667,0.6236249242490014,0.9973917653401104,BARBUNYA
3018,76307,1134.821,403.78991164358234,241.4418177193669,1.672410833623346,0.8015414588102601,78040,311.7003207250613,0.777341999103541,0.977793439261917,0.7445939719233686,0.7719368704788079,0.005291649673602452,0.0011590388326561311,0.5958865320046157,0.996567091734764,BARBUNYA
3019,76328,1162.0379999999998,415.4142706519158,235.17206745796034,1.7664269194137003,0.8243265759625729,78024,311.74320837918106,0.7927052176802925,0.9782630985337845,0.7103184354719844,0.7504393334633348,0.005442488610364686,0.0010647303843282507,0.5631591932088942,0.9947795587994918,BARBUNYA
3020,76334,1101.8339999999998,387.123611082133,251.80586069333512,1.5373892014117823,0.7595461819441935,77736,311.75546091097414,0.6882145046702008,0.9819645981269939,0.7901245309017392,0.8053124428125656,0.005071444062699885,0.0013157368552663582,0.6485281305487418,0.9970401447174062,BARBUNYA
3021,76385,1057.34,384.83845454289616,254.36094270159347,1.5129620548480744,0.7504254418511935,77525,311.85958799529544,0.8235579514824798,0.9852950661077072,0.8585955288408159,0.8103649318665838,0.005038141710321348,0.001340209515855412,0.6566913227991329,0.9935490531430761,BARBUNYA
3022,76455,1065.907,370.7141125731267,263.9559258246353,1.4044545937544834,0.7021590105496249,77338,312.002450940256,0.7652157376917919,0.9885825855336315,0.8456236644895894,0.841625501588399,0.004848788340502606,0.0015006815205138014,0.7083334849239243,0.9948222168115277,BARBUNYA
3023,76480,1065.5870000000002,374.2601199884561,263.14362354949037,1.4222655861469797,0.7110874635626201,77821,312.0534575699254,0.7470354959073239,0.9827681474152221,0.8464083053819337,0.8337876276519939,0.0048935685144934115,0.0014589057023513114,0.6952018080255401,0.988761606981885,BARBUNYA
3024,76500,1099.381,396.2521483769339,246.96837549049462,1.6044651368417207,0.7820141621487534,77747,312.0942568716059,0.785751702462022,0.9839607959149549,0.7953803274129139,0.7876153054310434,0.005179766645450117,0.0012295509949117463,0.6203378693492358,0.9953104844335231,BARBUNYA
3025,76502,1103.519,385.6338479486477,253.80970974538255,1.5193817775352598,0.7528759646598987,77696,312.0983365084303,0.800096218206158,0.9846324135090609,0.7894470804332397,0.8093126113504184,0.005040833546164122,0.0013339739582412023,0.6549869028908337,0.9951751647765894,BARBUNYA
3026,76522,1051.538,380.1616879836261,257.70024229611346,1.4752088884215984,0.7351816948940185,77430,312.1391299440429,0.7308272687334059,0.9882732790907917,0.8696534678141216,0.8210694023367421,0.004968005122495833,0.001392775986844177,0.6741549634536149,0.9945193942603104,BARBUNYA
3027,76545,1104.3899999999999,393.1787015735836,248.45801206486792,1.5824754384291368,0.7750325281616046,78024,312.18603580517987,0.7107110360067594,0.9810442940633651,0.7886453742144164,0.7940054600001116,0.005136569358855361,0.001259351242477174,0.6304446705099888,0.9976632063706071,BARBUNYA
3028,76545,1087.242,423.8147901638534,230.93335804276526,1.8352255116186786,0.8385061299006317,77800,312.18603580517987,0.8019381875327396,0.9838688946015424,0.81371861241262,0.7366095828899315,0.005536805672008013,0.0010055148799726788,0.5425936776052788,0.995781759584208,BARBUNYA
3029,76546,1124.781,410.33665068876445,238.44006514225018,1.7209215676231386,0.8138435826224505,77760,312.1880750305779,0.7888575138611208,0.9843878600823045,0.7603200128532247,0.7608096291339301,0.005360654386757825,0.0011079025788220105,0.5788312917829084,0.9961232540443691,BARBUNYA
3030,76547,1053.004,394.8820656642811,247.8773570281577,1.5930542038957771,0.7784351514942244,77335,312.19011424265585,0.7030723306544202,0.9898105644274908,0.8675170055800562,0.7905907646564839,0.00515868767769189,0.0012431569008057187,0.6250337571601239,0.9957126544207076,BARBUNYA
3031,76559,1125.301,399.4427583583794,245.48803062011228,1.6271374101188214,0.7888574261468151,78821,312.2145837487085,0.6971570627231004,0.971302064170716,0.7597464973555339,0.7816253448475089,0.005217450049744373,0.0012012477739339338,0.6109381797079875,0.9940803674727615,BARBUNYA
3032,76586,1093.0310000000002,371.617934884929,264.36430574955494,1.405703897246176,0.7028001196972702,77881,312.26963312670534,0.7802636672983271,0.9833720676416584,0.8055533214950918,0.8402975309127618,0.004852295914200102,0.0014923111732552642,0.706099940458084,0.9925674381472216,BARBUNYA
3033,76673,1061.077,363.0571425068496,269.5013742784027,1.3471439374991871,0.670055310046429,77754,312.4469484784243,0.7910141339110699,0.9860971782802171,0.8557728787924592,0.8605999218773931,0.004735136782268198,0.0016022028534460626,0.740632225535375,0.9977382125465113,BARBUNYA
3034,76697,1131.072,391.9086698640074,250.2439689827003,1.566106353960125,0.7696000533810374,78290,312.49584535246663,0.7991268650495957,0.97965257376421,0.7533689867165965,0.797369054021956,0.005109830500071807,0.0012741594028891374,0.6357974083118693,0.9957263609885985,BARBUNYA
3035,76729,1058.497,397.61717832864144,247.1648797593444,1.608712284349569,0.7833227620871807,77498,312.561029285457,0.8055030654237003,0.9900771632816331,0.8605778012629038,0.786085326090003,0.005182097750897854,0.0012205740180057448,0.6179301398940265,0.9940718069173679,BARBUNYA
3036,76753,1090.653,385.1193098170703,254.34945261933228,1.5141346122472394,0.7508759549949979,78292,312.60990831555216,0.7122851627751587,0.9803428191897001,0.8108341412200504,0.8117222386590801,0.005017645040807138,0.0013437221483760702,0.6588929927337087,0.9976526860652772,BARBUNYA
3037,76759,1151.651,400.54336912119584,245.138797593377,1.6339452304306215,0.7908456760387624,78379,312.62212687896283,0.7231182289213377,0.9793311984077367,0.7272728818692814,0.7804950748900553,0.00521819420681869,0.0011944849127818538,0.6091725619276332,0.9953546020708588,BARBUNYA
3038,76759,1076.6339999999998,380.9286893779643,256.7573132697196,1.4836137850445748,0.7387040952930551,77956,312.62212687896283,0.7332027891871239,0.9846451844630304,0.8321526314911785,0.8206841217170008,0.004962658312093231,0.001388667465656091,0.673522427638405,0.9992471581810247,BARBUNYA
3039,76760,1060.544,391.2416311339342,251.15846288003507,1.5577481508986992,0.7667445802596268,77743,312.62416325976966,0.744628219430567,0.9873557747964447,0.8576052826108967,0.7990564867897421,0.005096946731812588,0.001281739544505861,0.6384912690807651,0.9946085937755258,BARBUNYA
3040,76781,1133.8189999999997,394.29642409226483,248.98739725068285,1.5835999269283638,0.7753981726277435,78061,312.66692419299886,0.8032409586877152,0.9836025672230692,0.7505440169615868,0.7929742830227525,0.0051353384833782425,0.001252521671168918,0.6288082135354487,0.9957806410066914,BARBUNYA
3041,76790,1092.1,367.71255759736493,268.2932238841819,1.3705622239497963,0.6838447141852592,78048,312.68524851712004,0.7102556513374524,0.9838817138171382,0.8090767427991504,0.8503523800226092,0.00478854743582973,0.0015444693103440368,0.7230991702101162,0.9910524068594291,BARBUNYA
3042,76793,1070.925,396.0083844860283,247.52926849147792,1.5998446846283243,0.7805761662849906,77758,312.6913563865291,0.8212452410488942,0.9875897013812084,0.8414210722639817,0.7896079190150612,0.005156829196489632,0.0012365409142691282,0.6234806657712956,0.9974722291027361,BARBUNYA
3043,76814,1136.843,413.81378850428536,236.66527886462757,1.7485192187443206,0.820314629171451,78152,312.7341081322707,0.6703845281108726,0.9828795168389804,0.7468773018243395,0.7557363162369156,0.005387218326142179,0.0010839905810512693,0.5711373796793432,0.9986446849126037,BARBUNYA
3044,76848,1094.6109999999999,368.2968728330901,266.48826288942587,1.382037876039245,0.6902518779740942,78146,312.8033128561905,0.7900483191117508,0.9833900647505951,0.8059773125191628,0.8493238360944515,0.004792536862808272,0.001538290915604147,0.7213509785581949,0.9969343742853986,BARBUNYA
3045,76864,1111.913,415.5122888817365,235.94649492108576,1.761044549615827,0.8231356368835322,78170,312.83587448776325,0.7603371186641871,0.9832928233337598,0.7812521575506136,0.7528919910640788,0.005405811418632084,0.0010714486533729528,0.5668463502084329,0.9982416755041849,BARBUNYA
3046,76904,1129.184,398.3228726041746,246.66028230231302,1.6148642533214168,0.7851961752080776,78367,312.917263742851,0.7070136890588657,0.9813314277693417,0.7579304613468008,0.7855869829845454,0.005179481855354398,0.0012168672232927534,0.6171469078347603,0.9966084805102017,BARBUNYA
3047,76921,1108.051,387.1340580707528,254.73720053522044,1.519738998691033,0.7530111784112642,78431,312.9518477666707,0.7400234741784038,0.9807474085501906,0.7872909977811298,0.8083810794799032,0.005032878642643138,0.0013257473923801427,0.6534799696610938,0.9931189947573974,BARBUNYA
3048,76993,1130.503,388.9391407018659,252.6599841566442,1.5393776818284421,0.7602649160851749,78256,313.09827892818953,0.7945696034014799,0.9838606624412186,0.7570379791213315,0.8050058380938041,0.005051616909353654,0.0013085981168191607,0.648034399365108,0.9975696914397468,BARBUNYA
3049,76997,1099.4569999999999,413.36069385769866,237.60768073401434,1.7396773226385214,0.8182804158576081,78041,313.10641198476486,0.7929333498105124,0.9866224164221371,0.8004370283138675,0.7574653725846348,0.005368529862951786,0.0010901500315014755,0.5737537906647797,0.9981464583974066,BARBUNYA
3050,77026,1133.607,396.35901730532225,248.1558385955542,1.5972181817221331,0.779751973164596,78612,313.1653703281553,0.7035622944830106,0.9798249631099578,0.753220569115905,0.790105325361927,0.005145782168427833,0.0012370040352022921,0.6242664251652765,0.9970896845126591,BARBUNYA
3051,77055,1076.6200000000001,364.5500114642591,269.57233176249525,1.3523272551036256,0.6731939269650887,78280,313.2243175737924,0.7370721815155631,0.9843510475217169,0.8353833252030416,0.8592080859240386,0.004731036421572372,0.0015904846282800806,0.7382385349172501,0.998340091536367,BARBUNYA
3052,77063,1129.944,402.72537789030946,245.26699188744186,1.6419876755170077,0.7931564239738123,78491,313.2405769307767,0.6910240315638451,0.9818068313564613,0.758476160246394,0.7778019318566366,0.005225923956896429,0.0011798285973655452,0.604975845199916,0.9933628818037471,BARBUNYA
3053,77067,1129.233,398.9042898756818,247.76691243494597,1.6099982275898872,0.7837165082060126,78528,313.2487062927871,0.7152190658264735,0.9813951711491442,0.7594709997405856,0.7852728442464503,0.005176071338908765,0.0012141220123495903,0.6166534399109096,0.9928109452937715,BARBUNYA
3054,77123,1075.0699999999997,392.0032145831294,252.44764780003288,1.5528099310857526,0.7650306916607396,78234,313.36249521697704,0.6671655218948425,0.98579901321676,0.838533259082244,0.7993875650999908,0.005082831510484932,0.0012803096813872343,0.639020479236492,0.9922773463256019,BARBUNYA
3055,77128,1124.1,394.69817326137434,251.16572079698662,1.5714651346885142,0.771401430146432,78456,313.37265293310713,0.8219534288911386,0.9830733149790966,0.7670294487578672,0.793955164128889,0.005117443383224955,0.0012543441845154965,0.6303648026469312,0.9905963094944583,BARBUNYA
3056,77147,1158.9370000000001,396.2326887151005,248.83174868903916,1.5923719171795307,0.7782181851255169,78916,313.411249251975,0.7029723720658988,0.9775837599472857,0.7217873225416372,0.7909777718448772,0.005136073842341251,0.0012401326396713705,0.6256458355526866,0.9962608586344209,BARBUNYA
3057,77217,1118.3970000000002,394.6531382358189,249.62908756380074,1.5809581410858324,0.7745376440955302,78697,313.553405221208,0.7051780821917808,0.9811936922627292,0.7757661074543678,0.7945037675941372,0.005110961811982062,0.0012562215600438694,0.6312362367212788,0.9979580673928894,BARBUNYA
3058,77331,1106.588,387.4660742701333,255.28004541094325,1.517807918148872,0.7522788066920766,78870,313.7847785248909,0.6911465036465037,0.9804868771395968,0.7935815778494263,0.8098380719291741,0.0050104883458138814,0.001329390523270349,0.6558377027459623,0.9954356582483879,BARBUNYA
3059,77356,1098.0529999999999,396.23788935629057,251.35733035550032,1.5763928141498098,0.7730380517797697,78978,313.8354954789742,0.7401638089406001,0.9794626351642229,0.8062268604349726,0.7920380758862223,0.005122264457266283,0.0012434433380373556,0.6273243136535492,0.9889095401849163,BARBUNYA
3060,77418,1116.9809999999998,364.85692842468166,270.7538284552663,1.3475596282656555,0.6703089014728951,79163,313.9612381716998,0.7657263807564488,0.9779568737920493,0.7797587199851841,0.8605050739402681,0.004712817799796968,0.0015939480202392402,0.7404689822769465,0.9978261064993701,BARBUNYA
3061,77421,1096.711,386.51258521574476,256.2132385819271,1.5085582125068566,0.7487215860890798,78699,313.9673212182138,0.773243445692884,0.9837609118286128,0.8088802686802689,0.8123081452650825,0.004992348138305431,0.001340811906799818,0.6598445228639984,0.9954138739441531,BARBUNYA
3062,77424,1109.772,397.4019910350918,248.711645333716,1.5978423145481033,0.7799482724158376,78571,313.9734041468724,0.7157357590548561,0.9854017385549376,0.7899833579710417,0.7900650002509615,0.005132801082804967,0.0012336316094455507,0.6242027046215517,0.9973774942996861,BARBUNYA
3063,77455,1150.021,416.51597542567646,239.37808540934932,1.739992091228451,0.8183534533554824,79244,314.0362541769055,0.7692116710032375,0.9774241582958962,0.7359491034169688,0.7539596863144628,0.0053775221151078235,0.0010719004867507833,0.5684552085874033,0.989107567159701,BARBUNYA
3064,77456,1095.843,400.13883512419363,248.45609472086474,1.6105011856269467,0.7838701999401202,78640,314.0382813878059,0.8356817642362385,0.9849440488301119,0.8105284318754895,0.7848233008683995,0.005166014706726317,0.0012089906852188273,0.6159476135859703,0.9919843619642935,BARBUNYA
3065,77492,1134.5389999999998,428.92301285908724,231.93176872557564,1.8493499843335128,0.8411958703413079,78865,314.1112522667999,0.7362800243235026,0.9825905027578774,0.756532996917508,0.7323254823121228,0.005535061849727549,0.0009820165929553773,0.5363006120436833,0.9918075284810394,BARBUNYA
3066,77511,1065.949,361.2097371233145,275.0141599676447,1.3134223240207366,0.6483179270155454,78676,314.1497578416498,0.7828761312217195,0.9851924347958717,0.8572359009270886,0.8697156404020229,0.004660109366713299,0.0016446935631745615,0.7564052951599007,0.9934796006705081,BARBUNYA
3067,77523,1152.75,363.0595401791651,272.65947907894395,1.3315493061367119,0.660296676142766,79065,314.1740747205345,0.8027565211088215,0.9804970593815215,0.7331117377980163,0.865351381664544,0.004683249360566091,0.0016199328446221176,0.7488330137487355,0.9971080798693912,BARBUNYA
3068,77524,1106.223,385.9260831196088,257.27225323705414,1.5000688114003933,0.745383344243722,78905,314.17610104215237,0.7907384740922072,0.9824979405614347,0.7960872515065641,0.8140836154491813,0.004978149774516392,0.0013487261493969494,0.6627321329428105,0.9941438029403693,BARBUNYA
3069,77531,1118.1209999999999,405.2793114793517,244.362873790795,1.658514262793951,0.7977795131847797,79291,314.1902849275609,0.673573463997776,0.9778032815830296,0.7793053201329667,0.7752438282149233,0.005227319542884159,0.001164694652981752,0.6010029931853295,0.9967720361797249,BARBUNYA
3070,77546,1129.375,407.53075877773546,243.1571515597404,1.6759974204485228,0.8024944152288511,79093,314.22067681174786,0.6726985669176585,0.9804407469687583,0.7639992373299577,0.7710354863867385,0.005255342103754358,0.001145719280261479,0.5944957212676346,0.9963732953122396,BARBUNYA
3071,77583,1084.672,384.86278498794246,257.31289811354856,1.495699546386936,0.743637100477526,78675,314.2956308942078,0.7256987316197104,0.9861201143946616,0.8286661034283078,0.8166433418706736,0.004960658713738093,0.001360970821727215,0.6669063478217019,0.9974915219194878,BARBUNYA
3072,77636,1070.451,403.52583325452645,245.65076743092712,1.6426809387761883,0.7933537119749127,78613,314.4029664221683,0.6995494683726797,0.9875720300713623,0.8514113413367914,0.7791396250555702,0.005197663883437148,0.0011815418868896034,0.6070585553317347,0.9972035175644505,BARBUNYA
3073,77685,1089.3829999999998,386.3624876999661,259.73274886036245,1.48753859263116,0.7403228796440828,79154,314.5021685660547,0.7656712004730929,0.9814412411248957,0.82259458555427,0.81400803281473,0.004973450314732138,0.001346952587469686,0.6626090774869067,0.9856565745895044,BARBUNYA
3074,77724,1121.6660000000002,401.7467361003612,247.3877495771615,1.6239556598377738,0.7879178566795523,79022,314.58110301636964,0.7021962832130241,0.9835741945281061,0.7763148533981168,0.7830333758773425,0.005168889096036761,0.0011986656824119284,0.6131412677378676,0.9957142320230178,BARBUNYA
3075,77785,1104.594,381.338440513199,260.26426662227465,1.4651970685881404,0.7308836805596459,79114,314.7045248915634,0.7575919901825194,0.9832014561266021,0.8011251397199318,0.8252630510263775,0.004902467577466079,0.0014026977407450908,0.6810591033893655,0.9978858018213654,BARBUNYA
3076,77921,1121.69,403.2322685627261,246.45010181519814,1.6361619069855036,0.7914866480486509,79249,314.9795208665297,0.6961272166882566,0.9832426907595049,0.7782492041586941,0.7811366932245702,0.00517488569914049,0.001188471249268765,0.6101745335018163,0.9983443283283218,BARBUNYA
3077,77927,1137.739,409.96042809629904,242.850203856384,1.6881205845671852,0.8056625609125857,79344,314.9916475124015,0.7739452566343556,0.9821410566646501,0.7565062679635594,0.7683464693777968,0.005260826518360761,0.001130998798033227,0.5903562970053258,0.9965926172035495,BARBUNYA
3078,77947,1073.069,401.0536845921749,248.3477559656826,1.6148874912628306,0.7852032026958093,78874,315.03206629400717,0.8009515197599621,0.9882470776174659,0.8506560037924656,0.7855109637363343,0.005145210009264948,0.0012083475693683231,0.6170274741499848,0.9964299497703101,BARBUNYA
3079,78027,1183.2509999999997,366.6860699921905,273.40721839671255,1.3411718686232006,0.6663751912220132,79713,315.1936895895134,0.7525534562078644,0.9788491212223853,0.7003272303492983,0.8595736663686904,0.004699476719496975,0.0015825654265393982,0.7388668879145127,0.9909474847281161,BARBUNYA
3080,78096,1273.205,397.7600750576528,251.976601941793,1.5785595646278934,0.7737517581384363,79835,315.3330231447973,0.735263380878407,0.9782175737458508,0.6053993960924376,0.7927719319217541,0.005093219563840053,0.0012409812608144295,0.6284873360429503,0.9921046955581042,BARBUNYA
3081,78136,1200.683,413.47834174544784,241.6903031342545,1.710777537962573,0.811372431045713,79916,315.4137680372033,0.7399803015379953,0.9777266129435908,0.6810897044161349,0.7628302046141594,0.005291777692042692,0.0011053323406085838,0.5819099210716802,0.9955184220870041,BARBUNYA
3082,78152,1091.4029999999998,379.4282692438696,262.7353850836439,1.444146052588522,0.7214651587861216,79157,315.4460602070383,0.8164817484694624,0.9873037128744141,0.8244791439275843,0.831372055739716,0.0048550039569540075,0.0014307081206251064,0.6911794950648814,0.9981641394280762,BARBUNYA
3083,78161,1149.645,418.6997309751655,242.00449261443458,1.7301320585078748,0.8160434490848365,80292,315.4642230999342,0.6837993421052632,0.9734593732875007,0.7431431200694536,0.7534378452195506,0.005356888102444512,0.0010648343726011155,0.5676685866090794,0.9821416203002225,BARBUNYA
3084,78179,1130.225,402.7518922896584,248.62467392404096,1.6199192378335945,0.7867162953714566,79646,315.50054574889447,0.6765230183454483,0.981580995906888,0.7690775889822504,0.7833620444469249,0.005151663391571373,0.0011966780972985484,0.6136560926800662,0.9940733099462343,BARBUNYA
3085,78217,1171.758,400.52414016659503,249.430405472134,1.6057550778882128,0.7824129392195727,80156,315.57721316747546,0.6963764245014245,0.9758096711412745,0.7158716505004623,0.7879105939437595,0.005120678882680172,0.0012173488907524133,0.6208031040488077,0.9968577366951374,BARBUNYA
3086,78310,1095.037,406.6826303425375,245.68474044550553,1.6553027656707167,0.7968940490690792,79412,315.76476806035623,0.7360239106733336,0.9861230040799879,0.8206717813661292,0.7764402620156075,0.005193240075884785,0.001164261007056135,0.6028594804788653,0.9979149653474773,BARBUNYA
3087,78375,1066.6,367.94992830234906,272.6156512652703,1.3497021414383623,0.6716107133810553,79456,315.8957887003535,0.8063271604938271,0.9863949859041482,0.8657335719185856,0.8585292845628114,0.004694735927302699,0.001573299432206353,0.7370725324519327,0.9948283754457704,BARBUNYA
3088,78414,1108.022,352.24477590332015,285.34739788047983,1.2344418716264616,0.5863156358851055,80312,315.97437500668156,0.7059363690379733,0.976367168044626,0.8026139529467843,0.8970306917863456,0.004492115896438393,0.001794154859589581,0.80466406200669,0.9933110107340896,BARBUNYA
3089,78417,1114.515,403.6881729823777,248.81019105190728,1.6224744303104508,0.7874781788056907,79804,315.9804192976161,0.6874463049004997,0.9826199188010626,0.7933197231427427,0.7827339031589852,0.005147967570582625,0.0011919887204793686,0.6126723631544995,0.9940452433760543,BARBUNYA
3090,78467,1110.7359999999999,393.02998372028645,254.91168676002422,1.5418280296041815,0.761145842624618,79670,316.081140463543,0.8173645833333333,0.9849002133801933,0.7992363297053537,0.804216353855825,0.005008857019132711,0.0012924388333204508,0.6467639438091576,0.9971987771023028,BARBUNYA
3091,78471,1131.829,380.0231476774432,264.8075785537478,1.4350916607181246,0.7172464305438327,80312,316.0891967703309,0.7252939219165927,0.9770769000896503,0.7697636811557269,0.8317630089170823,0.004842848283792015,0.0014298123191785032,0.6918297030027983,0.9928390374164128,BARBUNYA
3092,78474,1172.3519999999999,423.80448518076156,236.31429443251707,1.79339335438206,0.830108328003528,80373,316.0952388656734,0.7146343684546034,0.9763726624612743,0.7174961860340774,0.745851565801273,0.005400571975186196,0.0010309299207590292,0.5562945582082108,0.9976549637695092,BARBUNYA
3093,78476,1114.596,416.1887826496567,242.24929735415193,1.7180185337801706,0.813141617937968,80209,316.09926686507293,0.6779666874006497,0.9783939458165543,0.7938012203477456,0.7595093381725331,0.005303389350242834,0.0010885935241517967,0.5768544347712793,0.9910466102303424,BARBUNYA
3094,78477,1141.441,382.8720740508526,262.094354009954,1.4608177100843296,0.7289676861368197,80301,316.1012808455248,0.7542964244521337,0.9772854634437927,0.7569118776194607,0.8256054757431607,0.004878780713468311,0.0013982387053238779,0.6816244015770908,0.9957289974494474,BARBUNYA
3095,78502,1111.1039999999998,388.43296830677616,258.27753809305875,1.5039363127536927,0.7469130039015827,79717,316.15162618718216,0.7306045715136624,0.9847585834890926,0.7990632610114348,0.8139155323641125,0.0049480646137267355,0.0013394683943643636,0.6624584938235566,0.9962953845533645,BARBUNYA
3096,78536,1162.368,383.62990824907564,261.35412043947065,1.46785483084788,0.7320356930594071,80172,316.2200829886058,0.7917174914563948,0.9795938731726788,0.7304514429985671,0.8242842285990295,0.0048847650535942195,0.0013910136898158038,0.6794444895170972,0.997325876230643,BARBUNYA
3097,78563,1162.569,376.707710429596,267.25328963688605,1.4095531282006832,0.7047611040536642,81224,316.27443518727307,0.7127576571345623,0.9672387471683246,0.7304499210874873,0.8395751571598972,0.004794976139271616,0.0014696182307988204,0.704886444520066,0.9935748928995164,BARBUNYA
3098,78569,1157.905,411.01492121806876,244.28064770488248,1.682552118146581,0.804217404978035,80496,316.286512185229,0.6695727020163283,0.9760609222818525,0.7364024607841637,0.7695256202570308,0.005231260690833137,0.0011315622749060329,0.5921696802319678,0.9963563497764809,BARBUNYA
3099,78630,1108.8529999999998,412.0149754138641,244.01773569188438,1.6884632350416773,0.8057509363806716,79898,316.4092688315654,0.8056352459016394,0.98412976545095,0.8036189849239218,0.7679557484864138,0.0052399208370070465,0.001124214729409074,0.5897560316333283,0.9957813770569514,BARBUNYA
3100,78657,1149.889,399.28337149987914,251.5902538965539,1.5870383105700592,0.7765103374209863,80316,316.4635885378185,0.7850940232363157,0.9793440908411774,0.7475416647184812,0.7925789329744585,0.005076259856082474,0.001235644971875996,0.6281813649949312,0.9969478922331493,BARBUNYA
3101,78661,1110.302,373.663048616508,268.5560253407645,1.3913783842398457,0.695308142944078,80166,316.4716351087607,0.7672447426943935,0.9812264551056558,0.8018388287808056,0.8469438877633226,0.004750296190189649,0.001507714129682654,0.7173139490196521,0.9980551233796664,BARBUNYA
3102,78739,1122.368,394.8395595161527,254.73696276826524,1.5499892721706785,0.7640426347796505,80486,316.6285023697361,0.7165908263560248,0.9782943617523544,0.7854692848435321,0.8019168665818122,0.005014536119536096,0.0012791689784862406,0.6430706609083919,0.9967526256557157,BARBUNYA
3103,78753,1088.013,376.49234718148494,267.14367473748104,1.4093253285950325,0.7046456504332596,79877,316.65664980626616,0.7410512646793135,0.9859283648609738,0.8360048591130249,0.8410706145206838,0.004780673081425278,0.0014757019394085991,0.7073997786102004,0.996956425437874,BARBUNYA
3104,78761,1082.7740000000001,415.0856329468736,242.1995471781162,1.713816717591198,0.8121181924098778,79766,316.6727329324174,0.7451019346293931,0.9874006468921596,0.8442001948536967,0.7629094042215333,0.005270192518465657,0.0011012809235363943,0.5820307590496548,0.9974940450115929,BARBUNYA
3105,78791,1164.715,414.6113965672888,243.35875115162824,1.7037044881486882,0.809618650257023,80403,316.73303738200127,0.8078973812111642,0.9799509968533513,0.7298727328042732,0.7639274752318524,0.0052621669552015944,0.00110548513180248,0.5835851874141125,0.9942567030145169,BARBUNYA
3106,78823,1085.724,413.46674964303065,243.76068562576435,1.696199485908113,0.8077294779198506,79895,316.7973494754332,0.7511244520678483,0.9865823893860692,0.8402798476230968,0.7661978859217635,0.005245508920531198,0.0011151446112431592,0.5870592003909798,0.9957695139008079,BARBUNYA
3107,78848,1088.4049999999997,388.6458642861031,259.1222371993225,1.4998553134100499,0.745298465681401,79719,316.84758421562583,0.7345767575322812,0.9890741228565336,0.836410525536612,0.8152604037036074,0.004929051647297371,0.0013431624130674173,0.664649525846969,0.9968781228970466,BARBUNYA
3108,78863,1118.732,399.7921103156325,252.02284417682344,1.5863328247939765,0.7762828632633385,80572,316.8777212371503,0.68724728109314,0.9787891575237055,0.791828331062577,0.7926062397453967,0.005069450950580532,0.0012341576399028866,0.6282246512833374,0.9965733856755072,BARBUNYA
3109,78876,1091.8749999999998,369.752149976483,272.86838835867667,1.355056744390837,0.674826438401698,80115,316.90383767087883,0.8178085600530856,0.9845347313237222,0.8313978511728431,0.8570709803608568,0.004687764972570655,0.0015603166918953992,0.73457066537672,0.9953849343503892,BARBUNYA
3110,78894,1120.043,378.942411762219,266.20156111072436,1.4235168651193635,0.7116980255733494,80427,316.93999533403155,0.733843062841835,0.9809392368234549,0.7902862893914375,0.8363803720468926,0.004803184168152445,0.0014498542008752936,0.6995321267452986,0.9957957801147487,BARBUNYA
3111,78962,1104.0240000000001,428.48650648799844,235.19730862795546,1.8218172180099033,0.8358863923195377,79957,317.07655373959443,0.7772003385893423,0.9875558112485461,0.8140872911648527,0.7399919225892251,0.005426490039360686,0.0010037063914964193,0.5475880454972978,0.9976053296633671,BARBUNYA
3112,78989,1077.94,382.098333579556,263.82830503517164,1.4482840782705915,0.723358859568273,80060,317.130759150048,0.7843992055610725,0.9866225331001749,0.8542545562555697,0.8299715839614327,0.0048373613234698,0.0014159280481776037,0.6888528301834497,0.9976545862263256,BARBUNYA
3113,79019,1147.917,391.15737308374975,258.3241976937509,1.5142111214353817,0.7509053051588623,80416,317.19097651955326,0.7004485338439174,0.9826278352566653,0.7535644778831866,0.8109037393797004,0.004950168606078915,0.0013203132046492167,0.6575648745399814,0.9956920460937012,BARBUNYA
3114,79035,1077.848,392.82226370207525,257.4770602559176,1.5256592696515652,0.7552347974542477,80061,317.22308777600597,0.7988174651303821,0.9871847716116461,0.8548979609691726,0.8075486475394753,0.0049702317163544665,0.0013038606407638962,0.6521348181428356,0.9949355303621548,BARBUNYA
3115,79038,1121.923,414.3293351977824,244.2396526267133,1.6964048660478066,0.8077815696586144,80260,317.2291082747259,0.7048908390410958,0.984774482930476,0.7890775790906988,0.7656448176021493,0.005242153586854202,0.0011112170406965898,0.5862119867210286,0.994452866809105,BARBUNYA
3116,79044,1091.7849999999999,405.4557524067526,248.5061190748916,1.6315725098284664,0.7901561057503819,79952,317.2411489294007,0.7912470720134537,0.9886431859115469,0.8333060348182793,0.7824309978247512,0.005129494362718898,0.0011858738991315642,0.6121982663570358,0.998845861952785,BARBUNYA
3117,79102,1091.847,414.2250756834079,243.917273659169,1.6982195211898512,0.8082408647122087,80113,317.35751837264047,0.683871079295916,0.9873803252905271,0.8338227840580683,0.7661475294537617,0.005236594216118529,0.0011129567976023802,0.5869820368881029,0.9968243536311576,BARBUNYA
3118,79140,1105.0669999999998,382.0721610952823,264.96782988231564,1.4419567887353648,0.7204546453902708,80482,317.4337372906994,0.7557295645530939,0.9833254640789245,0.8143829823930036,0.8308214248866377,0.0048278008730766025,0.0014189263746424263,0.6902642400506629,0.995331206962311,BARBUNYA
3119,79165,1121.15,403.8090315110096,250.75252128350584,1.6103887189012747,0.7838358479611777,80401,317.4838713367328,0.7868658555979644,0.984627056877402,0.791435702043657,0.7862228096997796,0.0051008530475716496,0.0012022786414985522,0.618146306492216,0.9954558386055546,BARBUNYA
3120,79180,1108.719,380.7458767876339,267.295343530513,1.4244388688505905,0.7121465545048727,80955,317.5139479646999,0.7044797366430892,0.9780742387746278,0.8094357491800145,0.8339261626247303,0.004808611730078731,0.0014345307784019655,0.6954328447100083,0.9906015746802725,BARBUNYA
3121,79223,1179.638,390.45228280026754,258.83398650153197,1.5085046908936612,0.748700762682808,80831,317.60015184592373,0.7211071971455358,0.9801066422535908,0.7154242219553476,0.8134160455360671,0.004928521803015128,0.0013309060070532599,0.6616456631355329,0.9980955865493985,BARBUNYA
3122,79278,1088.437,420.04528582640864,241.17813639127527,1.7416391556527675,0.8187348793930176,80286,317.7103785328931,0.7575682287286905,0.9874448845377775,0.8409224677880982,0.7563717276527006,0.005298383988324739,0.001069705775016916,0.572098190392331,0.9963886092653756,BARBUNYA
3123,79328,1104.444,391.25363092088054,260.39706146471667,1.502527058946457,0.7463573515004471,80574,317.8105514370959,0.8122459427635284,0.984535954526274,0.817238783633204,0.8122878008545912,0.004932100026735586,0.001324498169179728,0.6598114714171879,0.9913845896076017,BARBUNYA
3124,79332,1203.338,399.2101884639835,254.67100759386489,1.5675525543159654,0.7700884364508553,81293,317.8185639054615,0.7734199058231699,0.9758773818163926,0.6884668036498818,0.7961183684422294,0.00503214577300438,0.0012469342479944838,0.6338044565711175,0.9935217948348976,BARBUNYA
3125,79395,1108.2669999999998,392.84016593333257,258.9016322225889,1.5173336782812978,0.7520984117127395,80739,317.94473364760773,0.7475988700564972,0.9833537695537473,0.8122958108507645,0.8093488426577158,0.004947920724646799,0.001309620593381643,0.655045549111384,0.9939226724749689,BARBUNYA
3126,79420,1178.357,399.08651360745165,253.97018186887976,1.5713912187277672,0.771376736732871,80997,317.99478713159215,0.7173049132947977,0.9805301430917195,0.7187634334711214,0.7968066479048632,0.005025012762622156,0.0012494783263154161,0.6349008341453849,0.9976775955389923,BARBUNYA
3127,79453,1159.254,404.925431502282,250.16974023519165,1.6186027579578575,0.7863220610004901,80866,318.06084566925693,0.727245267821184,0.9825266490243119,0.7429557664685273,0.7854800437928643,0.005096414628802965,0.0011966995811707785,0.6169788991968401,0.9986437478418083,BARBUNYA
3128,79456,1147.524,390.5260079000212,260.8831497583873,1.4969384119353841,0.7441342025677298,81544,318.06685031055514,0.7373901422698208,0.9743941920926126,0.7582510268177675,0.8144575364414234,0.004914997078886695,0.0013340644524344187,0.6633410786662325,0.9929807408701349,BARBUNYA
3129,79500,1114.478,384.103817664715,264.49017053547936,1.4522423154216628,0.7251505856442398,80894,318.15490536285216,0.7842092803030303,0.9827675723786684,0.8043294918159465,0.8283044602294742,0.004831494561820315,0.00140288237019479,0.6860882788360408,0.9963664306405154,BARBUNYA
3130,79508,1120.3509999999999,410.4717739532301,248.30645901441383,1.6530853671003494,0.7962790820860058,80728,318.17091275414117,0.7068885806749884,0.984887523535824,0.7959989242222778,0.7751346936473983,0.005162647456271446,0.0011496375334578985,0.6008337932958462,0.9932295517567591,BARBUNYA
3131,79519,1135.829,415.924522203213,243.97464998536358,1.704785813723536,0.8098884288629894,80702,318.1929216022811,0.8113355780022447,0.9853411315704691,0.774559648346393,0.7650256347396078,0.00523050493848279,0.0011051655297357943,0.5852642218087397,0.9977501426194848,BARBUNYA
3132,79544,1088.996,393.17919122768666,258.768050723561,1.5194271090588212,0.7528931299740477,80500,318.24293605108306,0.8285833333333333,0.9881242236024844,0.8428780056076961,0.8094094070883607,0.004942914503013259,0.0013086871901651967,0.6551435882831319,0.9954429283634618,BARBUNYA
3133,79569,1096.596,371.67039877480755,273.0741723377195,1.3610602408606807,0.6783690417846954,80807,318.29294264094534,0.7941731293229931,0.9846795450889155,0.8314965454657466,0.8563849682142611,0.004671045240920554,0.001549779739921968,0.7333952137833415,0.998195066318025,BARBUNYA
3134,79613,1131.686,407.1782582266549,249.71813146760164,1.6305514374693377,0.7898582443815816,80930,318.38093516258243,0.7793200661726558,0.9837266773755097,0.7811635436357464,0.781920273811271,0.005114469473913242,0.0011793161571994292,0.611399314597093,0.9969180312840578,BARBUNYA
3135,79639,1109.5729999999999,386.1251508368854,263.56816592291415,1.4649916065729103,0.7307942855915874,81007,318.43291931451375,0.7608724729621279,0.9831125705185971,0.8128752521002308,0.8246883649623551,0.0048484429844283,0.001383380103736936,0.6801108993042827,0.9963567590195278,BARBUNYA
3136,79669,1142.445,399.23227757220644,255.97251678550666,1.559668524518767,0.7674056596058849,81174,318.4928904850243,0.7718368533229994,0.9814595806539039,0.7670587482923795,0.7977633783065565,0.005011137049193619,0.0012520233455009253,0.6364264077670899,0.9926142363668763,BARBUNYA
3137,79701,1082.378,384.95172943024556,264.53906411032233,1.455179146130595,0.7264676996735867,80706,318.55684728936086,0.8194127444327926,0.987547394245781,0.8549007965763084,0.8275241359763377,0.004829948550585884,0.001397156145109938,0.6847961956233843,0.9965011432207163,BARBUNYA
3138,79755,1101.326,394.75359364571415,258.28108395621393,1.5283875520386008,0.7562486610366697,81023,318.66474528939176,0.8050205910852714,0.9843501228046357,0.8262966635237948,0.8072497639512027,0.004949578003206246,0.0012965212595487314,0.6516521813992725,0.9959770823094483,BARBUNYA
3139,79790,1160.7910000000002,425.1604783492928,239.5172087124866,1.7750727834326512,0.8262134628530466,81401,318.7346596691653,0.6805291393383199,0.9802090883404381,0.7441324861193762,0.7496808285348366,0.005328493274210964,0.0010382209880134797,0.5620213446726791,0.9976287926366939,BARBUNYA
3140,79814,1075.684,380.94044842112845,267.549826203055,1.4238112348165628,0.7118413535814075,80880,318.7825920960746,0.7899560552674294,0.9868199802176063,0.8668012380967509,0.836830516206201,0.004772852487297071,0.0014438025703210784,0.7002853128539368,0.9970740960184665,BARBUNYA
3141,79821,1153.44,399.7272702599882,254.81910365644822,1.5686707335683427,0.7704649094685995,81088,318.79657102971703,0.7181376518218624,0.984375,0.7539403936372502,0.7975352064980888,0.005007795821400236,0.0012497577281694648,0.6360624056039491,0.9977724803939917,BARBUNYA
3142,79828,1120.981,352.0899634473451,289.49974648948586,1.2162012841698029,0.5691520154046741,81337,318.81054935042306,0.7303234069804675,0.9814475576920713,0.7983045589730712,0.9054803670883423,0.004410607348891931,0.001828918329482289,0.8198946951824394,0.9971569811648919,BARBUNYA
3143,79874,1093.895,382.91318670074037,270.42333793870586,1.415976851774278,0.7079862328260674,81979,318.90239164386395,0.760755478936691,0.9743226923968333,0.8388108191941395,0.8328320954198346,0.00479396532915267,0.0014226709567526515,0.6936092991613925,0.9821347117879119,BARBUNYA
3144,79877,1106.0169999999998,363.83300729623846,280.2539367155287,1.2982262142691916,0.6377036760243892,81101,318.90838043991664,0.7794398907103826,0.9849077076731483,0.820555583022314,0.8765240482435298,0.004554915774205822,0.0016584999277765408,0.7682944071492257,0.9974199396375322,BARBUNYA
3145,79893,1115.52,410.7433013680588,248.93385480478932,1.650009805577302,0.7954212138337909,81400,318.94031878633086,0.7683940215823186,0.9814864864864865,0.8067962503998293,0.7764954844644804,0.005141167578737296,0.00115291492399515,0.6029452373937281,0.9948655539257855,BARBUNYA
3146,79992,1119.069,402.486441285119,253.82812609363305,1.5856652589266185,0.7760672747037927,81244,319.13786623096786,0.7151081709279457,0.9845896312343065,0.8026804562998165,0.7929158190074097,0.00503158367443143,0.00122685374023171,0.6287154960321915,0.9969323198070622,BARBUNYA
3147,80021,1134.7400000000002,370.5198200050887,275.6128444831408,1.3443488843922633,0.6683415642916698,81760,319.1957105119874,0.7601067669744291,0.9787304305283757,0.7809461891987328,0.8614807988074796,0.004630282300959607,0.0015731482124116758,0.7421491667139732,0.9977074043245776,BARBUNYA
3148,80033,1100.1960000000001,395.7101113135771,258.4131871230655,1.5313077313083328,0.7573263459634534,81267,319.2196430105599,0.8006502601040416,0.9848154847601117,0.8308810178223118,0.8067007485628716,0.004944336852468071,0.001291628602219192,0.6507660977318972,0.9965231567302084,BARBUNYA
3149,80035,1129.156,385.2800989594177,265.5568751234625,1.4508383515971621,0.7245172553126578,81623,319.2236315858817,0.8008304982989793,0.9805446994107053,0.7888272777138157,0.8285494954140005,0.004813895157861158,0.0013994269037799038,0.6864942663507948,0.9959922097732903,BARBUNYA
3150,80050,1078.541,403.00612941410384,253.68541401045772,1.5886058368239124,0.7770144428099591,80805,319.2535443124317,0.8079982235142119,0.9906565187797784,0.8647645580335537,0.7921803690096901,0.005034430098864508,0.001222999788196071,0.6275497370443287,0.9969291751659319,BARBUNYA
3151,80058,1124.684,404.42123337689674,253.24584731702836,1.5969510957888204,0.7796678851382265,81137,319.2694966206569,0.7290592842181951,0.9867015048621467,0.7953413585625267,0.7894479079517484,0.00505160300503256,0.00121032746474619,0.6232279993693922,0.9952646365192251,BARBUNYA
3152,80107,1128.926,393.66256266255624,260.42383391607353,1.5116226373866433,0.7499092029567136,81661,319.36718712181386,0.7054591248139636,0.9809701081299519,0.7898586547439969,0.8112714223109204,0.00491420927837213,0.0013131009689316877,0.658161320658384,0.9948915513595026,BARBUNYA
3153,80180,1079.668,369.8248817675165,277.44191528418884,1.3329812886733359,0.6612131612686276,81244,319.51267063586903,0.8113249549713638,0.9869036482694107,0.8643615839892299,0.8639566627015774,0.004612433047736549,0.0015851766654018018,0.7464211150264475,0.9949653798009422,BARBUNYA
3154,80217,1194.35,398.653515193065,257.7597308649008,1.5466089829291862,0.762849713273959,81872,319.5863835647891,0.7510111223458038,0.9797855188587062,0.7066641380542489,0.8016645316924291,0.004969688659424623,0.0012661338571675642,0.6426660213736418,0.9939530416798349,BARBUNYA
3155,80219,1123.513,394.2657353612329,261.41405999974984,1.508204016882681,0.7485837288507599,81677,319.5903675630885,0.7957128970182713,0.982149197448486,0.7986029386660815,0.8105963539293477,0.0049148672429378685,0.001308911061735181,0.6570664490035525,0.9909902577459972,BARBUNYA
3156,80286,1211.4850000000001,411.5015507820983,249.22638053471127,1.6511155436243476,0.7957302965723139,81587,319.72380281831886,0.7790446063828755,0.984053832105605,0.6874064494918475,0.7769686461950216,0.005125445915627859,0.0011521934244659588,0.6036802771701248,0.9967458890150476,BARBUNYA
3157,80305,1140.603,378.82455593537503,270.5711079873295,1.4000924147197373,0.6999023284472695,81847,319.7616325326684,0.751391812865497,0.9811599692108446,0.7756814959936813,0.8440889787176774,0.004717322158463048,0.001477162309819509,0.7124862039926517,0.9975465298025713,BARBUNYA
3158,80324,1099.0389999999998,404.7830227528043,254.22833859350226,1.5922026041323074,0.778164291198441,81394,319.7994577720657,0.7792243068624978,0.9868540678674104,0.8356587861860357,0.7900515579858275,0.005039378302285796,0.00121109569352751,0.6241814642758332,0.9938233528710985,BARBUNYA
3159,80378,1110.875,412.6331940119445,248.60897646074474,1.6597678808154344,0.7981234977129691,81448,319.9069366655292,0.7118325849960591,0.9868627836165406,0.8184962110946745,0.7752816334409317,0.005133658389260052,0.001144049224195267,0.6010616111508392,0.997622756579339,BARBUNYA
3160,80390,1137.745,427.36438182498006,240.14657721345222,1.7795980554206312,0.8271884288582828,81621,319.9308159606694,0.6697101726967518,0.9849180970583551,0.7804085548130489,0.7486136645137913,0.005316138597151139,0.0010299284570501593,0.5604224186967672,0.9973266465268937,BARBUNYA
3161,80391,1097.037,396.48381217437117,259.69931300242723,1.5267033539309576,0.7556235949856935,81413,319.9328058214794,0.7417444016940239,0.9874467222679425,0.8394111704248527,0.8069252665497851,0.004931942781833429,0.0012898257700255421,0.6511283857964419,0.9940798904350783,BARBUNYA
3162,80410,1233.0369999999998,404.0786746112321,255.83869000158413,1.579427547134212,0.7740366554621292,82818,319.9706108256732,0.6812213016147343,0.9709241952232607,0.6646112809658365,0.7918522578146939,0.0050252291333320745,0.0012187433782792068,0.6270299982062287,0.9903484520464333,BARBUNYA
3163,80420,1161.915,413.43250444221906,248.22349455573067,1.6655655629302084,0.7997023517395078,82080,319.9905064023022,0.6797339216133749,0.979775828460039,0.7485575862318369,0.7739848777347978,0.005140916493934581,0.0011380208369318268,0.5990525909621499,0.9977613658906731,BARBUNYA
3164,80434,1189.0159999999998,418.6575903322931,245.50963719143706,1.7052592929614543,0.8100063668628178,82457,320.01835813157356,0.7154776730119196,0.9754660004608463,0.7149474694731286,0.7643916305866364,0.005204982847207563,0.0010961317524421149,0.5842945649108968,0.9963737366411766,BARBUNYA
3165,80451,1122.763,414.4390977533374,248.19462215863703,1.669814978861399,0.8008471931751627,81753,320.05217483011825,0.8148091881380651,0.9840739789365528,0.8019829330452763,0.7722538162183828,0.005151447436990683,0.0011301843469820572,0.5963759566638558,0.9958375054701032,BARBUNYA
3166,80479,1088.685,416.95975576319836,246.64575707845054,1.6905206913029365,0.8062802573476071,81340,320.10786513414683,0.7890716918974037,0.9894148020654044,0.8532729085254073,0.7677188522624325,0.005180975854113475,0.0011101972633339454,0.5893922361191468,0.9963797704527236,BARBUNYA
3167,80590,1134.7640000000001,400.6533337968386,257.5414354609541,1.5556849447536052,0.7660309622336129,82249,320.32854214104424,0.7959113130215791,0.9798295420005106,0.7864659430947489,0.7995154791435604,0.004971501846343697,0.001253068674936163,0.6392250013901571,0.9944327109727695,BARBUNYA
3168,80609,1116.2479999999998,416.61291732673266,247.14052227956668,1.6857329323576402,0.8050449767862112,81672,320.36630044615606,0.8224568921538619,0.9869845234596925,0.8129653020988282,0.7689783180556202,0.0051683176484850655,0.0011147701711093905,0.5913276536396507,0.9968204995541314,BARBUNYA
3169,80621,1149.201,414.21092187806863,248.710277204058,1.6654354879682884,0.7996671438028891,81780,320.39014550403004,0.7975012859573458,0.9858278307654683,0.7671248551328952,0.7734951653407715,0.005137754702596949,0.0011344452532309098,0.5982947708055475,0.9964213435654121,BARBUNYA
3170,80641,1131.4299999999998,373.9364916259841,275.7130154924611,1.35625259097066,0.6755373369544184,82437,320.42988332393134,0.7338338338338338,0.9782136661935781,0.7916083905989527,0.8569099044883516,0.004637051768033433,0.0015422769130682436,0.7342945844102361,0.9958889326421065,BARBUNYA
3171,80677,1122.027,362.29905231076634,285.445525338284,1.2692406086289232,0.6158381605318235,82097,320.5013989838402,0.7338609178150726,0.9827033874563017,0.8052912662964619,0.8846321759321807,0.004490735306354554,0.0016964776653213306,0.7825740866945049,0.9932748100933569,BARBUNYA
3172,80724,1071.17,416.3012602649784,247.54481108595888,1.681720810218961,0.8040002031469398,81330,320.5947426412374,0.7997226074895978,0.9925488749538915,0.8840884885031737,0.7701027434727842,0.00515709405214036,0.001118869658612946,0.593058235504309,0.9973583763193337,BARBUNYA
3173,80759,1236.831,415.85443341449286,248.17154369673963,1.6756733154009718,0.8024085983035112,82623,320.66423622422724,0.7893404488232074,0.9774396959684349,0.663407035405507,0.7710973130461084,0.005149326185496265,0.00112296682163848,0.5945910661869281,0.9963403831852484,BARBUNYA
3174,80784,1264.547,394.39575075976995,261.84845883159863,1.5061984802951078,0.7478008329576191,82343,320.71386527851485,0.696672042222548,0.9810670002307421,0.6348414372091337,0.8131777907360482,0.004882102282132228,0.0013168268457907993,0.6612581193463604,0.995985974442289,BARBUNYA
3175,80789,1130.935,383.9689234542924,268.68705970447616,1.4290562555435777,0.7143755469413692,82025,320.72379016781565,0.7832945510955982,0.9849314233465407,0.7937556086348657,0.8352858019927609,0.004752737667928708,0.001427131539344672,0.6977023710106899,0.9970559378004126,BARBUNYA
3176,80886,1136.801,391.6544904065551,263.80112764273156,1.484658135870354,0.7391364377431956,82299,320.9162722821147,0.7194919098744896,0.9828308970947399,0.7865282558997624,0.8193861685308116,0.004842055366893592,0.0013463687675137274,0.6713936931796035,0.9967901089511426,BARBUNYA
3177,80933,1114.0249999999999,377.11254775691674,274.9796706674785,1.3714197374719503,0.6843311497722808,82222,321.0094953020096,0.7173957363825733,0.9843229306025152,0.8194937184484318,0.8512299503460949,0.0046595646739515,0.0015090814820019063,0.7245924283662152,0.993720357884158,BARBUNYA
3178,80951,1107.182,395.53882040424475,261.6134599897812,1.5119207567519455,0.7500242537370485,82239,321.0451905664624,0.7799273554093243,0.9843383309621956,0.8298393960013426,0.811665439661146,0.004886151133454124,0.0013081419588436716,0.6588007859403215,0.9960545828276672,BARBUNYA
3179,81010,1102.058,399.3088648364652,259.7565191000345,1.5372429004666786,0.7594931645203465,82215,321.1621638969876,0.7518469020306642,0.9853433071823876,0.8381844376801679,0.8042951013084015,0.004929130537420876,0.0012723651833080381,0.646890609988692,0.9944279975836758,BARBUNYA
3180,81020,1107.628,381.55145746249246,271.3382108100131,1.406184025181949,0.7030458989442214,82059,321.1819856630239,0.8040250873293109,0.9873383784837738,0.8298779991283288,0.8417789511250837,0.004709349018297858,0.001458588846778698,0.708591802557246,0.9964104731308812,BARBUNYA
3181,81061,1141.82,417.82955124874735,248.4662741872931,1.681634872239396,0.8039777277874832,82201,321.2632421173904,0.7491359074358168,0.9861315555771828,0.7813156608758108,0.7688858797977458,0.00515450773181613,0.001111256974327423,0.5911854961523537,0.9941581462919471,BARBUNYA
3182,81085,1135.253,411.8972212783181,251.34059163603987,1.6388010332798784,0.7922457144341767,82646,321.31079733624057,0.7673272011507306,0.9811122135372553,0.7906150342824406,0.7800751758874613,0.005079820204456041,0.0011603097312784126,0.6085172800358537,0.9972387472914181,BARBUNYA
3183,81090,1113.6049999999998,394.62328797665106,263.27102303325614,1.49892412552673,0.7449277238270564,82557,321.3207037876245,0.7065004312710734,0.9822304589556307,0.8217029005466945,0.8142466843128535,0.004866485238335813,0.0013195296949141014,0.6629976629144759,0.9937831921103467,BARBUNYA
3184,81139,1149.9799999999998,439.3938611400192,235.62698345447458,1.8647858352136244,0.844056274019429,82672,321.4177708532407,0.7675985052741119,0.9814568414940972,0.7710080993139163,0.7315026432533983,0.005415322608610153,0.0009564619462607462,0.5350961170867086,0.9978396596211052,BARBUNYA
3185,81172,1125.6159999999998,404.01642101033633,256.2952611624271,1.5763710151249772,0.7730308530829172,82356,321.48312603501074,0.7689655172413793,0.9856233911311866,0.8050736181601804,0.7957179691634018,0.004977287993524077,0.001230861521859901,0.6331670864495286,0.9981062428101675,BARBUNYA
3186,81240,1136.1689999999999,391.1504062503685,267.31278910496286,1.4632685834450654,0.7300426961925578,82832,321.61775544003257,0.7217868756330295,0.9807803747344022,0.7908496153246399,0.8222355142695945,0.004814751430949883,0.0013574959976121947,0.6760712409261846,0.9892738070180058,BARBUNYA
3187,81338,1134.946,370.53963909508593,280.2769742916659,1.3220480920044813,0.6541068792182706,82905,321.8116810957437,0.7618485631860927,0.9810988480791267,0.7935110087883139,0.8684946147236952,0.004555553850538321,0.0015987827982274136,0.7542828958040598,0.9971982632293722,BARBUNYA
3188,81411,1150.3870000000002,397.0714870382205,262.38726151691606,1.5133032173233811,0.7505566572350425,82770,321.9560600088688,0.7258405328055206,0.9835810076114534,0.7730454401218142,0.8108264393657625,0.004877368992374747,0.0013004000647348103,0.6574395147745604,0.9949053329038648,BARBUNYA
3189,81515,1194.963,416.0416064767544,251.2564252502002,1.6558446458133826,0.7970438851096483,83485,322.16163876086614,0.7301921440408474,0.9764029466371205,0.7173621862261145,0.7743495692392159,0.005103865625673243,0.0011319499871797962,0.5996172553809591,0.9928730218598767,BARBUNYA
3190,81544,1086.127,370.85488487122433,282.3011022376023,1.3136855716528149,0.6484970588259645,82606,322.2189402190444,0.8274126612076751,0.987143791007917,0.8686416621527699,0.868854512543179,0.004547911371421862,0.001598747946165042,0.7549081639666453,0.9917119629258992,BARBUNYA
3191,81568,1133.6059999999998,392.55026755676755,265.87100055134806,1.4764689144085639,0.7357146746566539,82755,322.2663544103817,0.7965936169381617,0.9856564558032748,0.7976372105112886,0.8209556356085735,0.004812552319007056,0.0013484473082150986,0.673968155637477,0.9950930311000076,BARBUNYA
3192,81584,1103.9150000000002,381.61116833320193,274.4421379134412,1.390497724710051,0.6948373233735666,82696,322.2979599961401,0.763837914762939,0.9865531585566412,0.8412858599278147,0.8445716130475699,0.004677524616753309,0.001468053103343609,0.7133012095657743,0.991843708934136,BARBUNYA
3193,81636,1137.1119999999999,397.23417655087786,262.99208578047853,1.5104415609010082,0.7494525559126658,83078,322.4006567518121,0.7909851949461282,0.9826428175931052,0.7933870284374703,0.8116135916379766,0.004865919160062691,0.001302392532569979,0.6587166221314962,0.9949529629237367,BARBUNYA
3194,81910,1132.599,411.3963032107367,253.93661790091014,1.6200747517684497,0.7867627892424951,83172,322.9412502441538,0.7196071196387469,0.9848266243447314,0.8024065077336858,0.7849882162862509,0.005022540632532495,0.0011764020468033576,0.6162064997082698,0.9983005920529806,BARBUNYA
3195,81940,1222.3349999999998,396.7937766470863,263.54862202336204,1.50558091937932,0.7475589614861052,84256,323.00038435828407,0.7225749559082892,0.9725123433345993,0.6891683571898624,0.8140258324806463,0.004842491782366199,0.001311599986609608,0.6626380559458092,0.9976552134866167,BARBUNYA
3196,81976,1180.158,408.06182880223645,256.321835479695,1.5919901167942512,0.7780966248725457,83902,323.0713310078901,0.7143317735428159,0.977044647326643,0.7396329967442428,0.7917215191535686,0.004977820689009423,0.0012064485572204748,0.6268229638908346,0.9978959634938885,BARBUNYA
3197,81995,1186.252,409.04781391617547,255.56147985444755,1.6005847757226344,0.7808075169713655,83446,323.1087687924295,0.7677793904208998,0.9826115092395081,0.7322229198492628,0.7899046463517903,0.004988692163134039,0.0011980229624236089,0.623949350328147,0.9986838309572603,BARBUNYA
3198,81997,1141.1719999999998,407.5545701073409,258.72212655093006,1.5752598184798579,0.772663417346561,83673,323.1127093595192,0.8228747478599456,0.9799696437321478,0.7912352241620256,0.7928084557472106,0.0049703595266575714,0.0012112691629786773,0.6285452475042768,0.9901220724899644,BARBUNYA
3199,82032,1144.548,420.1297866544539,249.07045682370622,1.6867909266004384,0.8053190169564792,83528,323.18166150590116,0.7557766721945827,0.9820898381381094,0.7869101416201906,0.769242438341345,0.005121535335655036,0.0011061980268394227,0.5917339289453378,0.9981314223066244,BARBUNYA
3200,82036,1144.1870000000001,415.2153226872616,253.1120841631055,1.6404405347146396,0.7927150605743661,83728,323.18954081451,0.701888277620445,0.9797917064781196,0.7874451677371994,0.7783661227211862,0.005061379427169312,0.0011459993220412391,0.6058538210000125,0.9938671660801682,BARBUNYA
3201,82109,1153.754,390.63788147580095,269.37047722563386,1.4501881776323595,0.7242231492835183,83618,323.33330446871616,0.717911726646382,0.9819536463440885,0.7751293605494486,0.8277059645295712,0.0047575525396217335,0.00137742415584474,0.6850971637178276,0.9935198073530547,BARBUNYA
3202,82299,1145.1699999999998,421.06206402262376,249.71119464678108,1.6861961860309072,0.8051650430608569,83888,323.7071844926509,0.7705033142343557,0.9810580774365821,0.788614027161516,0.7687873407547303,0.005116247633903496,0.0011024431749445999,0.59103397530473,0.996599234973521,BARBUNYA
3203,82319,1166.127,391.42239665159263,268.9452484477423,1.4553980741832975,0.7265654703219431,83725,323.74651516742824,0.6903060796645702,0.9832069274410272,0.7607084635517526,0.8271026848154448,0.004754945962069421,0.0013726602921389313,0.6840988512289171,0.9956361506295722,BARBUNYA
3204,82346,1149.477,388.13529255010667,270.99415876882017,1.4322644233863997,0.7159075391353081,83842,323.7996040003164,0.7705970428598166,0.9821569141957491,0.7831623488709739,0.8342441674729055,0.004713468687612108,0.0014082932740763358,0.6959633309625614,0.9968035189191709,BARBUNYA
3205,82419,1136.792,388.49675814236844,272.1324998870088,1.4276014746628014,0.7136763505531146,83738,323.9430969129106,0.7090111402640974,0.9842484893357855,0.8014477012847319,0.83383732328134,0.004713679590171786,0.0014056109879894557,0.6952846816969898,0.992589436901079,BARBUNYA
3206,82427,1206.1260000000002,429.8247672481075,245.25832752862084,1.7525389314169093,0.8212276193412763,84490,323.9588182993099,0.6906325932132383,0.975582909220026,0.7120229607928064,0.7536997469303841,0.005214611319690241,0.0010379948137093948,0.568063308522925,0.9955530636959211,BARBUNYA
3207,82477,1259.908,416.74207331918967,253.62387542284557,1.6431500095343585,0.7934870301531324,85026,324.05705968412724,0.6856285434019984,0.970020934772893,0.6529276381820095,0.7775962170153301,0.0050528277376624955,0.0011395432462057264,0.6046558767165524,0.9935403095918092,BARBUNYA
3208,82596,1180.392,436.68422870832745,241.43486935533335,1.8087040611587657,0.8332595300373644,84186,324.29075447342854,0.6574021012416428,0.9811132492338394,0.7449315438987056,0.7426207157346885,0.005286990032305771,0.0009918739718892324,0.551485527438301,0.9974741131479389,BARBUNYA
3209,82624,1160.196,418.8289346995757,251.61131212023332,1.6645870615683482,0.7994372560308067,84071,324.3457170122616,0.7073972602739727,0.9827883574597661,0.7713533191343835,0.7744109590826467,0.00506909535606574,0.0011245950943496936,0.5997123335473046,0.9982733910858048,BARBUNYA
3210,82632,1104.57,384.8359962899038,275.5373077461404,1.3966747350397393,0.6981143125924423,83677,324.36141888417615,0.7641135184620079,0.9875115025634285,0.8510824617874463,0.8428562348929255,0.004657227179420851,0.0014498437515340018,0.7104066326978783,0.9922069954937826,BARBUNYA
3211,82632,1101.0469999999998,385.5239906875453,273.20550169419613,1.4111135694444004,0.705549959526769,83895,324.36141888417615,0.7604358389162924,0.9849454675487216,0.8565375611926388,0.8413520992706796,0.0046655531838457895,0.00144209555390314,0.7078733549471794,0.9988896966140973,BARBUNYA
3212,82710,1143.233,409.4419118681879,258.2962418961213,1.5851640305043724,0.7759051858690786,83999,324.5144723198725,0.7013839422000611,0.9846545792211812,0.7952403003391288,0.7925775620751395,0.0049503314214507065,0.001204983586940385,0.6281791919049716,0.9957670597190645,BARBUNYA
3213,82805,1130.202,394.80447760192067,268.0019703982619,1.4731402049590345,0.7343028490195375,84138,324.70078611206833,0.7246560716911121,0.9841569801991965,0.814618525987026,0.8224344062264219,0.0047678821037608924,0.0013455825704934306,0.6763983525450072,0.9964296077021054,BARBUNYA
3214,82845,1137.84,404.1093683898851,261.68924883306454,1.5442337436173104,0.7620056626572178,84027,324.779202048999,0.7576339542922989,0.9859330929344139,0.8041068693565584,0.8036913455954621,0.004877896896492065,0.0012553636411306657,0.6459197789850446,0.9974511183785411,BARBUNYA
3215,82869,1142.0119999999997,420.49833442112805,251.76734168273012,1.670186179075711,0.8009467066117001,83981,324.8262425246122,0.6870025865499403,0.9867589097533966,0.7984737209113332,0.7724792607603994,0.005074253754976265,0.0011145492357363845,0.5967242083049332,0.9966405254307952,BARBUNYA
3216,82877,1162.5810000000001,391.8170128327914,270.83614431193115,1.446693955226015,0.7226336740754212,84171,324.8419211693837,0.8259864257452385,0.9846265340794336,0.7705440015921237,0.8290653813646691,0.004727693000866241,0.0013777935716348057,0.6873494065773443,0.9943842316236323,BARBUNYA
3217,82885,1156.62,412.9039408904298,257.1367989234553,1.6057753795610694,0.7824192060495702,84160,324.85759905745465,0.8103259488101988,0.9848502851711026,0.7785820919068117,0.7867631351662503,0.004981648559937622,0.0011774130850297395,0.6189962308566276,0.9939689075506724,BARBUNYA
3218,82952,1154.249,404.45250559869464,261.99581390616066,1.5437365184145952,0.7618283596323215,84639,324.98887167851024,0.7089187433767477,0.9800682900317821,0.7824159794488371,0.8035278980345106,0.00487574146010578,0.001253788467348215,0.645657082919759,0.9967244172762724,BARBUNYA
3219,82998,1186.993,392.13502043097526,272.20954689136926,1.4405630695512113,0.719808192643818,84544,325.07896845832556,0.7877263581488934,0.9817136638909917,0.7402547038061008,0.8289975429918198,0.004724632165003678,0.0013764509457255007,0.6872369262864743,0.9900081360401827,BARBUNYA
3220,83008,1139.263,414.1048469023277,255.7845569724301,1.618959532990736,0.7864290157457724,84045,325.0985514107628,0.8002313699026319,0.9876613718841097,0.8036775338602657,0.7850633815146861,0.0049887341810708336,0.0011689313568394115,0.6163245129952737,0.997804445729571,BARBUNYA
3221,83112,1139.5369999999998,393.34555689986377,269.3486529983009,1.4603583590312035,0.7287654245082832,84375,325.3021442321413,0.747309265836443,0.9850311111111111,0.8042975305704324,0.8270136487519938,0.0047327167785622265,0.001365654960655802,0.6839515752220859,0.9988144000481324,BARBUNYA
3222,83117,1110.906,379.36353009808903,279.90348025722386,1.3553369531149237,0.6749932509624961,84252,325.3119291384079,0.7599754955745739,0.9865285097089683,0.846340451400268,0.8575203026350333,0.004564211053070841,0.0015223801962532177,0.7353410694312793,0.9966349245432597,BARBUNYA
3223,83127,1093.874,410.1196952785108,259.05152893767166,1.583158752084364,0.7752548313712535,83960,325.33149806804727,0.6951406136323725,0.9900786088613626,0.873006287876935,0.793259874649804,0.004933652065857192,0.0012050643239790934,0.6292612287294228,0.9962204216103466,BARBUNYA
3224,83168,1154.625,400.25594045729065,265.05421632498593,1.5100908259709869,0.7493166889860886,84772,325.41171837617344,0.7133618101658862,0.9810786580474685,0.7839424982306945,0.8130090911440114,0.004812619522620367,0.0012970087290829688,0.6609837822828116,0.9981455457408778,BARBUNYA
3225,83175,1111.879,400.1873429324542,266.18337588242366,1.5034272580163748,0.7467125174814419,84511,325.4254125500145,0.8027312647782657,0.9841914070357705,0.8454493954806471,0.8131826713093762,0.004811389755725329,0.0012977850394134383,0.661266056917853,0.9941654147713077,BARBUNYA
3226,83203,1124.194,368.13381938743015,289.44558984609125,1.2718584504368518,0.617907224779446,84723,325.4801834837257,0.8090056978394882,0.9820591810960424,0.8273062848206245,0.8841355136165442,0.004424525790986265,0.0016677150028048067,0.7816956064379904,0.9942061627175177,BARBUNYA
3227,83242,1136.826,401.0345747829002,265.73989893366627,1.5091244348030932,0.7489417124713446,84536,325.5564562143476,0.7055901674083492,0.9846929118955238,0.8094021895603793,0.8117914930167488,0.004817695091214774,0.0012906160353028655,0.6590054281343622,0.9945211942654398,BARBUNYA
3228,83334,1157.753,413.45522109582987,257.4347017749689,1.6060586169818045,0.7825066072895144,84564,325.7363108727058,0.7871500358937545,0.9854548034624663,0.781268406360647,0.7878393940929513,0.004961422961766264,0.001179062390733195,0.6206909108847487,0.9968659859087359,BARBUNYA
3229,83470,1156.057,416.9460404825509,256.49560499340754,1.6255484786699066,0.7883890449956161,84731,326.0020012193852,0.814262023217247,0.9851176074872243,0.7848411800030424,0.7818805542369176,0.004995160422697388,0.0011515713505755765,0.6113372010938295,0.9937582571923933,BARBUNYA
3230,83492,1168.303,425.0382554038322,251.07202699739076,1.6928937105695543,0.8068879394449926,85361,326.0449601957193,0.6707531632858004,0.9781047550989328,0.7686767489871787,0.7670955638709307,0.005090766245913766,0.0010873285801225726,0.5884356041104614,0.996158933273796,BARBUNYA
3231,83580,1218.1419999999998,400.8991820198164,266.2635976129877,1.5056477325996345,0.7475851474238785,85345,326.21673952905127,0.7974582092970002,0.9793192336985178,0.7078095142856895,0.8137126593411868,0.004796592271115296,0.0012971698815356435,0.6621282919721063,0.9969319614978706,BARBUNYA
3232,83735,1191.1339999999998,403.2032318819352,265.03986525284074,1.5212927741918765,0.7535979174981474,85557,326.51908562655086,0.747941118673741,0.9787042556424372,0.7416442702616848,0.8098126696617383,0.00481522937698615,0.0012774238225692807,0.6557965599446717,0.9976585679837189,BARBUNYA
3233,83906,1206.297,447.42699635870997,239.80600768485465,1.8657872697947757,0.8442390703787456,85675,326.85231717175964,0.6475477522670268,0.9793522030930844,0.7245934205503993,0.7305154133116198,0.0053324791595202965,0.000936755958274728,0.5336527690858468,0.9956825430511039,BARBUNYA
3234,83982,1174.925,412.0556943254543,260.2859528335848,1.58308848341464,0.7752319870022998,85570,327.0003110792839,0.7419560031804929,0.9814420941918897,0.7644970033366443,0.7935827985937478,0.00490647632022879,0.001200379175283191,0.629773658223885,0.9969874254921397,BARBUNYA
3235,84005,1170.688,412.47332668859906,260.47314627510315,1.5835541305780456,0.775383299829688,85663,327.0450855088291,0.7985266159695817,0.9806450859764426,0.7702517022753257,0.7928878410984745,0.004910104478169145,0.0011970644349718295,0.6286711285617997,0.9955347624091996,BARBUNYA
3236,84049,1146.3980000000001,395.4512489630104,271.3095062181963,1.4575650314477928,0.7275301272729308,85440,327.130723863482,0.7880825128926394,0.9837195692883896,0.8036585606708229,0.8272340136017147,0.004705008375626246,0.0013591071464478905,0.6843161132596017,0.9974352371434626,BARBUNYA
3237,84154,1169.542,416.6822899803014,258.0397874261887,1.6147986096891813,0.7851763216506203,85493,327.3349975906073,0.7574822002394304,0.9843378990092756,0.7731308132522089,0.7855745383517069,0.00495142583810991,0.0011632140436373265,0.6171273553064973,0.9965363953500933,BARBUNYA
3238,84171,1135.2199999999998,407.599906798704,263.90654039680925,1.544485809960745,0.7620954645794948,85583,327.3680584905977,0.7350472880334641,0.9835013963053411,0.8207526304745986,0.8031602878954304,0.004842521851928859,0.0012429688896366047,0.6450664480522705,0.996295975498512,BARBUNYA
3239,84185,1175.0839999999998,408.7205273435262,263.6448984303294,1.5502690542352153,0.7641409386655232,85882,327.39528260732413,0.6806733560264879,0.9802403297547798,0.7661375603147519,0.8010248096302516,0.004855027942549459,0.0012329781096743482,0.641640745643181,0.9947157919070326,BARBUNYA
3240,84221,1205.045,397.2842289589436,271.9564097552453,1.4608378942658145,0.7289765679808508,86303,327.46527708619755,0.7050142307048385,0.9758756937765779,0.7288257825312622,0.8242594425263196,0.004717163521674447,0.001343124954900427,0.6794036285937992,0.9924985661515192,BARBUNYA
3241,84228,1129.158,396.62032862297394,271.6941329463296,1.4598045394720476,0.7285212377682547,85605,327.4788853864525,0.7451431402385081,0.9839144909759944,0.8301506663523555,0.8256734760001495,0.004708889307866434,0.001349993191969772,0.6817366889701695,0.9952023132832968,BARBUNYA
3242,84292,1151.256,427.4105530492789,251.95548752226247,1.6963732651844443,0.8077735560012633,85440,327.6032779213547,0.7187611917390044,0.986563670411985,0.7991943579632577,0.7664838305561987,0.005070594517264733,0.0010795695725327214,0.5874974625041035,0.9966149887556616,BARBUNYA
3243,84334,1123.665,370.96642335501986,290.36912752829926,1.2775684058177488,0.6223526844979471,85612,327.68488485997517,0.7782761166482097,0.9850721861421297,0.8393418085553461,0.8833276119611945,0.004398776571193349,0.0016519575800842956,0.7802676700530669,0.9968453233408257,BARBUNYA
3244,84390,1131.241,396.2597490712699,271.69216989205773,1.4584879248772695,0.7279392770541979,85574,327.79366250768237,0.7735885377994115,0.9861640217823171,0.8286870971467101,0.827219174483267,0.004695577071587509,0.0013562854611899814,0.6842915626327778,0.9980309811953041,BARBUNYA
3245,84439,1151.132,400.1092452909783,270.1285013119095,1.4811811539611806,0.737692493001829,86044,327.88881334667764,0.7277655677655678,0.9813467528241365,0.8007605912413446,0.8194982175636092,0.0047384413042667285,0.001318278961712837,0.6715773285899326,0.9947276825350032,BARBUNYA
3246,84523,1141.2720000000002,431.69512947525436,250.58403483015582,1.7227559200563374,0.8142849974269736,85773,328.05186486232657,0.7800490974196168,0.9854266494118196,0.8154670967754545,0.7599156035443091,0.005107427912819639,0.0010506146603866118,0.5774717245101114,0.9948428320649367,BARBUNYA
3247,84566,1213.8899999999999,422.242704230451,255.55795596274075,1.6522385407246416,0.7960434462706125,86165,328.13530035653554,0.7870851249976731,0.9814425810944118,0.7211854984478713,0.7771248551341371,0.004993055178564092,0.0011233350915579349,0.6039230404672534,0.9978249230916035,BARBUNYA
3248,84569,1198.6509999999998,418.417775130055,260.869269852111,1.603936620696104,0.7818504379477813,86785,328.1411206458404,0.6818980809546847,0.9744656334620038,0.7396658281432805,0.7842427835286052,0.004947649553974329,0.0011544651243122156,0.6150367435166949,0.9864799560001042,BARBUNYA
3249,84584,1126.361,394.41480999870305,274.3782348540019,1.4374857765543,0.7183721014836093,85824,328.1702205439717,0.8035721071632149,0.9855518269947801,0.8378048570768134,0.8320433518838981,0.004662995483764105,0.0013785692185971372,0.6922961394141922,0.9951658535713541,BARBUNYA
3250,84664,1143.1999999999998,396.7575390760142,272.99808326628795,1.4533345228252343,0.7256416324715957,86180,328.32537644150784,0.759134559344374,0.9824089115804131,0.8140746207578788,0.8275214560664075,0.004686260265000641,0.0013555739660619849,0.6847917602502671,0.9952315061179743,BARBUNYA
3251,84700,1159.78,417.00127024987313,259.1163751100444,1.6093204069900116,0.7835091069543426,86013,328.39517267930154,0.8050106447688564,0.9847348656598421,0.7913016000846521,0.7875160008086365,0.004923273556669105,0.001168076473034873,0.6201814515296284,0.9980706659833177,BARBUNYA
3252,84975,1178.1979999999999,428.43131792108636,252.95556079266984,1.6937019157773798,0.8070942174478762,86293,328.9278497085196,0.7501456593513304,0.9847264552165297,0.76924463307735,0.7677493123159252,0.005041851343584423,0.0010805566582635982,0.5894390065615761,0.9983339746472569,BARBUNYA
3253,85083,1129.571,375.3635054884186,289.25979772852565,1.297669114187456,0.6373040268633273,86711,329.1368107409164,0.760702024175667,0.9812249887557518,0.8379644426403206,0.8768481909626442,0.004411733313216724,0.0016087429462931457,0.7688627499944619,0.9977294437170449,BARBUNYA
3254,85099,1161.0549999999998,428.0509995298467,255.14487783750474,1.677678200549499,0.8029385101142514,86211,329.16775664912507,0.7996072388326161,0.9871014139726949,0.7932840724365717,0.768991912203614,0.005030035600064004,0.001085020416432625,0.5913485610345707,0.9920925897740142,BARBUNYA
3255,85477,1117.4309999999998,414.71498327322666,263.45565001074044,1.574135848885077,0.7722907877309878,86390,329.8980093382309,0.7914830178895514,0.9894316471813868,0.860236180136442,0.795481288702039,0.004851772795877565,0.0011983952868424446,0.6327904806750568,0.9960981804638266,BARBUNYA
3256,85505,1160.758,432.1542311590591,253.68214115204063,1.703526425614856,0.8095741677492823,87053,329.9520378366833,0.7393812043858738,0.9822177294291983,0.7974767022516834,0.7635052813245298,0.005054139888416574,0.0010594371626014797,0.5829403146104494,0.9930542304951383,BARBUNYA
3257,85561,1167.0010000000002,410.0627936596787,266.35034817559125,1.5395616955955511,0.7603312526527377,86847,330.06006830134004,0.734051132463967,0.9851923497645284,0.7894838665111847,0.8049012819613796,0.004792636758098651,0.0012408656241956004,0.6478660737030723,0.9974297909491342,BARBUNYA
3258,85567,1156.3990000000001,415.48658412015084,262.7697629804382,1.581181104734191,0.7746104754076122,86970,330.07164089687205,0.7115758835758835,0.9838680004599287,0.8040827678396387,0.7944218983528517,0.004855687170523109,0.001192985843807234,0.6311061525825487,0.9978931235450196,BARBUNYA
3259,85601,1136.7240000000002,407.7603520208111,268.7694157639238,1.517138216272983,0.7520239985432567,87003,330.13721127566737,0.781594397421499,0.9838856131397767,0.8324892674468901,0.8096353891189939,0.0047634998658988926,0.0012625943793330857,0.655509463313865,0.9944984579220575,BARBUNYA
3260,85695,1156.716,406.8040568158832,268.75674315682033,1.513651534981252,0.7506905094301161,87339,330.31842634960555,0.7132750139417194,0.9811767938721533,0.8048442789901452,0.81198410098232,0.004747115430490498,0.001272915742076152,0.6593181802480663,0.9979779755735314,BARBUNYA
3261,85728,1116.254,423.1451872572886,258.8708293965553,1.6345804131105368,0.7910296645549189,86756,330.382020835057,0.7360395631568102,0.9881506754576053,0.86458261725371,0.7807769786453271,0.004935904106677966,0.001131499782648103,0.6096126903825256,0.9964609632828946,BARBUNYA
3262,85816,1200.3680000000002,397.8603704253418,276.01316621190426,1.441454318595409,0.720221866233633,87299,330.5515463146296,0.8018987814906182,0.9830124056403854,0.7484267699747623,0.830822999438838,0.004636202694431595,0.0013626245828112947,0.6902668563965475,0.9949881411360801,BARBUNYA
3263,85886,1149.5839999999998,419.7902253479286,262.01423389874134,1.6021657262718092,0.7813004161770803,87013,330.68633406768447,0.784741194207136,0.9870479123809086,0.8166779302060169,0.7877418627210926,0.0048877608148933304,0.0011609817975277528,0.6205372422832965,0.9942035014615234,BARBUNYA
3264,85890,1152.0159999999998,417.5364202968183,262.7196446135723,1.5892851138366986,0.777232329145744,87188,330.6940345656436,0.7146541968980896,0.985112630178465,0.8132712970694211,0.7920124293122978,0.004861292586992878,0.0011799388812108434,0.6272836881851674,0.9969326277852681,BARBUNYA
3265,85895,1173.1779999999999,397.57740171559925,276.2313056326914,1.439291613978987,0.719216302057134,87671,330.7036599359414,0.8008857808857809,0.9797424461908727,0.7842416935409785,0.831796924344571,0.004628644294960117,0.0013667932035716435,0.6918861233490881,0.9958258951647736,BARBUNYA
3266,85914,1125.237,423.48894463097264,258.8493990804135,1.6360437618764285,0.7914525641146369,86826,330.7402337883566,0.8130867655966081,0.9894962338470044,0.8526794475081625,0.7809890623628036,0.004929219273121641,0.0011311956005142297,0.6099439155303312,0.9978949380978817,BARBUNYA
3267,86044,1181.857,437.0365511360738,251.26702906928332,1.7393310724248152,0.8182000201626922,87370,330.9903675142108,0.6955748492344506,0.9848231658464004,0.7741062822549395,0.757351682951468,0.005079221690484796,0.0010307831502347786,0.573581571669421,0.997648250174885,BARBUNYA
3268,86088,1215.805,417.95528370798803,263.6405929881982,1.5853221955341972,0.7759563540373215,88243,331.07498535401413,0.7363801996458723,0.9755787994515146,0.7318543056709023,0.7921301590371223,0.004854977275671267,0.0011791068401915564,0.6274701888561768,0.9947424174297316,BARBUNYA
3269,86131,1137.663,413.0687207122052,266.26822499375385,1.5513256255863614,0.7645115809879357,87730,331.15765917095183,0.6954180291469864,0.9817736236179186,0.8362614667858033,0.8017011275992433,0.004795819399661042,0.0012220600884623501,0.6427246979938983,0.9970752941951894,BARBUNYA
3270,86145,1130.325,429.0970508578359,256.1645592864474,1.6750835949090543,0.8022523000256367,87086,331.184571774125,0.7880653542154566,0.989194589256597,0.8472923258402296,0.7718174038065103,0.004981102221345822,0.0010903438700433942,0.595702104818622,0.9978508232344676,BARBUNYA
3271,86190,1215.677,401.1833272606764,274.7480029553247,1.4601865088930626,0.7286896918791258,88116,331.27106176169946,0.7617658756462946,0.9781424485904944,0.7328757378775413,0.8257348679558906,0.0046546389054493145,0.0013348370513401049,0.681838072158132,0.9956107542149587,BARBUNYA
3272,86246,1179.304,418.33372013518857,263.9303154898733,1.5850157999422372,0.7758572146428557,88043,331.3786622207725,0.7995513034449513,0.9795895187578797,0.7792867334990196,0.7921394959834562,0.0048504709799316904,0.0011780679586473341,0.6274849810969241,0.9945736092650806,BARBUNYA
3273,86498,1145.822,380.1703566089137,290.37565657203595,1.3092363220007102,0.6454482002562538,87924,331.86243255376485,0.7598742005762879,0.9837814476138483,0.8279071186249607,0.872930850037727,0.0043951346459908175,0.0015742413487034946,0.7620082689475886,0.9976489033710686,BARBUNYA
3274,86530,1150.9039999999998,420.92167505228457,262.9537809620956,1.6007439539839126,0.7808572248374596,87713,331.92381325529146,0.6866315931471739,0.9865128316213104,0.8209153355234272,0.7885643171358703,0.004864459436637982,0.0011602800733057559,0.6218336822599616,0.9953965072611867,BARBUNYA
3275,86593,1178.19,425.8092081309664,260.6693811420217,1.6335221508005608,0.7907229828989165,88300,332.0446233524222,0.7709490740740741,0.9806681766704417,0.783902384294279,0.7797967188400845,0.004917362929231767,0.001121599067312441,0.6080829227137619,0.9933169237764754,BARBUNYA
3276,86769,1135.185,383.45070414427346,289.19686792129727,1.32591582647647,0.656649726293459,87906,332.38189189112774,0.8089821643342625,0.9870657293017542,0.8461379396072287,0.8668177898718082,0.004419213130775663,0.0015389906221025106,0.7513730808382464,0.996257459471815,BARBUNYA
3277,86838,1185.231,402.6771523687817,275.52430837293605,1.4614941046281038,0.7292650674085868,88351,332.514023141449,0.7087369924505204,0.9828751230885898,0.7768079694489398,0.8257583555098861,0.0046371076299405985,0.0013299608177111707,0.6818768616943912,0.9965590134486656,BARBUNYA
3278,86940,1118.525,379.3463316118995,292.3414042247524,1.297614111890417,0.6372645281152256,88117,332.7092514783366,0.7484504132231405,0.9866427590589784,0.8732490243354448,0.8770593617304934,0.004363311842786974,0.0015926192834031978,0.7692331239991005,0.9981677570347836,BARBUNYA
3279,86975,1181.9779999999998,426.69499647914125,260.54364270621204,1.637710258623661,0.7919325185336209,88249,332.77621520075735,0.7844065656565656,0.9855635757912271,0.7823219490934047,0.77989247107805,0.004905949945146781,0.001119545597970741,0.6082322664442272,0.996108222381631,BARBUNYA
3280,87072,1194.135,400.9714382369461,277.3967254500932,1.4454800704166402,0.7220779705208888,88994,332.9617299918717,0.7619981097070045,0.9784030384070836,0.76732885299844,0.83038764919489,0.004605056025323251,0.001350635638917564,0.6895436479354158,0.9967216007730317,BARBUNYA
3281,87137,1243.2830000000001,393.2571731317204,283.9716383700882,1.3848466536619581,0.6917870069401432,89111,333.0859862101495,0.76916354777205,0.9778478526781206,0.7083900899855168,0.8469927797059744,0.004513090571533566,0.0014327573486173175,0.7173967688740532,0.9934845147231337,BARBUNYA
3282,87149,1189.561,428.96549364674684,259.22319342841564,1.65481139235022,0.796758027072311,88604,333.10892075134325,0.8117833356620558,0.9835786194754187,0.773924931690085,0.7765401312807191,0.004922207869817747,0.001104066753866552,0.6030145754894766,0.9978753892732174,BARBUNYA
3283,87240,1252.9599999999998,431.9901950173121,258.3226384054295,1.6722893420564895,0.8015090511758197,89042,333.2827896587155,0.7747229326513214,0.9797623593360437,0.6983145767524677,0.7715054496673451,0.004951744555448327,0.0010821662567391487,0.5952206588664125,0.9953811639941431,BARBUNYA
3284,87516,1210.109,444.8966593043451,251.5492960674915,1.7686261351531587,0.8248095722962636,89724,333.80957445382313,0.6714439159122295,0.9753911996790157,0.7510145339455567,0.7503081164416443,0.005083603675948914,0.0009938252476335769,0.5629622695982082,0.9956697831165293,BARBUNYA
3285,87552,1155.741,371.3509385402963,301.70535643396863,1.2308397269757134,0.5830260445159181,88998,333.8782242384983,0.8216216216216217,0.9837524438751433,0.8236731232497998,0.8990908318446819,0.004241490069219393,0.00170967079778583,0.808364323907162,0.9949669237347986,BARBUNYA
3286,87691,1135.4519999999998,397.07604067850065,282.71020531042967,1.4045338060665042,0.7021997283936682,89021,334.143156322812,0.7671735022396416,0.9850597050134238,0.8547268117151676,0.8415092377566963,0.004528127637710833,0.00140066402502224,0.7081377972298558,0.9946034755628,BARBUNYA
3287,87745,1179.474,415.35738462985955,270.43698854796065,1.5358749069792943,0.7589965096323957,89355,334.2460229423633,0.7136524822695035,0.9819819819819819,0.7926026109163408,0.8047191053078842,0.004733687214426572,0.0012244937415425768,0.6475728384475216,0.9945908730129047,BARBUNYA
3288,87837,1180.408,406.6439617640091,275.9634010228051,1.4735430867167953,0.7344743794943207,89534,334.42120430813367,0.7778899545683998,0.9810463064310765,0.7921785341261993,0.8223931393384638,0.0046295292617462925,0.0013062746858603512,0.676330475630974,0.9966020967019039,BARBUNYA
3289,87968,1147.645,412.44325314963936,272.421553429252,1.513989065688046,0.7508201055246564,89304,334.6704890952634,0.6957181949035922,0.9850398638358864,0.8393042927053279,0.8114340252617515,0.004688560080366035,0.001253811090563928,0.6584251773524884,0.9968485190853801,BARBUNYA
3290,88103,1224.1560000000002,418.9478442901889,268.47806373614975,1.5604546548797942,0.7676754137159537,89631,334.92719150555996,0.7010997580850522,0.9829523267619462,0.7388002433026085,0.7994484183896859,0.004755205206294779,0.001198148964060721,0.6391177736657704,0.9973143049331621,BARBUNYA
3291,88387,1188.866,412.01505295951495,275.56765179860315,1.495150284405056,0.7434162037959722,90121,335.46657604075375,0.7831006131055747,0.9807592015179591,0.7858369465372333,0.8142095140240351,0.0046614892796397085,0.001263715009323017,0.6629371327272554,0.9911906425398284,BARBUNYA
3292,88389,1123.692,421.28546665894737,267.75757576299947,1.5733839293191099,0.7720409572546766,89351,335.47037144820445,0.7772853185595567,0.989233472484919,0.8796572907973677,0.7963017905855871,0.004766265787133551,0.0011821396622329343,0.6340965416898123,0.9976773083315758,BARBUNYA
3293,88455,1228.134,441.9800301857602,257.4831969731981,1.716539313560592,0.8127823319802352,90344,335.59559581369484,0.6700527224797745,0.9790910298414948,0.7369546127475556,0.759300359504132,0.0049966653121447085,0.0010245058559998968,0.576537035943104,0.9896484879200341,BARBUNYA
3294,88631,1174.734,424.32905924003273,267.76185623793333,1.5847255662246893,0.7757632399584864,90381,335.9292992422992,0.7685124167591565,0.9806375233732754,0.8070797228431212,0.7916716800964415,0.004787591917501018,0.001160051649394188,0.6267440490667225,0.9932173180352164,BARBUNYA
3295,88647,1194.981,398.98485585071836,283.37049013112124,1.4079971971185143,0.703971031205695,90537,335.9596194814757,0.7386695997800165,0.9791245568110275,0.780102925399291,0.8420360185479727,0.004500827505169023,0.0013957087715935484,0.709024656532122,0.9983047290851451,BARBUNYA
3296,88811,1234.396,415.8528419277604,272.3769317605156,1.5267549980825628,0.7556428004186682,90775,336.2702443087621,0.7027965940744493,0.9783640870283669,0.7324325098536639,0.8086279818358848,0.004682447466279631,0.0012349453489353456,0.6538792130079759,0.99831335660222,BARBUNYA
3297,88907,1210.626,405.2430606224961,280.958234651208,1.4423605028896196,0.7206414432670496,91061,336.4519404071986,0.7806803414000211,0.9763455266250096,0.7622998362242521,0.8302472592383764,0.004558055728148471,0.001335946897868403,0.6893105114728357,0.9942342559750602,BARBUNYA
3298,89235,1197.862,395.6879606270865,288.8077413690164,1.3700739417559682,0.6835671666370914,90764,337.0719964257521,0.7690816009928638,0.9831541139658896,0.7815045594974348,0.8518631597776193,0.0044342237981407125,0.001440378793454528,0.7256708429863097,0.9942227122676296,BARBUNYA
3299,89239,1143.46,442.60029272637126,257.9500275507906,1.7158373539588898,0.8126114529700044,90157,337.0795510448849,0.75980417198808,0.9898177623479042,0.8576747116428227,0.7615890829364579,0.00495971820309922,0.0010292469874650407,0.5800179312479951,0.995216432401269,BARBUNYA
3300,89248,1226.9679999999998,426.26979315158763,267.28716270159725,1.5948008458134617,0.7789890389224995,91234,337.09654831891083,0.7402909802750544,0.978231799548414,0.7449753178113673,0.7908056206061838,0.004776239166721805,0.0011522449619053277,0.6253735295823315,0.9973462339272522,BARBUNYA
3301,89356,1293.204,453.645407670266,251.80037101432413,1.8016073838289126,0.8318103847800459,91496,337.30044879803404,0.6641099962839093,0.9766109993879514,0.6714280875937274,0.7435332598874278,0.005076832083690698,0.0009571371278318096,0.5528417085588254,0.9960037042281714,BARBUNYA
3302,89692,1240.715,421.48423029040947,272.12274926207925,1.548875393304517,0.7636506095022588,90687,337.93401907234227,0.774341707675041,0.9890281958825411,0.7321827733735815,0.8017714419339016,0.0046992399577488455,0.001197870080210067,0.642837445100768,0.9956751006113229,BARBUNYA
3303,89817,1219.7889999999998,421.68903329087505,271.8926923328594,1.550939194697555,0.764376130792507,91438,338.16941935881505,0.7966101694915254,0.9822721406854918,0.7585758000955835,0.8019402750878528,0.0046949801628965015,0.0011977925984468518,0.643108204807981,0.9974217212682804,BARBUNYA
3304,89968,1233.5169999999998,422.4816447286377,272.76821033702697,1.5488668720105903,0.7636476064295988,91792,338.45356455610437,0.7845476346195771,0.9801289872755796,0.7430322291962997,0.8011083292707188,0.004695910153928482,0.0011930661681507902,0.6417745552269226,0.9940233478903114,BARBUNYA
3305,90015,1167.663,418.7300667866511,274.5442235738921,1.5251825783686617,0.7550569542482845,91331,338.54195843253416,0.7711781638737535,0.9855908727595231,0.8296400560543996,0.8084968940265426,0.004651781000795991,0.0012260620404205068,0.6536672276505663,0.9969618676631858,BARBUNYA
3306,90176,1181.556,418.3022937658871,275.5283718107318,1.5181822874242175,0.7524210622401043,91791,338.84457969109974,0.7844938580923548,0.9824056824743167,0.8116937675338007,0.8100471471015701,0.00463873196599857,0.0012320270096807856,0.6561763805273927,0.9961953583428208,BARBUNYA
3307,90231,1159.7959999999998,445.2509806370313,259.2653121953616,1.717356544409326,0.8129809625599207,91068,338.94789770848035,0.6929758540181863,0.9908090657530636,0.8429511769894711,0.7612513221723609,0.004934567727688171,0.00102221233344837,0.5795035755091676,0.9952142579092731,BARBUNYA
3308,90260,1196.254,420.47809159657237,274.06890086920475,1.5342057791417902,0.7583882839648961,91653,339.0023618026809,0.7456053396775046,0.9848013703861302,0.7926078828326949,0.8062307372911516,0.004658520846405632,0.001214130060455782,0.650008001753034,0.9972460327779118,BARBUNYA
3309,90264,1178.124,408.9285283016384,281.85884097332,1.4508273960451943,0.724512303834683,91447,339.0098734048534,0.789020979020979,0.9870635450042101,0.8172264843831797,0.8290198651897165,0.004530361254781955,0.0013199951835536337,0.6872739368791758,0.9971158562121436,BARBUNYA
3310,90481,1198.799,409.7641323439649,281.97779501061603,1.4531787239790916,0.7255716746866524,92264,339.41712868855376,0.7911460473738053,0.9806750195092344,0.7911785635087074,0.8283231788663232,0.00452873125124573,0.0013150902839947401,0.6861192886472108,0.9970539523737959,BARBUNYA
3311,90494,1208.656,427.67313387928795,270.20066068325946,1.5827982537045842,0.7751375938480324,92071,339.4415109577257,0.6862884877900803,0.9828719140663184,0.7784383521796989,0.7936937910472864,0.004725983312476937,0.0011568681860529492,0.6299498339470134,0.9970834970928257,BARBUNYA
3312,90508,1206.1109999999999,414.4114538679136,278.94245104710194,1.4856521562504537,0.7395468636250342,92011,339.4677668275592,0.7104238618524333,0.9836649965764963,0.7818479027118301,0.8191563328164154,0.004578727337560366,0.0012717206320894603,0.6710170975932378,0.9968979979203149,BARBUNYA
3313,90599,1182.444,432.9544888808651,266.9800836863116,1.6216733581878908,0.78723978938419,91961,339.6383805070637,0.7546143594869232,0.9851893737562663,0.8142768807382784,0.7844667031516125,0.004778799864025708,0.001116340455984266,0.6153880083535602,0.9979583380952757,BARBUNYA
3314,90605,1257.955,448.38729669577936,261.26960533683285,1.716186221193665,0.8126964089103185,93234,339.6496267489917,0.7367697762164975,0.9718021322693438,0.7195016884234605,0.757491635583593,0.004948814046639582,0.0010050606376116884,0.5737935779791071,0.9847366323371562,BARBUNYA
3315,90639,1168.3990000000001,405.8089767438823,286.5421368997858,1.4162279277124552,0.7081111028008327,92250,339.71334842076845,0.7805900995556168,0.9825365853658536,0.8343391377172799,0.837126253703282,0.004477200506888671,0.0013562824946577307,0.7007803646392916,0.9924647235946825,BARBUNYA
3316,90997,1245.1029999999998,425.1416049141939,272.953574835957,1.5575601278338294,0.7666796920647841,92766,340.3835760612806,0.7041258492347215,0.9809305133346269,0.7376092929560365,0.8006357696513378,0.004672039791577678,0.0011842032582125635,0.6410176356451901,0.9984235105192611,BARBUNYA
3317,91010,1196.528,428.46284083325946,271.0121313456262,1.5809729206801957,0.7745424730312773,92343,340.40788910709335,0.6992593275554736,0.9855646881734403,0.7988279398414383,0.7944863746995657,0.0047078655184403856,0.0011570433362885085,0.6312085995832586,0.9979237032416007,BARBUNYA
3318,91233,1271.386,440.8110544089143,264.47060496961217,1.6667676714376773,0.8000272683445693,93179,340.82468130231285,0.6840080971659919,0.9791154659311647,0.7092624538758576,0.773176348218686,0.004831706229203405,0.001065110154158542,0.5978016654447826,0.996396489894966,BARBUNYA
3319,91571,1179.1159999999998,408.1216526577317,286.5159999475529,1.424428837246223,0.7121416806157519,93026,341.45544123786283,0.7416877931040069,0.9843592114032637,0.82766531544898,0.8366511284423862,0.004456887580759539,0.0013470665346667677,0.6999851107239182,0.9970789773581394,BARBUNYA
3320,91582,1202.076,436.0937539171454,268.11215094051795,1.626534837706386,0.788679995687153,93036,341.4759493521259,0.7535380463401791,0.9843716410851713,0.7964456322111402,0.7830333415346366,0.004761784563747739,0.001104257923939338,0.613141213954899,0.9972955449312281,BARBUNYA
3321,91671,1251.8200000000002,446.63649584789323,262.1577748655573,1.7036934955560343,0.8096159046285618,93273,341.64183336561274,0.6855341679005699,0.9828246116239426,0.7351196998043622,0.7649214440415153,0.0048721678158620855,0.0010288909477922583,0.5851048155545571,0.9968392684788121,BARBUNYA
3322,91678,1214.3669999999997,435.5938923997088,268.66102743303526,1.6213512490503752,0.7871438135830052,93416,341.6548770063589,0.6846495649901049,0.9813950500984842,0.7812231074038798,0.7843426709317821,0.004751345932499714,0.0011092253470690336,0.6151934254444019,0.9974446287518598,BARBUNYA
3323,91870,1286.118,439.6443117651631,266.57931169915787,1.6492064180183414,0.7951961803875198,93731,342.01245149090613,0.7002286585365853,0.9801453094493817,0.6979462005851275,0.7779298909105249,0.0047855046453158055,0.0010811086466739677,0.6051749151720612,0.9980583541254685,BARBUNYA
3324,92041,1193.866,440.9058834183513,266.8912996045467,1.6520054571716738,0.7959785131562401,93687,342.33060181200443,0.684065403195838,0.9824308602047243,0.8114841176646798,0.7764255699150782,0.0047903204378304375,0.0010738500614557143,0.6028366656179539,0.9958894613840352,BARBUNYA
3325,92169,1153.4560000000001,398.91140701767426,295.71321425216377,1.348980660287674,0.671173308782116,93378,342.56855605658734,0.7817888799355358,0.987052624815267,0.8705479048772186,0.8587584862957038,0.004328043127490526,0.0014519628669289934,0.7374661377848885,0.9948275574888595,BARBUNYA
3326,92981,1209.112,442.6712769425613,268.7161202323752,1.6473566102389259,0.7946765430505569,94477,344.0742450533317,0.8084601339013999,0.9841654582596823,0.799228595142842,0.7772680609182081,0.004760878856353032,0.001071889909366186,0.6041456385235512,0.995243311168789,BARBUNYA
3327,93084,1338.893,405.8493976664991,293.8842225898655,1.3809839605880725,0.6896725591728965,96777,344.2647669775806,0.7285962522894848,0.9618401066369076,0.6525189963777853,0.8482574298668178,0.004360033922763301,0.0013924522787406766,0.7195406673242595,0.9936741205656403,BARBUNYA
3328,93262,1206.743,410.56139598606217,290.6016207555316,1.412798025415855,0.7063975930039151,94988,344.5937701425995,0.7297267691152076,0.9818292836989936,0.8047945229690605,0.8393233594575411,0.004402236666445735,0.0013476291315478461,0.7044637017310929,0.9952649267828318,BARBUNYA
3329,93336,1169.2930000000001,417.5269276367885,285.7076302428733,1.4613782882937316,0.7292141859001848,94432,344.7304543370097,0.8071255620892425,0.9883937648254829,0.8578519628868012,0.8256484349121901,0.00447337498539458,0.0012823179322816024,0.6816953380729492,0.9962147662908631,BARBUNYA
3330,93368,1170.4599999999998,442.9813402096897,269.0760699570991,1.6463052261775553,0.7943802612230018,94486,344.7895442336276,0.735053770213034,0.9881675592151218,0.8564357096222179,0.7783387536604093,0.004744466414721207,0.001074092682446842,0.6058112154496393,0.9973501700717181,BARBUNYA
3331,93548,1241.752,460.1698343674652,260.4665467136042,1.766713768710746,0.8243896927755336,95271,345.12173639295014,0.836086086086086,0.981914748454409,0.7623855121824146,0.7499877449971127,0.0049190772049372,0.0009600195328994686,0.5624816176458545,0.9937440185416243,BARBUNYA
3332,94187,1189.983,436.33240454207294,275.36241982693184,1.5845749932627422,0.7757144611532993,95403,346.29844498635964,0.7887565738786722,0.9872540695785248,0.8358326153525237,0.7936574074753784,0.004632618137769256,0.0011338055069180508,0.629892080440539,0.9981112391203217,BARBUNYA
3333,94287,1217.589,440.1625025507224,274.6010293572104,1.6029164332743415,0.7815338480059728,96147,346.482231801927,0.81100818001187,0.9806546226091297,0.7992087864794395,0.7871688973823933,0.004668326519570274,0.0011056373235246453,0.6196348730062128,0.9932229205715181,BARBUNYA
3334,94651,1199.819,424.7418673475465,284.92762805907955,1.4907008851366164,0.741615330553507,95964,347.1503941359247,0.7625519641648674,0.9863177858363553,0.8262350239207052,0.8173208737434583,0.00448745250813564,0.0012352361426743708,0.6680134106567701,0.9958081825491771,BARBUNYA
3335,95349,1276.178,483.6912556751365,252.01722737045205,1.919278537907791,0.8535389037768819,96842,348.42806625034245,0.692666448730522,0.9845831354164516,0.7357046475000931,0.7203522126196108,0.005072850849774371,0.000842580558658496,0.5189073102259689,0.9959276636801621,BARBUNYA
3336,95737,1284.9579999999999,431.620041396861,283.3158307181504,1.5234589620452494,0.7544121653712949,97477,349.13626894711217,0.7652837729816148,0.9821496352985832,0.7286379938570722,0.808897260231928,0.004508393216800829,0.0011906250297278394,0.6543147776107194,0.996821711949695,BARBUNYA
3337,95824,1306.5510000000002,451.44165012794997,272.13462953188713,1.658890861866783,0.7978829470320563,98004,349.2948698946239,0.7146191765293718,0.9777560099587772,0.705393456086453,0.7737320422154778,0.004711154305058753,0.0010415243349758678,0.5986612731509338,0.993113715383618,BARBUNYA
3338,96192,1220.012,448.8884279673727,273.8383004402171,1.639246326192313,0.7923733569136042,97341,349.96493865409536,0.8118701574922773,0.9881961352359232,0.8121207626468435,0.77962566386214,0.004666587948762607,0.0010634662833276661,0.6078161757524828,0.9963604331025185,BARBUNYA
3339,96319,1252.315,434.98046170682625,283.48272365261494,1.534416122796462,0.7584650688369545,98108,350.19588762483505,0.748730984196575,0.9817649936804338,0.7717820329824062,0.8050841783805559,0.004516040051358779,0.001170314848652447,0.6481605342786949,0.9945479739575981,BARBUNYA
3340,97054,1265.4379999999999,428.82189658756045,288.6922781657261,1.485394411351009,0.7394405430746518,99061,351.5295019976652,0.7743629023249876,0.9797397563117675,0.7616256461742277,0.8197564182123964,0.004418384575468919,0.0012307860900257223,0.6720005852004173,0.9981859136813072,BARBUNYA
3341,97060,1246.4689999999998,407.9240221625516,303.89830519645966,1.3423043669126187,0.6670784036293812,98830,351.5403678270746,0.7599436266833699,0.9820904583628453,0.7850316872347559,0.8617790292501849,0.00420280261861273,0.001429889389559454,0.7426630952553909,0.9968799159061533,BARBUNYA
3342,97746,1326.664,447.6472123032332,279.0098748211308,1.6044135089849898,0.781998177465884,99567,352.7804877536217,0.6959190066640086,0.9817108077977643,0.697889990166301,0.7880770349009805,0.004579698527850073,0.0010896608339448653,0.6210654129383212,0.9964457384815834,BARBUNYA
3343,98277,1289.679,436.3537019293638,287.6784697870411,1.5168104246813539,0.751899125846591,100632,353.7374206073448,0.7065560452359213,0.9765979012640115,0.7425034883108128,0.8106667115307462,0.0044400388893572635,0.001182866947008302,0.6571805171840742,0.9968182593622874,BARBUNYA
3344,100846,1297.77,469.2856552932172,274.4239103863258,1.7100756804775896,0.8111995443139277,102015,358.3310133498944,0.7920361280188494,0.9885409008479146,0.752442087799686,0.763566943306638,0.004653488044079261,0.0009757686010600483,0.5830344769106426,0.9970330798448624,BARBUNYA
3345,102015,1271.97,456.79189501158777,286.89442141684896,1.5921951105068122,0.7781619054237393,103901,360.40190365223884,0.8049727375306752,0.9818481054080327,0.7923556537606218,0.7889848913433464,0.0044776934275507305,0.0010703082312880595,0.6224971587680719,0.9911369324949069,BARBUNYA
3346,102379,1296.377,456.7220676976273,286.5575739620283,1.5938230540650358,0.7786792388137441,104111,361.0443066306977,0.7394121045789398,0.9833639096733294,0.7655227693250553,0.7905120688622538,0.004461091314601894,0.0010746199397475176,0.6249093310168804,0.9959948984750627,BARBUNYA
3347,105542,1265.623,466.1359798509625,288.99934162159894,1.6129309403801246,0.7846102280606252,107112,366.5791156495942,0.7478883219954648,0.9853424452909104,0.8279926212395606,0.7864209833508249,0.004416592255698798,0.0010420473194899444,0.6184579630544783,0.997529983935036,BARBUNYA
3348,115967,1359.763,449.4549693181101,331.3052698563166,1.3566188352905877,0.6757545340924417,118497,384.2574271036314,0.7427116690149865,0.9786492485041816,0.7881662739358287,0.8549408802546047,0.003875714378384455,0.001277249857468874,0.7309239087305185,0.9915851417480397,BARBUNYA
3349,114004,1279.3559999999998,451.3612557792678,323.7479960574839,1.3941746706568812,0.6967950943084995,115298,380.9913398726899,0.7489866041219098,0.9887769085326719,0.8752802579062288,0.8440940266680944,0.003959170342964,0.0012397875137779369,0.7124947258567577,0.9933420997661099,BOMBAY
3350,117034,1265.9260000000002,425.92378748920083,351.21510887864844,1.2127148767861398,0.5657218525827331,118019,386.0211352743979,0.7463189108184803,0.9916538862386565,0.9177095970112145,0.9063150418293681,0.003639316672840378,0.0015146642024813153,0.8214069550461693,0.9961324342800933,BOMBAY
3351,126503,1326.9589999999998,475.7724585889127,339.3818867713859,1.4018793492930341,0.70083018857685,128220,401.3335546993701,0.7713127248338516,0.9866089533614101,0.9028085848572034,0.8435409563001609,0.0037609579107919394,0.0011746349822989084,0.7115613449557899,0.9975231552486991,BOMBAY
3352,128118,1360.135,504.02496418808596,325.67844739043795,1.5476153495163227,0.7632058776988607,129274,403.88724168062,0.782247133384621,0.991057753299194,0.8702739456730508,0.8013238834930053,0.003934068313492921,0.0010005850463992944,0.6421199662563117,0.9937547160091713,BOMBAY
3353,129409,1348.888,484.3644240425226,341.17265927397045,1.4197046887440223,0.7098311875737857,130688,405.9170558681079,0.7993341404358354,0.99021333251714,0.893763393618021,0.8380406068643725,0.0037428959658333083,0.00113880081545489,0.7023120587536058,0.9970757227739616,BOMBAY
3354,129807,1356.314,493.24186401517875,336.4648369149118,1.4659536744991695,0.7312124560084206,131148,406.54077972995185,0.8063147563793575,0.9897749107878122,0.8867220083925235,0.824221967739221,0.0037998094402857995,0.0010817286242049708,0.6793418521039135,0.9958836843328032,BOMBAY
3355,130070,1362.228,486.7062301859641,343.11478303830853,1.4184939100441607,0.7092340777736926,131860,406.95241439719047,0.751536932606083,0.9864249962080995,0.8808204695362861,0.8361356176634502,0.003741879220311864,0.0011281748750605774,0.6991227711254393,0.9917013932146332,BOMBAY
3356,131249,1374.898,521.1492463878016,323.7902564005205,1.6095272667598524,0.783572436030554,132831,408.79263325914445,0.8149884503613919,0.9880901295631291,0.8724989374616893,0.7844060719507413,0.003970691177744604,0.0009272773696597789,0.6152928857131915,0.9903306765987353,BOMBAY
3357,131488,1368.233,485.89250090549723,345.6212635140756,1.4058524523787264,0.7028762017007943,132905,409.16466276810496,0.793367685568441,0.9893382491253151,0.8826242631535137,0.8420888612308193,0.0036953372239709875,0.0011462135296929467,0.7091136502090181,0.9969091641615784,BOMBAY
3358,132254,1358.1889999999999,497.76766836767126,339.63634182942565,1.4655901240912061,0.7310545608596165,133553,410.3547523173141,0.7271177867698804,0.9902735243686027,0.9009449649681948,0.8243901289591382,0.0037637248655441142,0.001072330757647386,0.6796190847252648,0.9960430187172526,BOMBAY
3359,132399,1335.884,486.8595672562704,346.5807118346411,1.4047509011077295,0.7023112752872483,133434,410.57964207129265,0.7899654536667442,0.9922433562660191,0.9323029798927752,0.8433225301191916,0.003677214837395074,0.0011472909788408001,0.7111928898066349,0.9990488528172804,BOMBAY
3360,132851,1369.46,511.97575052536484,333.40497318923224,1.5355972216850537,0.7588954931453396,134466,411.2798885887944,0.686341468454878,0.9879895289515566,0.8901762201759374,0.803319079403192,0.0038537591024935067,0.00098995773611271,0.6453215433331918,0.9909539690359602,BOMBAY
3361,132889,1373.51,499.64649301124314,339.90683953548296,1.469951277514923,0.7329387285375809,134325,411.33870454931787,0.7893614493614494,0.9893095105155406,0.8851874459115636,0.8232594650475448,0.0037598784926611167,0.0010653700973910563,0.6777561467903698,0.9962685138180958,BOMBAY
3362,133760,1369.7379999999998,481.26078234570275,354.6256634046364,1.3570951908141309,0.6760366641532302,135151,412.6845302452896,0.7445671535447097,0.9897078083033052,0.8959032569174575,0.8575070842752506,0.00359794245174718,0.0012000099358384806,0.7353183995822419,0.997897063790204,BOMBAY
3363,134012,1385.807,517.7649124085161,331.91602368551924,1.5599274378482049,0.7674945590819475,135500,413.0730902262318,0.7607056900231597,0.9890184501845019,0.8768959237393633,0.7978004695310783,0.003863571265323375,0.0009654856881836113,0.6364855891840089,0.9928713343631164,BOMBAY
3364,134251,1391.532,523.6290209318202,327.67552035411416,1.5980108015574124,0.7800012162560064,135409,413.4412680420767,0.7896838935096409,0.991448131217275,0.8712464018097753,0.7895690489162352,0.003900373337493353,0.0009350749105321329,0.6234192830064885,0.9962307481435458,BOMBAY
3365,135222,1371.6670000000001,495.10240981567415,348.78466864565985,1.4195073761073558,0.7097340189514822,136192,414.9337268988605,0.7724234842512938,0.9928777020676691,0.9031499003886914,0.8380765649137917,0.0036614042819635424,0.00111419764075542,0.7023723286577009,0.9970227013033064,BOMBAY
3366,135403,1381.9379999999999,523.2554269169152,332.1957763377854,1.5751417212025458,0.7726243105015305,137618,415.2113366416857,0.7878496951077596,0.983904721766048,0.8909657975385383,0.793515585854812,0.0038644300858689633,0.0009451202378933343,0.6296669849945054,0.9918147385286628,BOMBAY
3367,135898,1385.644,509.44331761247787,341.490063612574,1.4918247173084649,0.7420721310830022,137538,415.96959943055833,0.7547876121923043,0.9880760226264741,0.8894460242626047,0.816517922700435,0.0037487182858649713,0.001027839859195678,0.6667015180910335,0.9946018037552803,BOMBAY
3368,137075,1432.713,526.8980614634921,334.1175121300153,1.5769842715052302,0.7732332294088539,139517,417.76705302665073,0.6769971601432275,0.9824967566676462,0.8391695475552645,0.792880224053732,0.0038438669448367106,0.0009370838481785514,0.6286590496954965,0.9913854335092228,BOMBAY
3369,137115,1427.056,519.1997446148976,337.4746462803286,1.5384851879616939,0.7599427538890358,138970,417.8280031021877,0.7899740160973445,0.9866517953515147,0.8460826712273392,0.8047538686909417,0.003786600624402126,0.0009796739440946602,0.6476287891730376,0.996367299440285,BOMBAY
3370,137358,1364.645,507.9858904326199,345.2228516988957,1.4714723777199041,0.7335908289533251,138093,418.1980839096857,0.7980733475876174,0.9946774999456888,0.9268819953159733,0.8232474401080953,0.0036982621356791735,0.0010478497390043436,0.6777363476445317,0.9972703149357028,BOMBAY
3371,137518,1417.9439999999997,519.7799999097848,339.9302724401023,1.5290782906114166,0.756504272831811,139153,418.44157980880686,0.778239315465411,0.9882503431474707,0.8595106317378766,0.8050359380534714,0.0037797233810103756,0.0009792663997942824,0.6480828615576326,0.9909694341251003,BOMBAY
3372,137748,1389.6339999999998,499.3705440885303,353.30131422707024,1.4134409468049132,0.706720050844063,138869,418.7913571316619,0.809463366476271,0.9919276440386263,0.8963844275855574,0.8386384861687336,0.003625247147606719,0.0011061564030226375,0.7033145104833852,0.9940935275992702,BOMBAY
3373,137890,1410.302,522.1875738907914,338.3644715130991,1.5432695151345877,0.7616616395597081,139207,419.0071608260789,0.7822392157752616,0.9905392688586062,0.8712010537153962,0.8024073757712754,0.003786986539203651,0.0009683964138856793,0.6438575966921449,0.9936458010628072,BOMBAY
3374,138059,1459.686,540.6778226417067,334.1664759113832,1.6179894202944756,0.7861379939362987,143275,419.2638528499587,0.7673696029169816,0.9635944861280754,0.8142461279584371,0.7754411875106519,0.003916280884561722,0.0008734721347400093,0.6013090352879301,0.9729116574233483,BOMBAY
3375,138114,1368.7309999999998,483.71736484674835,364.51902251917824,1.3270017062588244,0.6573578884969631,139491,419.34735778534747,0.793950263856793,0.9901283953803471,0.9264273336746671,0.8669264083959553,0.003502305087440436,0.0012202889212428718,0.7515613975743108,0.9973232569393772,BOMBAY
3376,138244,1395.6989999999998,510.6812514630476,346.64539184650937,1.4732094049851712,0.7343323244041862,139249,419.54466701695526,0.7973652639350314,0.9927827129817809,0.8918105808296853,0.821539200460178,0.00369405725719053,0.001037998078093335,0.6749266578927485,0.9943083000828061,BOMBAY
3377,138265,1396.139,512.8063506602302,345.1812988833499,1.4856145229163396,0.7395313441637195,139739,419.576531341789,0.7548369838184875,0.9894517636450811,0.8913839379203796,0.818196831614099,0.0037088659506037697,0.0010253026344556114,0.6694460552633504,0.9945387820082877,BOMBAY
3378,138659,1415.4389999999999,509.82752074251476,347.5854183385508,1.4667690122890567,0.7315660184012217,139826,420.173918792484,0.7107328299836488,0.991653912720095,0.8697123005325534,0.8241491518161693,0.0036768440616369276,0.0010463530346050494,0.6792218244393112,0.9962615245580196,BOMBAY
3379,138777,1403.006,502.61346399732065,353.81141168706904,1.4205688324204213,0.7102561108107087,140144,420.3526665785667,0.8237001424501424,0.9902457472314191,0.8859481433452536,0.8363338762067216,0.003621734610182672,0.0010929873614163267,0.69945435249096,0.993623052849465,BOMBAY
3380,138976,1404.3769999999997,509.41007676631807,351.6482863705992,1.448635174719592,0.7235185597915128,140912,420.6539420582124,0.7383935307681682,0.9862609288066311,0.8854871337287343,0.8257668256750625,0.0036654535802319687,0.0010513255350776023,0.6818908503854694,0.9878110711878456,BOMBAY
3381,139523,1410.901,501.72152896971613,354.9685707483852,1.4134252165253098,0.7067121683129147,140892,421.48096161046715,0.7322197031719042,0.9902833375919143,0.8807701492914963,0.8400695152069261,0.0035959772150091105,0.001104733680018442,0.7057167903799999,0.9974779072483981,BOMBAY
3382,139639,1379.1829999999998,473.78059792446135,376.55024111310007,1.2582135029948296,0.606900692502982,140541,421.65613571638363,0.7839162409476226,0.993581944059029,0.9225136551891111,0.8899818556597197,0.0033928959525953446,0.0013130308042684827,0.7920677034035184,0.9965902797084105,BOMBAY
3383,139686,1402.2930000000001,508.6819485108108,350.9469320143291,1.449455464936338,0.723891088912985,141092,421.7270907184834,0.7654027397260273,0.9900348708644006,0.8926582292246344,0.829058495103096,0.00364161010058854,0.0010612407128394378,0.6873379883026104,0.9962658034035674,BOMBAY
3384,139841,1430.241,524.8024562900072,341.3400849100567,1.5374767848560562,0.7595779119516652,141672,421.96100670003847,0.7802756388795893,0.9870757806764922,0.8590648267224755,0.8040377891578726,0.003752851140152081,0.0009674910224206246,0.6464767663938796,0.9939430202794016,BOMBAY
3385,140313,1432.029,517.4259023055909,347.25430444360313,1.4900489228913933,0.7413497263285365,141966,422.6725212743607,0.7212404391808537,0.9883563670174549,0.8598132795859827,0.8168754586714351,0.0036876547597556237,0.0010128693124783453,0.6672855149796674,0.9942880628564822,BOMBAY
3386,140867,1414.3359999999998,500.30777555712854,360.1775879144642,1.389058598715317,0.6940653171641782,142672,423.5061215002779,0.8137615102884938,0.9873486037905125,0.8849402280201298,0.8464911844087842,0.003551632217319376,0.0011248574992403,0.7165473252817863,0.9953262235691266,BOMBAY
3387,140964,1425.6000000000001,538.2389592390726,334.91057884588076,1.6071124450409182,0.7828313057195345,142173,423.6519080377751,0.8151977793199168,0.9914962756641557,0.8716110058147717,0.7871074747853755,0.0038182724613310677,0.000904029962733863,0.6195381768630106,0.9956675142145057,BOMBAY
3388,141385,1429.427,525.900923981084,344.3551184304276,1.5272051897417502,0.7558101145834909,143530,424.2840711508988,0.7191651915603573,0.9850553891172578,0.8695393454470731,0.8067756716209149,0.0037196373305589986,0.0009720565580944502,0.6508869843193785,0.9940379803879121,BOMBAY
3389,141519,1442.904,523.100668094997,347.09579257032027,1.507078677679502,0.748144918992995,143783,424.4850846983619,0.7806006784522463,0.984254049505157,0.8541806724276235,0.8114787661125179,0.0036963281827528246,0.0009886872350274346,0.6584977878514945,0.9924079753701076,BOMBAY
3390,141850,1432.847,524.9234706596247,346.91092007813637,1.513136198022806,0.7504924334648327,143680,424.98121066781624,0.8046172608412037,0.9872633630289532,0.8682395535744248,0.8096060367309925,0.0037005531946395823,0.00098071171984797,0.6554619347112653,0.9918031798376765,BOMBAY
3391,141953,1402.0499999999997,524.2311633301414,346.3974997887093,1.5133803322769495,0.7505863011447866,143704,425.1354761647051,0.7147107987271921,0.9878152313088014,0.9074598849389858,0.8109694842711411,0.003692991083880872,0.0009853172184733814,0.6576715044190006,0.9953071198867084,BOMBAY
3392,142154,1378.1129999999998,501.72937442842505,361.66975262330084,1.3872583227909692,0.6930949733242441,143074,425.43635745230137,0.7951247888489893,0.9935697611026462,0.94058768780021,0.8479399037318924,0.0035294777102890178,0.0011255129600932056,0.719002080340851,0.9974416200568668,BOMBAY
3393,142238,1425.3619999999999,516.4426266783904,351.4148645306869,1.4696095094557182,0.7327918528267954,143764,425.5620358585104,0.7674643213640165,0.9893853815976184,0.8797821542168259,0.824025775323006,0.0036308344231386156,0.0010326410685262636,0.6790184783966812,0.9978920129479146,BOMBAY
3394,142399,1430.2749999999999,524.5884123459219,347.2617724446897,1.5106425583584095,0.7495303641204353,143783,425.8028157853614,0.7961923399496785,0.9903743836197604,0.874737425779617,0.8116893277935775,0.003683933260387516,0.0009863949946890588,0.6588395648539898,0.9952710857987724,BOMBAY
3395,142592,1408.745,519.7756355353764,351.2923849138061,1.4796097434987376,0.7370356301604633,144325,426.0912732770718,0.804164293327769,0.9879923783128356,0.9029012395390229,0.8197599967112573,0.0036451949305387147,0.0010154239584773844,0.6720064522080406,0.9943072943810358,BOMBAY
3396,143603,1405.2069999999999,516.0199143520155,356.29380306876277,1.448298875555875,0.7233655933385414,145400,427.5991327664306,0.7736938800799539,0.9876409903713893,0.9138875643394095,0.8286485092409313,0.00359337837198398,0.0010451151078447233,0.6866583518672178,0.9944865189003418,BOMBAY
3397,144058,1463.258,536.887519610584,343.96283911771536,1.5608881499749556,0.7678239491748636,145734,428.276011860877,0.7488005821659692,0.9884995951528126,0.8454840726034955,0.7977015598565501,0.0037268844466158356,0.0009308666161429984,0.6363277785975732,0.993236489112839,BOMBAY
3398,144079,1462.012,534.5994627253992,346.3307358481321,1.543609640698549,0.7617830828941006,146415,428.3072266094719,0.6931207004377736,0.9840453505446847,0.8470492749093415,0.8011740685745412,0.0037104606689760426,0.0009430074671411617,0.6418798881562836,0.9908119835285457,BOMBAY
3399,144083,1416.8939999999998,508.2398866344697,362.8229776223837,1.4007929981861071,0.7002666739697555,145241,428.31317201794815,0.7970338654895063,0.9920270447050076,0.9018781889390698,0.8427382094195894,0.0035274104969668157,0.0010975049966043206,0.7102076896157359,0.994853958871655,BOMBAY
3400,144404,1444.937,526.1935719958257,350.853832101866,1.4997515314099576,0.7452571893761556,145991,428.7900222928892,0.7635252315891883,0.989129466884945,0.8691430531827858,0.8148902706403468,0.003643898867038487,0.000991157355160974,0.6640461531842978,0.995904235165042,BOMBAY
3401,144458,1440.778,524.9804748358645,351.9433714342057,1.4916617769970058,0.7420059826533946,146010,428.87018799789774,0.7618369564070921,0.9893705910554071,0.8744949886380838,0.8169259783080205,0.0036341391604193915,0.000998417406119178,0.6673680540345164,0.9954874173921604,BOMBAY
3402,144704,1442.9969999999998,545.1107485769413,338.9575732648545,1.6081975786125982,0.7831648427275126,145929,429.2351978593519,0.7597087251211457,0.9916055067875473,0.8732921251663899,0.7874275071256758,0.0037670745008910695,0.0008933595812041545,0.6200420789781561,0.9971501700505921,BOMBAY
3403,145163,1449.277,535.8624458165621,346.38394387390065,1.5470187209706237,0.7629948281221776,146814,429.91542427829967,0.7046131891388131,0.988754478455733,0.8684863537917775,0.8022869070871026,0.003691453371841048,0.0009434002108398688,0.6436642812833893,0.9957606931655045,BOMBAY
3404,145285,1440.991,524.9567462628878,353.0769976646137,1.4868052853489535,0.7400216694328736,146709,430.0960442236688,0.7860466374506303,0.9902937106789631,0.8792413513045022,0.8192980608125862,0.0036132893709804026,0.0010042693630172201,0.6712493124512643,0.9980170255393909,BOMBAY
3405,145339,1465.758,543.2584514086767,342.46875483305183,1.586300775594862,0.7762725206496314,147256,430.1759665442315,0.6959580142985065,0.9869818547291791,0.8500950460435313,0.7918440392943346,0.003737871124809423,0.0009064893242790248,0.6270169825659676,0.9946375257555443,BOMBAY
3406,145886,1438.541,539.4266471843797,345.67497700469846,1.5605024461375685,0.767691796691554,147342,430.9847146050936,0.757656492633044,0.9901182283395095,0.8858883534253092,0.7989681578666619,0.00369759022239543,0.0009294294457587236,0.638350117284847,0.9961469195152075,BOMBAY
3407,146007,1466.009,530.0595388803282,353.3292621981646,1.5001857915267842,0.7454298315643596,147648,431.1634100989402,0.770383854372774,0.9888857282184655,0.8537098035355708,0.8134244900293817,0.0036303707279810435,0.0009803918997886901,0.6616594009795599,0.9926120321796587,BOMBAY
3408,146015,1454.6539999999998,540.1550174511497,346.0038751438752,1.5611241845963217,0.7679047614530211,147529,431.17522206697447,0.8068999436333293,0.9897376109103972,0.8671374156770849,0.7982434822166008,0.0036993118340660183,0.000926493184904774,0.6371926569012849,0.994736866935782,BOMBAY
3409,146153,1476.3829999999998,526.1933263932928,356.52828795597384,1.4758810006634597,0.7354662103148757,149267,431.3789276050445,0.7319360977564102,0.9791380546269437,0.8425962592026347,0.8198107158862348,0.0036002909717439448,0.0010031635118937547,0.6720896098819007,0.9919242859680139,BOMBAY
3410,146154,1460.105,540.33833521516,346.7667544893402,1.5582183938332828,0.766906737853218,148196,431.38040338107965,0.7357139980670103,0.9862209506329456,0.8614942705618887,0.7983523938002773,0.0036970478756322782,0.0009264316095738944,0.6373665446866329,0.9931562735446745,BOMBAY
3411,146328,1476.3899999999999,542.2816356844996,346.05045990291023,1.567059427797452,0.7699220939205282,149274,431.6371115902882,0.7647938117388805,0.9802644800836047,0.843597163653804,0.795964833006839,0.003705932122932724,0.0009175986051164105,0.6335600153836048,0.9928261951823768,BOMBAY
3412,146521,1478.2099999999998,528.247207981244,357.82351961327873,1.4762786095004383,0.7356342895956534,150261,431.9216726839957,0.7551071943929086,0.975109975309628,0.8426310652613703,0.8176506494651111,0.003605266193796411,0.0009940042543019041,0.6685525845707181,0.9869698799279839,BOMBAY
3413,146618,1460.1019999999999,551.0396700998214,340.38020188241467,1.6188945980183056,0.7864095557539135,148342,432.06461966930374,0.8156319537160659,0.9883782071159888,0.8642328366656796,0.7840898634231449,0.003758335743904714,0.0008762715159328085,0.614796913922926,0.99529140282815,BOMBAY
3414,146862,1422.934,534.4641251022721,352.756695637686,1.5151069610063945,0.7512485478142091,148492,432.42398871812776,0.8194143772178454,0.9890229776688306,0.9114855518369783,0.8090795404375953,0.00363922679183364,0.0009619527937208475,0.6546097027547104,0.9918037173859885,BOMBAY
3415,146976,1463.4689999999998,540.3445698808451,347.64288347577246,1.5543093086745214,0.7655532085091443,148762,432.59178832589424,0.7983660698765861,0.9879942458423522,0.8623612491874622,0.8005850570891975,0.0036764136313469217,0.0009316098021343365,0.6409364336345134,0.9962134650667741,BOMBAY
3416,147030,1444.299,532.8676944271357,352.306904470876,1.5125099385362344,0.750251380002337,148198,432.6712496369628,0.8243209149777142,0.9921186520735772,0.8857305007097416,0.8119674999290584,0.0036242106673953322,0.0009717348593027966,0.6592912209410454,0.9971845240630196,BOMBAY
3417,147044,1438.4370000000001,527.341687812202,356.5589039071303,1.4789749520588442,0.7367695215084736,148317,432.69184833555306,0.8088451277537886,0.9914170324372796,0.8930493958324733,0.820515158076492,0.0035862849746484183,0.0010026999507605355,0.6732451246332907,0.9957126759283719,BOMBAY
3418,147218,1459.1289999999997,531.2387000153717,353.5033197997546,1.50278277532527,0.7464583243448092,148914,432.94777894894116,0.7447326220792294,0.9886108760761245,0.8689272142350474,0.8149778601152619,0.003608517300977949,0.0009819554787595776,0.6641889124780512,0.9981316572340387,BOMBAY
3419,147288,1469.066,560.87308753997,336.8898227697996,1.6648561328705396,0.7995102082227963,149204,433.0506968761886,0.7742138959851137,0.9871585212192703,0.8576194342912958,0.7721010447757092,0.003808002604013701,0.0008347829301553364,0.5961400233437417,0.9924873739134151,BOMBAY
3420,147827,1452.182,541.378520394323,349.7474326395277,1.547912778968996,0.7633109765805041,148921,433.8423471487827,0.7838039893532412,0.9926538231679884,0.8808896936885086,0.8013660143604989,0.003662243841749633,0.0009316455223012603,0.6421874889720315,0.9940502206738185,BOMBAY
3421,147930,1439.8439999999998,519.3579714408863,364.7947756720927,1.4236990386828554,0.7117867394002068,149429,433.99346291467646,0.7600341149633162,0.9899684800139197,0.8966753672210871,0.8356345464586248,0.0035108360132555015,0.0010559803863295313,0.6982850952351114,0.9941478188127945,BOMBAY
3422,148325,1454.9309999999998,549.7336941197211,344.9498496953945,1.5936626573548576,0.7786283530496033,149846,434.57249737281234,0.7788869517728113,0.989849578901005,0.8805204080610298,0.7905145746408825,0.003706278065866989,0.0008928063854091897,0.6249132927196555,0.9959009786919801,BOMBAY
3423,148827,1503.932,532.8745984606718,364.54030180666456,1.4617714305379712,0.7293868412407692,153846,435.3072727675246,0.749169418492268,0.9673764673764674,0.826866107976687,0.8169037781590783,0.00358049680811057,0.0009835731672682424,0.6673317827705767,0.9754865347440006,BOMBAY
3424,148931,1403.498,496.12687545949296,382.82699391987364,1.295955832109721,0.6360701504259656,149919,435.4593421169794,0.8239612724757953,0.9934097746116236,0.9501044964310524,0.8777177041934572,0.0033312532344474486,0.0012195703144877246,0.7703883682546332,0.9983892988290833,BOMBAY
3425,149231,1447.234,537.385706461403,354.9290902436387,1.5140649815221348,0.7508492386561202,150684,435.8977064637678,0.7468458323949654,0.9903573040269703,0.8953470343739671,0.8111449583095222,0.003601032670567127,0.0009616138657987188,0.6579561433909563,0.9961883560856034,BOMBAY
3426,149264,1501.818,581.235919559012,329.48387230096677,1.7640800306853337,0.8238088394886418,151608,435.9458996313067,0.8077056277056277,0.9845390744551739,0.8316303479212103,0.7500326200797467,0.0038940127529679762,0.0007601472698178792,0.5625489311836898,0.9923813357845249,BOMBAY
3427,149462,1505.8179999999998,564.9686078542684,341.4807662329075,1.6544668506129878,0.7966625648470164,152402,436.23494682935126,0.7981352529049898,0.9807089145811735,0.8283153029856171,0.7721401521513855,0.003780015039637288,0.0008288154494000381,0.5962004145643647,0.9863938222184623,BOMBAY
3428,149824,1454.2489999999998,532.7822257595459,359.6708209829127,1.481305112000891,0.7377441947310273,151188,436.76291228812113,0.8232087912087912,0.9909781199566103,0.8902535292626466,0.8197775585802669,0.003556053941688554,0.000990677282528129,0.672035245551823,0.9954892446806896,BOMBAY
3429,149941,1485.1409999999998,563.717847122982,342.71126908883014,1.6448768919147136,0.7939766658720926,152636,436.9334166404934,0.7108229828387219,0.9823436148746036,0.8542694812879497,0.7750923957267775,0.003759597755937215,0.00083701848456016,0.6007682219134756,0.9881897656221666,BOMBAY
3430,150168,1474.752,548.376346627134,351.43240877055155,1.560403460072364,0.7676578619362113,151809,437.26403459899365,0.8229465792761788,0.9891903642076557,0.8676593938133084,0.797379458994626,0.003651752348217556,0.0009106285349674769,0.6358140016265624,0.9921263681005438,BOMBAY
3431,150169,1496.077,562.8234367777799,342.7948749161875,1.6418665445782665,0.7931219219903101,151971,437.2654905127257,0.779026275516821,0.9881424745510656,0.8431061554610899,0.7769141473853933,0.0037479335733592144,0.0008422941170072084,0.6035955924075729,0.9910234096288935,BOMBAY
3432,150467,1474.0739999999998,525.8869355740514,366.7114136215854,1.4340620881702948,0.716760063133614,152958,437.699137053828,0.7872000920781409,0.9837144837144837,0.8701869259141153,0.8323065424244495,0.0034950317051184077,0.0010345800900008187,0.692734180562542,0.9934238255244571,BOMBAY
3433,150648,1489.751,511.9428365730987,379.28453141514245,1.3497593341415663,0.6716453448088454,153091,437.9623167982181,0.7814260371603747,0.9840421709963355,0.8529937776985006,0.8554906632347865,0.0033982717100333143,0.0011227910936231471,0.731864274881895,0.9878406363465868,BOMBAY
3434,150664,1500.495,582.4382025023448,332.04517800383996,1.7540932411781902,0.8215786950046641,152581,437.9855736984708,0.7788185182887745,0.9874361814380559,0.8409114234371934,0.7519863426141034,0.003865808703488191,0.0007625352674286079,0.5654834594781357,0.9919107142686586,BOMBAY
3435,150738,1465.681,532.7870629715128,361.85079096911306,1.4723943577533607,0.7339848202679099,152131,438.093120802289,0.7297893972403776,0.990843417843832,0.8817667062755445,0.822266813985521,0.0035345238955771787,0.0009966937529596813,0.6761227133818993,0.9955192683324013,BOMBAY
3436,151012,1488.97,557.4054505619001,349.6737795082437,1.5940727707573483,0.7787584241063873,153816,438.49110610084944,0.7390376634562681,0.9817704270036928,0.8559520338312401,0.7866645467115948,0.0036911334898014738,0.0008719625364177514,0.618841109052959,0.9864777613666007,BOMBAY
3437,151014,1456.7669999999998,532.7407510810539,362.55235825967935,1.4694174205301307,0.7327092441873482,152434,438.494009775089,0.8102696177062374,0.990684492960888,0.8942251607692554,0.8230907977009146,0.003527757367403379,0.0009987791212426357,0.6774784612599279,0.9954986530092854,BOMBAY
3438,151091,1464.044,536.3541839762657,361.57219682187,1.4833944332298945,0.7386131393236643,153478,438.605786616616,0.7611598934010408,0.9844472823466556,0.8858092303650305,0.8177540135233191,0.0035498751346954203,0.000979227445357905,0.6687216266334968,0.9919779383285688,BOMBAY
3439,151590,1499.4810000000002,569.2305201653388,341.2910880650289,1.6678739646927987,0.800325550380278,153708,439.32946928973854,0.7911754114018194,0.9862206261222578,0.8472244540873308,0.7717953513141403,0.0037550664302746805,0.0008218754742240304,0.5956680643101174,0.9934992560618003,BOMBAY
3440,151876,1469.108,541.2123600655569,359.47836178329413,1.5055492001819522,0.747546528319113,153869,439.74370842139126,0.7254714637827923,0.9870474234576165,0.8842835928874397,0.8125160119553168,0.0035635147097998164,0.0009580452709069453,0.6601822696837724,0.9939368880967095,BOMBAY
3441,152063,1455.551,524.784869022384,371.2474870160786,1.4135715051982447,0.7067854608383146,153860,440.01434623323706,0.7644506781688937,0.9883205511503964,0.9019419034887932,0.8384661452852766,0.00345110164222976,0.0010521547988240054,0.7030254767895506,0.9937767814181189,BOMBAY
3442,152089,1489.9759999999999,553.2596943752831,353.38884615118184,1.56558335216555,0.7694230254151657,154964,440.05196183999243,0.8007887365472505,0.9814473038899357,0.8608928926314486,0.7953804810178339,0.003637736419959912,0.0008980710708347672,0.632630109584161,0.9904351676436297,BOMBAY
3443,152533,1504.6480000000001,548.8942349168655,354.89181100606834,1.546652297670176,0.7628650605935452,154915,440.69382509525656,0.7749085551717131,0.9846238259690798,0.846649880905755,0.8028756672257694,0.003598527760660745,0.0009223543575449771,0.6446093370232244,0.9969865122066188,BOMBAY
3444,152816,1455.529,537.1508880452153,365.6273940985954,1.4691210142212887,0.7325816915492961,154914,441.1024532557585,0.8116422349691949,0.9864570019494687,0.9064356255634314,0.8211890980223572,0.0035150173283243595,0.000986006853257792,0.6743515347107725,0.9907040106159728,BOMBAY
3445,152869,1475.473,537.2074019542575,365.4009172262565,1.4701862437351747,0.7330396294112352,154271,441.178938713216,0.7610989131354772,0.9909120962462161,0.8824025517388626,0.8212450854330964,0.0035141683529967328,0.000986037565208006,0.6744434903480138,0.9915575416863869,BOMBAY
3446,152884,1469.5759999999998,523.1943400845793,374.4005792238395,1.397418618232911,0.6985049951413922,154335,441.2005831334435,0.7761278892087135,0.990598373667671,0.8895857129186093,0.8432824083343855,0.003422165433168803,0.0010675123928238566,0.7111252202062412,0.9937396226111803,BOMBAY
3447,152952,1477.762,522.9554345528257,375.90392064140383,1.3911944138824313,0.6952098886345877,155498,441.2986911903689,0.7857352011959252,0.9836267990585088,0.8801486655808521,0.8438552542583657,0.0034190820293479376,0.0010694515605987364,0.7120916901394512,0.9906579814941037,BOMBAY
3448,153075,1456.6170000000002,522.3663458095895,374.79449892062695,1.3937406960719958,0.6965651185086771,154335,441.47609596708065,0.8014062238230859,0.9918359412965303,0.9066160091833546,0.845146513569627,0.003412486335519121,0.0010739367415132978,0.7142726293988958,0.9955108316835917,BOMBAY
3449,153237,1527.8529999999998,573.8191367471188,342.7355750432304,1.6742327862368562,0.8020264586072323,155159,441.7096423178716,0.6621482646570797,0.9876127069651132,0.8249172065653442,0.7697715430367955,0.0037446513358204534,0.0008110330600027635,0.5925482284692493,0.9920636715297845,BOMBAY
3450,153261,1457.451,542.0882388913515,362.1338272028383,1.4969279260059767,0.7441300015970114,154519,441.74423127603575,0.8364770606149916,0.9918586063849754,0.9066790770193002,0.814893590348808,0.003537026633594662,0.0009621032906241576,0.664051563591571,0.9940373298481563,BOMBAY
3451,153287,1484.785,534.7542053848566,368.3810922213357,1.4516331502257407,0.7248760838731798,155347,441.7816995913467,0.7897076854914326,0.9867393641331986,0.8737517242628887,0.826139738860775,0.00348858158477142,0.0010024037872609119,0.6825068681249495,0.9907495950269246,BOMBAY
3452,153644,1506.502,559.4930681285684,354.490224650835,1.5783032343971028,0.773667513029982,157005,442.2958473819185,0.7639571192744485,0.9785930384382663,0.8507188267755527,0.7905296286535607,0.003641489860512408,0.0008772663570878842,0.6249370937791364,0.9863402364063366,BOMBAY
3453,153885,1491.3509999999999,573.3714138668219,343.84452453573283,1.667531029150462,0.8002331624673555,156047,442.642595489375,0.779038333029585,0.9861451998436368,0.8694536066986048,0.7719997627788757,0.0037259733818554236,0.0008163721455700361,0.5959836337306404,0.9938212021116868,BOMBAY
3454,153971,1476.9099999999999,543.4833657389465,362.892462816762,1.497643024934832,0.7444162347988079,155410,442.7662655876323,0.8152954943792262,0.9907406215816228,0.8870349510781691,0.8146822764034841,0.0035297774628920155,0.000959135932754753,0.6637072114859628,0.9939964758808998,BOMBAY
3455,154029,1525.752,567.6990173497522,350.4823129227983,1.619765096319713,0.7866701958836534,157183,442.84965150264304,0.7844614209320092,0.9799342168046162,0.8314659409318753,0.7800782421115394,0.003685663202057744,0.0008418758826445693,0.6085220638158294,0.9856627993093177,BOMBAY
3456,154160,1479.127,540.3809223371894,365.06101470575163,1.4802482340458898,0.7373028475249852,155782,443.0379309002477,0.8132860639824429,0.9895880140195915,0.8854634438679105,0.819862272309826,0.0035053251319226092,0.00097694851461526,0.6721741455570313,0.9949845919321005,BOMBAY
3457,154364,1481.35,556.1528851778938,353.8528241865262,1.5717067864483945,0.7714821299337535,155283,443.3309701379982,0.8130583178830272,0.9940817732784658,0.8839761020656679,0.7971386680771999,0.003602866505000478,0.0008973532500929432,0.6354300561438924,0.9987097315546398,BOMBAY
3458,154568,1481.09,526.7970164088235,375.0376976795712,1.4046508382176401,0.7022598700056052,156202,443.6238158063931,0.7593837204732147,0.9895391864380738,0.8854551172027488,0.8421152777792434,0.0034081893820766492,0.0010572791496637243,0.7091581410692124,0.9961195772817327,BOMBAY
3459,154706,1468.3790000000001,532.9548716010156,371.06967799430106,1.4362662950034975,0.717799646814194,156085,443.821807719943,0.7712317294462502,0.9911650703142518,0.9016556153779528,0.8327568268335485,0.0034449528240728584,0.0010219645903662537,0.6934839326378807,0.9960275985742639,BOMBAY
3460,154721,1475.51,538.8861414756187,367.7969601771632,1.465172907399898,0.7308731707278436,155903,443.843323258297,0.8038957934990439,0.9924183626998839,0.8930480228863165,0.8236309845395758,0.0034829541010956413,0.000988685622574478,0.678367998693631,0.9939264129329974,BOMBAY
3461,154727,1478.0799999999997,550.008240163874,358.91152466222866,1.532434046751456,0.7577399569093959,156062,443.8519291816106,0.7681809154999504,0.9914457074752342,0.8899796738995566,0.8069914171637969,0.0035547011198037446,0.0009299476832139986,0.6512351473760334,0.9979749122802355,BOMBAY
3462,154772,1499.695,571.5532442773913,347.1984700542708,1.6461859529163578,0.7943466069683065,156330,443.91646828851776,0.7068247415147418,0.9900339026418473,0.8647615507111357,0.776684364463291,0.003692872381809315,0.0008289385019616397,0.6032386020017463,0.9930429128721762,BOMBAY
3463,154875,1532.26,580.3288416240446,343.3166650501213,1.6903602437688876,0.8062390610225981,157383,444.0641558275767,0.8081474833282892,0.9840643525666686,0.8289460275219854,0.7651940141125289,0.0037470788805426605,0.0007924262514545921,0.5855218792336451,0.9897429065134014,BOMBAY
3464,155088,1485.027,526.9150883851729,375.68793692210426,1.4025339559795988,0.7011688975325584,156676,444.3694122167804,0.7191686490547139,0.9898644336082105,0.8837295146416884,0.8433415971795973,0.0033975232666948628,0.0010601230824073267,0.7112250495334344,0.9975172823139138,BOMBAY
3465,155247,1508.4529999999997,569.6478553057765,350.82705121301,1.6237284249779989,0.787850499911988,157360,444.5971430424399,0.7996240020602626,0.9865721911540417,0.8573724307926489,0.7804771647982214,0.0036693002460967137,0.0008398540420628278,0.6091446047714703,0.9890854096894249,BOMBAY
3466,155333,1491.9329999999998,564.3184251981274,352.08192752118754,1.6028042937937164,0.7814990035761477,156942,444.7202696104002,0.7419775495581562,0.9897478049215633,0.8769502447423593,0.7880661870189027,0.003632959031230501,0.0008643527914351702,0.6210483151225121,0.9954189061317156,BOMBAY
3467,155439,1530.1049999999998,571.8984250148426,351.391485338507,1.6275249938509866,0.7889714269208579,158204,444.87198337734077,0.6553243336677994,0.9825225658011175,0.8343098846431601,0.7778863586934951,0.0036792466820736273,0.0008310043402350639,0.605107187041425,0.984827070868783,BOMBAY
3468,155524,1523.8249999999998,559.7562846749181,360.26295060604804,1.5537436856420423,0.7653563145793639,159126,444.9936032746892,0.8175061237791865,0.9773638500307932,0.8416607850569732,0.7949774133096549,0.0035991633746233257,0.0008867485409895557,0.6319890876725097,0.981949054365837,BOMBAY
3469,155913,1510.721,574.9772164529589,347.1721052697454,1.656173430195994,0.7971347123464566,157587,445.54976954128637,0.7727723312086757,0.9893772963505872,0.8584671075307673,0.7748998687111257,0.0036878080497005313,0.0008202201230380484,0.6004698065285199,0.9944821392074638,BOMBAY
3470,155917,1507.244,553.8696768273725,361.7394028172354,1.5311289633195106,0.7572605931753723,158297,445.55548486857657,0.7876584996211164,0.9849649709091138,0.862454527785592,0.8044410147541715,0.0035523366716097185,0.0009176365482209469,0.6471253462187212,0.9908323604936501,BOMBAY
3471,156041,1480.302,540.3492308651744,370.242782517474,1.4594456836972158,0.7283628210626057,157801,445.7326236658245,0.8030766222002635,0.9888467119980229,0.8948452498885927,0.8248973038272758,0.0034628670084476156,0.0009890428597518557,0.6804555618615088,0.9930879327065428,BOMBAY
3472,156138,1492.5970000000002,544.8096146431559,365.6894891018473,1.4898148043063448,0.7412542399307472,157649,445.8711428606462,0.7699568021776436,0.9904154165265876,0.8807108513083616,0.8183980804976922,0.003489282651520808,0.0009655490086348507,0.6697754181623073,0.9978413335386782,BOMBAY
3473,156182,1527.693,552.8045062337145,360.9709714849413,1.5314375667373463,0.7573740828189309,157988,445.9339621242446,0.7938295763551806,0.9885687520571182,0.8409470794110933,0.8066757001718665,0.003539489225606757,0.0009245198841651114,0.650725685247771,0.9965457600293388,BOMBAY
3474,156208,1462.0,518.8727298659343,385.17032677896015,1.3471253982753004,0.6700439925197802,157666,445.971078438939,0.8107962213225371,0.9907526036050892,0.9183714852542653,0.859499936630257,0.003321678338279309,0.0011182032059619575,0.738740141067416,0.9951756067573944,BOMBAY
3475,156250,1509.428,568.1211215528,352.35722724804333,1.612344171254557,0.7844318865795106,157716,446.0310290381928,0.7916202249468032,0.9907048111795886,0.8617972148187041,0.7850984800901115,0.00363597517793792,0.0008521130544875203,0.6163796234398033,0.9938160931332456,BOMBAY
3476,156343,1506.7519999999997,555.7075541223268,359.74750958996754,1.5447154999230162,0.7621772471389748,158163,446.16374812677185,0.7463777456330054,0.9884928839235472,0.8653758117616361,0.8028750820769996,0.003554412759908194,0.0009110443932041861,0.6446083974201491,0.99573658287544,BOMBAY
3477,156513,1500.447,569.2031874079067,352.8267399181852,1.6132654445065466,0.7847117914071424,157878,446.4062509252469,0.7912329570444216,0.9913540835328545,0.8736127443197226,0.7842651987915519,0.0036367789730431766,0.0008486887510521126,0.6150719020355524,0.9922742454408725,BOMBAY
3478,156593,1478.855,555.821985418761,360.0328102988488,1.5438092571546338,0.7618543104480477,157868,446.52032431762086,0.8025882835323663,0.9919236324017534,0.8997689878782074,0.8033513175647572,0.003549468912523299,0.0009119377224967037,0.6453733394330314,0.9963333357375136,BOMBAY
3479,156645,1504.799,569.8488459998331,352.32023455883,1.6174173098896494,0.7859660717554771,158624,446.5944563975683,0.7760657930590305,0.9875239560217873,0.8692994667326377,0.7837068716248644,0.0036378361645748865,0.0008465205738887329,0.6141964606320318,0.9934119870992046,BOMBAY
3480,156910,1480.479,541.9193789200076,370.5670439836373,1.4624057581977974,0.7296650378829577,158236,446.97205389643136,0.7655416020217988,0.9916201117318436,0.8996135402798198,0.8247943721577239,0.0034536956148110867,0.0009859311262905505,0.6802857563430541,0.9948538072960261,BOMBAY
3481,156974,1473.74,550.8549182303311,366.7417330391553,1.5020240910829719,0.7461585578680482,158564,447.06319944193285,0.6891897824960705,0.9899725032163669,0.9082300074001554,0.8115806624331537,0.0035092111956778263,0.000939109061532794,0.6586631716354366,0.9893279517055441,BOMBAY
3482,157119,1483.1229999999998,530.0022279398268,379.4318941460389,1.3968309889516959,0.6981964460495855,158406,447.2696323575345,0.7738708565236665,0.9918753077534942,0.8976028658786278,0.8439014192376466,0.003373253571750245,0.0010553478280195595,0.7121696053913141,0.9947805742000884,BOMBAY
3483,157128,1534.971,588.0577424556667,343.05251778128286,1.7141915945085404,0.8122098586355483,158837,447.2824422947391,0.8113014653489885,0.9892405421910512,0.8380368138041877,0.7606097326887239,0.003742539473904503,0.0007726693153142331,0.5785271654608122,0.9917064042277758,BOMBAY
3484,157188,1515.3059999999998,587.4231566238517,342.81493491929774,1.71352848662249,0.8120476651994729,158675,447.3678325023277,0.8026511979411344,0.9906286434536001,0.8602576958025494,0.761576773843108,0.003737073800950783,0.0007754721405469873,0.5799991824572766,0.9938451213582986,BOMBAY
3485,157309,1514.2839999999999,571.2437728252539,354.81379685701785,1.6099818493119438,0.7837115004741937,160099,447.53998652940913,0.8013091205460612,0.9825732827812791,0.8620823768900827,0.7834483417052734,0.003631348319709959,0.0008438963992229351,0.6137913041207429,0.9881928588999033,BOMBAY
3486,157321,1562.231,587.4104496097477,346.3148396972462,1.6961746430596825,0.8077231753754941,160654,447.55705604680224,0.8033303376294451,0.9792535511098386,0.8100392435898337,0.7619153801981927,0.003733833687872234,0.0007761786527860198,0.5805150465825567,0.9846549019279429,BOMBAY
3487,157579,1512.321,558.9937995391549,362.31485302346357,1.5428398666917318,0.7615080891437791,159950,447.92389333437234,0.7109329531560877,0.9851766176930291,0.8658052971123135,0.8013038672408339,0.003547387656598626,0.0009021471224185769,0.6420878876551162,0.9906387909941952,BOMBAY
3488,157613,1470.934,516.2064274389098,389.93285740660434,1.3238341361436825,0.6552851126943726,158756,447.9722138306607,0.7707237163814181,0.9928002721156995,0.9154097341682548,0.8678160325380213,0.003275151335479369,0.001145834283227042,0.7531046663300321,0.9969856653767942,BOMBAY
3489,157916,1508.395,574.5180542461076,350.8609194323217,1.637452399017975,0.7918583692701843,159638,448.40260474979175,0.7683205698327285,0.9892130946265927,0.8721794114320983,0.7804847931858179,0.003638124409471539,0.0008327508639983293,0.6091565123943088,0.9974647925974839,BOMBAY
3490,158001,1493.196,552.6877073084689,365.1189621632697,1.5137195396094612,0.7507166288186743,159353,448.5232672980304,0.7796204555323096,0.9915156915778178,0.890504388281047,0.8115311076526228,0.003498001324728761,0.0009358805462305002,0.658582738687893,0.9969095600013755,BOMBAY
3491,158083,1508.225,582.502519494124,348.17775868295905,1.67300324322133,0.8016993630146241,159942,448.63964041351574,0.7712870804059329,0.988377036675795,0.8732985972210657,0.7701934762499192,0.003684789126560883,0.0007998190513501773,0.593197990857935,0.9924221625777019,BOMBAY
3492,158140,1564.995,536.7652652326658,378.4083166117879,1.418481681477782,0.7092280367437354,160990,448.7205161394101,0.8292867106463758,0.9822970370830486,0.8113825994231466,0.8359715972770856,0.003394240958850802,0.0010225593437963967,0.6988485114540018,0.9913038116255174,BOMBAY
3493,158438,1527.4999999999998,569.1528979141909,357.2628761436371,1.5930927502396408,0.7784473990637794,160009,449.1431030181246,0.7222310858674496,0.9901818022736221,0.853309887157846,0.7891431365176678,0.0035922751985899273,0.0008593547803965295,0.6227468899129425,0.9920935555545924,BOMBAY
3494,158935,1504.2659999999998,546.7005455398554,372.92060266675577,1.4659971630164679,0.731231333546274,160484,449.84700403857653,0.7063777777777778,0.9903479474589367,0.8826329397372932,0.8228398667397743,0.0034397744080275293,0.0009726823255607018,0.6770654462963296,0.9925760234468979,BOMBAY
3495,159048,1511.124,564.0080168541708,362.61889259095636,1.55537405352563,0.7659231276743388,161042,450.006892292816,0.79735298541134,0.9876181368835459,0.8752615892849069,0.7978732196091625,0.0035461496960299457,0.0008864870198323686,0.6366016745694909,0.990153727056353,BOMBAY
3496,159120,1527.5349999999999,582.1964656478401,351.6062649121097,1.655819374530686,0.797036901207715,161525,450.1087383713619,0.7322325915290739,0.9851106639839035,0.8569437079193966,0.7731217293985161,0.003658851594066366,0.0008063360488448855,0.5977172084681522,0.9897117342719635,BOMBAY
3497,159200,1537.8460000000002,577.6799313656835,354.21138076882886,1.6308903743064604,0.7899571915813005,162095,450.2218736599077,0.8030669895076675,0.9821401030260033,0.8459159868214412,0.7793621505866505,0.0036286427849603234,0.0008258120624716959,0.6074053617670488,0.9906115578080132,BOMBAY
3498,159247,1521.8819999999998,550.0103440186796,369.7737525256894,1.4874239727993364,0.7402758363346044,161350,450.2883273863986,0.7801636292377033,0.9869662224976758,0.8640107831332245,0.8186906524272675,0.0034538191866639845,0.0009571030221875406,0.6702543843717848,0.9969524391884534,BOMBAY
3499,159369,1510.5779999999997,570.1506315458412,358.57913261219426,1.590027359909041,0.7774700246897176,160867,450.46077854225905,0.8090864784184715,0.9906879596188155,0.8776622135754467,0.7900732782158484,0.003577550411597244,0.0008598743979898373,0.6242157849507375,0.9925201765587707,BOMBAY
3500,159402,1508.083,529.6845987918518,384.0243697790122,1.3792994415866373,0.6887428329414621,161419,450.50741382342915,0.7811908845871111,0.9875045688549675,0.8807509929219366,0.8505201299999726,0.003322948261576717,0.00107260972355585,0.7233844915351701,0.9977638252268937,BOMBAY
3501,159596,1509.379,536.5140722611083,379.88831523846494,1.4122942210642242,0.7061444985508432,161161,450.7814751978535,0.7654924983692107,0.9902892138916983,0.8803092384710955,0.8402043832663335,0.003361701247281312,0.0010334242528461334,0.7059434056599598,0.9969997922119584,BOMBAY
3502,159638,1502.314,561.587376012613,363.6267891388206,1.544405948039812,0.7620670186323747,161375,450.8407861345642,0.7629056152927121,0.9892362509682416,0.8888422975617709,0.8027972233557445,0.003517880304267236,0.0009013309166983094,0.6444833818276934,0.9953439683075029,BOMBAY
3503,159689,1538.9689999999998,566.5970991972476,362.48103433933414,1.5631082609051254,0.7685822778156777,161935,450.91279606949877,0.7797619047619048,0.9861302374409485,0.8472764234068172,0.795826164144416,0.003548128544841834,0.0008779139723835823,0.6333392835368151,0.9899778660521291,BOMBAY
3504,159694,1511.595,569.3735149912986,358.7925062499722,1.5869158498940716,0.7764708782021773,160650,450.91985524806626,0.8133129615482557,0.9940491752256458,0.8782690322571901,0.7919579035125253,0.00356540330251167,0.00086516076175132,0.6271973209359545,0.9953093696043649,BOMBAY
3505,159806,1560.0079999999998,600.0758879212527,347.0466396361498,1.7290929212003998,0.8157973110117382,164335,451.07795189517674,0.7720096618357488,0.9724404417805094,0.8251811414464909,0.7517015113834589,0.003755027270072793,0.0007395619380078652,0.5650551622161765,0.9770328810757344,BOMBAY
3506,160141,1531.8399999999997,560.1979114453883,367.03283303815255,1.5262882800110598,0.7554691486949806,162846,451.5504998706498,0.7933938754378403,0.9833892143497538,0.8576016117490215,0.8060553076779363,0.00349815419814656,0.0009109154750384275,0.6497251590357725,0.9916678954646215,BOMBAY
3507,160250,1511.116,552.8430861775554,369.98305446517554,1.4942389374473135,0.7430490046438494,161847,451.70414769383046,0.8190353526835227,0.9901326561505619,0.8818856873082707,0.8170567001515465,0.003449878852902062,0.0009484018448067131,0.6675816512625342,0.997526497241852,BOMBAY
3508,160273,1550.0259999999998,599.0795386160738,343.5747121937734,1.743665984003496,0.8192025257180102,163513,451.73656211705816,0.8088713259043928,0.9801850617382104,0.8382860982513995,0.7540510616680536,0.0037378693767264218,0.00074543006723587,0.5685930036027186,0.9914362791244379,BOMBAY
3509,160359,1496.0929999999998,534.1527617467409,384.1252534550734,1.3905692399607215,0.6948756022527296,162102,451.857743271249,0.7572962711096,0.9892475108265166,0.9002974529195906,0.8459335524047882,0.00333098087258427,0.0010521966258376194,0.7156035750841846,0.9950963195179895,BOMBAY
3510,160568,1505.45,542.6695257221279,380.31122741374145,1.4269090329320109,0.7133425564948325,162914,452.1521062861873,0.8058094076672538,0.985599764292817,0.8902996239247442,0.8331997373254202,0.003379686648162323,0.0010047376951468963,0.6942218022791492,0.9905913605304584,BOMBAY
3511,160641,1514.9029999999998,544.8924394117172,376.7901627269483,1.4461429551880018,0.7223816585261641,161945,452.2548769287085,0.7786389413988658,0.9919478835407083,0.8796230712029348,0.8299892680048505,0.0033919885920264264,0.0009929423933334202,0.6888821850032275,0.9962221187969353,BOMBAY
3512,160687,1513.8579999999997,579.7961934164185,355.7084648395759,1.6299758108874522,0.789690029487849,162673,452.3196245188341,0.7888336884272124,0.9877914589390987,0.8810901095474274,0.7801355539324336,0.003608233356876527,0.0008244316641144684,0.6086114825094652,0.9920219947187798,BOMBAY
3513,161008,1496.088,505.59652136268755,407.8607155741093,1.2396303494221164,0.5909719693446632,163019,452.7711923463319,0.8140597823888687,0.9876640146240623,0.9039471510514187,0.895518804453044,0.003140195029828875,0.0012457624142067007,0.8019539291290094,0.9941264293866331,BOMBAY
3514,161473,1556.283,605.2850030335993,343.01847446755636,1.7645842661190216,0.8239202783113665,163971,453.42453507394254,0.8000644122383253,0.9847655987949089,0.8377850980408966,0.7491091515590929,0.0037485214434214965,0.0007281488586512143,0.5611645209495839,0.9902220843718539,BOMBAY
3515,161534,1532.1399999999999,578.5565899433308,357.2269048987022,1.6195773106938585,0.7866140129285618,163293,453.51017256424336,0.7921750559064694,0.9892279522086066,0.8647227989059801,0.7838648464943841,0.003581639716365166,0.0008341159259613406,0.6144440975696644,0.9951397191135919,BOMBAY
3516,161579,1502.8149999999998,558.604120774132,368.7910253312455,1.5146901155536463,0.7510889279489384,162975,453.57333739844415,0.8019604923565614,0.9914342690596717,0.8990497768264553,0.8119763541483856,0.0034571579275409054,0.0009269845814981913,0.6593055996961047,0.9986436749888588,BOMBAY
3517,161603,1533.725,575.4908218285605,361.95469204461534,1.5899526500892112,0.7774461181054062,163875,453.60702171354944,0.8263517452265777,0.9861357742181541,0.8633050658727754,0.7882089592189528,0.0035611394703598353,0.0008478796534517057,0.6212733633930247,0.9877952305565774,BOMBAY
3518,162012,1528.138,588.9439113529488,353.5895882153908,1.6656144043307939,0.799715569316413,163383,454.18067453562264,0.8522686025408348,0.9916086740970603,0.8718301753713514,0.7711781474949934,0.0036351869698105625,0.00079309529675934,0.5947157351738097,0.9905670949876751,BOMBAY
3519,162019,1575.185,596.6920014831778,350.2521851505393,1.703606791851186,0.8095942463871106,164165,454.190486248277,0.7156316254416961,0.9869277860688941,0.8205644096041705,0.7611807852615932,0.0036828520203382184,0.0007626324815598277,0.5793961878514557,0.9870632807964255,BOMBAY
3520,162230,1486.167,543.4072552903068,381.8371778381746,1.4231386748846304,0.7115137125443597,163470,454.48613987929866,0.7828348630051053,0.9924145103077017,0.9230087218909981,0.8363637685266027,0.003349610154042451,0.001011008647795832,0.6995043533040207,0.9954916984371145,BOMBAY
3521,162310,1574.4299999999998,595.509951244094,352.59592025216614,1.6889303506920983,0.8058713113365213,165976,454.59818577064766,0.796883361727407,0.977912469272666,0.8228268007461627,0.763376304326965,0.00366896649155378,0.0007685607620911398,0.5827433820078952,0.9842129845380936,BOMBAY
3522,162374,1557.8329999999999,580.9771110746996,357.4782703208088,1.6252095842170156,0.788288932680301,164508,454.68780260397057,0.7871533837502424,0.9870279864809006,0.8407842248859247,0.7826260173363504,0.0035780181006485,0.0008280173202384937,0.6125034830117574,0.995446530957012,BOMBAY
3523,162493,1517.497,546.6827081424776,379.5352984183807,1.4404001694193986,0.7197324737374019,163687,454.85438696647833,0.7267063800860457,0.9927055905478138,0.8867247662976776,0.8320262927502972,0.0033643462065595293,0.0009945546342818206,0.6922677518278031,0.9971425870163538,BOMBAY
3524,162787,1570.975,603.266097943047,347.0391861067548,1.7383227084836257,0.8179655697089939,165512,455.265687010127,0.8140611794828199,0.9835359369713375,0.8288788075692309,0.7546681117378281,0.0037058616347929937,0.0007414689352436716,0.569523958873939,0.9900164307360629,BOMBAY
3525,162820,1525.029,551.6299824950546,377.1518838742189,1.4626202495094114,0.7297590013430745,164278,455.31183014916184,0.7338630801335936,0.9911248006428128,0.8797543234271131,0.8253935511078637,0.0033879743428022026,0.0009699830850567896,0.6812745142104496,0.9964458999588908,BOMBAY
3526,162866,1518.137,572.2055991422703,363.59259137819413,1.573754836349472,0.772164248537165,164395,455.37614308704957,0.8115666156736313,0.9906992305118769,0.8880110382064322,0.7958260872834052,0.0035133520755852685,0.0008693088896026738,0.633339161200814,0.9967205679892986,BOMBAY
3527,163117,1524.028,560.1801040448062,371.85703451325026,1.5064394432609436,0.7478951057036195,165192,455.72690815724883,0.7311548891727739,0.9874388590246501,0.8825172382989174,0.813536405285821,0.0034342226993189316,0.000927932072630657,0.6618414827253758,0.9970241147638125,BOMBAY
3528,163329,1542.364,581.815291476068,360.5469961597559,1.613701674602968,0.7848441265560103,165504,456.022961704835,0.7310663706515317,0.9868583236658933,0.8627786849800377,0.7837933591396381,0.003562228945723466,0.0008292928271474502,0.6143320298313977,0.9913486253011671,BOMBAY
3529,163401,1564.022,572.7285070766676,367.59489988504737,1.5580425823529345,0.7668461325868928,166883,456.12346448003564,0.687674126945382,0.9791350826627038,0.8394191229143345,0.7964043326709722,0.003505048972017721,0.0008697777810380521,0.6342598610970965,0.9882038718665337,BOMBAY
3530,163479,1560.254,607.2519203709778,344.1510193520326,1.7644925809440037,0.8239000236071197,165102,456.23231750256326,0.8109721009603936,0.9901697132681615,0.8438810356582249,0.7513065042657177,0.0037145561226272356,0.0007300544992174606,0.5644614633519728,0.9959880643133515,BOMBAY
3531,163558,1524.8600000000001,574.7716573071051,363.95645083351326,1.5792319547868827,0.7739725064635117,164798,456.34253961009784,0.7995287630518947,0.9924756368402529,0.8839378098631498,0.7939544927252221,0.0035141763613342368,0.0008613620985655268,0.6303637365185649,0.9954905558489766,BOMBAY
3532,163850,1525.584,558.56009883282,377.4236766939777,1.479928614244599,0.7371691374379147,166547,456.74971199208915,0.7814884768009768,0.9838063729757967,0.8846756201984948,0.817727068128432,0.0034089722235753433,0.0009402356649112304,0.6686775579499215,0.9895950517132898,BOMBAY
3533,164103,1561.374,590.1375940968227,356.30890153539616,1.6562527389964679,0.7971566118898854,166245,457.10220849354295,0.7276584989491047,0.9871154019669764,0.8458872874355329,0.774568868457052,0.0035961414117768884,0.000798466454620715,0.5999569319828378,0.9936803118764928,BOMBAY
3534,164154,1532.7749999999999,589.4302659803892,356.9019466787001,1.6515187755784981,0.7958428261971483,165847,457.17323218497376,0.7488094151993431,0.9897917960529886,0.8780202195015446,0.7756188620965457,0.003590715218516693,0.0008015934748334118,0.6015846192399403,0.9935282937740032,BOMBAY
3535,164201,1560.469,570.612444193175,368.3300170077615,1.5491880049003741,0.7637607376056222,166229,457.23867562254446,0.8068686610582593,0.9877999627020556,0.8473744611922598,0.8013121344892209,0.0034750850737399587,0.0008837961014568763,0.6421011368796713,0.99473537918688,BOMBAY
3536,164326,1532.137,575.6881804454366,366.3518000715427,1.5714080846143348,0.7713823715664512,165918,457.4126817526492,0.8424641381361059,0.990404898805434,0.8796723607245168,0.7945493711521536,0.003503329847044513,0.0008612799652150414,0.6313087031982828,0.992043600093173,BOMBAY
3537,164455,1536.579,561.5290508351177,374.2858070743035,1.5002680845005767,0.7454625261310714,166145,457.59218670058294,0.7008403862708499,0.9898281621475218,0.8752803104696159,0.8149038522940929,0.0034144845145183647,0.0009288175088536461,0.6640682884837529,0.9962804591410965,BOMBAY
3538,164498,1591.267,616.7934563131925,345.4119747346361,1.7856747925055179,0.8284842353727164,168989,457.65200603716875,0.7939092664092664,0.9734243057240413,0.8163649931884244,0.7419858322958348,0.0037495498809298135,0.0007010376606106797,0.5505429753277429,0.9830907132337378,BOMBAY
3539,164571,1551.3780000000002,588.4700029209049,360.2032855872061,1.6337163664722734,0.7907793196642258,166960,457.7535418941185,0.7744772768985331,0.98569118351701,0.8592665689070161,0.7778706469693142,0.0035757818991250276,0.0008075702636055204,0.6050827434164593,0.9885335809894127,BOMBAY
3540,164596,1550.9019999999998,583.9204221680142,360.6172304822606,1.6192249643399617,0.7865085320077041,166206,457.7883092710307,0.8160598127875615,0.9903132257559896,0.8599247103133822,0.7839909204944867,0.003547597889183298,0.0008267196929735103,0.6146417634177925,0.9952432874520264,BOMBAY
3541,164670,1590.236,632.8435071130954,337.23408818114945,1.8765703981062427,0.846186402657681,167485,457.8912052349763,0.8245744931222866,0.9831925247037048,0.8182785893659005,0.7235457108879632,0.00384310139741966,0.0006497188987496793,0.523518395744368,0.9824191243179502,BOMBAY
3542,164698,1546.5439999999999,569.9455172843533,369.03192355682125,1.5444341827966452,0.7620770761711007,166443,457.9301328137206,0.8138941875290328,0.989515930378568,0.8653137973320327,0.8034629958941378,0.003460549109790971,0.000889586735828009,0.6455527857711835,0.9970137891446154,BOMBAY
3543,164719,1536.3079999999998,572.9178376719352,369.5414894046154,1.5503478069404018,0.7641685972422422,166293,457.95932632629206,0.8183087256324146,0.9905347789744607,0.8769947165080243,0.7993455539579991,0.003478152718702367,0.0008759244813326531,0.6389533146324206,0.9905998700776736,BOMBAY
3544,164968,1551.4969999999998,575.8143384970468,367.2202006381924,1.568035575102727,0.7702511831927992,166784,458.3053362288839,0.7862583049748825,0.9891116653875671,0.8612072811266647,0.7959255363892512,0.003490460807532654,0.0008640766787580749,0.6334974594765174,0.9933465531963774,BOMBAY
3545,164981,1541.203,554.9226250874973,382.8316956048875,1.4495211119097653,0.7239208664253602,167564,458.32339382793003,0.7938687030541,0.9845849943902032,0.8728188244035249,0.825923062256948,0.003363554743197685,0.000965465224784824,0.6821489047678945,0.9887892389271868,BOMBAY
3546,164983,1530.7659999999998,572.7412727520505,370.15130255771805,1.5473166480691833,0.7631002537657237,167334,458.3261718569444,0.7950145044862713,0.9859502551782662,0.8847721531835082,0.8002324848262886,0.0034715169002385122,0.0008781399909539523,0.6403720297712562,0.9908583026229194,BOMBAY
3547,165004,1583.383,607.8831700181613,352.8829748989693,1.722619716046655,0.8142522782449045,170614,458.35534014504594,0.6992287481989999,0.9671187593046292,0.8270511708530429,0.7540188028751511,0.003684051114022456,0.0007345715662497505,0.568544355089276,0.9793857155238173,BOMBAY
3548,165330,1540.253,574.5353992136777,368.86204875170563,1.557588809035809,0.7666895920404079,167922,458.8079052621745,0.7767441860465116,0.9845642619787759,0.8757444689224622,0.7985720390599247,0.0034750825573923528,0.0008717687336655515,0.637717301568326,0.9933013322513387,BOMBAY
3549,165366,1566.762,592.0672143302826,360.19407180310196,1.6437450271361844,0.7936559482833311,168206,458.85785441100916,0.8584198504983389,0.9831159411673781,0.8465449554741867,0.7750097342073681,0.0035803442928430424,0.0007967703845971893,0.6006400881161755,0.9872991579396031,BOMBAY
3550,165397,1538.645,571.3442983788444,370.28377639777796,1.5429903625188182,0.7615618923921249,166731,458.9008618215504,0.8039908613649621,0.9919990883518962,0.8779315010649031,0.8031949616433636,0.0034543812667632693,0.0008868168465048827,0.6451221464092843,0.9954172545569796,BOMBAY
3551,165817,1563.293,602.482369308456,355.4534348534692,1.6949684831624177,0.8074167840569709,169163,459.4831461428705,0.736846548996605,0.9802202609317641,0.8526251738029575,0.762649945541604,0.0036334173776419545,0.0007582213795302813,0.5816349394346115,0.9858528910477481,BOMBAY
3552,165855,1538.5919999999996,578.1032528705031,367.6221130386615,1.5725475491451355,0.7717625478037107,167630,459.53579261255635,0.784889498840566,0.9894112032452425,0.8804232296474118,0.7949026239357518,0.0034855943617648133,0.0008584447114298623,0.6318701815399433,0.9936459053585298,BOMBAY
3553,165950,1572.499,595.2191257711798,357.0544198081774,1.667026348787261,0.8000970768544483,167660,459.667382406888,0.7432438484758911,0.9898007873076464,0.843347117524724,0.7722658135545161,0.003586737726852545,0.0007869490651437622,0.5963944867850186,0.994205323742082,BOMBAY
3554,166007,1524.336,569.0053538326617,373.5564915030526,1.5232109915777277,0.7543191763218451,167703,459.74631820477924,0.7745175798745895,0.989886883359272,0.8977901834669733,0.807982411954573,0.0034275985580888863,0.0009011090326830866,0.6528355780279294,0.9944063281451412,BOMBAY
3555,166208,1531.4549999999997,564.8854422440645,377.13363280981946,1.4978389438125883,0.7444945646788974,167540,460.0245626608887,0.7589822273366578,0.9920496597827384,0.8905397461082944,0.8143678846340855,0.0033986657816956136,0.0009220846148407248,0.6631950515233953,0.9933593755155374,BOMBAY
3556,166256,1577.223,597.538931178382,360.22873576289686,1.6587764158039937,0.7978515230132713,169300,460.09098420800336,0.6964768966528424,0.9820200826934435,0.8398485724045426,0.7699765826147542,0.003594089423409573,0.0007792534068949798,0.5928639377750954,0.9834287177620147,BOMBAY
3557,166265,1527.732,568.5672845494536,374.04663810786093,1.5200438304313812,0.7531264674029171,167521,460.10343718058857,0.75575,0.9925024325308469,0.8951923242472244,0.8092330488997193,0.0034196450518717324,0.0009045971946454555,0.6548581274315355,0.9954130564101529,BOMBAY
3558,166343,1555.367,584.1850459040251,365.2635428929432,1.5993521863068787,0.7804219964289265,168381,460.21134882777625,0.7837089106765104,0.9878964966356062,0.8640694152522062,0.7877835149230844,0.0035119304443470725,0.0008343595148063933,0.6206028663845696,0.992562551180477,BOMBAY
3559,166458,1576.6229999999998,590.7963786365979,365.03981839499136,1.618443657007649,0.7862743378944983,170734,460.37040319456435,0.7611839969270588,0.9749551934588307,0.8415091075211727,0.7792370093008656,0.003549221897635427,0.0008072186708465881,0.6072103166641573,0.9827356854747114,BOMBAY
3560,166639,1586.606,581.6554036176145,367.44904680966994,1.5829552659552781,0.7751886677601512,170464,460.6206296890346,0.7680632374631269,0.977561244602966,0.8318563385030948,0.7919132648372175,0.003490511846672235,0.0008467970756166136,0.6271266190251411,0.9927133840065767,BOMBAY
3561,166654,1529.386,572.611731590406,372.54602556353063,1.5370227899337983,0.759413364028384,168540,460.64136059226576,0.7267312053026339,0.988809778094221,0.895347005250339,0.804456729017502,0.0034359315203379816,0.0008876362241787365,0.6471506288615385,0.994685265080174,BOMBAY
3562,166686,1562.858,600.5925994352116,356.09492202955454,1.6866081549608973,0.8052717192121845,168333,460.68558340122314,0.8258323424494649,0.990215822209549,0.8575707279619977,0.7670517149802463,0.0036031376326458825,0.0007694124252124516,0.5883683334541371,0.9923468293245001,BOMBAY
3563,166757,1565.8500000000001,588.4357894118685,364.0076394372279,1.6165479118010178,0.7857043913526887,169717,460.783687603415,0.7436607533067544,0.9825592014942522,0.8546604835529606,0.7830653673597257,0.003528702179889711,0.0008184399795660693,0.6131913695582221,0.9912532279937499,BOMBAY
3564,166862,1545.005,580.3276343128127,368.7448381361459,1.5737918861349522,0.7721765581948733,168545,460.9287330093436,0.837849915894655,0.9900145361772821,0.8784307502754045,0.7942560473708032,0.003477889719126061,0.0008537637089146224,0.6308426687850917,0.9928150735616963,BOMBAY
3565,167124,1525.1439999999998,537.0799916051731,397.555031749481,1.3509576001131176,0.6723695007722125,168590,461.2904569512785,0.7487298956139958,0.991304347826087,0.9028736626582253,0.858885946528408,0.003213661662030427,0.0010787527137993578,0.7376850691439993,0.9965812506500565,BOMBAY
3566,167176,1594.1560000000002,615.1699854161863,351.07570008047264,1.7522431352417118,0.8211606842830588,169856,461.36221575964106,0.6592945482079757,0.9842219291635268,0.8266509279056413,0.7499751722241645,0.0036797745215592327,0.0007181059354871143,0.5624627589526652,0.9855715082039211,BOMBAY
3567,167321,1578.125,588.2992731364983,368.1704410474311,1.5978992541139612,0.7799661668677487,170889,461.5622535093529,0.7773333333333333,0.9791209498563395,0.8442625320289209,0.7845704976797759,0.0035159918547970565,0.0008217799028081069,0.6155508658294914,0.9835882693781471,BOMBAY
3568,167563,1560.2559999999999,576.863825235081,372.76150582003294,1.5475412998078923,0.7631797000173258,169787,461.89591666787663,0.8197036478996571,0.9869012350768904,0.8649604870675482,0.8007018233109814,0.0034426682813931534,0.0008728873723445439,0.6411234098535301,0.992164955022,BOMBAY
3569,168165,1588.5559999999998,614.8503149083568,350.57336457417483,1.753842068564413,0.821522035424034,170374,462.72489455440865,0.8135231626610937,0.9870344066582929,0.8374143855488778,0.7525813736037162,0.0036562323605289853,0.000723481469796477,0.5663787238952563,0.9933388327073287,BOMBAY
3570,168226,1567.559,566.9681780107235,384.1188828606335,1.4760226672231356,0.7355261163232336,171839,462.80881112249523,0.7658960327071743,0.9789745052054539,0.8603104355696904,0.8162871022961394,0.0033702767587098516,0.0009230326561102464,0.666324633375028,0.983510262590687,BOMBAY
3571,168313,1526.465,526.028507311831,408.34256622542654,1.2882039513398065,0.6303949189874372,169751,462.9284690889181,0.798115587420811,0.9915287686081378,0.907724010202026,0.8800444513066912,0.0031252993370199035,0.0011563513686182027,0.7744782362756951,0.9976859241970348,BOMBAY
3572,168315,1604.5189999999998,633.0053488728705,345.1358936097402,1.8340756803134377,0.8382840417483671,171729,462.9312194830879,0.7864598908492823,0.9801198399804343,0.8215669442085548,0.7313227610278228,0.003760837411240059,0.0006635912975942164,0.5348329807973581,0.9809241631099783,BOMBAY
3573,168344,1550.635,577.5104099247724,374.4465735220829,1.5423038979704107,0.7613163179349719,170623,462.9710983624099,0.778606182820565,0.9866430668784396,0.8798088808161739,0.8016671048799232,0.0034305375298482417,0.0008740136012898614,0.6426701470465578,0.9911926728991229,BOMBAY
3574,168405,1546.5829999999999,584.3296465130483,370.0301965736482,1.5791404375203402,0.7739424812631812,170625,463.054970312516,0.7561389566131009,0.986989010989011,0.8847455388929376,0.7924550347150251,0.003469787990339053,0.0008440753511014255,0.6279849820451917,0.9916764793030468,BOMBAY
3575,168514,1547.595,567.0395457322064,381.1117796751154,1.4878562562815247,0.7404531856125282,170385,463.20480204926764,0.823023199023199,0.9890189864131232,0.8841607175567834,0.8168827122121454,0.003364940276369954,0.0009242638000416687,0.6672973655110708,0.9928425600758259,BOMBAY
3576,168532,1539.35,573.7944065197521,376.7821062172802,1.5228812543153525,0.7541954365400169,169925,463.2295402425308,0.7887305487305487,0.9918022657054583,0.8937529466046816,0.8073092643969243,0.0034046614679690036,0.0008920998034483303,0.6517482483811029,0.992535189992448,BOMBAY
3577,168684,1534.945,583.5431610971287,368.641871635161,1.5829540971803988,0.7751882876424318,169806,463.43838788355265,0.7700215462148048,0.9933924596304018,0.8997008233402959,0.7941801374421642,0.003459386551760266,0.0008488968848930414,0.6307220907076546,0.9984041176678691,BOMBAY
3578,168736,1555.86,577.4808349946384,372.9350209792391,1.5484757464673347,0.7635096999549515,169852,463.50981415762107,0.7469169138152362,0.993429573982055,0.8759444848654367,0.8026410333806567,0.003422392583649241,0.0008761834030438331,0.6442326284663685,0.9975786002630732,BOMBAY
3579,168744,1573.509,602.362491467652,357.82781813978386,1.6833864247869677,0.8044350080264264,170252,463.52080183826735,0.7351334396319628,0.991142541644151,0.856445518304948,0.7695047556976898,0.0035696824270353435,0.0007720662653987473,0.5921375690413613,0.9967963453305834,BOMBAY
3580,168972,1604.7369999999999,615.6769034251071,353.5306221679579,1.7415094048984723,0.8187048775074551,171065,463.83384131927016,0.8238517796196977,0.987764884692953,0.8245497726422581,0.7533721644240507,0.0036436622838405598,0.0007240293296675792,0.567569618128979,0.9884278279062514,BOMBAY
3581,169004,1546.598,566.4156578255336,380.97076665595773,1.4867693466282286,0.740006892783416,170517,463.87775977990304,0.7360352591740922,0.9911269844062469,0.8878752689087864,0.8189705799460543,0.003351492614527074,0.00093001773963178,0.6707128108171764,0.997195247513836,BOMBAY
3582,169030,1570.87,586.9240815585963,368.22109199797717,1.5939447639295485,0.7787178387299378,170989,463.91344046770683,0.782437624404018,0.988543122657013,0.8607819746119558,0.7904147317243644,0.0034723071736295114,0.0008360225742116331,0.6247554481268989,0.9958256752783291,BOMBAY
3583,169095,1529.2140000000002,547.6732620538191,394.21196775823495,1.3892862389954128,0.6941876497191497,171300,464.0026301832699,0.78006642985653,0.9871278458844133,0.9086656259908936,0.8472252752365934,0.0032388495346037383,0.0010293573022924234,0.7177906669997215,0.997216696142052,BOMBAY
3584,169128,1572.037,602.5377946835016,360.9070446988932,1.669509652232481,0.8007652804626786,171304,464.04790455508856,0.7706692913385826,0.9872974361369262,0.8600027702047852,0.7701556792779142,0.0035626140833185612,0.0007731479923100492,0.5931397703240254,0.9902525716789174,BOMBAY
3585,169165,1581.5679999999998,591.8558127926505,366.3766662475725,1.6154298767288704,0.7853671238810085,171119,464.0986614774102,0.6839923985120492,0.9885810459387911,0.8498546177922223,0.78414142675659,0.003498689520838533,0.000815948524039089,0.6148777771558608,0.993291931754214,BOMBAY
3586,169310,1542.564,576.8799273587864,376.78577545440834,1.5310554828219352,0.7572335579227232,171788,464.2975202594888,0.7508270583331116,0.9855752439052786,0.8941411664945764,0.804842564700162,0.0034072407262346373,0.000881914181180175,0.6477715539531345,0.9917741892960316,BOMBAY
3587,169361,1602.094,587.0730698453691,369.39068909615827,1.5893012119007273,0.7772374886658229,171156,464.3674434495725,0.7994722456937042,0.9895124915281965,0.8291770734684002,0.7909874720907971,0.0034664005871798647,0.000837022114810193,0.6256611810045896,0.9943640732098346,BOMBAY
3588,169410,1566.7930000000001,573.4514258092483,380.0423610135478,1.5089144912159038,0.7488601305876211,172175,464.4346146376085,0.7461812223612114,0.9839407579497604,0.8672127639315163,0.8098935563412428,0.0033849915932309092,0.0008983573632539149,0.6559275726030659,0.989738619488838,BOMBAY
3589,169553,1587.35,625.2960706994332,348.7432744851719,1.792998220890479,0.8300257722115657,171550,464.630589316374,0.7815375112930287,0.9883590789857184,0.8456096876389952,0.7430569470821323,0.0036879092124552986,0.0006935030565633748,0.5521336266070188,0.9899746102001928,BOMBAY
3590,169559,1575.747,591.4136202475014,368.1300911381019,1.606534305356842,0.7826532689977747,172319,464.6388102233276,0.7366557473911042,0.9839831939600392,0.8581391833692364,0.7856410375345775,0.003487951805846351,0.0008196847972698836,0.6172318398584075,0.9916041250910521,BOMBAY
3591,169969,1592.3459999999998,601.3500192177723,363.5449397454008,1.6541284267054084,0.7965687284632006,172267,465.2002280514175,0.7456317749711563,0.9866602425304905,0.8423735091667608,0.7735931041567828,0.00353799821860323,0.0007816057248936089,0.598446290798927,0.9899070214669164,BOMBAY
3592,170021,1556.114,583.2122412405196,373.57746055468726,1.5611547880179037,0.7679152359828265,171568,465.27138385615024,0.791959344897617,0.9909831670241537,0.8823270833784315,0.7977736936153746,0.003430236507493307,0.0008570825899968654,0.6364428662247177,0.9935858279065561,BOMBAY
3593,170067,1545.389,549.5836287783544,396.7035678239879,1.385376067558327,0.6920749313765512,171795,465.3343203058151,0.7853837628151843,0.9899415000436567,0.8948583224763735,0.8467033876903985,0.0032315712559071097,0.0010245158670573354,0.7169066267263973,0.9931852833407218,BOMBAY
3594,170146,1599.868,611.0735400858268,357.50562437962196,1.7092697244867692,0.8110007069601645,173278,465.44238695944847,0.811022345942648,0.9819249991343391,0.8353400498565823,0.76167982481139,0.003591465800464465,0.0007456607906289539,0.5801561555247098,0.991643352113024,BOMBAY
3595,170186,1602.527,581.4943271056776,381.3481079380505,1.5248386316896074,0.7549285055313529,174345,465.4970946851316,0.7777016158514294,0.9761449998566062,0.8327659971087233,0.8005187204526841,0.0034168164661351557,0.0008655404804251228,0.6408302217952028,0.9771626785475446,BOMBAY
3596,170292,1550.8609999999999,584.6314867511512,372.50581078178664,1.5694560187508793,0.7707287118995891,171705,465.6420390729775,0.806039664883798,0.9917707696339653,0.8897302585022931,0.7964710242696497,0.0034331118710870224,0.0008522119921058696,0.6343660925011448,0.9956096819673989,BOMBAY
3597,170598,1620.307,614.4028157325101,357.444040523646,1.7188783308078837,0.8133499541000933,172462,466.06021054444165,0.6852260951294554,0.9891918219665782,0.8165620329162437,0.7585580642054678,0.003601465525577733,0.0007355536304975512,0.5754103367711467,0.9890603591987909,BOMBAY
3598,170659,1555.849,572.0621469843662,381.5330734342287,1.4993776079100054,0.7451083820039514,172297,466.1435266792387,0.7970622577179954,0.9904931600666291,0.8859397143236266,0.8148477034121571,0.003352077224080571,0.000911590018860693,0.6639767797560668,0.99555191573844,BOMBAY
3599,170711,1565.4589999999998,592.6428156969814,368.87678582775374,1.6066145620063899,0.7826779977502184,172417,466.2145385134234,0.7933404591504787,0.9901053840398568,0.8753625748451874,0.7866703622571191,0.003471614692064257,0.0008201295010218816,0.6188502588537469,0.9942538375758535,BOMBAY
3600,170723,1599.1049999999998,621.0104081480393,353.1574057789699,1.7584521745431276,0.8225575039154752,172911,466.230924323796,0.7962975055504767,0.9873460913417885,0.8389729049831414,0.7507618523080433,0.0036375321904373713,0.0007128454741949838,0.5636433588810043,0.9911398900910944,BOMBAY
3601,170889,1600.6299999999997,595.7016209417787,368.6053095068692,1.6160961483130167,0.7855682136746018,173595,466.4575356452581,0.8195643416206262,0.9844119934329906,0.8381892131977031,0.7830388893483431,0.003485897986071536,0.0008084027139944864,0.6131499022318866,0.9909091953354549,BOMBAY
3602,171028,1553.271,564.1230319784163,387.7362455579751,1.454914361092578,0.7263493732701531,172608,466.6472038456519,0.7889618776986382,0.9908463107156099,0.8908049328691001,0.8272082106080472,0.0032984250063054954,0.0009526770930603637,0.6842734236973673,0.9955592310512861,BOMBAY
3603,171035,1631.451,614.2500672618401,361.1593731641174,1.7007728800734008,0.8088842011405618,175736,466.65675344280464,0.7877441046425939,0.9732496471980698,0.8075079135518065,0.7597178711319214,0.0035913705806521474,0.0007379880914007123,0.5771712437172187,0.9816371984724807,BOMBAY
3604,171055,1550.608,581.8116211676445,376.6415788152017,1.5447355095468869,0.762184369548883,172890,466.6840369293482,0.8168035526692771,0.9893863149979756,0.8940083945616731,0.8021222332973594,0.0034013131517210515,0.0008685375481314709,0.6434000771499435,0.9938829460187243,BOMBAY
3605,171116,1598.192,613.7203746688998,361.9939189044216,1.695388631185659,0.8075235983790509,174786,466.76724171357836,0.6739609919021962,0.9790028949687046,0.8418652412670228,0.7605536022254399,0.003586575040726173,0.0007402509870212321,0.5784417818580928,0.9806836207649854,BOMBAY
3606,171217,1599.366,602.4211212562407,362.68988294120425,1.6609813220345584,0.7984555757690652,173525,466.9049744122677,0.7864452712323733,0.9866993228641406,0.8411259436318574,0.7750474841231023,0.0035184655802650475,0.0007831524537011602,0.6006986026455505,0.9977491591665186,BOMBAY
3607,171230,1557.612,573.9713914713291,381.8102749610742,1.5032895370085204,0.7466582330910213,172843,466.9226994321457,0.7846344894583213,0.9906678315002633,0.8868928464485849,0.813494725294979,0.003352049240619804,0.0009055430831920651,0.6617736680827535,0.9948374310965528,BOMBAY
3608,171308,1592.2720000000002,603.4213539824467,363.36946150081616,1.660627592341277,0.7983588612742991,173826,467.029035424449,0.7866211767082841,0.9855142498820659,0.8490885658393271,0.7739683594923534,0.0035224353444231835,0.0007796786099842375,0.599027021495285,0.9947608004530815,BOMBAY
3609,171423,1547.307,565.2782103435726,387.56738685006803,1.4585288378824628,0.7279573918747829,173027,467.18576870141897,0.7682651369156994,0.990729770498246,0.899758534328615,0.8264705062971848,0.0032975633978146023,0.000949035276509005,0.6830534977791252,0.9962532243273388,BOMBAY
3610,171566,1554.742,575.3363956493181,381.6426689401534,1.5075263917608186,0.7483196472088378,173000,467.38058981095156,0.8280372207957682,0.9917109826589595,0.8919169726508618,0.8123605482727564,0.003353440633046863,0.0009008773774112834,0.6599296603900133,0.9948613797436993,BOMBAY
3611,171620,1583.298,566.1217777581849,389.9038980083302,1.4519520852445795,0.725019858294305,174696,467.45413750168973,0.7902637589331761,0.9823922700004579,0.8603049768851958,0.8257130459682822,0.0032986934958523766,0.0009458849430707253,0.6818020342822185,0.9899438854000633,BOMBAY
3612,171708,1535.0959999999998,552.185431222889,397.3292133395688,1.3897428446847568,0.6944327808667121,172804,467.5739682097211,0.7350671033198485,0.9936575542232818,0.9156496076390817,0.8467698381216172,0.003215839863156574,0.001019848584483374,0.7170191587525101,0.9964722453781845,BOMBAY
3613,171799,1542.958,560.1733752627803,392.09101741335746,1.4286819906211314,0.7141959372343709,173474,467.69785176538517,0.8021393620200209,0.9903443743731049,0.906822498467701,0.8349162463246056,0.0032606323393196716,0.0009773570319295177,0.6970851383767694,0.9959129831285299,BOMBAY
3614,171896,1565.283,563.3965748616343,391.72926106737106,1.438229488720117,0.7187202804975127,173913,467.8298673468759,0.8186147516001219,0.9884022471005618,0.8816371820134895,0.8303739998095856,0.003277543252092162,0.0009612208081017399,0.6895209795597697,0.9916894058940418,BOMBAY
3615,171914,1595.6759999999997,598.5416463384506,368.35837235043385,1.624889486071011,0.7881943037361296,174673,467.8543609859811,0.8159803307322815,0.9842047712010442,0.8484606069828273,0.7816571559356936,0.0034816341097202706,0.0008017299796202827,0.6109879094254775,0.9927878301419655,BOMBAY
3616,171994,1534.3929999999998,568.3886481785114,387.35568805191207,1.4673558842960321,0.7318200388680683,173315,467.9632060933633,0.7834254193977435,0.9923780399849984,0.9180153515184903,0.8233155387480435,0.003304700444076604,0.0009366495092546584,0.677848476343981,0.9946449504244403,BOMBAY
3617,172005,1556.172,599.313352391506,367.20303920349363,1.632103464316327,0.7903107275814697,173578,467.97817031585106,0.7378072320164715,0.9909377916556246,0.8925565510271739,0.7808572401205919,0.003484278668593971,0.0007990596681546799,0.6097380294487476,0.9951555501887114,BOMBAY
3618,172351,1588.837,601.4149897343344,367.8191114583398,1.6350835804856005,0.7911752306993586,173929,468.4486191405094,0.8327543304423454,0.9909273324172507,0.8579559329361317,0.778910780636577,0.003489477808276914,0.0007923025663732501,0.6067020041918818,0.992008485301852,BOMBAY
3619,172359,1545.5009999999997,568.8688778674389,387.3404907800065,1.4686532686574536,0.7323802040628064,173829,468.4594909818862,0.7574555042847726,0.9915434133545036,0.9067869240358513,0.8234929158684777,0.0033004883868404836,0.000936262096119719,0.6781405824855679,0.9959533830766987,BOMBAY
3620,172546,1574.5420000000001,597.1470817649721,370.9714792332236,1.6096846124107445,0.7836205868357156,174186,468.71354843430055,0.7503827018752391,0.9905847771921968,0.874593530522939,0.7849214418815146,0.0034607993333080574,0.0008103282002070054,0.6161016699253558,0.9917293777594088,BOMBAY
3621,172746,1599.927,601.7414306716629,369.4322407273755,1.628827601746111,0.7893538490759672,176302,468.98511532331213,0.7965196702263044,0.9798300643214484,0.8480423266860883,0.7793797990605893,0.0034833885049243567,0.0007928266811916604,0.6074328711837247,0.9894034267919405,BOMBAY
3622,172941,1635.318,643.1323079877496,347.7146649728632,1.8495978823267112,0.8412424524574957,175771,469.2497417218722,0.721399073958203,0.9838995056067269,0.8126497306775733,0.7296317350158849,0.0037187960517618703,0.0006501251764510805,0.5323624687422904,0.9846564948159604,BOMBAY
3623,172967,1599.26,604.4735421980905,370.18591601576946,1.6328917877371127,0.7905399652309365,175602,469.28501396721254,0.7464321933326141,0.9849944761449186,0.8498356920322541,0.7763532747202099,0.0034947333433434733,0.0007831254957889566,0.6027244071687937,0.984183734734643,BOMBAY
3624,173108,1591.4109999999998,572.6616553441256,388.9848630071921,1.472195218387039,0.7338998022696074,175235,469.47625191271874,0.7611685662023358,0.9878620138670927,0.8589389392781748,0.8198143660074457,0.0033081177955041107,0.0009217705442444283,0.6720955947121902,0.9894559208342798,BOMBAY
3625,173366,1577.459,586.7185948817745,378.7793859956833,1.548971819940753,0.7636845878813268,175139,469.825975136067,0.7762285980371086,0.989876612290809,0.8755029878451237,0.8007688510890613,0.0033842771643907946,0.0008583696852544325,0.6412307528744953,0.9932483662819861,BOMBAY
3626,173392,1608.021,620.2462774273386,358.0876098671542,1.7321076192986453,0.8165099708122611,175368,469.86120412385543,0.8390409135999612,0.9887322658637836,0.8426660319748486,0.7575397406216587,0.003577133186233151,0.0007266688717680116,0.5738664586211301,0.9939984654375901,BOMBAY
3627,173520,1589.015,589.0605955462223,377.26290705901897,1.5614060765694884,0.7680012149774047,175941,470.03460064387326,0.807009710905235,0.9862397053557727,0.863581657355494,0.7979393023361561,0.0033947706059602486,0.0008489255850281779,0.6367071302127115,0.9941583821092483,BOMBAY
3628,173809,1558.175,567.890054950672,391.48669525907377,1.4505986073801562,0.724408866996401,175580,470.4258624171017,0.8183406154657425,0.9899134297756008,0.8996004432953446,0.8283748910833871,0.0032673224916469922,0.0009490289726668543,0.6862049601774135,0.9954079596107118,BOMBAY
3629,173967,1605.55,604.9398200457546,370.00994887438907,1.6349285252627612,0.7911303904590054,176528,470.6396327116343,0.7253430397638435,0.9854923864769328,0.8480648602470224,0.7779941361374385,0.003477325125143013,0.0007858331690223938,0.6052748758642392,0.9895811601753214,BOMBAY
3630,174024,1563.3049999999998,580.5057916468222,382.87319522016674,1.51618290048487,0.7516597856279216,175448,470.71672854593976,0.7483486996009358,0.991883635037162,0.8948115413603357,0.810873440574254,0.003335780074281836,0.0008895891468853882,0.6575157366287283,0.996914116676191,BOMBAY
3631,174090,1619.733,620.8005823890924,362.7850013155362,1.7112079610180586,0.8114783326267321,176752,470.8059816346267,0.8151044105253301,0.9849393500497873,0.8338670791575505,0.7583852125633876,0.0035659749692061138,0.0007276415298188936,0.5751481306348148,0.9841980599069493,BOMBAY
3632,174091,1588.1109999999999,584.7234814747736,383.24982995308017,1.5256979541161417,0.7552492206426842,176822,470.80733382402747,0.7508712454496834,0.984555089298843,0.8674101029481938,0.8051794544603716,0.0033587232049604727,0.0008708126230915943,0.6483139538851017,0.9891312730674462,BOMBAY
3633,174325,1617.626,608.1851598198426,369.6825682313065,1.6451550927316312,0.7940553738525788,177123,471.1236394365679,0.7660751639156955,0.9842030679245496,0.8371693128331819,0.7746384991967327,0.0034888005726077306,0.0007749116987078028,0.6000648044377666,0.9871996689898018,BOMBAY
3634,174465,1578.1819999999998,606.6889824385544,367.99784524832404,1.6486210184985244,0.7950319592117446,176301,471.3127806162487,0.8082621425791746,0.989585992138445,0.8802458928606491,0.7768606225908897,0.0034774251708855897,0.0007812859066518082,0.6035124269323048,0.9949632719656526,BOMBAY
3635,174621,1591.3120000000001,590.5548665695671,379.99376027975956,1.5541172732278234,0.7654863905633522,177034,471.52344855924065,0.76636559932589,0.9863698498593491,0.866554056106034,0.7984413900409292,0.003381923517615677,0.0008478435346477096,0.6375086533304911,0.9907632099731247,BOMBAY
3636,174668,1618.159,631.7654455477975,356.5245112302151,1.772011252095522,0.8255489592742187,178496,471.58690058121994,0.754880394148281,0.9785541412692721,0.8382640192459738,0.746458838330912,0.0036169501313795174,0.0006927008843940419,0.5572007973223344,0.9873660825317732,BOMBAY
3637,174927,1615.125,639.2340940312988,351.39406546351626,1.8191374210833613,0.8353548505616423,177314,471.9364086843563,0.7205758774097875,0.9865380060232131,0.8426639855484925,0.7382841639564502,0.00365429061283449,0.0006696950008341987,0.5450635067488747,0.9915454219938012,BOMBAY
3638,175054,1619.8609999999999,607.6671568526028,370.0827939539977,1.6419762463426968,0.7931531689680873,177343,472.1076945613883,0.7681681549904558,0.9870928088506453,0.8383519987556743,0.7769182343285732,0.003471312605553731,0.000780143952125019,0.6036019428322279,0.9911000523768206,BOMBAY
3639,175144,1584.943,601.674950448569,372.972648215111,1.613187865994813,0.7846882435379633,176889,472.22904063928064,0.8219944431929113,0.9901350564478288,0.8761487220879141,0.7848574056261075,0.003435315799847948,0.0008040989063518715,0.6160011471661442,0.9937255760473088,BOMBAY
3640,175276,1595.654,608.730967029538,368.76386020456357,1.6507337966683013,0.79562367206768,177114,472.4069585040004,0.789343084759044,0.9896225030206534,0.865077202398083,0.7760521216938145,0.0034729852748210705,0.0007770451731648564,0.6022568955854712,0.9941658118194696,BOMBAY
3641,175387,1587.9719999999998,603.2318039405704,372.20736881510345,1.6206874298617928,0.7869458041905938,176888,472.55651940531516,0.7972281314205713,0.991514404594998,0.8740204267934789,0.7833746767301923,0.003439432819653512,0.0007989961888249857,0.6136758841421333,0.9945767914384774,BOMBAY
3642,175512,1606.945,602.3650349047135,374.487214510106,1.6085062762228373,0.7832595777525894,177479,472.7248871971496,0.7850743197606023,0.9889169986308239,0.8541116660979309,0.7847814195787919,0.003432044731441232,0.0008030221985943113,0.6158818765161039,0.9906498637880516,BOMBAY
3643,175545,1617.952,628.5570238787457,358.5796123308023,1.752907868333796,0.8213110501325153,177735,472.7693262898241,0.7308315188656073,0.9876782850873491,0.8426884893044233,0.7521502557913116,0.0035806034001466614,0.0007068941906974826,0.5657300072869355,0.9916725811258049,BOMBAY
3644,175717,1585.869,593.6952924727053,380.3224308437239,1.561031494134137,0.7678730319708388,178427,473.00088063578545,0.8022068826982953,0.9848117157156708,0.877988898232741,0.7967064698555468,0.0033787015056750648,0.000839697700712966,0.6347411991096874,0.9908510024346892,BOMBAY
3645,175738,1572.654,575.795513564044,393.069354479158,1.4648700210348624,0.7307413617740852,178091,473.0291440415358,0.7448103411739775,0.9867876535029845,0.8929130613932941,0.8215228026241337,0.0032764428499473305,0.0009205785462606837,0.6748997152314115,0.9886403600474601,BOMBAY
3646,175822,1591.722,606.0950909574223,374.26592610146616,1.6194236468994123,0.7865680212425826,178759,473.1421807812381,0.7324940007998934,0.9835700580110652,0.8720645692575739,0.7806401798005587,0.0034472084890253907,0.0007896795955839201,0.6093990903190487,0.9868752972616581,BOMBAY
3647,175965,1569.1229999999998,587.8046796434138,382.03141884509074,1.5386291562625682,0.7599947690830591,177068,473.33455028058415,0.8076419965576592,0.9937707547382927,0.8980947989372288,0.8052582204138424,0.003340463612896961,0.0008664174210277353,0.6484408015440686,0.9977099233659737,BOMBAY
3648,176119,1613.423,612.208811407385,369.6122781918482,1.6563540973322768,0.7971845945181185,177629,473.5416300381753,0.685048037652184,0.9914991358393055,0.8501970378338675,0.7734969200289151,0.0034761088321384123,0.000767551425852807,0.598297485294218,0.9909924911906757,BOMBAY
3649,176276,1616.1299999999999,621.1599639559505,365.52255152165617,1.6993752132941886,0.80853247199508,178364,473.75265063927134,0.8004540913631822,0.9882936018479065,0.8481066468648251,0.7626902539276782,0.003523792030429273,0.0007355002400864755,0.5816964234362665,0.988520483649472,BOMBAY
3650,176352,1626.129,588.8901818594436,386.33773407944966,1.5242885431903976,0.754722845782877,180410,473.85476698365653,0.7640901213171577,0.9775067900892411,0.8380699395860212,0.8046572715602792,0.0033392883656518987,0.000863530036182244,0.6474733246748329,0.9869361708232445,BOMBAY
3651,176478,1581.1129999999998,595.8924511448679,379.29148624145944,1.5710672998484307,0.771268473363924,177909,474.02401666558205,0.8195319030370577,0.9919565620626275,0.8871041652164475,0.7954858561387308,0.0033765820733738365,0.0008340400815445266,0.6327977473167697,0.9941678482271268,BOMBAY
3652,176492,1593.206,587.5180638468955,383.51100411888297,1.5319457787051485,0.7575607925228128,178253,474.0428184556732,0.7527113764793688,0.9901207833809249,0.8737577120492849,0.80685658471806,0.003328865126163767,0.0008702847082329799,0.6510175483028917,0.9973235849855902,BOMBAY
3653,176521,1635.591,620.756962862974,368.8891317885774,1.6827737912830416,0.8042752588700625,181196,474.0817626488026,0.7448143459915612,0.9741992096955783,0.8291952752506988,0.763715577932956,0.003516618208955161,0.0007379578896443144,0.5832614839774689,0.9814971387021384,BOMBAY
3654,176570,1601.0369999999998,610.4912664863843,369.6681419656924,1.651457610710316,0.795825763292073,178203,474.14755763779664,0.8027149650400517,0.9908362934406267,0.8656135455210819,0.7766655866621991,0.0034575027835214607,0.0007760300715615132,0.603209433505338,0.9961748098146486,BOMBAY
3655,176818,1633.063,643.6465922362436,353.81561865517585,1.8191582233782995,0.8353589870823527,178964,474.4804209037313,0.7307012033853478,0.9880087615386335,0.8331639294417679,0.7371753795125794,0.0036401644189858703,0.0006631076698441084,0.5434275401595154,0.9885806784914235,BOMBAY
3656,176826,1632.597,640.2908694378872,354.9426494350731,1.8039276780543967,0.8322863504872445,179666,474.491154540672,0.8095761338351235,0.9841928912537709,0.8336773426931561,0.7410556314151862,0.003621022188127805,0.0006736187953330414,0.5491634488521603,0.9906511451602219,BOMBAY
3657,176920,1640.2039999999997,627.0168971130382,362.91344899188664,1.7277312231188653,0.8154739833294445,180242,474.61725659160874,0.7178825467544746,0.981569223599383,0.8264014325454933,0.7569449225003023,0.003544070184902997,0.0007176938043166436,0.5729656156989887,0.9899305840166676,BOMBAY
3658,176994,1647.738,619.7310337620238,367.65127641174826,1.6856490743363033,0.8050232299328579,179689,474.71650485406064,0.7463440551891646,0.985001864332263,0.8192040549240628,0.7660040872446472,0.003501423967829552,0.0007436161456581784,0.5867622616755049,0.9890752632487907,BOMBAY
3659,177711,1607.597,607.9823028289646,375.2245473136494,1.620315907319234,0.7868348554119549,179829,475.6770676986967,0.7476587151331566,0.9882221443704853,0.8641115310924167,0.7823863712567838,0.0034211855362299725,0.0007907541807280789,0.612128433928358,0.9918414388165292,BOMBAY
3660,177713,1616.237,601.2761197852453,379.39222089992603,1.584840401732556,0.7758004300452701,180176,475.6797443801028,0.7677582408087441,0.9863300328567622,0.854907196497405,0.7911169739287149,0.003383411004176652,0.0008175180136687554,0.6258660664381271,0.991897828164576,BOMBAY
3661,177893,1612.656,610.8765588236766,376.4234083190352,1.6228442368970109,0.787588085403102,181791,475.92058405953856,0.7178894269572236,0.9785577943902614,0.8595779169546016,0.779078157747592,0.003433955011291488,0.000780366250006788,0.606962775879382,0.985006042846867,BOMBAY
3662,177906,1637.486,628.3163667076268,365.3822061439525,1.719614026469817,0.813527929129093,180773,475.9379733175888,0.7900016430059015,0.9841403306909771,0.8337680866603251,0.7574814194503643,0.0035317323008084425,0.0007172250962317225,0.5737781008125388,0.9866768702384543,BOMBAY
3663,178043,1635.951,632.9955101998207,362.3502488143939,1.746916173704793,0.8199484880288311,181333,476.1211907311862,0.8161120278694536,0.9818565842951917,0.83597672171414,0.7521715131611071,0.0035552956881192786,0.0007019772130209878,0.5657619852110696,0.9883387624325494,BOMBAY
3664,178177,1609.793,593.2555044977319,385.3183284611046,1.5396503635502954,0.7603632067029983,181200,476.3003279048599,0.724046569274844,0.9833167770419426,0.8640153083199298,0.8028586743718632,0.0033295852130057857,0.0008533482710018507,0.6445820510141455,0.9924309891819242,BOMBAY
3665,178200,1593.538,578.0201215608884,395.93619414772655,1.4598819964037564,0.7285554112471736,180886,476.3310685561105,0.7572667006629271,0.985150868502814,0.881845930758331,0.8240735067662069,0.0032436594924853445,0.000922738898190662,0.6790971445539536,0.9914016951435163,BOMBAY
3666,178573,1634.8139999999999,619.8859139751062,373.26960810226547,1.6606921659833467,0.7983765220692627,183684,476.82932504407927,0.6645343276805883,0.9721750397421659,0.8396319620016954,0.7692211006801941,0.0034713305705515738,0.0007496878830496327,0.5917011017316494,0.9826333842494651,BOMBAY
3667,178603,1614.0829999999999,604.5212048587069,377.36804251578087,1.6019406434858006,0.7812303492750423,180147,476.86937667283087,0.8121566808541598,0.9914292216911744,0.861483346936958,0.7888381298126477,0.003384720328654653,0.0008084517988232113,0.6222655950463157,0.9968325477475696,BOMBAY
3668,178848,1643.858,650.5139939594753,351.6060805799274,1.8501215703850717,0.841340787822239,180604,477.19633914856723,0.8032119856646277,0.9902770702752984,0.8316974173814788,0.7335681377798229,0.0036372450011153343,0.0006497019303414487,0.5381222127657572,0.9955915133412722,BOMBAY
3669,179122,1642.56,619.1034091995417,369.88317721916684,1.673780932277178,0.8019063510780022,180813,477.5617381366014,0.7993520287035218,0.9906477963420772,0.8342885987083021,0.771376366274668,0.0034563225578072023,0.0007548477122207783,0.5950214984471108,0.9959356383957685,BOMBAY
3670,179166,1593.2979999999998,584.127094563679,392.7594104333726,1.4872389535343034,0.7401998697904977,181118,477.62038929679306,0.7656143169697799,0.989222495831447,0.8868934345422952,0.8176651857821414,0.0032602563799140403,0.0008989458749848208,0.668576356040144,0.9943328001149215,BOMBAY
3671,179180,1624.7959999999998,619.7963023462466,372.5204848557391,1.6637911941574615,0.7992212295312957,181677,477.6390495192436,0.8009118541033434,0.9862558276501704,0.8529070688086786,0.7706387529437252,0.0034590707799210104,0.0007525625271692258,0.59388408753866,0.9880991151970614,BOMBAY
3672,179387,1617.553,621.6396128733878,370.2418889962433,1.679009402633248,0.8032891200682245,181149,477.9148692093672,0.8222613367069577,0.9902732005144936,0.8615565569965123,0.7687973213294989,0.0034653548633590383,0.000746749469950282,0.5910493212834129,0.9923773678548499,BOMBAY
3673,179474,1655.841,611.4539473114847,377.6808177349781,1.6189700895546864,0.7864321791154899,183984,478.03074592728717,0.7880653376657591,0.9754869988694669,0.8225724171149987,0.7817935398555378,0.003406922157590987,0.0007850734370367198,0.6112011389598524,0.9895163626777587,BOMBAY
3674,179496,1606.14,594.6168787506103,386.0202109982423,1.540377580782468,0.7606250216093461,181511,478.06004363655273,0.78140263810892,0.9888987444287123,0.8743752233633592,0.8039799419098849,0.0033127026716506794,0.000853774297166423,0.646383746993422,0.9956750324508343,BOMBAY
3675,179725,1592.405,591.5388324167595,388.9329689046206,1.5209274597696156,0.7534601696351877,181562,478.3648996085803,0.7972612097876041,0.9898822440819114,0.8906586522555304,0.8086787771044517,0.003291355306255443,0.0008682778314713847,0.6539613645391515,0.9946277969560035,BOMBAY
3676,179759,1663.533,637.2804154235297,362.5224249083994,1.757906191829526,0.8224353645980361,182091,478.41014550492974,0.7764833437003248,0.9871932165785239,0.8162772006171625,0.7507058649950564,0.003545193372368169,0.0006945426614812984,0.563559295737976,0.9906843754408752,BOMBAY
3677,180012,1635.838,628.6451234239752,365.29512323887167,1.7209239418531608,0.8138441550197355,181815,478.7466939069826,0.8011321913510193,0.9900833264582131,0.8453386698293739,0.7615531817051939,0.0034922400919048463,0.0007245774337360203,0.5799632485653041,0.9980726398509676,BOMBAY
3678,180028,1630.826,625.6249768195405,371.44042522744934,1.6843211840403283,0.8046783572954573,183263,478.7679696466566,0.6746108475541666,0.9823477734185296,0.8506181933678728,0.7652635163010054,0.0034751537361940392,0.0007351870026609719,0.5856282493813791,0.9863860664055093,BOMBAY
3679,180089,1610.86,609.186554150078,377.71496404861716,1.6128208096930658,0.7845767730782262,181809,478.8490747321234,0.7152746886120996,0.9905395222458734,0.872130461351054,0.7860466904102994,0.003382697189445652,0.0007965925844632948,0.617869399504985,0.9965126251941981,BOMBAY
3680,180097,1628.676,605.1446051207067,381.94445868204537,1.584378543437561,0.775650794802624,182527,478.85971044573023,0.7339633868022952,0.9866869011159993,0.8531923428908212,0.7913145162224708,0.003360103750316256,0.0008126976067807146,0.6261786635844032,0.9921040389415353,BOMBAY
3681,180261,1594.528,578.0660713455111,401.3581787068023,1.4402748019439175,0.7196741777608543,182710,479.07769054038107,0.7747163486333162,0.9865962454162334,0.8909377077332621,0.8287594001586637,0.0032068282731456672,0.0009331884098931813,0.6868421433513482,0.9892414319820988,BOMBAY
3682,180547,1649.901,658.5985792313139,351.899574589869,1.8715526439578554,0.8452849877347262,182425,479.4575894521844,0.83441324361297,0.989705358366452,0.8334592463830174,0.7279966956682252,0.00364779574975665,0.0006320157600245334,0.5299791889038546,0.991883952235649,BOMBAY
3683,180805,1631.287,631.5071809547533,369.9237546851961,1.7071279498991996,0.8104707024842511,184775,479.80003739666495,0.7377146167907037,0.9785144094168583,0.8538066830947953,0.7597697252963495,0.0034927528605666505,0.0007179191802684269,0.5772500354768904,0.9854396696429041,BOMBAY
3684,180948,1578.418,571.5790898551201,404.2273452355968,1.4140040167791847,0.707001977331785,182446,479.9897385785848,0.7398013001349196,0.9917893513697204,0.9126822439491582,0.8397608434210728,0.0031588030254831225,0.0009690022591336659,0.7051982741432719,0.9971531922643349,BOMBAY
3685,181020,1593.4560000000001,594.8962103793124,388.8031964042209,1.5300702666055914,0.7568706032770859,182766,480.08522408834784,0.7841455490578297,0.9904468008272873,0.8958932674493566,0.8070066941294519,0.0032863562610723255,0.0008598109137734188,0.6512598043697467,0.9964732625015237,BOMBAY
3686,181118,1654.0910000000001,632.3590714517621,370.3584897506303,1.7074242631174512,0.8105441678663251,185974,480.21515996826173,0.7704722768149604,0.9738888231688301,0.831864671436845,0.7594026584702734,0.0034914203527631827,0.0007162594330346339,0.5766923976917187,0.984658592174219,BOMBAY
3687,181168,1672.5240000000001,653.0310214849467,360.19470764643023,1.8129944933171165,0.8341261910569782,186215,480.2814402416358,0.7527089011500365,0.9728969202266198,0.8138542526356105,0.7354649694121874,0.0036045605266103653,0.0006505490585357084,0.5409087212324697,0.9806645329816708,BOMBAY
3688,181181,1601.3609999999999,576.0441325901379,403.3586387664746,1.4281189919515769,0.7139254029461908,183119,480.2986716145085,0.768292320935617,0.9894167180904221,0.8878590413996713,0.8337879763741064,0.0031793848835702304,0.0009478625838681363,0.6952023895460275,0.9928317357608002,BOMBAY
3689,181460,1662.9370000000001,645.9213640585604,360.19979619147495,1.7932307871579183,0.8300743702080026,184707,480.6683344965035,0.8171886117791168,0.9824208070078557,0.8245921153265279,0.7441592138651189,0.0035595798746751923,0.0006733516968864186,0.5537729355803518,0.9930426771775055,BOMBAY
3690,181748,1602.2379999999998,587.5345751329933,395.98146834291776,1.483742604399334,0.7387574872424577,183366,481.04962402700863,0.820354956939354,0.9911761177099353,0.8896628363458399,0.8187596856204065,0.003232687980792049,0.0008961265684615137,0.6703674227972267,0.9946527058056268,BOMBAY
3691,181822,1603.2469999999998,579.5137629134539,401.9407075513229,1.4417891794138744,0.7203770324914807,183395,481.1475454606796,0.7662696706871992,0.991422885029581,0.8889051507930504,0.830260774207938,0.003187258763589961,0.0009342329208570236,0.6893329531883645,0.9938727929203947,BOMBAY
3692,181877,1596.933,596.6735480977784,389.9349479853459,1.5301874099271602,0.7569138048443416,183602,481.22031199628015,0.7884009345834905,0.9906046775089596,0.8962192233975192,0.8065051878542827,0.0032806432264540233,0.0008561846296266388,0.6504506180358718,0.9953113464978314,BOMBAY
3693,181985,1622.6889999999999,597.6705158709798,390.6550595867941,1.5299187894895083,0.7568147212961545,184037,481.36316700452744,0.77181620777987,0.9888500681928091,0.8685100989385592,0.8053988848739532,0.003284174607088385,0.0008524130647595276,0.6486673637562073,0.9924083879392473,BOMBAY
3694,181992,1639.2519999999997,642.9683400997226,363.72814384936754,1.7677167713642696,0.8246101088064594,184472,481.37242466248705,0.8081170489109922,0.9865562253350102,0.851080651390085,0.7486720490589436,0.0035329483719049332,0.0006846735198669416,0.5605098370421172,0.9908226394540043,BOMBAY
3695,182090,1621.3349999999998,617.0719421652219,379.36512462880575,1.6265911179078552,0.7886965777136006,183882,481.5020131846032,0.7708818424283477,0.9902546198105306,0.8704632571387199,0.7803012587074982,0.0033888293819826563,0.0007749589468430212,0.6088700543405061,0.9903826223503401,BOMBAY
3696,182178,1655.89,635.9195746502895,368.33860720983904,1.7264537634742483,0.8151698448269076,183979,481.6183486753411,0.7963021243115657,0.9902108392805701,0.8349160833346904,0.7573573261055802,0.0034906496648897754,0.0007084176117270407,0.5735901194057941,0.9902768203397768,BOMBAY
3697,182361,1634.593,608.4481310664864,385.26417550946485,1.5793010867462256,0.7739951832068245,184578,481.86018368137553,0.8270340136054422,0.9879888177355914,0.8576746215186685,0.7919494843985668,0.0033365035893995233,0.0008095828147700202,0.6271839858391559,0.9905123504256084,BOMBAY
3698,182494,1653.2979999999998,614.2726257457701,387.0123388421079,1.587217161043486,0.7765679465224705,189173,482.0358674174555,0.7456038568393528,0.9646936930745931,0.8389888200023129,0.7847262717140131,0.0033659880639679667,0.0007873450554009917,0.6157953215181754,0.9774009020039388,BOMBAY
3699,182755,1630.171,616.8017129153164,379.6072900147508,1.6248415906115732,0.7881801388635965,184677,482.3804442533659,0.8240299032383152,0.9895926401230256,0.864197102277311,0.7820672902696594,0.003375019632378411,0.0007788118561124324,0.6116292465097277,0.993800637763424,BOMBAY
3700,182835,1612.474,572.7845687564542,408.7107612633649,1.4014423476052384,0.7006037180542214,184739,482.48601240000056,0.8136197367367101,0.9896935676819729,0.8836570745795413,0.8423516252323336,0.003132794972278033,0.0009729385431219586,0.709556260531554,0.994402191517335,BOMBAY
3701,182940,1636.3349999999998,624.2977589881912,376.4219039658481,1.6585053962344132,0.7977770769520759,185434,482.6245355489613,0.7926892678868552,0.98655047078745,0.858566817054349,0.773067864813672,0.0034125820432283327,0.0007518537095922441,0.59763392360757,0.9911790872758998,BOMBAY
3702,182972,1640.716,587.4675311957103,398.9277317140871,1.4726164277211753,0.7340795756838162,185353,482.66674422346745,0.8325044930272767,0.9871542408269626,0.8541372701798255,0.8216058226078723,0.0032106963425863537,0.0009024705312263108,0.6750361277431586,0.9940692910198653,BOMBAY
3703,182976,1623.533,617.4970769187398,380.38287348286747,1.623356675511712,0.787740232821007,184527,482.672020048253,0.7935467083008066,0.9915947259750606,0.8723318958934922,0.7816587933610101,0.0033747435560879013,0.0007771223708261908,0.6109904692385901,0.9918554569124988,BOMBAY
3704,183019,1641.7579999999998,624.628080918601,375.95657513348584,1.6614367781620063,0.7985799954566399,184890,482.728731523083,0.7167518455423055,0.9898804694683325,0.8532725209083523,0.7728258563290406,0.003412913855493697,0.0007509856947327099,0.5972598042107148,0.9923094048335206,BOMBAY
3705,183093,1626.402,606.6280630007352,386.827381419644,1.5682138652502566,0.7703112087565575,185169,482.8263124190676,0.7758177966101695,0.9887886201253989,0.8698128219886997,0.7959181941414445,0.0033132236786809722,0.0008201706977119195,0.6334857717653785,0.993441170721226,BOMBAY
3706,183153,1627.014,608.643469199353,385.11088875799663,1.5804369260039908,0.7743672416133603,185326,482.90541758907534,0.7685783945514286,0.988274715906025,0.8694434115591865,0.7934126332191139,0.003323142231900941,0.0008123162433471017,0.6295036065516882,0.9948907448469758,BOMBAY
3707,183243,1653.9099999999999,621.0828563698708,380.4553282835007,1.6324724880894919,0.7904180861315447,187180,483.02405105326324,0.7835719417077176,0.978966769954055,0.8418088964691594,0.7777127417048041,0.0033893947183241424,0.0007648543980644382,0.6048371086100032,0.9873799395814261,BOMBAY
3708,183410,1635.855,614.4548917372272,384.273731902314,1.599003108267175,0.7803126175821921,185080,483.2441048785553,0.7542522042373997,0.9909768748649233,0.8612778202994933,0.7864598547051939,0.003350171156083241,0.00079059305101862,0.6185191030629148,0.9890139683202258,BOMBAY
3709,183422,1639.468,621.5491779972597,380.41531404793113,1.6338700232213743,0.7908238742957713,186364,483.2599132707088,0.7899310938845823,0.9842136893391428,0.8575420005247086,0.77750873201676,0.003388629379230734,0.0007638796409689598,0.6045198283623099,0.9877068260041086,BOMBAY
3710,183483,1669.563,634.1044842773302,374.90971828903105,1.691352486596458,0.8064936065704718,187798,483.3402646031488,0.7632531323316528,0.9770231844854578,0.8271800914290784,0.7622407293870459,0.0034559304364836538,0.0007196367921792378,0.5810109295364956,0.9826942804112715,BOMBAY
3711,183612,1610.186,590.307164609308,396.92585229635273,1.4871975740410401,0.7401828749528937,185076,483.5101439348638,0.7979799735762464,0.9920897361084096,0.8899361174013551,0.8190822895650821,0.0032149705063356858,0.0008926205854299474,0.670895797079177,0.9977546018504821,BOMBAY
3712,183754,1630.7589999999998,625.535742117447,376.0671769916466,1.663361708728283,0.7991044988926013,185287,483.6970739039726,0.8226219468519447,0.9917263488534004,0.8682945950598807,0.773252495959146,0.0034042020424994665,0.0007507241947631652,0.5979194225070491,0.9945562723031536,BOMBAY
3713,183825,1594.423,582.2252397978697,402.76205480678567,1.445581163491622,0.7221243196406081,185116,483.79051180334375,0.7978515625,0.9930259945115495,0.9086724011528641,0.8309335953406978,0.003167279966260681,0.0009313898254487711,0.6904506398658184,0.9981024393107647,BOMBAY
3714,183924,1623.448,631.1129489644076,373.1654798268266,1.6912415083444632,0.806465162943335,185666,483.9207683349311,0.7609756097560976,0.9906175605657471,0.876943276104441,0.7667736324044627,0.0034313789878667685,0.0007316731708547028,0.5879418033507341,0.9943515823176595,BOMBAY
3715,184018,1653.6549999999997,627.8334711967432,376.17293945552234,1.6690022203762918,0.8006290291562703,186286,484.044413812488,0.8278955513964872,0.9878251720472822,0.8456299450283238,0.7709758017358138,0.003411804666917058,0.0007435786484724304,0.5944036868621809,0.992061073172834,BOMBAY
3716,184172,1632.7039999999997,632.663269888903,373.84609254695346,1.692309435625419,0.8067385981076961,186777,484.2469137051514,0.8099317478187448,0.9860528865973862,0.8681975477996615,0.7654101901477325,0.003435176193389348,0.0007272868569778998,0.5858527591819881,0.9914441522508648,BOMBAY
3717,184245,1671.1219999999998,620.9515398133112,385.13744770393305,1.6122855451092248,0.7844140549320646,189905,484.3428743356612,0.7255082633400669,0.9701956241278534,0.8290662988170306,0.7800010842734663,0.0033702490695178226,0.0007695247381629156,0.6084016914677829,0.9809172527735086,BOMBAY
3718,184246,1642.028,646.5775398160879,365.2053645245822,1.7704491845507007,0.8252083772685016,186178,484.3441887328419,0.7549456673168013,0.9896228340620267,0.8587105826591018,0.749089102090692,0.003509316564897408,0.00068161042586052,0.5611344828710392,0.9934600876223102,BOMBAY
3719,184259,1644.5939999999998,628.1734098235988,377.5461788450255,1.6638319893616256,0.7992323117483402,186648,484.3612755716092,0.8151682460471248,0.9872005057648622,0.8560934433984436,0.771063002662952,0.003409187121516989,0.0007433443806731935,0.5945381540756075,0.9892115996470067,BOMBAY
3720,184362,1653.0049999999999,615.7104167602272,384.5050669677784,1.6013063796941427,0.7810327139930794,187863,484.49663460798575,0.7850937707598753,0.9813640791427796,0.8478771676471963,0.7868904300130766,0.0033396818040606372,0.0007898450619119531,0.6191965488461646,0.9915233839519592,BOMBAY
3721,184398,1623.758,613.8688831416299,385.643002938808,1.5918060964768384,0.778037997178861,187032,484.54393564472,0.8120541140411139,0.9859168484537405,0.8788676173157303,0.7893280616618705,0.003329043065226466,0.000797130354684632,0.6230387889268856,0.9917569425553625,BOMBAY
3722,184491,1656.3239999999998,618.6363354986536,383.1531608992631,1.6145928016010878,0.7851140571661182,187848,484.66610862297244,0.7667955112219451,0.9821291682637026,0.8450734534788082,0.783442679991155,0.003353206039853725,0.0007792358253303766,0.6137824328317232,0.9910086977993035,BOMBAY
3723,184715,1664.133,643.8353873687554,368.569885179327,1.7468475132077013,0.8199327795568547,187214,484.96024837687014,0.7987330277609617,0.9866516393004796,0.8381774309174672,0.7532363984508825,0.0034855609309950757,0.0006921140002998272,0.5673650719512567,0.9911002650189613,BOMBAY
3724,184827,1607.292,599.8428246485444,393.45950672498077,1.5245350903868764,0.7548150560177121,186978,485.1072513731019,0.7918385707859392,0.9884959727882424,0.8990538646145345,0.8087239380704979,0.003245428561024874,0.0008563533674832082,0.6540344080082546,0.9970984053289916,BOMBAY
3725,184936,1622.1709999999998,621.6169728010599,380.3633655116274,1.6342714077233012,0.7909401894666335,186576,485.25027402892005,0.7493628211725711,0.9912100162936284,0.8831572891730107,0.780625843986113,0.0033612545572579695,0.000769932882235525,0.6093767082990315,0.9958869309056495,BOMBAY
3726,185104,1607.624,588.7555844447555,402.5758804741509,1.4624710843365072,0.7296936613454904,187253,485.4706300989356,0.7966396391743704,0.9885235483543655,0.9000294194962325,0.8245707436588885,0.003180674563730419,0.0009070070968414866,0.6799169112981724,0.9943588225249669,BOMBAY
3727,185149,1647.795,645.0968411175412,368.58782569957975,1.750184884411598,0.8206938354762532,186539,485.5296370646911,0.8331413400530981,0.9925484751178038,0.8568896028851086,0.7526461239890402,0.003484203755448537,0.0006896784006228749,0.5664761879557257,0.9914380615392143,BOMBAY
3728,185350,1641.8489999999997,604.654587477713,392.9410130724,1.5387922547201873,0.7600536739931091,187679,485.7931140070456,0.8280024301770813,0.9875905135896931,0.8640443383388663,0.803422522656295,0.0032622313864457135,0.0008384371900505181,0.6454877499114049,0.9932715500804312,BOMBAY
3729,185677,1612.79,582.4894600589536,408.71466321110523,1.4251738743175257,0.7125032888653612,187533,486.22145052207514,0.7673998578253898,0.9901030751920995,0.8970410772251625,0.8347300403905417,0.003137111543481172,0.0009394937525612194,0.6967742403303955,0.9930244436163206,BOMBAY
3730,185896,1652.6830000000002,618.1100834169033,387.6740194187152,1.5944067759395064,0.7788642665908889,187616,486.50810723778056,0.8066932243254268,0.990832338393314,0.8552651764057185,0.7870897438662884,0.0033250316489698718,0.0007871772962644855,0.6195102648994995,0.9877513641198405,BOMBAY
3731,185950,1641.868,622.9177351471676,383.0486917888178,1.6262103186886598,0.7885843411567776,188551,486.5787637613293,0.8139209146378829,0.9862053237585587,0.8668212902716866,0.7811284481190321,0.003349920597726096,0.0007693148134642266,0.6101616524608475,0.992251175299954,BOMBAY
3732,186003,1660.0269999999998,633.3096036718185,374.2694278532832,1.692122189365895,0.8066906991609512,187431,486.64810185530825,0.7784702051612579,0.9923811962802311,0.8482024241178009,0.7684205308648527,0.0034048354256211917,0.0007322708182808214,0.590470112254622,0.9991475791034169,BOMBAY
3733,186103,1646.095,622.0727101173583,384.88350088288297,1.6162623461135324,0.7856183276599965,189236,486.7789015496132,0.7976640521194976,0.983443953581771,0.8630847570116726,0.7825112621606227,0.0033426259120882427,0.0007730897680100581,0.6123238754082108,0.989676023448605,BOMBAY
3734,186401,1757.418,672.2481021352415,359.75909370851036,1.8686062809573367,0.8447518487582546,191438,487.16847637976235,0.7730471747019181,0.9736886093670013,0.7584168292427739,0.7246855362363742,0.003606461886659629,0.0006135634538219092,0.5251691264302012,0.9813343282123516,BOMBAY
3735,186431,1677.124,642.8633743598239,375.08211660152364,1.71392701999382,0.812145171262092,189926,487.20767806400704,0.8140025324193337,0.9815980961005866,0.8329091737151209,0.7578712639356351,0.0034482643678348766,0.0007017171299765342,0.574368852699397,0.9844262960843467,BOMBAY
3736,186439,1663.337,627.8109192897664,382.694746844511,1.6405004888787935,0.7927321919511295,188370,487.2181313137669,0.8486226421964896,0.9897488984445506,0.8468103009946659,0.7760587086713144,0.0033673797826086088,0.00075344259687553,0.6022671193045881,0.9880195036547993,BOMBAY
3737,186509,1672.0520000000001,655.69875622946,366.11750974924985,1.7909516446742504,0.8295971714080097,189519,487.3095876842671,0.8440161464037144,0.9841176874086504,0.8383205229274473,0.7431912643642936,0.0035156413697433365,0.0006615866207990855,0.5523332554273975,0.9892021522159806,BOMBAY
3738,186519,1621.151,583.4342732595953,410.55042519529826,1.4211025916781268,0.7105180610505181,188837,487.3226514789332,0.8330162388123694,0.9877248632418435,0.8918380661948332,0.8352657254026318,0.003128015233084004,0.0009391766038641203,0.6976688320323848,0.9914589853342738,BOMBAY
3739,186542,1664.9729999999997,624.6485736824293,383.92552257296927,1.6270045541546614,0.7888183264128499,188989,487.3526968777199,0.7653852939607669,0.9870521564747154,0.8456138789857233,0.7802030091971194,0.0033485680097909815,0.0007653663616325825,0.6087167355602404,0.9903849009466699,BOMBAY
3740,186618,1640.6119999999999,609.8680528099457,391.8326653740804,1.5564502572232157,0.766296075824382,188480,487.45196415584024,0.8028652555498194,0.9901209677419355,0.871267726427372,0.7992744691411895,0.0032680022977952055,0.0008227083001411407,0.6388396770209304,0.9943221796236231,BOMBAY
3741,186765,1648.501,635.8735910633054,377.52688102766535,1.6843134171860685,0.8046763372941443,188680,487.6439106278911,0.8080447536472665,0.9898505405978376,0.8636284216456266,0.7668881322975764,0.0034046721337686685,0.0007264121960276149,0.588117407458865,0.9905740402636524,BOMBAY
3742,187129,1600.835,576.3698506266538,416.26225260014667,1.384631556251879,0.6916698964828513,189047,488.1188817969924,0.773110181080534,0.9898543748380032,0.9176093260917726,0.846884827973373,0.0030800669625052975,0.000977321226151606,0.7172139118514896,0.993077014932426,BOMBAY
3743,187588,1654.3570000000002,593.1580854034479,405.88031034596725,1.461411333054928,0.7292287050271504,189950,488.71715717557913,0.7161104621422082,0.9875651487233482,0.8613039726856556,0.8239239575452617,0.0031620257447355265,0.0008988633832243188,0.6788506878170462,0.9920800886279643,BOMBAY
3744,187645,1652.744,630.5905427201802,381.2804429574607,1.6538759182844711,0.7964986695348493,189828,488.79140169588663,0.7966418306480715,0.9885001158943886,0.8632482016373002,0.7751327820226827,0.0033605507352723507,0.0007483325521745975,0.6008308297662237,0.9936996403132341,BOMBAY
3745,187761,1664.8329999999999,615.0686122560675,393.7663939480915,1.562013980139578,0.768208999347857,192202,488.9424609900626,0.8167108164889799,0.9768941009979084,0.8512828850856223,0.7949397046885956,0.0032758060100663475,0.0008069278311755331,0.6319291340903916,0.9870821419066897,BOMBAY
3746,187777,1674.447,638.4466932351769,376.93987525900394,1.6937626797814525,0.8071097121657262,190000,488.96329309236967,0.8212061576139246,0.9883,0.8416072129824452,0.765863929241554,0.0034000260587568067,0.0007215533885109508,0.5865475581133122,0.9934723638492708,BOMBAY
3747,188247,1691.965,664.188712816929,368.01324415058303,1.8047956788890929,0.8324638635530661,194252,489.5748406298675,0.7275471318920005,0.9690865473714556,0.8263331541169217,0.737102018119976,0.0035282831217333024,0.000642471091384506,0.5433193851165414,0.9805804785150128,BOMBAY
3748,188362,1657.968,639.8234602061567,377.82401303803306,1.6934430796534625,0.8070281926555656,191016,489.7243583133319,0.8106193623906907,0.9861058759475646,0.8610946062775005,0.7654054419253999,0.003396775677717144,0.0007191389514662555,0.5858454905290168,0.9920959916825517,BOMBAY
3749,188557,1648.893,620.4363872840922,390.1882186939718,1.5900951324486456,0.7774917078455991,190364,489.9777840235495,0.7335706504824152,0.9905076590111576,0.871500368760178,0.7897308959720847,0.003290444731747388,0.0007894977175307809,0.6236748880528715,0.9917024037233251,BOMBAY
3750,188888,1655.013,630.1989919647748,384.8905253825387,1.6373460774032473,0.791827783551562,191255,490.4076581028639,0.7788232383622644,0.9876238529711642,0.8665854905614091,0.7781790582906477,0.003336363305052596,0.0007546946228940499,0.6055626467621192,0.9915156242978841,BOMBAY
3751,188980,1696.319,650.0019913953249,374.7298893591212,1.7345880589002003,0.8170930873906675,192822,490.52707281459095,0.645608712882111,0.9800748877202808,0.8252977396002297,0.7546547230749284,0.0034395279468479464,0.0006881320458261392,0.5695037510592971,0.987854406086329,BOMBAY
3752,189236,1659.042,616.7189284721205,394.23239711349623,1.5643537491784885,0.7690059633003538,191867,490.8592043422464,0.6962427703130288,0.9862873761511881,0.8639703971346551,0.7959204455720484,0.003258993682344377,0.0008067554821370932,0.6334893556796082,0.99100144862206,BOMBAY
3753,189378,1715.619,651.0513742878322,378.40246573510586,1.7205262471613743,0.81374823711721,195616,491.04333668511947,0.7368851119463965,0.9681109929658106,0.8085328975565396,0.7542313188759623,0.00343784058490338,0.0006862521937321456,0.5688648823733736,0.9787469612117571,BOMBAY
3754,189503,1676.898,651.1912386223274,373.22669157770014,1.7447606329269172,0.8194543039244476,191559,491.20536789203305,0.796686341775132,0.9892670143402293,0.8468620278768192,0.7543181461274517,0.003436310974614267,0.0006862627770460867,0.5689958655771556,0.9927615865571972,BOMBAY
3755,190062,1654.4479999999999,631.5148943633628,384.65028953004054,1.6417897283658291,0.7931000375297561,191654,491.9293184507857,0.7637183361193263,0.9916933640831915,0.8725672642387103,0.7789670882532471,0.0033226783595003886,0.0007546481318312859,0.6067897245817421,0.9962211370962347,BOMBAY
3756,190130,1653.353,632.0055465850095,385.29370732142905,1.640321486116986,0.7926810368151198,191870,492.0173113219661,0.8149243495778149,0.9909313597748476,0.8740360320191225,0.7785015716721816,0.003324070617919368,0.0007531612698200396,0.6060646970960569,0.9941409446236449,BOMBAY
3757,190239,1658.79,615.3651523971731,394.5142925305135,1.559804458414084,0.7674523401445009,192195,492.158325898153,0.7901340709728868,0.9898228361820026,0.868813581504838,0.7997825745915831,0.0032346950541012787,0.0008163959803699837,0.6396521666203413,0.9977323013286369,BOMBAY
3758,190505,1693.703,648.0574493468672,376.3201003677347,1.722090977105912,0.8141251775400343,192570,492.5022837203622,0.7817032888122936,0.9892766266812069,0.8345295688968092,0.7599670125182907,0.0034017870887738757,0.0006999481293868309,0.5775498601159759,0.994593402934504,BOMBAY
3759,190600,1660.6229999999998,619.8668960722523,394.90290503857614,1.5696691216077545,0.7708002161226885,192978,492.6250675985968,0.7803160566609351,0.9876773518224875,0.8685416769950706,0.794727175656717,0.003252187282645605,0.0008002534695762162,0.6315912837273021,0.9913893355433485,BOMBAY
3760,190728,1696.174,665.9885050233677,368.9420170563909,1.805130546899934,0.8325322681745436,192377,492.790454339619,0.836654749632619,0.9914282892445563,0.8330738747274026,0.7399383782492287,0.0034918234607575586,0.0006456754216517238,0.5475088036060987,0.9883248660860056,BOMBAY
3761,190919,1627.569,596.8968718700305,408.8116613018089,1.4600778998556159,0.7286418111153842,192563,493.03713921092447,0.7771296688267283,0.991462534339411,0.9056913006899612,0.8260005412095364,0.0031264403850325556,0.0008977413767623273,0.6822768940784469,0.9961774146260715,BOMBAY
3762,191042,1677.6039999999998,629.0483911808736,389.46102041155683,1.61517676535674,0.785290652693854,193440,493.1959337882815,0.7752509881262529,0.9876033912324235,0.8530211791577565,0.784034965676385,0.0032927230199687693,0.0007674970028246298,0.6147108274031703,0.9928666458348179,BOMBAY
3763,191093,1686.806,635.7172404226741,386.47850768869364,1.6448967478800682,0.7939822850614624,194125,493.2617604498411,0.767047461545872,0.984381197681906,0.8439648676124583,0.7759137696531283,0.00332674268771056,0.0007437942386545857,0.602042177937328,0.990297220575744,BOMBAY
3764,191366,1681.844,642.8971263715035,383.3926337299694,1.6768635331275248,0.8027234565399282,193330,493.6139774335702,0.7841197777522823,0.9898412041586924,0.8501650020601016,0.7677962105998452,0.003359515934761157,0.0007201787878849895,0.5895110210114818,0.9885295335109279,BOMBAY
3765,191369,1683.2079999999999,650.456082350168,381.3812679294206,1.705527085484815,0.8100730196906579,194562,493.6178465538127,0.8248948239594469,0.9835887788982433,0.8488009916494268,0.7588795922552036,0.003398962644682096,0.0006953727219581419,0.5758982355414242,0.9822100391988126,BOMBAY
3766,191554,1682.5439999999999,635.3960002872996,385.93085176113675,1.6463985643743342,0.7944065915202219,193468,493.8563837313428,0.7125045565119065,0.9901068910620878,0.8502922659379802,0.7772418830273429,0.0033170594207758623,0.0007467200200775752,0.6041049447318898,0.99459751373802,BOMBAY
3767,191584,1634.6270000000002,580.6355824738464,421.0280125008902,1.3790901442041668,0.6886269908453758,193466,493.8950545799597,0.7713187189242506,0.9902721925299536,0.9010144670874306,0.8506110708470166,0.003030710197479155,0.0009786970884091484,0.7235391938475083,0.9978257711805268,BOMBAY
3768,191756,1699.1399999999999,659.9922340099096,373.0010083888275,1.7694113934456548,0.8249815278846788,193517,494.1167090275695,0.6620128704394178,0.990900024287272,0.8346425055057299,0.7486704896896568,0.0034418335489367195,0.0006670102162724427,0.5605075021321506,0.9917683603843919,BOMBAY
3769,192018,1667.608,637.5186105803888,385.1775667854584,1.655129128886893,0.7968459994156709,193459,494.4541544986314,0.818487559729072,0.992551393318481,0.8676885491691314,0.7755917180966476,0.0033200981709026692,0.0007410770089159136,0.6015425131801099,0.9956305358282275,BOMBAY
3770,192106,1680.348,605.2438765194247,407.46416584200267,1.485391666942591,0.7394394106178017,194851,494.56744330868884,0.8140084745762712,0.9859123124849244,0.8549728553858791,0.8171374589575318,0.0031505724783162667,0.0008664623906725886,0.667713626831572,0.9918162571996318,BOMBAY
3771,192239,1729.088,678.5730081836936,364.12961813495104,1.8635479631107783,0.843829857377144,194337,494.7386146646964,0.8202722307561017,0.9892043203301482,0.8080108064872664,0.7290867875646003,0.003529840501582372,0.0006152501906032071,0.5315675438012687,0.9906016135066537,BOMBAY
3772,192812,1678.8189999999997,654.8477551629032,378.21928237856616,1.731397064276207,0.816342390314366,194740,495.4753910129909,0.8149557043348887,0.990099620006162,0.8596787112117931,0.7566268451049877,0.003396301864836749,0.0006866145942290809,0.5724841827335271,0.9911974333293924,BOMBAY
3773,193432,1682.4659999999997,638.984285516216,387.7218946907641,1.6480479804367294,0.7948710033390404,195899,496.2713689275374,0.7880323634615541,0.9874067759406633,0.858708166440349,0.7766566098360539,0.0033034052561945076,0.0007414088897668803,0.6031954896020325,0.9940951084471737,BOMBAY
3774,193584,1693.3589999999997,637.042722607846,390.593854843955,1.630959408878435,0.7899773360426487,197382,496.46631711326773,0.8005955334987593,0.9807581238410797,0.8483620693102083,0.7793297050485026,0.0032907818962716238,0.0007487964606090956,0.6073547891709862,0.9905710079257981,BOMBAY
3775,193700,1638.311,578.1835432702846,429.9621281509271,1.3447313272840817,0.668576944740795,195583,496.61504187368405,0.8104772066361221,0.9903723738770752,0.9068736646699147,0.8589228241688823,0.0029849434345394148,0.0010021493333650354,0.737748417878249,0.9920734091751491,BOMBAY
3776,194219,1695.2059999999997,639.867504993124,392.1446533167206,1.6317129395522496,0.7901970185965581,197270,497.279912261614,0.8208124487570684,0.9845338875652658,0.8492911841366415,0.777160753407782,0.0032945669836273693,0.0007413470215697246,0.6039788366373514,0.9855200829568808,BOMBAY
3777,194330,1672.3729999999998,628.0549767623313,395.8854848974083,1.5864561867558458,0.7763226663309795,196056,497.42199461662744,0.7170822247888384,0.9911963928673441,0.8731390661752766,0.7920039057422548,0.0032318992268941045,0.0007844167641763859,0.6272701867109864,0.9951366684751389,BOMBAY
3778,195076,1671.831,629.8558160152942,397.1060279049652,1.5861149712036866,0.7762125445474778,196829,498.3758395315292,0.7962578217158998,0.9910937920733225,0.877059300204079,0.7912538502612281,0.0032287714327507953,0.0007806932242323768,0.6260826555532182,0.99303907318392,BOMBAY
3779,195106,1648.761,619.8388104424068,404.00922868421407,1.5342194346923985,0.7583932700482219,197343,498.4141597257231,0.7910493752077911,0.9886644066422422,0.9019138938019432,0.8041028592094491,0.0031769336178405936,0.0008192837265481513,0.6465814081888113,0.991997762554053,BOMBAY
3780,195332,1691.9550000000002,624.8906193893665,402.31792027643553,1.5532259138742806,0.7651758446276856,198864,498.70274387876475,0.7588066195322819,0.9822391181913267,0.8574437607387453,0.7980640585805071,0.0031991205710757403,0.0008005000825524406,0.6369062415979909,0.9892592791582728,BOMBAY
3781,195455,1716.411,633.8275833216708,396.8950788955631,1.5969650847912198,0.7796722906393386,198403,498.85973501196827,0.7590249623312674,0.9851413537093693,0.833708195061423,0.7870590490833757,0.003242831256921904,0.0007675971953092701,0.6194619467440275,0.9892591003070103,BOMBAY
3782,196076,1692.0400000000002,641.3045355862482,393.1082328555507,1.6313688749986022,0.7900967561709311,199295,499.6515955878574,0.8039657872940636,0.9838480644271056,0.8606232043321489,0.77911751416369,0.0032706936880915983,0.000743415315986576,0.6070241008766076,0.9902802245441092,BOMBAY
3783,196157,1685.806,643.0574261533602,390.6051793895242,1.6463105460055418,0.7943817620670238,198513,499.75478924830253,0.8045024279808386,0.9881317596328704,0.867358191572219,0.7771542150406922,0.0032782792668798982,0.0007376571173615933,0.6039686739555145,0.9943199973899463,BOMBAY
3784,196212,1747.118,682.7367864552062,370.01727389162954,1.8451484150309312,0.8404031066435173,199571,499.82484687295783,0.8382692209101629,0.9831688972846756,0.8077760125050161,0.732090106742404,0.0034795873160418643,0.0006165462401161931,0.5359559243901045,0.988918224414839,BOMBAY
3785,196264,1668.132,628.0231974390141,400.80601807207654,1.5669006180592762,0.7698684827745353,198006,499.8910741430596,0.8344557823129252,0.9912022867993899,0.8863182313169545,0.7959754929141816,0.003199889931108171,0.0007923436628939519,0.6335769853199744,0.9927521698860008,BOMBAY
3786,196411,1687.1979999999999,654.8413345093996,384.0744664459346,1.7049853393510614,0.8099381423761982,197945,500.07824609852605,0.7666734325841381,0.9922503725782414,0.8670488508575473,0.7636632261052664,0.0033340359476271677,0.000699451413464088,0.5831815229055034,0.9943159467343086,BOMBAY
3787,197245,1702.646,642.0772452834813,396.08539008371923,1.6210576339303189,0.7870562678196366,200777,501.13883705145736,0.802082825029685,0.9824083435851716,0.8550020226620267,0.7804961797551342,0.003255226978039906,0.0007451507889569596,0.6091742866123587,0.9875066277070202,BOMBAY
3788,197598,1687.798,641.6806396449272,395.19276069000506,1.6237155724324384,0.7878466891540459,199491,501.5870687732875,0.8402633078473563,0.990510850113539,0.8716687424652251,0.7816771112976695,0.0032474045265889692,0.0007478693516065317,0.6110191063266693,0.9921212379963648,BOMBAY
3789,198209,1672.222,617.1342070510481,412.1567576652075,1.4973288574643304,0.7442905468055229,200587,502.3619580764569,0.7867621958480531,0.9881447950265969,0.8907285421709589,0.8140238417134161,0.003113552901488066,0.0008433046826153929,0.6626348148778687,0.9921822302771673,BOMBAY
3790,198281,1725.184,650.6859374709884,392.47592795303666,1.6579002459199204,0.79761069198669,201595,502.4531920185529,0.7089566647597254,0.9835611002257001,0.8371824608329225,0.7721900276059913,0.003281635343129137,0.0007197254132728354,0.5962774387341417,0.9885685123138338,BOMBAY
3791,198323,1689.6169999999997,646.5186691073077,393.3605136580264,1.6435779562494877,0.7936085410802313,201273,502.506404168655,0.7389221110676428,0.9853432899594083,0.8729842457616601,0.7772496420907687,0.0032599278404789544,0.0007338881454838457,0.6041170061302281,0.9929133942710794,BOMBAY
3792,198671,1686.7689999999998,623.2703818110278,410.1004499947948,1.5197993121415465,0.7530339961863016,201134,502.94708826285046,0.7924271674271675,0.9877544323684708,0.8774717031995879,0.8069484816548547,0.0031371985937103447,0.0008205499237382305,0.6511658520450753,0.9896414140281696,BOMBAY
3793,198796,1739.1609999999998,689.3857987723306,372.76128936241304,1.8494028710746382,0.841205809992765,202308,503.1052857356712,0.8253248640345414,0.9826403305850485,0.8259198989685566,0.7297877133988098,0.003467805181051584,0.0006067651702922835,0.5325901066278634,0.9849736723035184,BOMBAY
3794,198997,1716.7869999999998,653.6835728437379,392.2606567038151,1.6664520432323549,0.7999420383777329,201507,503.359563019978,0.7592986874236874,0.9875438570372245,0.8484447392088501,0.7700355094288186,0.0032848915955704756,0.0007124326517256238,0.5929546857813002,0.9881305476644464,BOMBAY
3795,199021,1747.665,705.4098963801059,364.76853768573756,1.9338561950971886,0.8559240656854836,202063,503.38991590290806,0.7837632418383019,0.9849452893404532,0.8188274445385811,0.7136133452140561,0.0035443993165550666,0.0005669885118613251,0.5092440064675955,0.9848046767234725,BOMBAY
3796,199437,1707.9040000000002,634.5901353616157,403.7199052865377,1.5718574364353406,0.7715324165080069,201610,503.9157420475636,0.7941931912758493,0.9892217647934131,0.8591889548860762,0.7940806419255344,0.003181907747116211,0.0007804153132085035,0.6305640658808688,0.9911568161037478,BOMBAY
3797,199669,1690.464,625.7629324893995,411.06565203519216,1.5222943814235947,0.7539749527754568,202954,504.2087530554435,0.7644705305797401,0.9838140662416114,0.8780285828141315,0.8057504317962855,0.0031340014348216275,0.0008148565134519509,0.6492337583399006,0.9883249025513544,BOMBAY
3798,199788,1749.634,685.9410472790516,375.6152943905856,1.82617975764792,0.8367459929012732,202653,504.3589814443168,0.7926270937641337,0.9858625334932125,0.8201340519707061,0.7352803618400979,0.0034333445816518092,0.0006190261887394109,0.5406372105077053,0.9873007300604086,BOMBAY
3799,200116,1773.3789999999997,636.1081262359635,402.3250586196983,1.5810800560579819,0.7745774724166721,202634,504.77282487691605,0.7734190815561447,0.9875736549641225,0.7996290342341656,0.7935330552429875,0.0031786969869273996,0.0007774795638528048,0.6296947097632704,0.9955977470119262,BOMBAY
3800,200419,1716.101,651.2283237318373,394.7898344458638,1.6495569716122924,0.7952944207172206,202151,505.1548241047259,0.7866509665391032,0.9914321472562589,0.855190890517156,0.7756954138756692,0.003249334263377411,0.0007256697973632164,0.6017033751077459,0.9925439972516286,BOMBAY
3801,200662,1706.597,635.6740949610945,403.7872338542014,1.5742798228004957,0.7723385740213369,202914,505.46097131791214,0.7750111040302802,0.9889017021989611,0.8657909559372142,0.7951574168660249,0.003167884776196263,0.0007811988519567623,0.6322753175970494,0.9953782749478101,BOMBAY
3802,200714,1688.8000000000002,612.1030514438394,420.6495528926708,1.4551377678511836,0.726449214191495,203767,505.5264602194166,0.7118603191266754,0.9850172010188107,0.8843640694204671,0.8258845614753463,0.0030496280849559043,0.0008751933969512259,0.6820853088833252,0.9925280938525669,BOMBAY
3803,201447,1780.9669999999999,660.7194826937354,400.6828906386191,1.6489835182147734,0.7951336752847363,210441,506.44870082592206,0.6931509677419355,0.9572611800932328,0.7981029634641226,0.7665109234574777,0.003279867571588236,0.0006984084173337514,0.5875389957796353,0.9688421203490779,BOMBAY
3804,201491,1671.6999999999998,610.8914982970679,421.5739848500404,1.4490730458957761,0.7237175185311571,203393,506.5040070011615,0.7968007909045971,0.9906486457252708,0.9060430458528773,0.8291226975872167,0.0030318550123681347,0.0008838191530419838,0.6874444476543031,0.9961572196465608,BOMBAY
3805,201946,1713.493,665.433210525946,388.29929183258474,1.7137121404095879,0.8120926082498694,203438,507.0755694184913,0.8183074335960452,0.9926660702523619,0.8643317177162192,0.7620232374902182,0.0032951046840538857,0.0006853648697379611,0.5806794144750733,0.9951173622718642,BOMBAY
3806,202236,1685.383,633.5119695128973,408.9218692721378,1.549224967205886,0.7637737533827433,203633,507.4395260216338,0.7970645499475812,0.993139618824061,0.8946869708827643,0.8009943780727622,0.003132538071920416,0.0007954153950606682,0.6415919937041711,0.9939703354059033,BOMBAY
3807,202280,1715.349,652.9293624383731,396.37765473355876,1.6472405914941546,0.7946438820334013,204687,507.4947242179259,0.7837910097295789,0.9882405819617269,0.8638887563299371,0.7772582355963903,0.003227849329831783,0.0007266986388795319,0.6041303648024139,0.9951480594567075,BOMBAY
3808,202363,1709.543,628.3358870405369,413.00764012640474,1.5213662557143715,0.7536256098986835,204085,507.59883174731766,0.6876920044585814,0.9915623392214028,0.8701235340054629,0.8078463163040217,0.003104993931897318,0.0008157470547133092,0.6526156707659776,0.9928674594537583,BOMBAY
3809,202626,1715.4599999999998,644.7516591274558,406.4288112403031,1.5863827595289328,0.7762989762038791,207843,507.92857371042544,0.7440185062789161,0.9748993230467228,0.8652544536852078,0.787789479127214,0.0031819789125159446,0.0007559929857868204,0.620612263423527,0.984528595047312,BOMBAY
3810,203101,1734.279,650.4675321974778,402.3138876183486,1.616816004160756,0.7857851388688523,206039,508.5235734705484,0.7433334553306737,0.9857405636796918,0.8485628120395582,0.7817816390506082,0.003202680105944716,0.0007379640238912178,0.6111825311566554,0.9881696978375604,BOMBAY
3811,203179,1732.071,676.9838844575098,388.0407184268969,1.7446207377462297,0.8194221576087386,206073,508.62121216062707,0.8152726951720596,0.9859564329145497,0.8510543615394847,0.7513047560477788,0.00333195795066178,0.000654853008538609,0.5644588364600124,0.9847665916922453,BOMBAY
3812,203296,1716.579,627.5124928414722,416.80535691717205,1.5055288576009642,0.7475385539912823,205470,508.767635061901,0.7650184390757884,0.9894193799581448,0.8669840488970686,0.8107689342695372,0.003086693751187786,0.0008227382800522358,0.6573462647765611,0.989653771057317,BOMBAY
3813,203536,1735.247,648.1573184622057,401.6988750212869,1.6135402879280119,0.7847951832604841,206049,509.0678579297813,0.7748793153334247,0.9878038718945493,0.8494317594447337,0.785407868474859,0.003184484899291554,0.0007474806386703654,0.6168655198622215,0.9953373685313517,BOMBAY
3814,203643,1719.3069999999998,649.439542853067,402.09785503844256,1.6151280955999563,0.78527594338491,206242,509.2016502413388,0.7745848326017664,0.9873982990855403,0.8657101064428353,0.7840632062598991,0.0031891081100409394,0.0007434526288927863,0.614755111410553,0.9929082523528654,BOMBAY
3815,203657,1685.9379999999999,605.762137529023,432.3898212991784,1.4009629914712658,0.700354969758879,206515,509.2191531768312,0.8073553430696288,0.9861608115633247,0.9003803473530615,0.8406255882118973,0.0029744233565702285,0.0009162056544668647,0.7066513795565982,0.9899924306309088,BOMBAY
3816,203677,1728.4859999999999,662.5508971103653,393.5188546457996,1.6836573121933824,0.8045055784172935,205511,509.2441563268289,0.8022632918173296,0.991075903479619,0.8566829450172441,0.768611375439736,0.0032529490178584983,0.0007003002001385863,0.5907634464553628,0.9946431964011353,BOMBAY
3817,203686,1722.9319999999998,660.9976049508324,394.68475982952816,1.6747482351138407,0.8021633297188092,206087,509.25540734382616,0.7909613734238905,0.9883495805169661,0.8622531093326162,0.7704345727269414,0.0032451793689837905,0.0007052799243886042,0.5935694308529449,0.9940793567384963,BOMBAY
3818,203688,1738.084,676.0589864227641,389.1160898527235,1.7374223375821995,0.8177558262528676,207028,509.2579075360694,0.7880710659898477,0.9838669165523504,0.8472933240809413,0.7532743706739401,0.003319090895991733,0.000659191614312458,0.5674222775142205,0.9858521397949725,BOMBAY
3819,203793,1754.6019999999999,664.2640947788259,397.0850735369588,1.6728508298285336,0.8016587568853512,207056,509.3891503950717,0.7978116191669277,0.9842409782860675,0.831843996159264,0.7668473343643215,0.0032595039808964287,0.0006952915119226303,0.5880548342216657,0.9837280174123942,BOMBAY
3820,204023,1700.494,621.6446109314304,422.19890123782096,1.4723975100571458,0.7339861657154185,207033,509.676516660815,0.8027660830218375,0.9854612549690146,0.8866225758502342,0.8198840747563951,0.003046933977695801,0.0008492833501374522,0.6722098960391502,0.9897601771638176,BOMBAY
3821,204413,1780.349,712.9073513908872,371.30474736237915,1.9200060232333014,0.8536593822286058,208732,510.16341995281164,0.813279807753517,0.9793083954544584,0.8104161482906901,0.7156097057457456,0.003487583232920055,0.0005641690180332927,0.5120972509575125,0.9832298063196395,BOMBAY
3822,204635,1706.37,635.1262867560467,412.6639161877246,1.5390884975441417,0.7601606059840027,206334,510.4403728515996,0.807044458729852,0.9917657778165498,0.8831680830806361,0.8036832729105113,0.0031037031141107176,0.0007987293669040204,0.6459068031561515,0.994107731223141,BOMBAY
3823,204774,1739.2769999999998,659.25360028531,398.6538100364614,1.6536994848362638,0.7964496950419417,209024,510.6137038247194,0.8115260846820855,0.9796674066135946,0.8506426815106274,0.7745330531433388,0.003219420435628107,0.0007146893049484787,0.599901450411542,0.9920567194980943,BOMBAY
3824,205358,1737.7039999999997,653.9932040124792,404.0643304999081,1.618537333407676,0.7863024386419067,207809,511.3413013122679,0.8121475294434031,0.9882055156417672,0.8546137745593059,0.7818755579951114,0.0031846492662203525,0.0007341620306902776,0.6113293881901669,0.9894594377950587,BOMBAY
3825,205476,1746.6399999999999,679.0974407969095,386.45261050334517,1.7572592921869554,0.8222904787119352,207384,511.4881901803817,0.7738509513264338,0.9907996759634301,0.8463776044800482,0.753188216377548,0.003304996402484521,0.0006560921193793342,0.5672924892899919,0.996879998192707,BOMBAY
3826,205889,1779.422,687.7230434153582,384.4723515492763,1.7887451220981114,0.8291331754692177,208651,512.0019693575191,0.786183959310229,0.9867625844112896,0.8171186008825303,0.7444886052019194,0.0033402612252978947,0.0006329835373282699,0.5542632832754993,0.9914357443171332,BOMBAY
3827,206303,1734.416,666.0177998119804,395.98594680115036,1.6819228187065691,0.8040530183864562,207854,512.5164756351725,0.8175920421670035,0.9925380315028818,0.86180471325093,0.7695236910783135,0.003228347623699027,0.0006983096359864961,0.5921667111307917,0.9959787039292998,BOMBAY
3828,206702,1735.169,663.5370803705906,401.7599413487485,1.6515760086558902,0.7958587902190635,209401,513.011852081263,0.7006847457627119,0.9871108542939145,0.8627222177408368,0.7731472245601435,0.0032101144660941386,0.0007075368866531835,0.5977566308450529,0.9872405105186647,BOMBAY
3829,206979,1795.1009999999999,712.4086751113217,379.0117206463131,1.8796481383121357,0.8467352645842419,214037,513.3554789127503,0.6070210425984309,0.9670243929787841,0.807157656399624,0.7205912797630276,0.003441936984483072,0.0005724514852145106,0.5192517924705181,0.9760106650324488,BOMBAY
3830,207034,1753.619,665.6352300378553,399.9981324795483,1.6640958444271958,0.799303965878389,209699,513.4236807011337,0.8268791437015736,0.9872913080176825,0.8460208230358611,0.7713288863510647,0.003215101046387817,0.0007019929873035465,0.5949482509195736,0.9900509120044914,BOMBAY
3831,207561,1752.359,667.5314214099088,400.3320375695491,1.6674444180449575,0.8002098184586555,210438,514.0767191234934,0.7206603822717567,0.9863285148119636,0.8493945137973697,0.7701161363126545,0.003216073450262375,0.0006977994370475386,0.5930788634091311,0.9889260402520035,BOMBAY
3832,207673,1755.004,659.2733366103533,405.1692711656377,1.627155323782773,0.7888626972873007,210788,514.2153984215033,0.733686858337985,0.9852221189061996,0.8472931189152252,0.7799729943051181,0.003174574145942676,0.0007247421193951088,0.6083578718452919,0.9898927499382246,BOMBAY
3833,208477,1726.0859999999998,642.6828881816128,416.13111715152803,1.544424008905802,0.7620734521953414,210800,515.2098218859502,0.794270714274829,0.9889800759013283,0.8793123092067826,0.801654799529001,0.0030827519974942694,0.0007853584823518797,0.6426504176078828,0.992524734286954,BOMBAY
3834,208502,1770.466,674.4861852310231,401.01715509102473,1.6819384823522703,0.8040571127160826,212629,515.2407122465876,0.679936996370443,0.9805906061731937,0.8358818730713585,0.7639010605830404,0.0032349147021660373,0.000679502483609439,0.583544830359894,0.9814865063600332,BOMBAY
3835,208936,1752.441,663.4179616778237,405.37699253523465,1.6365456695724057,0.7915972994903301,211979,515.7766740739503,0.7917031378478024,0.9856448044381755,0.8549413632629687,0.7774535871315879,0.0031752209369272106,0.0007155691341837458,0.6044340801437734,0.9891839764012729,BOMBAY
3836,210260,1739.133,648.6103637168195,417.8989247233611,1.5520747370819001,0.7647738002182071,213691,517.4082978422508,0.8233414521446976,0.9839441062094333,0.8735764792996477,0.7977182092454956,0.003084801501554359,0.0007705574238924574,0.6363543413618402,0.987669497060104,BOMBAY
3837,210910,1748.3319999999999,675.7077432627816,400.40431028405436,1.6875636098508076,0.8055187719219801,212898,518.2074414557293,0.8098404970165186,0.9906621950417571,0.8670801069478438,0.766910615754479,0.0032037729043799803,0.0006836290109425145,0.5881518925569144,0.9925437309439307,BOMBAY
3838,211734,1776.5849999999998,679.8398710904265,400.16997501399635,1.698877760798142,0.8084070393082657,213916,519.2187417312234,0.801840490797546,0.9897997344752145,0.8430017655754536,0.7637368206992987,0.003210820515790693,0.0006738615986478076,0.5832939312918728,0.990945087880282,BOMBAY
3839,212510,1769.7459999999999,670.9666465850378,408.56052622015426,1.6422698805304679,0.7932367696023938,216642,520.1693336324907,0.8398144196266262,0.9809270593882996,0.8526432464968101,0.7752536378372198,0.003157341520799199,0.0007035202050523651,0.6010182029798431,0.9870340924043434,BOMBAY
3840,213012,1753.363,638.1534742962785,427.18343588372994,1.4938628717569706,0.7428972316706784,215532,520.7833540956609,0.7298530782303602,0.9883080006681142,0.8707034367506498,0.8160785376432416,0.002995856920249932,0.0008196504016340566,0.6659841796019315,0.9948890390848514,BOMBAY
3841,213022,1849.699,721.2160983513037,384.3779693717415,1.8763200698784006,0.8461416264203208,218065,520.7955782248672,0.7375137620396208,0.9768738678834292,0.7824060469655967,0.7221075339491219,0.003385641381412735,0.0005678429281955545,0.5214392905860823,0.9783870061498214,BOMBAY
3842,213307,1785.693,664.751189699743,414.6074683721457,1.603326617124687,0.7816612264832887,219982,521.1438453717201,0.7999332473298932,0.9696566082679492,0.8406232148353988,0.7839682778260421,0.0031164058830687367,0.000726152334582992,0.6146062606375303,0.9854145767316252,BOMBAY
3843,214138,1763.6460000000002,653.1324411138695,422.1838462542204,1.5470332342383895,0.7629999655925752,217249,522.1579929776985,0.8004560406698564,0.9856800261451146,0.865128801767665,0.799467244479843,0.0030500538956834823,0.0007685815855438021,0.6391478749961931,0.9887830042119544,BOMBAY
3844,214563,1765.021,659.1128280306317,417.5290886065788,1.5786033740314744,0.7737661514475183,217833,522.6758999963655,0.7377710383528295,0.9849885003649584,0.8654957566617572,0.7929991312080404,0.0030718848451533197,0.0007493341753449425,0.6288476220967071,0.9927009779935314,BOMBAY
3845,215005,1836.0469999999998,713.3668369753793,390.04513765668054,1.8289340594300345,0.8372850884757176,219894,523.2139794728192,0.8131500321470444,0.9777665602517577,0.8014765777811398,0.733443093165371,0.003317908127603448,0.0005922564672138482,0.5379387709119872,0.9838545400088639,BOMBAY
3846,215107,1772.436,680.4892103204221,406.94029249524453,1.6722089772626145,0.8014876094245124,217799,523.3380730936233,0.8191431835491242,0.9876399799815426,0.8604453315101667,0.7690615297885458,0.003163491705618237,0.0006826385542520573,0.5914556366006984,0.9890374251762625,BOMBAY
3847,216075,1767.4569999999999,684.2747669095493,404.0402968616956,1.693580497352666,0.8070632500683722,217769,524.5142844848463,0.8119335347432024,0.9922211150347386,0.8691939047864506,0.7665258312150783,0.003166839138769174,0.0006743928318352684,0.5875618499199668,0.9950832900129102,BOMBAY
3848,217182,1811.572,704.3042088383955,396.8257458054027,1.7748450454214622,0.8261641691662511,220372,525.8561693131232,0.6759897908366533,0.9855244767937851,0.831615342681709,0.7466321551313948,0.0032429216456170197,0.0006216457617869948,0.5574595750761512,0.9894043648466606,BOMBAY
3849,218077,1795.5770000000002,710.8683797004618,394.69049461953585,1.8010780330185236,0.8317015021380314,220398,526.9385734572959,0.8053749025951245,0.989469051443298,0.8499857808169492,0.74126039152189,0.003259712760632537,0.0006070748958159922,0.5494669680391858,0.9896328860046688,BOMBAY
3850,218738,1810.955,682.4655468068211,412.08144842413026,1.6561423704383824,0.7971261347925627,223507,527.7365550502258,0.7030640811774197,0.9786628606710305,0.838144275955788,0.7732794095166347,0.0031200136547230983,0.000688148301210006,0.5979610451823952,0.9903086227981848,BOMBAY
3851,218983,1845.855,713.9672821086093,394.05381641927164,1.811852220075826,0.8338961426273593,222086,528.0320210221537,0.7456263406993769,0.9860279351242311,0.8076535393527676,0.7395745354922706,0.003260377664515553,0.0006016937075841003,0.5469704935486079,0.9910297030520154,BOMBAY
3852,221203,1792.381,689.2430553046871,412.2568809119637,1.671877625862776,0.801399164399828,224322,530.7018061153101,0.7391913116123643,0.9860958800296004,0.8652472219242683,0.7699777343142149,0.003115884754296674,0.0006755753826516903,0.5928657113396517,0.9911989179299828,BOMBAY
3853,221428,1812.571,679.7200366979293,417.63820085507257,1.6275331981276386,0.7889738390028888,225247,530.9716432274115,0.8053391525731951,0.9830452791824087,0.8469394194245181,0.7811622646977784,0.003069711313374683,0.0007050863722859712,0.610214483787762,0.9931443303429025,BOMBAY
3854,222737,1847.94,722.4940683398489,396.6969713897139,1.8212744750956844,0.835778955159997,225516,532.538784010776,0.8365520401418184,0.9876771492931765,0.8196463280033317,0.737083953138116,0.00324370925504002,0.0005905946496399228,0.5432927539737124,0.989485225316762,BOMBAY
3855,223035,1817.2779999999998,680.812554864904,419.9943465426474,1.621004093196222,0.7870402976659665,225889,532.8949069563407,0.7610921152310559,0.9873654759638584,0.8486725326848887,0.7827336660412864,0.0030524920073750936,0.0007067899288983465,0.6126719919544321,0.9931438067448171,BOMBAY
3856,223165,1827.554,669.0993604706523,428.4011860362138,1.5618522597042757,0.7681537516954646,226058,533.0501880693998,0.7519441748881341,0.9872023993842288,0.8396446222822281,0.7966682073861887,0.002998227143461799,0.0007449965110191329,0.6346802326599235,0.9912767555695368,BOMBAY
3857,224267,1770.662,640.4429454212835,449.3396784437009,1.425298000923207,0.7125634615482545,226132,534.36468163523,0.7800591304347826,0.9917526046733766,0.8988845244771034,0.8343673475608742,0.0028557163801240645,0.0008537368650123221,0.6961688706757685,0.9922480996791396,BOMBAY
3858,225335,1802.309,676.7098296242478,428.7621503173816,1.578287237162442,0.7736622537378581,228491,535.6355410285037,0.7861089985557098,0.9861876397757461,0.8717260306600605,0.791529127522682,0.0030031279189839475,0.000727145295539149,0.6265183597168182,0.9888259309890021,BOMBAY
3859,225405,1796.132,663.2439940602409,435.837856504911,1.5217677495455642,0.7537768289224057,228671,535.7187317809872,0.7852081765738651,0.9857174718263356,0.8780048376203318,0.8077249648374941,0.0029424546663128185,0.0007725801891551091,0.6524196188217312,0.9928311350937207,BOMBAY
3860,226687,1839.8079999999998,720.6955205465366,405.53724088200994,1.777137702517982,0.8266594145135988,231500,537.2400326459112,0.7583838505493329,0.9792095032397409,0.8415723788437827,0.745446610017081,0.0031792538634616745,0.000605579474572698,0.5556906483859582,0.9875388021833494,BOMBAY
3861,226806,1812.548,679.9753874028949,428.6803406330758,1.5862061376519068,0.7762419755265157,229994,537.3810270033762,0.7682297311944505,0.9861387688374479,0.8675317349181421,0.7902948208991136,0.002998048496966107,0.0007213980431683856,0.6245659039399621,0.9906902701976791,BOMBAY
3862,230867,1815.0729999999999,671.6153919037116,440.6864180199469,1.5240210826586267,0.7546227504637221,233243,542.1706317888979,0.7410628019323672,0.9898131991099411,0.8806098330055906,0.8072635593596224,0.002909100875845017,0.0007620789006426548,0.6516744542699667,0.9931656073374844,BOMBAY
3863,231066,1787.859,641.9042752331753,460.1984968278401,1.3948421814887224,0.6971482610583389,232903,542.4042483644234,0.736700143472023,0.992112596231049,0.9084047160381366,0.844992422222756,0.0027780126683855494,0.0008736253786501373,0.7140121936138802,0.9959343257499326,BOMBAY
3864,233751,1849.3709999999999,706.993075786545,423.5279880240607,1.669294818236146,0.8007076130532336,237344,545.5465303907532,0.8192045251437764,0.9848616354321154,0.8588459166645047,0.7716433853101333,0.003024556368899149,0.0006614667164506039,0.5954335140928829,0.9939540796793886,BOMBAY
3865,234898,1869.885,695.1376296583686,432.5894199047081,1.6069224018735717,0.7827728080521893,238265,546.8833720083289,0.799467697690407,0.9858686756342727,0.8442272914767077,0.7867267555017838,0.0029593169361100077,0.0006993054663573091,0.6189389878223635,0.9945869249247097,BOMBAY
3866,237270,1921.685,738.1445017251737,412.9216472112919,1.7876139618988427,0.8288945432688987,240671,549.6376504382793,0.7841147933217888,0.9858686754947625,0.80739916117314,0.7446206659450545,0.0031109895971895883,0.0005899546965585078,0.5544599361524565,0.9911603231796721,BOMBAY
3867,241322,1895.94,726.3734931585373,427.3701204803078,1.6996356515101922,0.808598089839022,244319,554.3110258822018,0.8208231292517006,0.9877332503816731,0.8436408515840113,0.7631212194595028,0.003009976268879494,0.0006296757286588111,0.5823539955893585,0.9897896127030832,BOMBAY
3868,248424,1884.5569999999998,715.0530398111042,446.04361762614036,1.6031011577222904,0.7815912270000326,251082,562.4084464704349,0.8075362771103136,0.9894138170000238,0.878991871923536,0.7865268940315344,0.0028783573238137386,0.0006794832862822593,0.6186245550348927,0.9917177403718731,BOMBAY
3869,251432,1919.8679999999997,719.1256903918719,450.926186722595,1.5947747360129927,0.7789807753887893,257425,565.8031152369625,0.7667760469399953,0.9767194328445178,0.8572108790212327,0.7867930777561853,0.002860119994240478,0.0006760925307692928,0.6190433472050505,0.987234690619534,BOMBAY
3870,254616,1985.37,738.8601534818813,447.41832874876803,1.6513855289481494,0.7958056520436629,263261,569.3743583287609,0.7837473450918829,0.9671618659809087,0.8117319584911376,0.7706118074517647,0.00290186065872483,0.0006312464571718085,0.5938425577840758,0.980663006398178,BOMBAY
3871,45504,793.417,295.4698305520384,196.3118224893667,1.5051046177722822,0.7473721581277368,45972,240.70208192624517,0.7377790748577265,0.9898198903680501,0.9083567245276849,0.8146418247728765,0.0064932715926520395,0.0017640469732470574,0.6636413026692821,0.9988495891919492,CALI
3872,45666,789.77,274.863357260753,211.88513916338147,1.2972281036132975,0.6369871140013782,46074,241.13016619634288,0.748377581120944,0.9911446802969137,0.9200291145425582,0.8772728696884516,0.006018993501965423,0.0021990871050630886,0.7696076878914111,0.9983567214895898,CALI
3873,48373,825.1479999999999,313.5704169933912,197.89870021516236,1.5844996286103268,0.7756900400523031,49026,248.17416565282136,0.8065392823796185,0.9866805368579937,0.8927897255048844,0.791446361657426,0.006482343807359295,0.0015689090628630247,0.6263873433807772,0.9925105129530509,CALI
3874,49245,822.642,301.3927909840374,208.34644372586885,1.4465943627076927,0.7225881504285283,49720,250.40104109304954,0.7772253787878788,0.9904465004022526,0.914429542770173,0.8308129742436722,0.00612027192575972,0.0017987199898136408,0.6902501981716169,0.9985120455329285,CALI
3875,49882,891.505,357.18900363774367,179.83469135101458,1.9862074494879072,0.8640114944747699,51042,252.01534669634583,0.7260210170872995,0.9772736178049449,0.788689675309237,0.7055518062698717,0.007160679275845869,0.0010945853144592608,0.4978033513306786,0.9887407247930398,CALI
3876,50954,865.7629999999999,330.1554739607484,198.46152528567475,1.6635742040453798,0.7991622668186164,51704,254.70894715819364,0.7338056971686973,0.9854943524678942,0.854260063775932,0.7714818237073227,0.00647948098207694,0.0014158680313276603,0.5951842043107765,0.9901330889466826,CALI
3877,51643,855.523,307.9956111565151,213.62472630489034,1.4417601205814368,0.7203635729518909,52139,256.4252518937205,0.7860665469268471,0.9904869675291049,0.886661696869877,0.8325613827120805,0.005963937245251343,0.001767575116504376,0.6931584559834514,0.9993682190807434,CALI
3878,52448,882.4739999999999,336.9594210522996,199.00511267777327,1.6932199204243576,0.806971239798947,53082,258.4160746592011,0.7891901652171296,0.9880562149127765,0.8463206902439118,0.7669056227963196,0.006424638137818403,0.001370869524796438,0.588144234276611,0.9958575335598879,CALI
3879,53609,893.4559999999999,354.7254336862836,193.35432504701393,1.8345875304316697,0.8383829636497789,54085,261.26059548601535,0.7953857566765579,0.9911990385504299,0.8439199057367944,0.7365149794053735,0.006616900775733247,0.0012010489865726286,0.5424543148884976,0.9951799219232923,CALI
3880,54076,893.9889999999999,342.74242466900824,203.25951298050154,1.6862306695671712,0.8051739758451222,55293,262.39607775479163,0.7700501253132832,0.977989980648545,0.850256720278341,0.7655780518218358,0.006338161562782163,0.0013430771645466285,0.5861097534313174,0.98831624196834,CALI
3881,54137,905.4159999999999,356.39267181380865,195.43736558881363,1.8235646532589556,0.8362315561478437,54769,262.5440329417668,0.7632454532637812,0.9884606255363435,0.8298655191173416,0.7366706829452668,0.006583162565598549,0.0011959358627571025,0.5426836951110459,0.9896188043044629,CALI
3882,54343,867.5899999999999,303.8479559922264,228.01623265283624,1.3325716000879944,0.6609513873062484,54907,263.0430698185051,0.7404485502507085,0.9897280856721365,0.9072446142078159,0.8657062344208587,0.005591298897599072,0.001937200856731705,0.7494472843151427,0.9986921668414319,CALI
3883,54680,899.793,353.57763831114374,198.3140946159258,1.782917341280842,0.827898128247326,55370,263.85742041132494,0.7566071675660717,0.9875383781831316,0.8486979428157958,0.74625030494472,0.00646630647972099,0.0012370126302418288,0.5568895176300879,0.9928879781602067,CALI
3884,55501,898.191,345.5231590494661,207.02969939133348,1.6689545512808202,0.8006162218759519,56394,265.83090108628505,0.7847992081447964,0.9841649820902932,0.8645164751855658,0.7693576946262752,0.006225530333678061,0.0013454554524460658,0.591911262280657,0.9878729951376778,CALI
3885,55544,924.1899999999999,357.6967018772121,198.22572114612973,1.804491868204743,0.8324017652982514,56205,265.93385883104446,0.7691370333444112,0.9882394804732675,0.8171927147136002,0.7434618698897945,0.00643988012885662,0.0012136468832150745,0.5527355519800297,0.9974068088156237,CALI
3886,55549,914.595,348.48619559351226,205.18910034591056,1.6983660194719383,0.8082778683230577,56517,265.9458280749927,0.8064370953224355,0.982872410071306,0.8345040784439606,0.7631459479250138,0.006273491792714761,0.0013125610341435177,0.5823917378343678,0.9891143375590999,CALI
3887,55608,918.716,348.45015575572774,205.40623249387204,1.696395243343569,0.8077791294945894,56288,266.08702449317764,0.7594957455235806,0.9879192723138147,0.8279127667369051,0.7636300919885692,0.006266187522581782,0.0013143628836825869,0.5831309173904707,0.9892205145077662,CALI
3888,55722,897.5840000000001,318.9323359320018,225.0086389240291,1.41742262633607,0.7087040642063964,56736,266.3596326618069,0.7792741766310048,0.9821277495769881,0.8691332306015099,0.8351603229049698,0.005723634039194606,0.0017176356074952897,0.6974927649547334,0.9886420267525456,CALI
3889,55938,909.933,347.2764793761129,205.53038419387607,1.689660050693664,0.8060591181935784,56664,266.8753897484658,0.7315599497802887,0.9871876323591698,0.8489809930651395,0.7684810391648499,0.0062082391107317544,0.0013356135747458508,0.5905631075558877,0.9978508902506888,CALI
3890,55972,897.386,342.4919163011904,208.79557617072572,1.6403217088332622,0.7926811004750944,56563,266.95648296663734,0.8008814102564102,0.9895514735781341,0.8734179432992722,0.7794533834540885,0.006118986570092017,0.001393220477400953,0.6075475769780264,0.9965734796661042,CALI
3891,56270,920.4809999999999,374.09942003649957,194.09234575781633,1.9274300517924166,0.8548801233859478,57445,267.6661898377298,0.7666212534059945,0.97954565236313,0.8345591483422765,0.7154948003170242,0.006648292518864396,0.001074770680352105,0.5119328092806983,0.9867146811061336,CALI
3892,56376,921.455,350.69229282901745,205.398729729478,1.7073732310365282,0.8105315186067042,57032,267.9181826117622,0.6826503923278117,0.9884976855098891,0.8343645823777067,0.7639694059155946,0.006220595516337048,0.0013071204040844228,0.5836492531750264,0.9965071111855015,CALI
3893,56627,922.8760000000001,356.1840293860488,203.04569679010652,1.7542062452781024,0.8216041772859259,57280,268.51393948865683,0.7921854452869254,0.9885998603351955,0.8355004998527804,0.753862939760359,0.006290003521042061,0.0012531418276106284,0.5683093319441306,0.99693177934622,CALI
3894,56675,898.4639999999999,344.94419084340467,210.22505072556183,1.6408329533177846,0.7928271499591889,57180,268.6277185955786,0.7539777564921243,0.9911682406435817,0.8822669936095665,0.7787570445490654,0.006086355374387379,0.0013808452884793863,0.6064625344347949,0.995103711453233,CALI
3895,56679,911.1329999999998,355.94583660097516,204.89144935545713,1.737241049934985,0.8177135489213879,57531,268.6371980125692,0.8103019385829473,0.9851905928977421,0.857962864134953,0.7547136962686789,0.006280030286366646,0.0012568123130197004,0.5695927633355317,0.9895199302123885,CALI
3896,56834,910.081,341.57032462384853,212.39130137017415,1.6082124005094252,0.7831693928713483,57509,269.0042681547604,0.806453443823254,0.9882627067067763,0.8622992171094768,0.7875516365509769,0.006009964539252006,0.0014261586012262884,0.6202375802341222,0.9974737677944749,CALI
3897,57017,903.559,349.81190418672963,210.80113190164238,1.6594403503959754,0.7980337150523158,58127,269.4370039956738,0.7915729557128974,0.9809038828771484,0.8776092551697438,0.7702339479329106,0.006135221147845899,0.0013319889105948856,0.5932603345483178,0.9844801374388941,CALI
3898,57017,903.261,355.33393723361917,205.45765017446706,1.7294753294992067,0.8158879514213964,57649,269.4370039956738,0.6686485599024299,0.9890371038526253,0.8781884248650288,0.7582642009747826,0.006232070035842278,0.0012708500155665966,0.5749645984799258,0.9943870884064487,CALI
3899,57391,921.48,362.56860775187346,203.70164233670184,1.7799002678268925,0.8272532347426118,58763,270.3192385160474,0.7493275884580233,0.9766519748821537,0.8493404909125978,0.745567136085434,0.0063175168188718345,0.001204129497443912,0.5558703544106361,0.9893937926925209,CALI
3900,57549,929.955,362.9373998149163,204.5544340768189,1.774282730427725,0.8260423626763915,58471,270.6910832664495,0.7885585091805974,0.9842314993757589,0.8362262145063615,0.7458340843475795,0.006306580476027669,0.0012037674922735716,0.5562684813745923,0.9869775599841958,CALI
3901,57617,901.703,344.4109266834132,213.7818121181716,1.6110394203835925,0.7840344786412665,58093,270.85096058350223,0.8190049751243781,0.9918062417158694,0.8904990829201165,0.7864180245142797,0.00597759214612724,0.0014103271865785402,0.6184533092809421,0.9963526609182835,CALI
3902,57786,916.524,331.8750114341203,224.93443638756847,1.4754299820161383,0.7352753422736887,59196,271.24789461314924,0.7589440504334122,0.976180823028583,0.8644598229368883,0.8173194283022842,0.0057431732847769415,0.0015808802472571735,0.6680110478803725,0.9856035283607197,CALI
3903,57853,930.73,358.6434909233029,207.2421815213042,1.7305525752074506,0.8161429088490427,58737,271.40509829692473,0.8079576559968716,0.9849498612458927,0.8392441510129123,0.756754563140714,0.0061992202811142535,0.0012541140258355893,0.5726774688342928,0.9910484684544701,CALI
3904,57862,951.333,372.4370305001379,201.99252125466944,1.8438159402474823,0.8401504019120508,59220,271.42620827301477,0.726544450025113,0.9770685579196218,0.8034117539781075,0.7287841595894001,0.00643664288306899,0.00112004346146256,0.5311263512684282,0.9792992327542115,CALI
3905,57907,915.319,360.6609552803601,206.69591919806842,1.7448866754585182,0.8194832593588308,58999,271.53173353584117,0.808711803809843,0.9814912117154528,0.8685523007606449,0.7528725512434962,0.006228279055733505,0.0012343368081640257,0.5668170784158908,0.9890315675502138,CALI
3906,58094,922.3699999999999,350.1062379209321,212.85566948121647,1.6448057915216927,0.7939565426404268,58691,271.9698110302769,0.7846723215732887,0.9898280826702561,0.85808597985173,0.7768208091502171,0.006026547284072917,0.0013537290047259851,0.6034505695287983,0.9925589916580312,CALI
3907,58102,907.665,334.8035816134982,223.8662564927367,1.495551794445452,0.7435777094607305,58986,271.98853657498586,0.8052945252945253,0.9850133930085105,0.886236775629253,0.812382398253353,0.005762341771599914,0.0015481776594244712,0.6599651609918695,0.9870120807928721,CALI
3908,58252,950.381,363.1910347827471,208.03482097625013,1.745818479225697,0.8196970940995437,59974,272.33940214356187,0.7226578007145693,0.9712875579417748,0.8104481107975468,0.749851664996272,0.0062348251524882775,0.0012159213439762197,0.5622775194976812,0.9816344839922391,CALI
3909,58634,930.4269999999999,351.837467142445,214.94190604348015,1.6368956320284633,0.7916981239304124,59677,273.2309050345541,0.7488378033205619,0.9825225798883992,0.8511278028598305,0.7765827421783188,0.006000570780476259,0.0013462424043610447,0.6030807554491973,0.9871802543552171,CALI
3910,58740,942.6899999999999,370.65745029829304,204.0034151721106,1.8169178686816698,0.8349125593943996,59701,273.47777031733943,0.7534246575342466,0.9839031172007169,0.8306269272200234,0.7378180853973215,0.006310137049681529,0.0011534950636219474,0.5443755271393692,0.9890856225325233,CALI
3911,58822,942.558,368.1750379676817,206.61877306303586,1.781905063657298,0.8276821769874909,60179,273.6685888084559,0.782321882190214,0.9774506056930158,0.832019458144714,0.7433110900703661,0.006259138383048549,0.0011786280320636203,0.5525113766215961,0.9845228197302865,CALI
3912,58877,964.9189999999999,376.85033838529444,202.26887884457855,1.8631157721246014,0.8437506855681673,60278,273.7965023066806,0.713816347809219,0.9767576893725738,0.7946462181440939,0.726539091034991,0.006400637572996152,0.0011001171733291738,0.5278590508019511,0.9834625230078363,CALI
3913,58961,936.527,363.1454559514249,208.2099472328689,1.7441311559686001,0.8193095864536549,59576,273.9917458558376,0.8138164251207729,0.9896770511615416,0.8447614745579426,0.754495867607627,0.0061590789835895745,0.0012311840997668785,0.569264014236986,0.99287110320248,CALI
3914,59039,930.334,349.79416725788093,217.0338862580438,1.611703007713694,0.7842367433631555,60458,274.1729189428074,0.763616374571558,0.9765291607396871,0.8571781081626492,0.783812151849511,0.005924798307184758,0.0013794351953013274,0.6143614893869611,0.9901682602684299,CALI
3915,59041,931.502,359.77923083640695,211.3235494976088,1.7025042012200253,0.8093184843076003,60026,274.17756283238924,0.7496889046905554,0.9835904441408723,0.8550588085693275,0.7620716798882115,0.0060937184471199154,0.001267784499887992,0.5807532452876405,0.9887348399743717,CALI
3916,59183,934.8570000000001,353.57734908788746,214.67130180662878,1.6470638884296804,0.7945941216275274,59939,274.50707818936314,0.7863387542517006,0.987387176963246,0.8509743529637911,0.7763706552399371,0.005974305950828573,0.0013388862134511138,0.6027513943176893,0.9927700552813048,CALI
3917,59208,958.477,371.6911507477525,203.74937083163115,1.8242566798152249,0.8363679359755687,60037,274.5650505156829,0.7427367153394551,0.9861918483601779,0.8098915421222562,0.7386913838635237,0.006277718395280241,0.0011530117330446647,0.5456649605942079,0.9954329493050952,CALI
3918,59338,940.7120000000001,352.1829755131777,215.7836786259939,1.632111278089745,0.7903130017158975,59999,274.86630951336156,0.7930767174552259,0.988983149719162,0.8426154154204957,0.7804644989237329,0.005935201313040172,0.001358400488465751,0.6091248340802736,0.9941595114669592,CALI
3919,59344,944.279,355.4247824728855,214.7311271601881,1.6552084794289783,0.7968679599367302,60734,274.88020580384375,0.7148932069243835,0.9771133137945797,0.8363460635355964,0.773385029291855,0.005989228607321474,0.00132170245628177,0.5981244035327634,0.9900205844808299,CALI
3920,59387,930.8129999999999,361.3864656974266,210.66425691038944,1.7154617066869113,0.8125199076710826,59877,274.9797753348182,0.8200359016846175,0.9918165572757486,0.8613434801362206,0.7609022512897508,0.006085279029037106,0.0012582754861860917,0.5789722360178111,0.9932047001234515,CALI
3921,59397,965.459,384.13325987579117,197.17416719076834,1.9481926326796029,0.8582114805305929,60021,275.00292587286134,0.6739090970977331,0.9896036387264457,0.8007679887634946,0.7159050116144149,0.006467216523996013,0.0010478974290531243,0.5125199856546355,0.9984876601534167,CALI
3922,59413,920.7959999999999,348.2599063107353,218.41225373428344,1.5945071778546924,0.7788960670168387,60023,275.03996268060797,0.7137639808262953,0.9898372290621928,0.880571242323413,0.789754886211918,0.00586167852676578,0.001406601401008244,0.6237127802955996,0.9945145051010402,CALI
3923,59423,950.1899999999999,361.9590865926994,210.8999607073185,1.7162596208114842,0.8127142754147254,60550,275.0631081530156,0.7851461339252682,0.9813872832369942,0.8270723967030934,0.7599287276977108,0.006091228759784921,0.0012530722800521313,0.5774916711802617,0.9911256366016263,CALI
3924,59468,945.5359999999998,370.0789420867204,205.52916927330853,1.8006151798073826,0.8316062070478729,60107,275.1672386864226,0.7467101958814666,0.9893689586903356,0.8358667686595667,0.7435366009610533,0.00622316106286945,0.0011732760645156227,0.5528466769687166,0.9954641186559395,CALI
3925,59516,939.011,353.4800426644492,216.64193786408416,1.6316325737734763,0.7901736063538347,60643,275.2782678390322,0.7601021711366539,0.9814158270534109,0.8482077563149086,0.7787660818530222,0.005939243945568404,0.0013475318499999989,0.606476610244708,0.9895469925069864,CALI
3926,59618,927.7529999999999,340.2482659043896,224.59743276384123,1.514925000332272,0.7511788911957055,60538,275.51405622585014,0.780595744680851,0.984802933694539,0.8704073145230251,0.8097441892716952,0.005707139889033339,0.0015135251476582742,0.6556856520592752,0.9933145866637635,CALI
3927,59652,964.5219999999999,378.7807885502651,204.02637758033887,1.856528518726034,0.8425362027283521,61244,275.59260752520544,0.7657214741409188,0.9740056168767552,0.8057690783515841,0.7275781028388499,0.006349842227423474,0.0010976431657370692,0.5293698957305801,0.9827903083788492,CALI
3928,59758,953.234,350.9536995375888,220.08492839294118,1.5946285013710417,0.7789344842220307,60714,275.8373591707328,0.7638366950430759,0.9842540435484403,0.8264315131871451,0.7859650989123974,0.0058729157524948766,0.001382440917035682,0.6177411367083747,0.9850676230645193,CALI
3929,59769,934.18,348.4229805951053,220.94279752240828,1.5769827507491745,0.7732327279125589,60962,275.8627454899917,0.7676371996249727,0.9804304320724385,0.8606463343419809,0.7917467011470342,0.005829493225503276,0.0014130437706399918,0.626862838777211,0.9885518838373224,CALI
3930,59780,977.357,390.39981312386243,196.32491307757934,1.9885393402394778,0.8643552614679426,60533,275.88812947328495,0.7666854768378393,0.9875605041877984,0.7864286363029234,0.7066809977845807,0.00653060911883343,0.0010046784973929026,0.49939803262981053,0.9930726343225765,CALI
3931,59788,929.595,338.39420388936026,225.9940329417053,1.4973590208757783,0.7443026185414401,60493,275.9065890851937,0.7050471698113208,0.9883457590134396,0.8694334233787955,0.8153407650427806,0.005659901717558043,0.0015429266439906748,0.6647805631405468,0.9954151731213776,CALI
3932,59841,936.317,354.6469346023705,217.64134356407774,1.6295016782873135,0.7895513132328329,61068,276.028852833353,0.6929650859822825,0.9799076439379053,0.8577542709571895,0.7783201429411369,0.0059264874350757925,0.0013415603411401288,0.6057822449079118,0.9871231847540987,CALI
3933,60063,942.0160000000001,356.03902981179914,216.21329226839788,1.6467027816672233,0.7944923727595024,60728,276.5403890491009,0.6947072567026764,0.9890495323409301,0.8505509339855569,0.776713691179529,0.0059277596825299955,0.0013308042941304998,0.6032841580657289,0.9934297012226045,CALI
3934,60108,921.7259999999999,351.5022061564421,218.55111846296893,1.6083294774627306,0.7832053287360914,60547,276.64396352521624,0.8094481402677153,0.9927494343237485,0.8890751369124371,0.7870333633186105,0.005847843983437182,0.0013840383124507835,0.6194215149766038,0.9962338815114942,CALI
3935,60169,964.5479999999999,370.0253756256494,211.50343100436524,1.749500581945701,0.8205381991059578,62285,276.784302602532,0.70570366287048,0.9660271333386851,0.8127088105599576,0.7480143818097266,0.006149767747937467,0.0011876220959753647,0.5595255153941874,0.9788902147955991,CALI
3936,60427,975.052,389.5320301678147,200.61842915909003,1.9416562665781645,0.8571756267200054,61767,277.3770826324909,0.7678925430793473,0.9783055676979617,0.7987030495357956,0.7120777269920365,0.006446324162507069,0.0010223544942621356,0.5070546892781453,0.9845259149347548,CALI
3937,60515,931.443,346.2961144187793,223.47808086552067,1.5495753009762294,0.7638970614414119,61176,277.57898164242977,0.7696074067479747,0.9891951091931477,0.8765169829453676,0.8015653947152025,0.0057224839199996585,0.0014572034197481226,0.6425070820049384,0.9956131049771614,CALI
3938,60592,919.0059999999999,354.2600075287572,218.45827821770754,1.6216369112628208,0.7872289330964011,61008,277.755522887652,0.812170766034448,0.993181222134802,0.9015471777296364,0.7840442527656895,0.005846646546223218,0.0013628526570056284,0.6147253902949085,0.9968613831926674,CALI
3939,60633,957.8599999999999,365.22275751142644,212.5224049082895,1.7185141381636078,0.8132617518010146,61556,277.84947960348444,0.7057734838784775,0.9850055234258236,0.8304525932453017,0.7607671589161351,0.0060234980540535095,0.0012446165261387142,0.578766670085328,0.9946187052395088,CALI
3940,60814,920.1659999999999,349.68136137774286,222.40128301389103,1.5722992090648236,0.7716797768544802,61353,278.2638849608842,0.7963283050492352,0.9912147735237071,0.9025703645773314,0.7957641318499957,0.005750014164135608,0.0014222833203884695,0.6332405535389775,0.9956436214771052,CALI
3941,60956,951.012,368.42624488174283,211.23378419549988,1.7441634456577224,0.8193170143250899,61512,278.5885670462386,0.7471379893609198,0.9909611132787098,0.8469432877819879,0.756158310968481,0.006044134209622397,0.0012188907505901563,0.571775391246706,0.997269736539147,CALI
3942,61013,943.222,344.0611383445675,229.2631251301869,1.5007260245152492,0.7456443389072084,62063,278.71879079625484,0.7089588659075063,0.9830817072974236,0.8617958533455987,0.8100850684192233,0.005639144745293093,0.0014980127646746849,0.6562378180757779,0.9848331718574236,CALI
3943,61025,973.886,376.08333401241737,208.25437169129168,1.8058844621514545,0.8326861132052238,62070,278.74619857042586,0.72179641851773,0.9831641694860641,0.80853980735845,0.7411820023942415,0.00616277483019119,0.0011472432822014593,0.5493507606731376,0.9920640029707014,CALI
3944,61105,962.3359999999999,366.6975351285435,213.6564854129627,1.7162948946753371,0.8127228606165492,61842,278.92884824098445,0.674604488899193,0.988082532906439,0.8291500805073507,0.7606510039485477,0.006001105230808338,0.0012392324474722125,0.5785899498079334,0.9930309769658155,CALI
3945,61129,964.969,369.3481688199298,210.9473448894313,1.7509021932156805,0.8208567512638287,61796,278.98361982402434,0.7501135066815555,0.9892064211275811,0.8249553282715457,0.7553404710665795,0.0060421104356349654,0.001213219663834197,0.5705392272310824,0.9989583842744816,CALI
3946,61204,953.807,376.0897293031396,208.61218234746775,1.8028176737862731,0.8320589167719499,61712,279.1547117567083,0.7671500733257292,0.9917682136375421,0.8454124899105209,0.7422556108457331,0.006144855390221875,0.001150549707599206,0.5509433918319724,0.9932504840504356,CALI
3947,61251,982.269,388.80965507218974,201.96413907271204,1.9251420418364902,0.854505594081068,62068,279.2618759418719,0.7928932038834952,0.9868370174647161,0.7977414740171934,0.7182483055623239,0.006347809098172923,0.0010420823989989224,0.5158806284431494,0.9931434863849365,CALI
3948,61355,968.9,371.15374684005945,212.88144910777396,1.7434762324083868,0.819158825183652,62711,279.498859151922,0.686113347647164,0.9783769992505302,0.8213001698727921,0.7530541225342011,0.006049282810529858,0.0012000198030528188,0.5670905114657554,0.9887088283648602,CALI
3949,61422,968.493,363.98075717387303,216.33161355849185,1.6825130233471852,0.8042071989246286,62310,279.6514246642115,0.7129492060544155,0.9857486759749639,0.8228882204263716,0.7683137615174048,0.005925902073750009,0.0012737631522728356,0.5903060361370236,0.9931975935609962,CALI
3950,61453,964.1659999999999,369.29617935737633,213.19880443614016,1.7321681532599416,0.8165242362934654,62238,279.72198651984786,0.802331805778596,0.9873871268356952,0.8307097883417515,0.7574461967264343,0.006009408480584778,0.0012201652305485536,0.5737247409353403,0.9937877249855068,CALI
3951,61464,948.743,361.5067373866033,217.50640226293618,1.66205101838607,0.7987475985407766,62161,279.7470203194344,0.7895183044315992,0.9887871816733965,0.8580913320142612,0.7738362563911686,0.005881601220008513,0.0013009830348127307,0.5988225517054985,0.9952736318946689,CALI
3952,61475,964.033,376.1844411586894,208.63606718148748,1.8030652429402614,0.8321096841030474,62087,279.7720518790148,0.8031328386287625,0.9901428640456135,0.8312364908726804,0.7437097903817769,0.00611930770489938,0.0011547714801636686,0.5531042523097064,0.9972830530620925,CALI
3953,61493,957.394,371.0991280490452,211.80879588264094,1.7520477679060311,0.8211164534582235,62177,279.8130077826965,0.7530000979623824,0.9889991475947698,0.8430515714249818,0.7540114935158669,0.006034819053372663,0.0012032500248884204,0.5685333323540281,0.9960975559310528,CALI
3954,61498,959.953,367.9021131495763,215.91024607966062,1.7039585653282887,0.8096820939120682,63004,279.82438335878277,0.6996598291181724,0.976096755761539,0.8386310072172481,0.7605946618877284,0.005982342729024949,0.0012349920023076717,0.578504239692108,0.9857472543020968,CALI
3955,61531,953.732,366.96560406765224,215.57672181237328,1.70225060007657,0.8092549685827177,62121,279.89945056591176,0.7726239656449729,0.9905024065935835,0.8500630291597885,0.7627402880906263,0.005963914190694971,0.001245139168368464,0.5817727470765716,0.9903230078192887,CALI
3956,61587,929.716,344.5567627533084,227.83651624773097,1.5122982409837469,0.7501698102547028,62069,280.0267912925555,0.735016111707841,0.9922344487586395,0.8953612677145767,0.8127159921485729,0.005594634626679468,0.0015055899745971086,0.6605072838940395,0.9988840035899083,CALI
3957,61636,959.3649999999999,368.6321344489939,214.91344905339992,1.7152585660537198,0.8124703729076506,62421,280.13816694498536,0.7194751832656301,0.9874241040675413,0.84154350009829,0.7599396275197677,0.00598079262848001,0.0012304242269536325,0.5775082374748833,0.9905759512953795,CALI
3958,61707,961.1980000000001,367.44457070180965,214.4825403688652,1.713167748152748,0.8119593373348418,62435,280.2994694732273,0.7794732520684646,0.9883398734684071,0.8393026221900219,0.7628347016744935,0.005954665932581549,0.0012438239896208714,0.5819167820788135,0.9969210631662543,CALI
3959,61720,977.621,379.5612910591706,208.51694757379846,1.8202898875873676,0.8355837731960168,62412,280.3289936860871,0.749866355639792,0.9889123886432096,0.8115116100056925,0.7385605442109902,0.006149729278340419,0.0011287042798042695,0.5454716774652338,0.9929165784552834,CALI
3960,61747,952.4409999999999,360.1010530142451,220.61887002569102,1.6322314268598666,0.7903479650906156,62884,280.3903032716397,0.7456466610312764,0.9819190891164684,0.8553612297217441,0.778643386140134,0.005831879330400588,0.0013223386382790147,0.6062855227797738,0.9895982839313103,CALI
3961,61876,954.9889999999999,376.59055175914455,209.70230924149357,1.7958340712665313,0.8306168820084071,62369,280.68304200651835,0.8013884032067969,0.9920954320255255,0.8525804235033292,0.7453268296174206,0.006086213584574706,0.0011585478383725981,0.5555120829475554,0.9976075255574595,CALI
3962,61918,960.372,353.1381441571403,224.0962376757782,1.575832543284638,0.7728529172555758,62627,280.77828643061383,0.753920709136957,0.9886790042633369,0.843621821296101,0.7950947556253578,0.005703319618804553,0.0014059925802685175,0.6321756704229473,0.9962029945252641,CALI
3963,61944,955.7180000000001,361.96578008139414,219.9610850547523,1.6455900824061416,0.7941783445891464,62873,280.83723107714,0.7071313599470314,0.9852241820813386,0.8522157948536746,0.7758667988283009,0.005843435685157467,0.001306160969988824,0.6019692895240749,0.9905946927538889,CALI
3964,62080,952.938,352.98817850527627,225.47913025039978,1.5655026614360041,0.7693956934303982,62772,281.1453555319008,0.7243451373898839,0.9889759765500542,0.859077374622623,0.7964724391689463,0.00568602091664427,0.0014114686113711314,0.6343683463557308,0.9931053345506534,CALI
3965,62114,961.5859999999999,360.3624473006092,220.20688687607148,1.6364721940027913,0.7915761212765572,62796,281.222333895585,0.7683572488866898,0.9891394356328429,0.8441567516754853,0.7803874571342151,0.005801630023836964,0.0013273055635235715,0.6090045832524065,0.9966190665128212,CALI
3966,62128,937.5399999999998,354.1882333352443,224.65424547072337,1.576592655051345,0.7731040282471973,62849,281.2540247450802,0.73581732477438,0.9885280593167751,0.8882140228904365,0.7940806561997478,0.005700943750567285,0.0013982505076143763,0.6305640885506221,0.9941427105480566,CALI
3967,62148,962.323,372.89522111366574,212.9640779243118,1.750977088474959,0.8208737481330479,62732,281.2992911939184,0.7741405082212257,0.9906905566537014,0.8433256108099325,0.754365503408189,0.0060001161922131965,0.001198579110063802,0.5690673127322903,0.9964238263942548,CALI
3968,62152,955.511,356.74480543328065,223.30378411005657,1.5975761756793916,0.7798646018775726,62931,281.3083436096054,0.7600459803849634,0.987621363080199,0.8554479507620993,0.7885422277360011,0.005739876519392468,0.0013689328151868488,0.6217988449228555,0.9933710207137186,CALI
3969,62222,983.348,376.8332560798321,214.7422165146331,1.754816831995183,0.8217417650114252,64103,281.4667137558388,0.7381195283399369,0.9706565995351232,0.8086104561287017,0.7469264169620159,0.006056270387962973,0.0011627766385260115,0.5578990723557152,0.9790106827243076,CALI
3970,62280,946.2010000000001,367.96463083254395,216.27497541443987,1.7013740499908818,0.8090351747981955,62830,281.59786726128794,0.7289155216404111,0.9912462199586185,0.8741614742946922,0.7652851488039881,0.0059082310666754,0.0012500586120871768,0.5856613589799422,0.9964290382508678,CALI
3971,62296,970.3209999999999,376.03181896292983,211.9689307180266,1.7739949797791321,0.8259799794871084,63057,281.6340367903384,0.8111775199552066,0.9879315539908337,0.8314557948096746,0.748963312644834,0.006036211297080548,0.0011716189169645556,0.5609460436879233,0.9951154654293416,CALI
3972,62326,970.848,377.36340184644206,211.43556423039436,1.7847678711006327,0.8282918111708127,63122,281.70184214016734,0.8016411997736276,0.9873894996989956,0.8309533419139424,0.7465001660516045,0.006054670632584187,0.0011598182024309606,0.557262497915073,0.9945842020481057,CALI
3973,62326,949.778,358.03480163294927,222.5335143259517,1.60890283298418,0.7833811787320553,63269,281.70184214016734,0.7985393978219091,0.9850953863661509,0.8682302400398221,0.7868001681829884,0.0057445496523593565,0.0013579804778186262,0.6190545046527787,0.9959985463074736,CALI
3974,62388,951.604,355.911247996822,224.8017623136799,1.5832226773213498,0.7752756102612183,62942,281.8419215037701,0.8029343629343629,0.9911982460042579,0.8657617804330541,0.7918882111483218,0.005704802974880137,0.0013838082750077174,0.6270869389556893,0.9928182624066764,CALI
3975,62411,932.813,359.69413179294213,221.65047686752754,1.6227988176534278,0.7875745916673909,62921,281.8938687280485,0.7545306171794717,0.9918945979879531,0.9013258471250691,0.7837043860652158,0.005763313066493761,0.0013410997558202208,0.6141925647378567,0.9967109678681202,CALI
3976,62493,994.3950000000001,398.8778744055244,201.8084816403198,1.9765168994058355,0.8625683648350977,63814,282.0789940231894,0.7581249772537031,0.9792992133387658,0.794188097138961,0.7071813507921227,0.006382760859704677,0.0009847172211757767,0.5001054629081714,0.9884668989231788,CALI
3977,62502,952.384,369.8376368096651,216.78947174814604,1.7059760044035808,0.810184671690758,63235,282.09930525443895,0.8105983970119057,0.988408318178224,0.8659236420727151,0.7627652709657016,0.0059172128381438215,0.0012355507776985147,0.5818108585913803,0.9925553638583396,CALI
3978,62596,950.3429999999998,363.77925443738434,221.28392460761555,1.643947950952352,0.7937135056910554,63740,282.3113574446523,0.7911726787835891,0.9820520866018199,0.8709549375918237,0.7760512838514414,0.005811541543187813,0.00130026776560395,0.6022555951674706,0.9900768516251526,CALI
3979,62613,947.788,363.8466214351816,220.71509856244856,1.6484899483767568,0.7949951616991096,63392,282.3496903035361,0.802278202039875,0.9877113831398284,0.8758948347746095,0.7760129507038339,0.005811039583396125,0.0012998985913694509,0.6021960996600709,0.9927142172413146,CALI
3980,62646,954.4959999999999,374.7266240995584,215.07312849327386,1.742321910341661,0.8188926222510479,63615,282.4240862948467,0.7906254732697259,0.9847677434567319,0.8640820525353262,0.7536803315576837,0.005981652844548071,0.0011905556338437167,0.5680340421769,0.989698157504752,CALI
3981,62703,971.2399999999999,371.20316505755784,217.96226393510946,1.7030616142254351,0.8094579740878032,64353,282.55254232359846,0.7901880229861882,0.9743601696890588,0.8353049661395495,0.761180315582133,0.005920022408139289,0.0012258950975557949,0.5793954728297156,0.9867461892322845,CALI
3982,62711,969.097,355.48258567025005,227.33158144521758,1.5637184389882683,0.7687900015583102,64180,282.5705665668078,0.6998214484990515,0.9771112496104706,0.8391103770002777,0.7948928525824432,0.005668584230362298,0.001396010660888844,0.631854647086654,0.9880427624098258,CALI
3983,62716,937.448,356.99278767526977,224.56897201589345,1.5896799298257653,0.7773588148029931,63313,282.58183113500144,0.7750370736529906,0.9905706568951085,0.8967963701148998,0.7915617370736505,0.005692212317036638,0.0013784785893386194,0.626569983599055,0.9960457275586768,CALI
3984,62719,964.6220000000001,363.7687767821923,221.9326844491967,1.6390951052793836,0.7923300236589822,63475,282.5885896603836,0.7971808429508364,0.9880897991335171,0.847021948431762,0.7768357475869471,0.005799977308027747,0.001302935347186329,0.603473778728971,0.9891509168791102,CALI
3985,62728,981.3689999999999,371.7588350151324,217.0091579107924,1.7131020579691578,0.8119432458615501,63882,282.60886426675876,0.7709931170108161,0.981935443473905,0.8184772916817686,0.7601940765046115,0.005926521410137935,0.0012208928357667166,0.577895033952699,0.9899931719545251,CALI
3986,62741,957.314,365.75728053468885,221.40774527843664,1.6519624463666436,0.7959665274942853,63687,282.6381472417141,0.756845762262057,0.9851461051706,0.8603050655617774,0.7727478365667375,0.00582963740671473,0.0012822493790024625,0.5971392189185732,0.9864515649061928,CALI
3987,62779,955.337,370.26647746669113,216.75576734640555,1.7082197258214327,0.8107411662231054,63279,282.72372623982017,0.7516642720306513,0.992098484489325,0.8643926416698916,0.7635682500186741,0.005897935256482122,0.001236719504769672,0.5830364724365804,0.9959544030895107,CALI
3988,62911,950.0939999999999,361.4241805719641,222.97018514716635,1.6209529553622353,0.7870250424701931,63883,283.0207995869452,0.7772547566098345,0.984784684501354,0.8757966943953368,0.783071014061806,0.005745007718395258,0.001332523796202748,0.6132002130637854,0.9939686975944951,CALI
3989,63007,962.6289999999999,369.3044686207391,219.08930032658574,1.6856344334033424,0.8050194327149298,63780,283.2366572234752,0.7860743069591037,0.9878802132329884,0.8544384503580726,0.7669461955911179,0.005861324434122226,0.0012509360651714232,0.5882064669316893,0.9915010746105799,CALI
3990,63038,959.999,361.06229123911055,223.03748608559513,1.6188412879642375,0.786393577457127,63717,283.3063261224768,0.794539885806476,0.9893435033036709,0.8595491765641633,0.7846466745397666,0.0057276926812257776,0.0013392326371034521,0.6156704038663146,0.9966726695564068,CALI
3991,63064,972.1769999999999,364.0969279252625,222.1178333514033,1.6392061926393817,0.792361857804675,64230,283.3647448945939,0.7339851024208566,0.9818464891795111,0.8384954168822927,0.7782673325734835,0.005773451222968135,0.0013065633441168706,0.6057000409510453,0.9928672580088805,CALI
3992,63076,990.3179999999998,387.0968064287281,210.59271513371448,1.8381300900315733,0.8390650294535698,63886,283.39170334312035,0.7210828360427098,0.9873211658266287,0.8082108246894711,0.732095172671744,0.006136990399339338,0.0010874401889809438,0.5359633418492706,0.9851703458070227,CALI
3993,63139,971.1670000000001,378.9365767353128,214.3428288273522,1.7678994851772567,0.824650214569947,64207,283.5331931450592,0.7146301159000362,0.9833662996246515,0.8412396416421769,0.7482339012713126,0.006001624617673907,0.0011603743412462511,0.5598539710116882,0.9897655471260063,CALI
3994,63169,970.643,365.6305242772641,222.05000654380814,1.6466134361726714,0.7944671855822729,63951,283.6005444306754,0.7208110822036606,0.9877718878516364,0.8425483105262849,0.7756478893310782,0.005788132221141131,0.0012923396417583335,0.6016296482237563,0.9906514623650751,CALI
3995,63213,964.795,359.6080056333437,225.86703324183895,1.5921225885510544,0.7781388142079322,64317,283.69929739310925,0.7981439393939394,0.9828350202901255,0.8533873043237034,0.7889126297215114,0.0056888299184241166,0.0013593094851457551,0.6223831373341105,0.9909102516829106,CALI
3996,63219,981.8240000000001,367.103504446759,222.04028267902027,1.653319388795055,0.7963441242551644,64634,283.71276104294685,0.7680784370899548,0.9781074976018813,0.8241195145917121,0.7728413311404214,0.005806854022473608,0.001277856336108083,0.5972837231188984,0.9875007600441721,CALI
3997,63231,934.028,355.66255839822463,227.2279161876272,1.5652238702244055,0.7693012198042489,63775,283.73968642604274,0.7611589946070878,0.9914700117600941,0.9107939206439309,0.797777780444204,0.005624813120118686,0.0014054506661405788,0.6364493869704807,0.996185772675886,CALI
3998,63320,965.707,378.990221074784,215.15491373693146,1.7614760197304764,0.8232315732784332,64441,283.93930332490163,0.7752678298132843,0.9826042426405549,0.8532180045870947,0.7491995506366205,0.005985316188799495,0.001163206696179923,0.5612999666741142,0.9887164311719675,CALI
3999,63391,989.467,376.5126195698128,215.15876399927978,1.7499292734878933,0.8206357246597089,64276,284.0984476907727,0.6979312319024079,0.9862312527226337,0.8136447712888939,0.7545522591390732,0.00593952800192161,0.0011876514185062772,0.5693491117718792,0.9963206775239418,CALI
4000,63409,990.243,374.80875134729536,218.03351515419627,1.7190419146442946,0.8133895504330872,64645,284.13877998631574,0.7643690631177974,0.9808801918168458,0.8126007260374603,0.7580900364917963,0.005910970861349262,0.0012042640900820623,0.574700503428133,0.9879342537601375,CALI
4001,63441,964.0039999999999,364.01511015974904,224.0159248393903,1.6249519333089024,0.7882127699700802,64762,284.21046771282624,0.7283027965284474,0.9796022358790649,0.8578714448649856,0.7807655775280858,0.005737852653012233,0.00131526052448099,0.6095948870527654,0.9905623902516133,CALI
4002,63449,967.614,363.3525268843654,223.93029894090452,1.6226143965460187,0.7875197874438703,64133,284.2283868192995,0.7652109941266568,0.9893346639015795,0.8515896196291861,0.7822386409597019,0.00572668642349549,0.0013226356590458161,0.6118972914104813,0.9928733542501615,CALI
4003,63450,996.603,374.6192674568717,217.0295963485557,1.726120647873401,0.8150904067208874,64422,284.2306266281768,0.7911964586320843,0.9849119865884325,0.8027810461291058,0.758718654696262,0.0059041649717395065,0.0012068722333823025,0.5756539969841057,0.9936482502251173,CALI
4004,63464,954.3619999999999,359.21145685818595,226.24593680114174,1.587703460831272,0.7767244673901499,64109,284.26198209938724,0.7387265743219649,0.9899390101233836,0.8756106355263013,0.7913499880701517,0.005660082201849647,0.0013692315632677868,0.6262348036186293,0.9942751649982895,CALI
4005,63529,967.4279999999999,368.43391325663845,221.9855910873141,1.6597199460199266,0.7981103617746079,65036,284.4075157893689,0.7756898656898656,0.9768282182176026,0.8529912524797658,0.7719363108446001,0.005799460297763831,0.0012702617549659584,0.5958856680003712,0.9890033287276243,CALI
4006,63592,966.595,361.9308349113222,226.02744613440265,1.6012694082120777,0.7810211849681042,64532,284.54850048594255,0.6950553053818913,0.9854335833384987,0.8553094283347695,0.7861957949939818,0.005691452303926944,0.0013412993990166218,0.6181038280662192,0.9897507509812147,CALI
4007,63640,977.0299999999999,380.13754652853373,214.57404403862827,1.771591471986706,0.8254575357437518,64680,284.65587052956727,0.7569702160053288,0.9839208410636983,0.8377689050103394,0.7488233486249445,0.00597324868838048,0.0011585315593786428,0.5607364074458752,0.9933958374635752,CALI
4008,63652,956.09,362.3406290927483,225.23173748443463,1.608745877200317,0.7833330624973929,64607,284.6827067130748,0.7839881758837295,0.9852183199962853,0.8750328683862238,0.7856770228220932,0.0056925254366359005,0.0013380149072539356,0.6172883841905881,0.9930601431102537,CALI
4009,63716,979.012,373.0874675560065,218.67832619944068,1.7061017158862852,0.81021591922803,64479,284.8257903216379,0.7522550177095632,0.9881666899300547,0.8353766605708626,0.7634289947809113,0.00585547535243905,0.0012269207773757528,0.5828238300721925,0.9943567365455844,CALI
4010,63745,944.139,356.66729944225426,228.0424992639448,1.5640387234549398,0.7688989167103126,64278,284.8906014229724,0.7885621683140146,0.9917078938361492,0.8986366238635781,0.7987572784734566,0.005595220008506616,0.0014049350427293259,0.6380131899143232,0.9978773351010122,CALI
4011,63819,966.163,364.79126732913477,224.63495321119646,1.6239292332487842,0.7879100250808637,64489,285.0559146999994,0.7407033426183844,0.9896106312704492,0.8591303378235665,0.781421980814048,0.005716029197090753,0.0013146698252052811,0.6106203120993506,0.9916041752336315,CALI
4012,63844,981.088,371.4302991477748,220.83429912640693,1.6819411686368781,0.8040578148720221,65054,285.1117421188958,0.7410279028738567,0.9814000676361176,0.8335161623152614,0.767604965919765,0.005817779261132993,0.0012459141111140029,0.5892173837046836,0.9910289749294192,CALI
4013,63962,979.26,377.974519152818,216.81657897529414,1.7432915920875567,0.8191162858572558,64599,285.37510010572134,0.8192903804278212,0.9901391662409634,0.8381772496174767,0.7550114773486675,0.0059093605445861295,0.0011844983645281383,0.5700423309282175,0.9937500026411541,CALI
4014,63969,969.999,360.8816397196966,228.9221591100582,1.5764382142936046,0.7730530431056382,65307,285.390715401121,0.7722367086773867,0.9795121503054802,0.8543520238835305,0.7908152812173798,0.005641508226167309,0.0013610535088037817,0.6253888090069235,0.9858868173100784,CALI
4015,63975,985.8760000000001,378.4011460828891,217.37654802164215,1.740763433437241,0.8185322371732097,64993,285.4040992600352,0.7925152371042069,0.9843367747295863,0.8271334222904746,0.7542368785466552,0.005914828387383964,0.0011807364361128574,0.5688732689598021,0.9902737848651323,CALI
4016,63991,982.0490000000001,372.12017283649084,220.98923320575594,1.6838837233758885,0.8045645311854535,65219,285.439786482452,0.7715150346024933,0.9811711311120992,0.833801065100734,0.7670634577714063,0.005815195462432074,0.0012418503242105665,0.588386348248226,0.9907741948717652,CALI
4017,63993,972.9429999999999,381.3852693442903,214.89417523968308,1.7747585243709407,0.8261454360174783,64754,285.44424707153803,0.7916006927263731,0.9882478302498687,0.8495081286252752,0.7484406714561835,0.005959796686267096,0.0011535614280691966,0.560163438689783,0.9941548378556313,CALI
4018,64033,988.3519999999999,383.1935652309192,215.07618293218746,1.7816643386856943,0.8276307601503989,65273,285.5334442198088,0.6953155540112061,0.9810028648905367,0.8237405066543798,0.7451415423631692,0.0059843137949326,0.0011380182496246447,0.5552359181553628,0.9892440349348185,CALI
4019,64060,988.5229999999999,389.1215741523307,210.5194185578867,1.8483880338351477,0.8410149097785375,64799,285.5936365462902,0.7961225377493321,0.9885955030170218,0.8238027574925207,0.7339444932305088,0.0060743299118378195,0.0010872539743545515,0.5386745191433885,0.9956795353165414,CALI
4020,64072,962.3499999999999,355.08736617304976,232.26691910715695,1.5287900986417668,0.7563976783520593,65356,285.62038461964045,0.7617734130711339,0.9803537548197564,0.8693848010021007,0.8043665075947676,0.005542005340445901,0.0014310757378676083,0.6470054785402034,0.989135569359241,CALI
4021,64109,981.018,373.4990075694045,220.40776467792605,1.6945818951305331,0.8073184190094893,65040,285.702842081465,0.6780433632998414,0.9856857318573186,0.8370953213880895,0.7649360139956329,0.005825999587724103,0.0012304122493130873,0.5851271055075272,0.991545799343189,CALI
4022,64132,968.793,380.854177473184,215.9688008637307,1.7634685007742883,0.8236735394432384,65166,285.7540874300059,0.7434042750498446,0.984132830003376,0.8586628302775196,0.750297894395883,0.005938598164304622,0.0011609101628047374,0.5629469303348957,0.9927391792531661,CALI
4023,64137,1007.7009999999999,393.1304148981033,213.52506275249078,1.8411441253329752,0.8396418059713034,66763,285.76522650714367,0.7987073635446632,0.9606668364213711,0.7936977094118635,0.7268967642231702,0.006129541682618509,0.0010555983625199054,0.5283789058381151,0.9728217184337109,CALI
4024,64149,943.894,351.20266437914916,233.28415186694954,1.5054715957706928,0.7475161050597752,64831,285.7919585209072,0.7712812004039821,0.9894803411947988,0.9048014831466761,0.8137522505022163,0.005474795622365885,0.0014808684640949545,0.662192725197422,0.9969123387107066,CALI
4025,64222,958.611,365.0574835742565,224.9765327641778,1.622646944945643,0.787529461452162,64957,285.95452442998976,0.8044442217601523,0.9886848222670382,0.8782312244937157,0.7833136897516132,0.00568430574529377,0.0013200794151831973,0.6135803365522866,0.9956242585852874,CALI
4026,64252,966.933,378.930744945132,217.74625576994185,1.7402400036925934,0.8184109453738467,65281,286.0213055496455,0.7467689446768945,0.9842373738147393,0.8635823350600819,0.7548115569008803,0.005897571203155263,0.0011808836776255034,0.5697404864311311,0.9914851862107313,CALI
4027,64252,951.839,357.24251988774756,230.73941603121963,1.5482509491980847,0.7634303803779445,65192,286.0213055496455,0.7834081154896606,0.9855810528899251,0.8911883982302385,0.8006362334458923,0.00556002178745794,0.0014092797721393085,0.6410183783064255,0.9924573126663402,CALI
4028,64295,961.5489999999999,352.1611741899564,232.98368004614593,1.5115272199331968,0.7498723611629196,64960,286.1169979724156,0.7281921761388089,0.9897629310344828,0.8738647549996817,0.8124603702567268,0.005477271548175696,0.0014721524324736062,0.6600918532376975,0.9977468038249288,CALI
4029,64313,960.5399999999998,371.77500978823093,222.10866832611094,1.6738428652517625,0.8019228203299817,65036,286.1570457643015,0.7456579710144927,0.9888830801402301,0.8759467841464805,0.7697048973982978,0.005780713227313777,0.0012515787687194966,0.5924456290789242,0.9916608892833494,CALI
4030,64346,967.0649999999999,376.0208576747266,220.88098065673793,1.7023686537279783,0.809284539884991,65560,286.2304521631631,0.7602315689981096,0.9814826113483832,0.8646096679751536,0.7612089763668486,0.005843733218455329,0.0012102796962722281,0.5794391057014654,0.9864189702903474,CALI
4031,64388,973.0250000000001,374.4032686460166,220.62018743371934,1.6970490008240888,0.8079448008308021,65308,286.3238512705633,0.7838811784757731,0.9859129050039811,0.8546077007449727,0.7647471997400511,0.005814798854538371,0.0012268346702019653,0.5848382795102497,0.9924992178865486,CALI
4032,64429,952.229,358.25736305487266,229.94397585192084,1.558020216566069,0.7668384208977227,65054,286.4149972116366,0.73178183635455,0.9903925969194822,0.892911563624398,0.7994671617335823,0.0055604985806837395,0.0014011867305899273,0.6391477426903499,0.9958051044841332,CALI
4033,64445,972.438,371.29814949740245,222.66438856604466,1.6675237198393376,0.8002311925794153,65116,286.4505584921376,0.7845751156561968,0.9896953129799128,0.8563972206276421,0.7714839378539418,0.005761473341568818,0.0012589859216758576,0.5951874663666248,0.9924892179174247,CALI
4034,64456,957.016,357.03596728612223,230.7953003534392,1.5469810985724515,0.7629815095457642,65050,286.4750043118067,0.7455870445344129,0.9908685626441199,0.8843716607159019,0.8023701547195404,0.005539220046017783,0.0014162093101113828,0.6437978651846592,0.9959431287419631,CALI
4035,64474,983.3029999999999,381.6531652189445,216.79441645008336,1.7604381674968996,0.8230006710264933,65241,286.515002063164,0.789281036150183,0.9882435891540595,0.8379531744937704,0.7507208852802197,0.0059194894875289955,0.001159786393418341,0.563581847595917,0.9921509950162732,CALI
4036,64531,980.585,386.037346258396,215.9650234928445,1.787499383071104,0.8288703423433063,65443,286.64162478834925,0.7641507199696855,0.9860642085478967,0.8433498423267389,0.7425230423081509,0.005982199969912073,0.0011217095844546874,0.5513404683585519,0.985520747053045,CALI
4037,64564,997.3000000000001,386.64395110843327,214.2938140084185,1.8042702394257821,0.832356442135,65459,286.71490712253006,0.68448449509674,0.9863273193907637,0.8157341701622612,0.74154763394222,0.005988537747172314,0.0011170092466407527,0.5498928934053047,0.9921553824429251,CALI
4038,64571,973.6379999999999,367.6009010465744,225.41667810822912,1.6307617702984625,0.7899196564164143,65393,286.73044945225854,0.8020943318882526,0.9874298472313551,0.8559577829070978,0.780004751446271,0.005692972093456418,0.0012998936151698652,0.608407412278759,0.9921675487104159,CALI
4039,64588,979.277,378.6367712415384,219.37671448018855,1.725966095074016,0.8150535322492124,65794,286.76819160317393,0.8147643556362902,0.9816700610997964,0.846351155897476,0.7573701589068326,0.005862339308254449,0.0011898260477213015,0.5736095576025609,0.9900306482324258,CALI
4040,64605,996.636,385.59142743088944,216.2022804290474,1.78347530222944,0.8280169779976991,66097,286.80592878742095,0.7870979532163743,0.9774271146950694,0.8173401889046464,0.7438078452582454,0.005968445591376665,0.0011268964761820023,0.553250110667714,0.9867079083315723,CALI
4041,64652,978.7470000000001,376.2127995896945,219.29376132191,1.7155654466496053,0.8125451961577729,65266,286.9102351715911,0.7929647255065496,0.9905923451720651,0.8481075716849001,0.7626275222015343,0.005819043488054422,0.001214174934119584,0.5816007376192518,0.9977741292055118,CALI
4042,64654,956.994,359.5664067900189,230.46235522709034,1.5601958351753955,0.7675866573704011,65352,286.9146728999882,0.708412771459251,0.9893193781368589,0.8871291156725679,0.7979462694009172,0.005561394604974463,0.0013907788208399768,0.6367182488508409,0.9934051600372533,CALI
4043,64748,960.0070000000001,354.715206088771,234.36595323268662,1.5135099667680718,0.7506361213445426,65496,287.1231687664935,0.7968003937976864,0.9885794552339074,0.8828510188558751,0.809447026341008,0.005478396337937404,0.001450731158537981,0.6552044884523005,0.9916585235437329,CALI
4044,64782,974.8209999999999,374.85848505777744,221.31748725789885,1.693758996192465,0.8071087729127417,65489,287.198544890174,0.7973267363290625,0.9892042938508757,0.8566717843283264,0.7661519115564576,0.005786460514614822,0.0012298504790577258,0.5869887515816143,0.9942174786551432,CALI
4045,64821,977.8979999999999,371.5523479927206,227.95673295228283,1.6299248685516827,0.7896751323383012,66064,287.2849813848228,0.7430022236995942,0.9811849116008718,0.8518016457998132,0.7732018999122332,0.00573197494627853,0.0012637340761352653,0.597841178027887,0.974436203511887,CALI
4046,64839,953.7139999999998,370.2297236993283,223.892876123562,1.653602071264679,0.7964226469214111,65397,287.3248663813893,0.7077643514425124,0.9914674985091059,0.8957975213594929,0.776071849419449,0.005709985096922042,0.0012776810671870811,0.6022875154613238,0.9959438830637025,CALI
4047,64840,993.8079999999999,391.2499005352157,212.01039568197382,1.8454279059132086,0.8404560332122665,65580,287.32708205219353,0.7695229052931403,0.9887160719731626,0.8249884974152585,0.7343825050412549,0.006034082364824425,0.001082630569328506,0.5393176637106688,0.9952718667635835,CALI
4048,64879,991.26,390.94958277073164,213.07182069785551,1.8348253724508883,0.8384288976725028,65615,287.413479890684,0.7578614148210447,0.9887830526556428,0.8297339267452124,0.7351676342860678,0.006025826273073439,0.0010857801192277593,0.5404714505017735,0.9916707304659883,CALI
4049,64930,990.3420000000001,377.20823824016736,220.67489026933225,1.7093391902440154,0.8110178578506688,65973,287.5264225069656,0.7452938475665748,0.9841905021751323,0.8319263334852834,0.7622485231192072,0.005809460006779106,0.0012097674504098288,0.5810228109974126,0.9931650612636188,CALI
4050,64934,1005.197,393.14358750011405,211.68415011819738,1.857217875219263,0.8426639864859211,66119,287.5352788751896,0.7495988455988456,0.9820777688712775,0.8075690255437317,0.7313747140161765,0.006054510541474637,0.0010686083603764164,0.5349089723022441,0.9934425049748934,CALI
4051,65019,985.5049999999999,384.2500817026706,217.58455686173306,1.765980487056567,0.824228274518128,66378,287.7234122540874,0.7803809546671148,0.9795263490915664,0.8412643506324322,0.7487920652590134,0.005909812234926262,0.0011460363166315244,0.5606895569948587,0.9901668169493114,CALI
4052,65049,964.019,371.51664268972627,224.06728430765972,1.658058399010221,0.7976541968234698,65696,287.78978290668624,0.8130718464076796,0.9901516074037994,0.8795880114709224,0.7746349687678329,0.005711335188699692,0.001268544784694369,0.6000593348379415,0.9949334200325354,CALI
4053,65144,974.5659999999999,368.20264094360164,226.98201110853233,1.6221666164000288,0.7873866274076005,66001,287.9998557329976,0.7793742896452713,0.9870153482522992,0.8619097111316021,0.7821775938242419,0.0056521343630050605,0.0013050096535090346,0.6118017882806807,0.9924444368027585,CALI
4054,65144,978.923,371.29548184750263,224.2950351136942,1.6553887680094859,0.7969178414019781,65737,287.9998557329976,0.7621855621855622,0.9909792050139191,0.8542543930766382,0.7756621607673752,0.005699611350968664,0.0012726688907469248,0.6016517876463133,0.9959676115225354,CALI
4055,65181,977.0889999999999,368.0482821975055,226.71419926758705,1.6234019897584984,0.7877536786627187,65980,288.08163212079774,0.6960881683913754,0.9878902697787209,0.8579512967552578,0.7827278269056142,0.00564655777293238,0.0013073944404629885,0.6126628510123852,0.9945980913846205,CALI
4056,65198,991.4899999999999,391.1459695699041,212.8302058465583,1.8378310917572669,0.8390076356301268,65780,288.11919727370326,0.8033960543664437,0.9911523259349346,0.8334267985746343,0.7366027511174744,0.005999355341726803,0.0010894760684152535,0.5425836129538318,0.9971770337645433,CALI
4057,65271,976.35,363.59627506550686,231.92635750705617,1.5677229572945142,0.7701458723259983,66871,288.28045081900507,0.796959706959707,0.9760733352275276,0.8604369839455072,0.7928586473199358,0.005570563880827732,0.0013578818718521658,0.6286248346299984,0.985509584774916,CALI
4058,65272,960.989,373.02393568261715,223.7518429899735,1.66713234938285,0.8001256717850461,65819,288.2826591454185,0.7399950116772102,0.9916893298287729,0.888177876290461,0.7728261689638605,0.005714915058258015,0.001257525557880229,0.5972602874353573,0.9957119461851838,CALI
4059,65289,1017.247,395.71673806324,211.9548364494349,1.8669861216290022,0.844457463570475,66261,288.3201981065739,0.7169966724870688,0.9853307375379182,0.792860980729993,0.728602483477707,0.006061001670468838,0.0010536266703056866,0.5308615789298824,0.9911112003681496,CALI
4060,65293,973.285,359.7692789328286,233.30728390350438,1.542040492321829,0.7612219795896936,66249,288.32903009303965,0.7148972977707704,0.9855695935032982,0.866156616147705,0.8014276009010559,0.005510074264206403,0.0014021497414903883,0.6422861994860223,0.9904313272669424,CALI
4061,65348,973.6719999999999,365.78572883280606,230.1181706816868,1.5895560430939752,0.7773191380568464,66339,288.4504424842392,0.7714501581904897,0.9850615776541702,0.8661972530725404,0.7885776282324142,0.005597504572944942,0.0013352175378508369,0.6218546757486598,0.9884728577625267,CALI
4062,65349,990.5079999999999,373.619547576997,226.60621534754273,1.648761253101474,0.7950713180204476,66724,288.452649509236,0.7606681410778722,0.9793927222588574,0.837014217828446,0.7720491376318862,0.005717295560406387,0.0012529974165699923,0.5960598709181392,0.9827604196984938,CALI
4063,65383,955.6389999999999,354.5772588140975,235.08706936952413,1.5082805692590069,0.7486135343433531,65965,288.52767831426354,0.7166595420516699,0.9911771393921018,0.8996777443941494,0.813723021265548,0.005423080293258148,0.0014666693251675024,0.6621451553375314,0.9987006718245853,CALI
4064,65458,1015.9379999999999,390.7011898395845,217.23780562984987,1.798495380243795,0.8311686889121291,67706,288.69311408357885,0.7412549401519698,0.9667976250258471,0.7969630490924478,0.738910250573108,0.0059687309395274,0.0010975606552449835,0.5459883584020134,0.9819575402529146,CALI
4065,65469,997.877,375.16002011037796,223.47898951204152,1.6787261340742887,0.803214595895044,66351,288.7173700251967,0.717342712510683,0.9867070579192476,0.8262120904430288,0.7695845893713609,0.005730345966951962,0.0012398982755346016,0.5922604401978863,0.9942430791385338,CALI
4066,65488,984.5210000000001,384.49743085311184,218.90547791122327,1.756454130440007,0.8221098875119183,66604,288.7592618525271,0.7908605656594933,0.983244249594619,0.8490272375620869,0.751004398681771,0.005871265435699851,0.0011520767188768464,0.5640076068393687,0.9906534906325926,CALI
4067,65506,997.059,376.46937143358934,222.68688283371668,1.6905772205482985,0.8062947684363727,66312,288.79894324152497,0.7226334543127889,0.9878453371938714,0.8280360192476107,0.7671246724316063,0.005747097539669486,0.0012276996559844736,0.5884802630532995,0.9948713274601784,CALI
4068,65525,993.29,391.47270929826794,215.3432963215385,1.8179006079378617,0.8351086190299573,66623,288.8408232379411,0.7074453153678392,0.983519205079327,0.8345738394959131,0.73783131333906,0.005974402278493216,0.0010922009628682333,0.5443950469436423,0.9896560867972081,CALI
4069,65612,1000.896,390.269809351634,215.4482614088946,1.8114316950135392,0.8338113252368995,66471,289.0325120279092,0.7627883184523809,0.9870770712039837,0.8230291797182849,0.7405966464792316,0.005948146823014601,0.001103794961891,0.548483392776284,0.993540201863521,CALI
4070,65615,972.507,362.61061625634756,231.994186175999,1.5630159627416624,0.7685508305513635,66519,289.0391197187635,0.7490638841956254,0.9864098979239014,0.8718214000384311,0.7971060602219857,0.005526337213386383,0.001376200110655828,0.6353780712426159,0.9931060677282179,CALI
4071,65635,978.9970000000001,371.9755562864866,225.3596423405849,1.6505863801661602,0.7955824740138844,66337,289.08316713135065,0.797635106395907,0.9894176703800293,0.8605629248042804,0.7771563540823251,0.005667335358977475,0.0012752410487685125,0.6039719986905323,0.9969079550403267,CALI
4072,65693,988.9330000000001,384.595796135363,222.1746090865292,1.7310519762660028,0.8162609163180589,67513,289.2108666912207,0.7169376841645749,0.9730422289040629,0.8441025665706573,0.7519865521084104,0.005854441053618544,0.0011547966005530604,0.565483774551895,0.9788818054844167,CALI
4073,65736,1014.17,399.52197839041236,211.150017605122,1.8921238223032992,0.8489291687725522,66585,289.3055041175516,0.7216123649776061,0.9872493804911016,0.8031406703753279,0.7241291337290151,0.006077674004965504,0.0010308162285115503,0.5243630023151338,0.9921597282149446,CALI
4074,65757,997.5859999999998,392.34676290370004,214.52005647650904,1.8289514246266472,0.8372884785182005,66564,289.35171114605504,0.8112139156180607,0.9878763295475032,0.8303308310742794,0.7374897374062833,0.005966615917753244,0.001088759030159581,0.5438911127795888,0.9947504255600015,CALI
4075,65761,999.861,381.4211099347218,220.48537463260402,1.7299156942735356,0.8159922420618303,66508,289.3605116482362,0.7455895691609977,0.9887682684789799,0.8266068787122841,0.7586379046974057,0.005800111159117437,0.0011850979090833548,0.57553147044367,0.9956209232688303,CALI
4076,65824,983.196,374.9335756166672,225.9208722609403,1.6595791786055787,0.7980717783745227,66684,289.4990842690998,0.8318042813455657,0.9871033531281866,0.8556850178420197,0.7721343275084123,0.005696001088002358,0.0012488816060519552,0.5961914197168682,0.989426866625414,CALI
4077,65881,1003.3749999999999,393.3596200121402,214.50798452068742,1.8337761220921085,0.8382261042544522,66670,289.6244023674408,0.8009263761914025,0.988165591720414,0.8223250018861408,0.7362840200997299,0.005970759703285321,0.0010824076559548157,0.5421141582542196,0.9941159988546505,CALI
4078,65881,1027.604,409.53131747184574,207.2239824858422,1.9762737524833807,0.8625318505340239,67226,289.6244023674408,0.6319884118030774,0.9799928599053938,0.7840043538026044,0.707209412348182,0.006216228009165704,0.0009591771563543178,0.500145152913861,0.9884237381354504,CALI
4079,65957,995.361,371.0944282705234,229.51513430604632,1.6168625628656303,0.7857991570816715,67572,289.79140886523385,0.7934485786808136,0.9760995678683478,0.8365839287475173,0.78091015867794,0.005626308477804075,0.0012906473457619228,0.6098206759264054,0.9859962209668187,CALI
4080,65990,1010.042,397.55223916920863,213.4137081131812,1.8628242894236764,0.8436972543842471,66576,289.8638948835701,0.7651901669758813,0.991198029319875,0.8128475967234512,0.7291215249832775,0.006024431567952851,0.0010502568350834237,0.5316181981939403,0.9903112922953221,CALI
4081,65997,992.511,383.24096819572526,221.3444275438133,1.731423611827164,0.8163486557378252,67054,289.87926837545064,0.7344588127935187,0.9842365854386017,0.8419056052130037,0.7563890409216537,0.005806945288357429,0.0011724880050418152,0.5721243812263791,0.9905896625573588,CALI
4082,66011,987.1759999999999,383.90554501757816,221.0017303836201,1.7371155617251761,0.817684275309312,66822,289.9100129135122,0.7686601923659144,0.987863278560953,0.8512105530787497,0.7551597435255537,0.005815781385186986,0.0011666569081256717,0.5702662382415801,0.9906183567759255,CALI
4083,66050,982.983,387.66381521909,218.43315433909947,1.7747480522909718,0.8261431684351203,66646,289.9956412254458,0.7625964069643929,0.9910572277405996,0.8589950710019849,0.7480596069085103,0.005869247770160333,0.0011337231772063224,0.5595931754881149,0.9931368982728519,CALI
4084,66058,992.161,388.39148474041895,217.52966648423424,1.7854644427019712,0.8284396349276957,66621,290.01320288241254,0.7906876533604644,0.9915492112096786,0.8432784095567203,0.7467032988023478,0.005879552586218459,0.0011274994056568084,0.5575658164423083,0.9955139397238355,CALI
4085,66082,968.17,349.92624645018986,243.8653848484788,1.4349156058684178,0.7171633602495625,66793,290.0658814738283,0.7725274725274726,0.9893551719491563,0.8859103998451217,0.8289343380680582,0.005295333773950393,0.0015422458982457428,0.6871321368283297,0.9859766264286836,CALI
4086,66124,972.5639999999999,377.19409648640567,224.445405857833,1.6805605578994383,0.8036964181857786,66955,290.1580459957433,0.8064787598638875,0.9875886789634829,0.8784814623569148,0.769253942992718,0.005704344814082718,0.0012321524827243692,0.591751628809844,0.9944744474505727,CALI
4087,66144,992.0559999999999,373.69821507835,227.61188412195193,1.6418220714614649,0.7931092523242822,67488,290.20192357557283,0.7219778420564318,0.9800853485064012,0.8445550104746896,0.7765675934917933,0.005649767402611726,0.0012674399277383267,0.6030572272616349,0.9901126660725048,CALI
4088,66144,980.9219999999999,369.58282028637063,228.799334629857,1.6153142266968037,0.7853321885384064,66817,290.20192357557283,0.794427095844343,0.9899277130071689,0.863836139128645,0.7852148629384622,0.005587548685993751,0.001310252898838788,0.6165623809794679,0.9959419856421894,CALI
4089,66149,1013.351,393.08021314655923,217.36005749558296,1.8084289159453646,0.8332037096576592,68260,290.212891933984,0.7231295640386549,0.969074128332845,0.8094934637374028,0.738304504342422,0.005942345510084192,0.0010891300344479697,0.5450935411323095,0.9857629216787223,CALI
4090,66234,1006.478,398.0848250398197,213.51249850679187,1.8644567780520658,0.8439961367789715,67144,290.3992906430537,0.7638212975990036,0.9864470391993327,0.821641326491147,0.7294909837721284,0.006010279086871089,0.001049914940435283,0.5321570954048277,0.9921839035160309,CALI
4091,66235,982.152,387.1243739072025,219.45974485350894,1.7639880797528995,0.8237885058942986,67073,290.40148285698115,0.7551848769197441,0.9875061500156546,0.8628593191082699,0.7501503455491367,0.005844710106547935,0.0011416579170166862,0.562725540927489,0.9926411463685931,CALI
4092,66252,984.959,375.209210063533,226.72074632370217,1.6549399035932308,0.7967936155067309,67161,290.438747962103,0.8131673908240665,0.9864653593603431,0.8581684648064575,0.774071478450446,0.005663364276754407,0.0012542338641106073,0.5991866537504594,0.9916179029921361,CALI
4093,66266,986.1069999999999,374.00237576795735,227.5559785170558,1.643562072968894,0.7936040332196023,67126,290.4694332824373,0.7832027325698212,0.9871882728004052,0.8563524346300844,0.7766513051848996,0.005643955810943129,0.0012666822162308012,0.6031872498454078,0.9913756867443249,CALI
4094,66291,975.667,378.628405270273,226.05542280239914,1.6749361752814125,0.8022131976807761,67815,290.52422043616036,0.7740297043575732,0.977527095775271,0.8751070895830634,0.7673069859319668,0.005711611007078985,0.0012212792928838676,0.5887600106599992,0.9861354404135029,CALI
4095,66293,973.9889999999999,372.5145896995383,227.79187268002212,1.635328711761404,0.7912460887284433,67110,290.528602962132,0.7275910133570401,0.9878259573834004,0.8781514701132505,0.7799120114905183,0.005619214543006627,0.0012824422358743643,0.6082627456671863,0.9947095322843742,CALI
4096,66302,1011.15,387.4959487339613,220.58734873359415,1.7566553610558353,0.8221550488904115,67497,290.5483235109622,0.728657464392474,0.9822955094300487,0.8149018818683686,0.7498099643628549,0.0058444081435546635,0.0011395283389585662,0.5622149826578259,0.9876179633517834,CALI
4097,66306,1026.124,388.03930958862105,221.1541359129187,1.7546102313972316,0.8216952289270291,68370,290.5570877697009,0.6841241836134584,0.969811320754717,0.791339788274466,0.7487826119413888,0.005852250318049966,0.0011348165469276198,0.5606753999457688,0.9837667932375805,CALI
4098,66358,981.2919999999999,376.38555608556385,226.569450359474,1.6612370091748572,0.7985254383474601,67547,290.67099908579786,0.6860835401157982,0.9823974417812782,0.8659775545621831,0.7722692711930729,0.005672044909213115,0.0012444986832857927,0.5963998272290801,0.9907614652584387,CALI
4099,66371,992.178,373.0059387122511,228.91525313331493,1.629449910421745,0.78953615877769,67609,290.6994699403793,0.750361778139556,0.9816888284104187,0.8472450480033088,0.7793427390029688,0.0056200138420733625,0.001278883905920958,0.6073751048366496,0.9896873101684766,CALI
4100,66372,1013.706,392.74598871283473,218.05619899450986,1.8011227863451988,0.8317107117569115,67804,290.7016598906209,0.7489252225720185,0.9788803020470769,0.8116536284194198,0.7401772856887765,0.005917344493353142,0.0010955939622867747,0.5478624142496047,0.9867674780870557,CALI
4101,66408,967.957,367.4426756985675,231.08046593916433,1.590107040009616,0.7774955172035306,67002,290.7804871148899,0.7988740120538453,0.991134592997224,0.8906726880330105,0.7913628610559988,0.005533108596834229,0.001338602451588645,0.6262551778587363,0.9958127671556509,CALI
4102,66441,973.5409999999999,376.7012979312357,227.31084061375518,1.6572077993029977,0.7974200387417916,67348,290.85272663626336,0.8066948349967218,0.9865326364554255,0.8809221536986372,0.7721043920835032,0.005669711442200383,0.0012429246771965908,0.5961451922746361,0.987936462154512,CALI
4103,66455,983.9989999999999,380.8743796763273,224.54409765688305,1.6962119407757774,0.8077326375537904,67706,290.8833682859424,0.6752733406495143,0.981523055563761,0.8624783699081736,0.7637252170469945,0.005731312612690201,0.001202769433431242,0.5832762071534789,0.9893600673441368,CALI
4104,66461,967.115,363.95563210737276,233.93365929817386,1.555807031785331,0.7660732870561247,67151,290.89649943346456,0.7834148641480521,0.9897246504147369,0.892936338274588,0.7992636293306361,0.005476228646986545,0.0013785468763619958,0.6388223491707805,0.9938843029015244,CALI
4105,66494,974.8079999999999,380.0148485857691,224.62361596477842,1.6917849307766304,0.8066043786705689,67416,290.96871015217414,0.7632460973370064,0.9863237213717811,0.8793345831251346,0.7656772129694893,0.0057150246426108985,0.0012116599687445892,0.5862615944607246,0.9918285310017338,CALI
4106,66497,984.3219999999999,379.96782697295095,225.42711823856413,1.6855462197358175,0.8049965514728294,67422,290.97527387435196,0.749650523088023,0.9862804425855062,0.8624571618109496,0.7657892411376868,0.0057140596864963976,0.0012121645454446254,0.586433161842234,0.9884601990709004,CALI
4107,66505,1006.7679999999999,397.1233798501389,214.11313474643157,1.8547361903810407,0.8422032065665915,67219,290.9927764096765,0.7554639222101054,0.9893780032431306,0.824527899875379,0.7327515607856868,0.005971331175853529,0.0010618860846246323,0.5369248498338604,0.9958539505017665,CALI
4108,66516,974.2009999999998,372.35677676846666,228.92671146849074,1.626532676680316,0.7886793589354535,67382,291.01684067696857,0.7795787771175415,0.9871479030008014,0.8807220033643649,0.7815537646517021,0.005598003138620282,0.001288392944424333,0.6108262870412481,0.9935289156479001,CALI
4109,66517,1008.279,386.863114632479,221.235342380255,1.7486496979652835,0.8203443795970081,67790,291.01902823896035,0.7920576327697071,0.9812214190883611,0.822206818092361,0.7522532317805206,0.0058160036476762175,0.0011488429983689287,0.5658849247242379,0.9895345027021458,CALI
4110,66519,983.7279999999998,382.9192919430593,223.5093860888082,1.7132134745827268,0.811970537204363,67640,291.0234033136137,0.6789038579301898,0.9834269662921349,0.8637847051687244,0.7600123823400606,0.005756540115501726,0.0011847425056565224,0.5776188213102147,0.9895843478412522,CALI
4111,66540,1015.555,393.79686114568705,216.633982612091,1.8177981884348557,0.8350882029994886,67380,291.06933762709826,0.7709955506117909,0.98753339269813,0.8107477706065408,0.7391357482644224,0.005918197492420905,0.0010895973693445728,0.5463216543624078,0.9931025136027183,CALI
4112,66550,998.751,381.80747239064715,223.0856353542691,1.7114838962370718,0.8115461746264866,67255,291.0912085620675,0.8103500761035007,0.9895175079919709,0.8383849420895948,0.7624031209746385,0.005737152102038274,0.0011956795143967176,0.5812585188718693,0.9948145945998164,CALI
4113,66601,983.216,373.38376246531817,228.8883614262201,1.631292041844053,0.7900743561353726,67832,291.2027247793306,0.7508991487682507,0.9818522231395211,0.8657504770931683,0.7799019508953045,0.005606278621421873,0.0012794239234508072,0.608247053010302,0.9922285770508034,CALI
4114,66617,1018.106,406.2663514785829,209.71542108807367,1.9372268828431278,0.8564669893067925,67508,291.23770145985964,0.7988511949730787,0.9868015642590507,0.8076234884761122,0.7168639499675935,0.00609853868349795,0.0009934648578459934,0.5138939227631405,0.9955291221064658,CALI
4115,66636,989.086,372.4337402897545,230.84521302120103,1.6133483359498983,0.7847369474077679,68019,291.2792308129303,0.7790039747486556,0.9796674458607154,0.8559544894972085,0.7820967847497228,0.005589077079803027,0.0012899172890079923,0.6116753807158541,0.9868454576194438,CALI
4116,66664,999.6479999999999,384.57883959787455,222.96142019568907,1.7248671956804764,0.8147910137676238,67764,291.3404211746542,0.7803530458397715,0.9837671920193614,0.8383146002436794,0.7575570758892693,0.005768913350502138,0.0011720205180379216,0.5738927232299001,0.9898887321389896,CALI
4117,66678,993.9119999999999,389.5368350987029,222.08112296900688,1.7540294730636143,0.8215643128529233,68362,291.3710115365823,0.7161668671593058,0.9753664316433106,0.8481966650741276,0.7479934765675065,0.005842059376386558,0.0011280723919003016,0.5594942409875451,0.9813693887015104,CALI
4118,66688,987.2639999999999,377.87365126505784,227.10941428601757,1.6638396627150405,0.79923439614413,67716,291.39285982895757,0.6918775353522778,0.9848189497312304,0.8597871596872904,0.7711383391073259,0.005666291555678051,0.0012359698099889066,0.5946543380412052,0.9894094732385146,CALI
4119,66693,985.429,373.9074215020185,227.76860686588248,1.6416108727494096,0.7930490684330646,67361,291.4037833608586,0.8083020239970913,0.9900832826116002,0.8630569210748945,0.7793474175780314,0.005606396795795938,0.0012758158620968484,0.6073823972855463,0.9970855473005543,CALI
4120,66697,1000.3079999999999,383.96062760174294,223.75625394453195,1.7159771887177055,0.8126455127356107,67724,291.4125218915638,0.8099800835519285,0.9848355088299569,0.8376231655356601,0.7589645941349664,0.005756790074542228,0.001178273801373447,0.5760272551504543,0.988449629917853,CALI
4121,66700,993.616,373.65987294643173,229.83064665944053,1.6258052543363162,0.7884648485786547,67836,291.4190756176324,0.7958097692509605,0.9832537295831122,0.8489821230715731,0.7799046585326291,0.005602097045673639,0.0012784873890858074,0.6082512764008968,0.9888981211293489,CALI
4122,66734,1006.609,393.81686046074987,217.17431720164137,1.8133675543922625,0.8342012159115595,67521,291.4933408816681,0.7983299837305006,0.9883443669376935,0.8276284340534433,0.7401748633632207,0.0059012926013838505,0.0010926076580050164,0.5478588283547625,0.9934694237258858,CALI
4123,66734,975.556,366.1793010627968,234.77615713914642,1.559695437240549,0.7674149027951186,68092,291.4933408816681,0.6893082540567899,0.9800563942900782,0.8811556136913704,0.7960399182467152,0.005487147496970012,0.0013591449719871026,0.6336795514422371,0.9883471050570948,CALI
4124,66737,972.11,374.8698514527756,227.088191323614,1.6507677007236543,0.7956331452709914,67291,291.49989279070167,0.7795649939258014,0.9917671010982152,0.8874537374099161,0.7776029244843753,0.005617121708389283,0.0012668498308465092,0.604666308166653,0.9981636112373264,CALI
4125,66737,963.4219999999999,366.60905832058745,232.92567764954228,1.5739314875888604,0.7722229307044522,67677,291.49989279070167,0.7292067307692308,0.9861104954415828,0.9035317650969098,0.7951246325610283,0.005493340400686088,0.0013544316873378198,0.6322231813053101,0.9950759722400285,CALI
4126,66744,986.9849999999999,380.8264966931668,224.21506421947328,1.6984875571089826,0.8083085586393239,67410,291.5151800057824,0.8068665377176015,0.9901201602136182,0.8609957144747682,0.7654802975557059,0.005705778747050923,0.0012084557648229285,0.585960085945972,0.9952459149417434,CALI
4127,66768,980.1719999999999,372.0655422715821,229.54476716218272,1.620884443898922,0.7870046017292215,67547,291.5675872295776,0.8023071377072819,0.9884672894429064,0.8733204847369904,0.7836457669513331,0.005572512914443777,0.0012963134118772048,0.614100688060743,0.995386252265283,CALI
4128,66792,987.8709999999999,379.9628079439783,227.041542605987,1.6735386994941905,0.8018419155855341,68160,291.6199850352355,0.7741397095469349,0.9799295774647887,0.8600700788666787,0.7674961310377303,0.005688747274284021,0.0012175903084712166,0.5890503111578849,0.985798491671815,CALI
4129,66832,1016.277,396.1902316751893,217.0426706942073,1.825402490708309,0.8365933548077689,67791,291.70729379592206,0.7641261347785324,0.985853579383694,0.8131489923161812,0.7362808834597264,0.005928151659013486,0.0010746651545750464,0.5421095393482352,0.9895681033630028,CALI
4130,66833,1018.336,400.39707666791844,214.34621454459653,1.8679922923696535,0.844640388388399,67787,291.7094761801288,0.7596040189125296,0.9859265050820953,0.8098761804051385,0.7285504644732133,0.005991008583602688,0.0010411618877851937,0.530785779284135,0.9915037446021842,CALI
4131,66873,1002.7230000000001,381.945117659888,225.98357187591816,1.6901455025660201,0.8061839026610127,69064,291.79675816409366,0.7750785243222569,0.9682758021545234,0.83579297636633,0.7639756202458672,0.005711499673409119,0.0012001842353630437,0.5836587483300573,0.9864682085233589,CALI
4132,66874,1024.488,408.2395188989155,209.5480011226877,1.9481909477146309,0.8582112150079894,67877,291.7989398791902,0.8016446698073627,0.985223271505812,0.8006697361370015,0.714773867719168,0.006104607454300857,0.0009829064167562259,0.5109016819742188,0.9953340319943521,CALI
4133,66877,1003.152,391.04318018815815,219.52161707689285,1.7813424727606013,0.8275619747194868,67627,291.8054849266091,0.8058440775997108,0.98890975497952,0.8351282221781466,0.7462231786939773,0.005847199787492832,0.0011184141023556225,0.5568490324201435,0.9919388323656465,CALI
4134,66942,1014.517,394.25789992573334,218.2104914364827,1.8067779295593356,0.8328681494342098,67661,291.94725825679757,0.7155363155363156,0.9893734943320377,0.8173157911676867,0.7404981823111012,0.005889544679360243,0.0010923390782046822,0.5483375580060449,0.9907241977537838,CALI
4135,66966,991.5239999999999,379.88202770188815,226.43575004113112,1.6776592372577392,0.8029335084541958,68108,291.9995879324745,0.6771835087825744,0.983232513067481,0.8559684568630024,0.7686586009318155,0.005672759724365919,0.001221541190699474,0.590836044786456,0.9912215482408252,CALI
4136,66967,997.021,388.6036137825784,221.17811390128955,1.7569713699430942,0.8222259331771264,68035,292.0017681321119,0.7040635020764338,0.9843021973983979,0.8465684831322366,0.7514128993547788,0.0058029120877832125,0.0011411437050476967,0.5646213453167549,0.9920235385802915,CALI
4137,66972,986.0940000000002,368.1112826605334,232.49289280682004,1.5833227339400848,0.7753081274819686,67922,292.01266888613463,0.7414886903377952,0.9860133682753747,0.865498859638078,0.7932728026579513,0.005496495291473055,0.0013426285628658462,0.6292817394368011,0.9963560841036478,CALI
4138,66973,1016.147,397.9997409749013,217.26436491727983,1.8318684756537673,0.8378563853581095,68392,292.0148489881089,0.7950261158594492,0.9792519592934846,0.8150730593568271,0.733706128232189,0.0059426894565705775,0.0010623102818966724,0.5383246826054694,0.9861400157312792,CALI
4139,66985,998.738,371.8173979987043,230.62595843164945,1.6122096598631577,0.7843909702896464,68002,292.0410089423827,0.7100682666214383,0.9850445575130143,0.8438869622841471,0.7854420221169973,0.005550756109557428,0.0013031320905768674,0.616919170107238,0.9946030454016513,CALI
4140,66990,1004.139,375.1813691824922,230.3418977153479,1.6288021107047321,0.7893463759425229,68239,292.0519082317535,0.7553445787479705,0.9816966837145914,0.834895598824348,0.778428600727496,0.005600557832250965,0.0012684874822762508,0.6059510864305674,0.9869744085619335,CALI
4141,66997,978.189,381.13630002589605,226.26281408434207,1.684484927708108,0.804720936019581,68032,292.0671665535544,0.7884226134437959,0.9847865710253998,0.8798723511214502,0.7663063490245093,0.005688856217829098,0.001210080925834326,0.5872254205552733,0.9891723700924127,CALI
4142,67013,974.8989999999999,357.4088586767499,240.15439922093435,1.4882461442979655,0.7406129727495558,67890,292.1020397247124,0.7559789720680474,0.9870820444837237,0.8860325460108563,0.8172769998096139,0.005333425733465893,0.0014677872898690091,0.6679416944178034,0.9940616513331458,CALI
4143,67031,977.6419999999999,370.5708826469809,232.0351281694656,1.5970464712409256,0.7796979185619982,67944,292.14126706636756,0.741624623827226,0.9865624632049923,0.8813042426563795,0.7883546191746311,0.005528350802568676,0.001317230635167857,0.6215030055739776,0.9925691819175503,CALI
4144,67044,981.016,376.87221166855767,228.25174532665758,1.6511252132123024,0.7957329962077802,67723,292.169594648766,0.8004011317646216,0.9899738641229715,0.8754222895446458,0.7752484412560409,0.00562126680491256,0.0012524995209981685,0.601010145669921,0.9923430049120054,CALI
4145,67055,1011.117,396.7678305421508,217.68540995490284,1.8226661613396502,0.8360542224609326,68471,292.19356199652367,0.7973625380517504,0.9793197119948591,0.8242106203276733,0.7364346086154844,0.0059170506381649515,0.0010735488433055095,0.5423359327666418,0.9884973527323336,CALI
4146,67073,1006.5010000000001,384.2772957511492,224.23255545016448,1.713744442593014,0.8121005113650044,68005,292.2327770528514,0.7329421278083749,0.9862951253584296,0.8320112032617875,0.7604737003304403,0.005729239720172785,0.0011819893247902306,0.5783202488942722,0.9910931125815678,CALI
4147,67087,1017.0389999999999,383.65523498514256,223.3964339189908,1.7173740343781212,0.8129852099239196,67725,292.26327401445405,0.7988449630864491,0.990579549649317,0.8150289243928908,0.7617862272250039,0.005718771669401561,0.001187996020588577,0.5803182559897053,0.9966235045123154,CALI
4148,67109,1017.3169999999999,397.48485824475233,218.45807831236203,1.8195017612322355,0.83542727584893,68530,292.31119138280013,0.6433981438870993,0.97926455566905,0.8148506712238169,0.735402079650563,0.0059229739415689745,0.0010686094228115042,0.5408162187543732,0.9840160625265403,CALI
4149,67184,987.8379999999999,373.1045419780453,231.36688271052248,1.6126099708265493,0.7845127023336086,68131,292.4744870471392,0.7503238775966049,0.9861003067619732,0.865175602925431,0.7838942015998008,0.005553473177810867,0.0012935232805445262,0.6144901193017891,0.9909328933604609,CALI
4150,67194,1005.4359999999999,394.5874990324464,218.7244609777623,1.8040391882486524,0.8323091716733259,67865,292.4962529143485,0.6476342852736788,0.9901127237898769,0.8352788725876061,0.741270956711928,0.005872362101265684,0.0010937058332365992,0.5494826312646172,0.9912882000633535,CALI
4151,67293,1019.2049999999999,399.05831559100324,215.68308176399592,1.8502068513081598,0.8413567924283811,68181,292.7116476737188,0.7188424684605771,0.9869758437101245,0.814060463769366,0.7335059469697165,0.00593016087246821,0.0010589142551588417,0.5380309742399406,0.9954685947547421,CALI
4152,67336,1032.7789999999998,399.820464936842,217.2274490770695,1.8405614328923543,0.8395305516336453,68914,292.80515361633735,0.6903707349081365,0.9771018951156514,0.7933089992730006,0.7323415865233177,0.005937692540941576,0.0010535429726510042,0.53632419935149,0.9871376368532231,CALI
4153,67349,1002.2019999999999,385.16432798829163,224.05650872802158,1.7190499404587085,0.8133914927834287,68119,292.8334169769025,0.8077356680259055,0.9886962521469781,0.8426175212556587,0.7602817698782433,0.005718931654342182,0.0011786720287775005,0.578028369609194,0.9936596343601294,CALI
4154,67360,998.5399999999998,391.0083958942975,220.7396397222007,1.771355595154449,0.8254061313700586,68045,292.85732999766384,0.7102188857492303,0.9899331324858549,0.8489478426665991,0.7489796461476312,0.005804756471114868,0.0011267921946693045,0.5609705103434307,0.9936782522134829,CALI
4155,67381,998.588,380.68158479784967,227.70260138631164,1.6718367839460897,0.8013882584714407,68676,292.90297670696344,0.7684000456152354,0.9811433397402295,0.8491308709962496,0.7694172463385677,0.005649687371779131,0.001221382930352632,0.5920028989632243,0.989732222689439,CALI
4156,67397,1000.63,385.25965584650896,225.6963262810686,1.706982396189869,0.8104345986806338,68657,292.9377503779869,0.786420228468746,0.9816479018891009,0.8458695489386785,0.7603644605203511,0.005716273066256791,0.001178636723260501,0.5781541128224046,0.986898892872616,CALI
4157,67407,990.057,386.6966177581518,223.59145657190112,1.7294785037271776,0.8158887034997429,68200,292.95948182634936,0.7430224867724867,0.9883724340175953,0.8641606081300045,0.75759514920188,0.005736742738263857,0.001165719008825515,0.5739504100942188,0.9926348964633497,CALI
4158,67422,987.3600000000001,384.0268967337915,225.89315722780242,1.7000377587645064,0.8086993317684567,68542,292.9920759766962,0.7624335632703834,0.9836596539348137,0.869081363652624,0.7629467583355213,0.005695869252377436,0.0011904651950938737,0.5820877560546805,0.9895711642074598,CALI
4159,67425,1007.262,397.7980169827487,216.5017797081626,1.8373891314841273,0.8389227412015915,68000,292.99859437165964,0.8082594102133781,0.9915441176470589,0.8351142974910019,0.7365511688419656,0.005899859354582851,0.0010711076314652804,0.5425076243224657,0.9967976126773725,CALI
4160,67448,1012.1999999999998,386.0879006223107,223.83221716361828,1.7248987009769274,0.8147985483024612,68315,293.0485639161148,0.8025702046644455,0.9873087901632145,0.8272680931416582,0.7590203252776591,0.005724230527551754,0.0011719538256929752,0.5761118541846036,0.9937345889004319,CALI
4161,67455,1001.0210000000001,386.597547583034,223.78450182432795,1.727543884547086,0.8154294309345905,68436,293.0637703471898,0.7634110457220462,0.9856654392425039,0.8459362461383569,0.7580590517953173,0.00573119186988413,0.001167446163947157,0.5746535260088156,0.9927391845899491,CALI
4162,67467,1011.5239999999999,393.33147731995604,220.07324983663833,1.787275271355916,0.8288229907775321,68144,293.0898366792121,0.7394048988985698,0.990065156139939,0.82860753847656,0.7451471686838778,0.005829983211347118,0.001108703170116422,0.5552443029975993,0.9923744123088605,CALI
4163,67483,1025.4479999999999,387.62688352330736,224.96487211542532,1.723055159138015,0.8143568493380752,69557,293.12458818284586,0.7866068306329409,0.9701827278347255,0.8064490978795935,0.7562029380380186,0.005744067150590628,0.0011586511914974031,0.5718428834973315,0.9853168306264359,CALI
4164,67502,993.036,371.38705710634486,234.18426040592936,1.5858753977000482,0.7761351742647165,69374,293.1658502430202,0.6984747832205459,0.9730158272551677,0.8601942171737005,0.7893809023050408,0.00550186745735452,0.0013177600810166928,0.6231222089239203,0.9881941808929546,CALI
4165,67513,1021.125,389.4206597583253,224.0461152300074,1.7381272572324817,0.8179200711596394,69075,293.1897361499973,0.7799741213983687,0.9773868982989504,0.8136534168737023,0.7528869586219463,0.005768084069117434,0.0011432216542162797,0.5668387724630044,0.9852379208741486,CALI
4166,67523,1017.032,399.3029062240903,218.11683131757624,1.8306836011325907,0.8376260815488777,68784,293.2114489223645,0.696256960197979,0.9816672481972551,0.8203371089237181,0.7343083267162928,0.0059135836118669235,0.0010605821564076757,0.539208718684882,0.9871205588841295,CALI
4167,67549,991.709,384.4144069739145,224.282669435808,1.7139728537248298,0.812156379933852,68128,293.2678946071586,0.766209165154265,0.9915012916862377,0.863098335257248,0.7628951706460344,0.005690897081731994,0.0011891043204928422,0.5820090413950421,0.9975476975735129,CALI
4168,67569,1000.412,393.070378648461,220.75693278398046,1.7805573473567697,0.8273940063501302,68609,293.3113069730013,0.7112526315789474,0.9848416388520457,0.8483978721845064,0.7462055726038865,0.005817318276849753,0.0011125935560536283,0.5568227565850942,0.9914548504130396,CALI
4169,67573,1024.5079999999998,396.9407079408076,221.5445158142519,1.7916972870301695,0.8297535220430502,69713,293.31998867514835,0.7618838226672079,0.9693027125500265,0.8090071436503732,0.7389516439288677,0.005874250187808853,0.0010804291195852316,0.546049532065176,0.9783554651852695,CALI
4170,67585,1014.517,379.4062232123067,229.82584258921239,1.6508423027537955,0.795653987528766,69220,293.34603223995714,0.7257917288630676,0.9763796590580757,0.8251663790455634,0.7731713775179899,0.005613763752493996,0.0012374765211591963,0.5977939790130661,0.9868635888862841,CALI
4171,67591,999.739,380.5460002081072,228.00354151867458,1.6690354793324063,0.800637964085836,68387,293.35905315533455,0.7053881716951399,0.9883603608873032,0.8498171028324384,0.7708898608707142,0.0056301282745943575,0.0012264995327412426,0.594271177593269,0.9918596797478152,CALI
4172,67593,992.946,392.31779796054536,222.24080376483832,1.7652824832998362,0.8240744056954421,68881,293.36339333203085,0.7243762860082305,0.9813010844790291,0.8615100042727233,0.7477697796456684,0.005804118739522515,0.0011194061529124757,0.5591596433513315,0.9870747237762891,CALI
4173,67626,990.0889999999998,388.7851818775126,222.8892471334904,1.7442976136245176,0.8193478729831537,68420,293.4349969793312,0.7825996389390363,0.9883952060800936,0.8669121569631083,0.7547484077512459,0.005749048914286113,0.0011507595518653005,0.5696451590030409,0.9936306914617633,CALI
4174,67666,982.672,379.8737590305068,228.42467694105787,1.663015415486517,0.7990103009150171,68581,293.5217658608123,0.7692377650201785,0.9866581123051574,0.8805686209510987,0.772682394830121,0.0056139532265910026,0.001234390644101085,0.5970380832804111,0.9928835361278465,CALI
4175,67704,1000.748,388.2519759536384,223.16875156431928,1.739723743723774,0.8182911901010336,68428,293.6041725465588,0.7685775911000113,0.9894195358625124,0.8495221955589506,0.7562206781443873,0.005734550040671724,0.0011568400186934434,0.571869714053157,0.9948953198548025,CALI
4176,67766,996.422,392.89383239425655,222.23676748643953,1.767906529770013,0.8246517605732042,69060,293.73857592853386,0.6848370927318296,0.9812626701419056,0.857699387530224,0.7476283711009657,0.0057978017352987715,0.001117342240606299,0.5589481812750832,0.9881681394792924,CALI
4177,67796,1020.867,404.65934301020366,215.61272832708235,1.8767878230098711,0.8462252770140325,69042,293.8035877501585,0.7771562199092118,0.9819530141073549,0.8174771167394305,0.7260516600570621,0.0059687790284117595,0.0010231406852482126,0.5271510130716158,0.9893506022201258,CALI
4178,67812,1029.053,387.4898407691983,225.07482058862394,1.721604574673527,0.8140081329007769,69284,293.83825484027915,0.8139035250909178,0.9787541135038392,0.8047128403529302,0.7583121515056672,0.005714178032932199,0.0011655357297270523,0.5750373191211542,0.9899868792069796,CALI
4179,67844,1014.851,390.1263833998393,225.08254564889242,1.7332591573244411,0.8167810443770841,69449,293.9075767533263,0.6965288543474021,0.9768895160477473,0.827783454337059,0.7533650356892201,0.005750344664227335,0.0011426033167259305,0.5675588769990197,0.9837266208793269,CALI
4180,67882,991.6039999999999,392.73622443578495,221.54866877833942,1.7726860043953574,0.8256957557061465,68565,293.98987529456235,0.7122681104675564,0.9900386494567199,0.8675368944569768,0.748568267968955,0.005785572382012683,0.0011206029134069602,0.5603544518100413,0.9933324942242928,CALI
4181,67882,989.4499999999998,380.79661956598403,228.21095320559132,1.668616752250848,0.8005254279120984,68501,293.98987529456235,0.7427564775910365,0.990963635567364,0.8713182042593728,0.7720390890802541,0.005609684740667394,0.0012293495207685342,0.5960443550678683,0.9945695959507979,CALI
4182,67889,1009.0169999999999,381.72575585920254,229.9273035024978,1.660201942285013,0.7982423852658198,69235,294.00503303944555,0.7610191911039369,0.9805589658409763,0.8379388163289881,0.7701996224427877,0.005622792438527634,0.0012205203374370257,0.5932074584110126,0.9848441746319192,CALI
4183,67899,1004.9069999999999,396.0270267130865,220.19607376304685,1.798519927922291,0.8311737656302995,68695,294.02668560518924,0.8267259223182759,0.9884125482203945,0.8449314958353284,0.7424409592585851,0.0058325899750082694,0.0010931730149151347,0.551218577984808,0.9913775971466648,CALI
4184,67909,1003.7359999999999,389.0970585758558,225.4098060246864,1.726176271733461,0.8151036750847326,69501,294.04833657652296,0.7105607349509788,0.9770938547646797,0.847028839987082,0.7557197621919243,0.00572968323161666,0.0011527987373339355,0.5711123589674187,0.985840602543281,CALI
4185,67916,989.997,362.8244276333527,240.0285347677538,1.5115887283335434,0.7498961112815108,68706,294.0634913079713,0.7571460423634336,0.9885017320175822,0.8707915510037685,0.8104842698329374,0.00534225260076201,0.0014219441642126806,0.6568847516466297,0.9929395864032246,CALI
4186,67922,1003.5219999999999,388.24698914233016,224.64370607443547,1.7282789530443596,0.8156041460663221,68623,294.0764804561931,0.6768847476207086,0.9897847660405403,0.8475523526468618,0.757446905398629,0.005716071216135128,0.0011606096469564968,0.5737258144979597,0.991558250015056,CALI
4187,67935,989.2859999999998,378.0667964530646,231.0052889816018,1.6366153265139112,0.7916173738858294,68767,294.1046216426788,0.8110382865943196,0.9879011735280003,0.8722876374620704,0.7779170887311461,0.005565125435387718,0.0012571525128005356,0.6051549969399419,0.9904059429083878,CALI
4188,67943,1015.562,383.73816478747244,227.10511507653018,1.6896940637297397,0.8060678653124141,68691,294.12193795761164,0.6851855586930213,0.9891106549620765,0.8278310251475096,0.766465170647039,0.005647942610533425,0.0012023744425750074,0.5874688578149947,0.9926426416760871,CALI
4189,67953,991.332,385.56509434405854,225.90481870424153,1.70675905257624,0.8103791784243745,68997,294.1435819177235,0.7277429718875502,0.9848689073437975,0.8689209095472029,0.7628895515506516,0.005673996649802931,0.001185538071944483,0.5820004678651544,0.9933345671324593,CALI
4190,67976,995.5819999999999,382.46441124404237,229.65631401493937,1.6653772960022457,0.7996513895658847,69399,294.19335698298397,0.7251237412527735,0.9794953817778355,0.8618097383029013,0.7692045281443598,0.0056264624462169345,0.0012150174518472158,0.591675606117787,0.9853631210269298,CALI
4191,67987,1014.6399999999999,398.00088326769844,219.2147418087984,1.8155753576775386,0.834644134775719,68693,294.21715947223316,0.8070631528964862,0.9897223880162462,0.8298732828284607,0.7392374535871079,0.005854073326778626,0.0010783848308736322,0.5464720127859516,0.9921611200746187,CALI
4192,68008,996.6289999999999,371.7058808941213,234.44175793063528,1.5854934896201327,0.7760117485274683,69070,294.26259524164624,0.7254650964328384,0.9846242941942956,0.8604048046026557,0.7916543976485149,0.0054656199402147,0.0013242247672646138,0.6267166853162331,0.9936552244051969,CALI
4193,68020,1007.3989999999999,396.92424904474905,221.09410392580136,1.795272881532634,0.8305001622263913,69372,294.2885553889002,0.7538846895573338,0.9805108689384766,0.842254734226903,0.7414224656143955,0.005835405013889283,0.0010877115300480702,0.5497072725177294,0.9868745591323488,CALI
4194,68033,1005.2689999999999,384.9832288358855,226.31863331160974,1.7010673102899854,0.8089581658303563,68739,294.31667629777166,0.6658934304283142,0.9897292657734328,0.845989369370002,0.7644922018752041,0.005658771902398623,0.0011923237378440685,0.584448326727998,0.994185943150678,CALI
4195,68043,1001.9369999999998,383.8083045061299,227.35617269893407,1.6881367237579705,0.805666724913593,69027,294.3383059379371,0.6879006005216652,0.98574470859229,0.851750677844732,0.7668888413362513,0.0056406728760655745,0.0012034840840684216,0.5881184949660583,0.99282442927347,CALI
4196,68045,1028.051,401.01686576145687,217.55904533227584,1.8432553109846004,0.8400438915970124,69048,294.3426316752368,0.6877052908181313,0.9854738732475958,0.8090526089809807,0.7339906542741902,0.005893406800815003,0.0010551356659136832,0.5387422805618539,0.9930395698975928,CALI
4197,68068,990.3370000000001,385.2068487780655,227.20001554645347,1.6954525634673903,0.80753984369824,68964,294.39237308570523,0.8011487353318504,0.9870077141697118,0.8721412824587831,0.7642449089873725,0.0056591474522252085,0.0011908607735800852,0.5840702809131173,0.9902634550192635,CALI
4198,68100,1014.8839999999999,384.1957345497634,227.06178791190212,1.6920316627596883,0.8066675350777738,69047,294.4615645486938,0.722623089983022,0.9862847046214898,0.8308529465988184,0.7664363189606243,0.005641640742287275,0.0012008520263237718,0.5874246310219119,0.993941075174002,CALI
4199,68197,1008.009,368.3233216073113,238.737058487577,1.5427991110415624,0.7614935153670433,69740,294.67120190528266,0.7278306065166117,0.9778749641525667,0.8434246992525981,0.8000340587160728,0.00540087278923283,0.001364827029514737,0.6400544951057129,0.9874755060672499,CALI
4200,68226,1011.2840000000001,385.8758433963868,227.5336848712244,1.6959064483783057,0.8076551145473307,69707,294.733848037685,0.7889222941720629,0.9787539271522229,0.8383270926464291,0.7638048690571252,0.005655847380710973,0.0011874275877820457,0.5833978779953723,0.989388223262572,CALI
4201,68234,988.0049999999999,383.9724637134343,228.17521309586948,1.6827965601684591,0.8042811997315383,69335,294.7511273862394,0.7881034881034881,0.9841205740246629,0.8784001682995144,0.7676361073803916,0.005627289382323098,0.0012053150794682247,0.58926519335412,0.991613440403315,CALI
4202,68256,1015.699,395.5950336822119,221.89724300295012,1.782784807637076,0.8278698787029942,69414,294.7986403724469,0.7975695255900911,0.9833174863860317,0.8314203459366775,0.7452030871784492,0.005795754712878164,0.0011025247343873158,0.5553276411402912,0.9900296818858453,CALI
4203,68264,1027.426,408.5483541335286,215.81871785875225,1.8930163156696767,0.8490842424273096,69822,294.8159159234812,0.7330756013745704,0.9776861161238578,0.8126442992756759,0.7216181706293805,0.005984828813628393,0.001001062831803992,0.5207327841824937,0.9857556565615573,CALI
4204,68267,1020.2689999999999,400.80188355586824,218.38069148966235,1.8353357195722648,0.8385273913936601,68866,294.822393994139,0.6699674177592839,0.9913019487119914,0.824121605271132,0.7355813584968929,0.005871092673705718,0.0010602824103643402,0.5410799349681344,0.9930633317908553,CALI
4205,68272,1007.016,398.6198542214913,219.95481124074342,1.8122806769850406,0.8339824902442,68885,294.8331904622663,0.6566635887965527,0.9911011105465631,0.8460182814379263,0.7396349864160142,0.005838701872238858,0.0010778686673303941,0.5470599131306177,0.9914261097197334,CALI
4206,68291,1010.006,398.00054368349544,223.76059873362792,1.7786891255027815,0.8269932897873299,70414,294.8742134360158,0.7229314871273713,0.9698497457891897,0.8412506809495777,0.7408889714243971,0.005828008722723279,0.0010832095399136259,0.5489164679783013,0.9763517524024,CALI
4207,68292,1035.332,402.71157178678334,218.48442385177768,1.8432049511226827,0.8400343186348199,69606,294.87637238180633,0.8000468603561387,0.9811223170416343,0.8006089134214006,0.7322272143148878,0.005896906984519172,0.0010456527991191554,0.5361566933833408,0.9882466718217396,CALI
4208,68324,1024.408,403.3133301597507,218.38463572715975,1.8468026782966216,0.8407159727285957,69905,294.9454503030777,0.7942803999069984,0.9773835920177384,0.8181580828267369,0.7313059803558961,0.005902952551954667,0.0010414670994080973,0.5348084369042981,0.9876856536504877,CALI
4209,68325,1008.5860000000001,388.1095478906496,227.18148879946293,1.7083678337597332,0.8107778098641084,69595,294.94760872743143,0.7998993174660782,0.9817515626122566,0.8440411749639911,0.7599596823382797,0.005680344645307715,0.0011687366401722558,0.5775387187796991,0.9866485699140464,CALI
4210,68330,1027.922,398.704461258229,219.57078045384986,1.8158356974189016,0.834696240966403,69292,294.958400612279,0.7023765470169812,0.9861167234312763,0.8126451776492436,0.7397920747649804,0.005834984066416347,0.0010780977388875545,0.5472923138850745,0.9937929204755086,CALI
4211,68338,1004.3759999999999,383.9729286829212,228.47915425155713,1.6805600053130638,0.8036962733266421,69306,294.975666806792,0.8171958146487295,0.9860329552996855,0.8512938098748014,0.768219957116764,0.005618732311201984,0.0012071477953676487,0.5901619025124826,0.9918024900219456,CALI
4212,68345,1030.6100000000001,401.547580051592,218.43245205658746,1.8383146655679459,0.839100443472024,69433,294.9907738979724,0.7599799844323363,0.9843302176198637,0.8085891466120494,0.7346346698442838,0.0058753029490319995,0.0010555910734911524,0.5396880981372201,0.9921165456381246,CALI
4213,68352,1003.9179999999999,399.52542128451825,219.88009512714555,1.8170149555988362,0.8349319447592071,69077,295.00588021552693,0.7830001718311472,0.9895044660306614,0.8522452875770348,0.7383907618870672,0.0058451167673882,0.001071810413639104,0.5452209172401637,0.9906745607306928,CALI
4214,68367,1017.3119999999999,388.0458726473143,228.1223267311627,1.701042936952936,0.8089520446466727,70183,295.0382482914865,0.8002879617923866,0.9741247880540872,0.8301337145488689,0.7603179651897491,0.00567592365684196,0.0011700308625517504,0.5780834081902806,0.983344698471758,CALI
4215,68374,1009.761,392.11275827319264,222.81518174684913,1.7598116753044704,0.8228610593112521,68994,295.0533521784187,0.7668169481640984,0.9910137113372177,0.8426819000284845,0.7524706757254995,0.005734822568128128,0.0011341175415789657,0.56621211782679,0.9964266956504557,CALI
4216,68385,1010.424,385.8246688686615,226.74095380430416,1.701609975592056,0.8090943721171261,69205,295.0770852958835,0.7023138306066488,0.9881511451484719,0.8417117869151228,0.764795797430803,0.005641948802641829,0.0011906685292506001,0.584912611767818,0.9952931350337223,CALI
4217,68394,992.1819999999999,377.78084447308225,232.6215927791022,1.624014520577303,0.787935298581938,69082,295.09650188136203,0.729536,0.9900408210532411,0.8730621896535508,0.7811314580890253,0.005523596287292485,0.0012685225877665514,0.6101663548162868,0.9909190201893725,CALI
4218,68395,1008.5389999999999,381.9192242808211,230.78220591119407,1.6548902579940896,0.7967798683932844,69705,295.0986592008873,0.7297801963294921,0.9812065131626139,0.8449846585192754,0.7726729644379055,0.005584022578855488,0.0012277495827057903,0.5970235099732609,0.9880083904481866,CALI
4219,68400,1003.086,380.68430000829807,231.1731653837346,1.6467495237882965,0.7945055477689217,69457,295.1094455619561,0.8059384941675504,0.9847819514231827,0.8542591272408813,0.7752078180148836,0.005565559941641785,0.0012398273231270988,0.6009471611113969,0.9896094513821216,CALI
4220,68400,1028.4919999999997,404.30968952959387,216.15290475145872,1.8704800196624023,0.8450912288669964,69136,295.1094455619561,0.7676767676767676,0.9893543161305254,0.8125762598467685,0.729909406587089,0.005910960373239677,0.0010349363786780984,0.5327677418243166,0.9965314162030413,CALI
4221,68404,994.1089999999999,380.620006110007,230.65620672240598,1.6501615608726368,0.7954636773160295,69150,295.1180743669626,0.7667922159447583,0.9892118582791034,0.8698079065495096,0.7753614356300216,0.005564294575024955,0.001240528261194931,0.6011853558622481,0.9920529652034187,CALI
4222,68412,1000.541,382.7686782826122,231.40404882349856,1.654114006339473,0.7965647285356762,69728,295.13533122014036,0.7699372003511378,0.9811266636071593,0.858761115599399,0.7710540280995277,0.005595051720204236,0.0012198968489295962,0.5945243142485073,0.9834109953078263,CALI
4223,68435,1024.358,397.3652799929502,222.35783802291428,1.7870531730570305,0.8287760443703563,69877,295.1849390533854,0.7075213233393641,0.9793637391416345,0.8195672744199005,0.7428553875130267,0.005806462774792872,0.0010907080499402797,0.5518341267571292,0.9861569272224832,CALI
4224,68440,1016.5529999999999,396.86501590322916,224.81226329498355,1.7653174701706087,0.8240821232746415,70598,295.19572226181486,0.7676604526998227,0.969432561828947,0.8322615140037362,0.7438189571584582,0.005798729045926785,0.0010949178847214271,0.5532666410282964,0.9766912670698623,CALI
4225,68443,1015.573,387.3241618916053,227.8751519667282,1.6997209153728094,0.8086195645016212,69812,295.2021919978047,0.8047383891828336,0.9803901907981436,0.8339050597073159,0.7621579571904388,0.005659076339313082,0.0011778914460422302,0.5808847517087027,0.9873419619004233,CALI
4226,68456,1021.462,393.38779786070086,223.17109439313847,1.7627184153504594,0.8235073614687856,69252,295.2302258820907,0.8182839656697507,0.9885057471264368,0.8244739786215433,0.7504814015269281,0.005746578793103612,0.001124472566620808,0.5632223340378225,0.9928023801451376,CALI
4227,68485,992.387,383.08131682527966,228.21388160903368,1.6786065515574478,0.8031831219299209,69084,295.29275341800655,0.7834019675131549,0.9913293960975045,0.8738626775211231,0.7708356958391871,0.005593652870340654,0.001218211080047154,0.5941876699798839,0.9974073156828875,CALI
4228,68496,991.0319999999999,385.0579869906542,228.01318042711722,1.6887531951852897,0.8058256725200081,69171,295.31646729598356,0.777709653246134,0.9902415752266123,0.8763946520188336,0.7669402460755897,0.005621612750973111,0.0011997390704364922,0.5881973410504862,0.9933201390984999,CALI
4229,68511,991.5799999999999,387.7710401747747,226.48450740528986,1.7121305320935951,0.8117050071825289,69130,295.3488013338648,0.7472840314136125,0.9910458556343121,0.8756179451973957,0.7616577070859811,0.005659982195191644,0.0011749900575212598,0.5801224627634742,0.993245380850674,CALI
4230,68511,1014.5400000000002,393.7455185081585,223.5987804821439,1.7609466279696555,0.8231138528526222,69282,295.3488013338648,0.8137084897144757,0.9888715683727375,0.836434276491306,0.7501007311851985,0.005747186853325138,0.0011223115571865022,0.5626511069245694,0.9907985694622145,CALI
4231,68545,1007.411,387.4447692924306,226.71653755007458,1.7089391602359671,0.8109190579896717,69351,295.42207871767425,0.7835684400649306,0.9883779613848395,0.848735304062382,0.7624882360837846,0.005652414753700935,0.001178545555948921,0.5813883101661612,0.9935572505463677,CALI
4232,68551,991.1890000000001,381.21391959524027,230.85431304920897,1.6513181606183835,0.7957868530308863,69514,295.4350081340059,0.7335109570279061,0.9861466754898294,0.8768205325692787,0.7749848390837579,0.005561026383207251,0.001237392685373396,0.6006015008096781,0.9917841655816784,CALI
4233,68552,1014.7549999999999,390.44152694519977,226.03226747039534,1.7273707480563056,0.8153882409884511,69827,295.43716298171574,0.761485826001955,0.9817405874518452,0.8365802240425633,0.7566745404701322,0.0056955526745419505,0.0011517338262083344,0.5725563601956857,0.989017108215617,CALI
4234,68562,984.765,384.8710509836725,229.51086792084098,1.6769186333974204,0.8027380134523296,69637,295.4587105944454,0.788522139160437,0.984562804256358,0.8884400590821133,0.7676823440975812,0.00561347467961367,0.0012026458039464639,0.589336181439157,0.9882688239906053,CALI
4235,68564,1007.3409999999999,393.52529822862596,223.25661458715166,1.762659077117768,0.8234942048680407,69105,295.4630199284196,0.7242268041237113,0.9921713334780407,0.8490885589592465,0.7508107388734251,0.0057395323818421615,0.0011250664553905897,0.5637167656076585,0.9936404738218085,CALI
4236,68566,1008.527,377.9922530016534,234.0837481513504,1.61477358418431,0.7851687520539016,69879,295.4673291995431,0.7491095815579591,0.9812103779390089,0.8471174331600433,0.7816756212679593,0.005512823454797617,0.0012695801317603552,0.6110167768846502,0.9866537508067713,CALI
4237,68590,1012.9759999999999,387.95026011290184,228.00393965480248,1.7015068279094554,0.8090684943582667,69600,295.51903555166257,0.7465822013235807,0.9854885057471264,0.8399865942775738,0.7617446511458974,0.005656076106034434,0.001174715395915457,0.580254913549385,0.9873076973322894,CALI
4238,68602,1028.9170000000001,393.75892850792945,223.15789723086596,1.7644857448202684,0.8238985132529058,69599,295.54488533541166,0.6648769141306454,0.9856750815385279,0.8143028515176637,0.7505731653001997,0.005739758731639449,0.0011236874578733535,0.563360076468761,0.9940408241299852,CALI
4239,68609,996.6850000000001,380.28106786570225,231.09669156118053,1.6455495978618397,0.7941669046059786,69346,295.5599633318674,0.6806448412698413,0.9893721339370692,0.8679108326335088,0.7772145087071375,0.005542728619651973,0.0012475758952316856,0.604062392544877,0.9940146271356833,CALI
4240,68629,992.208,379.46828519477816,232.65467699306723,1.63103656500353,0.7899998467589421,69870,295.6030390838861,0.7582644628099173,0.9822384428223845,0.8760160961872901,0.7789927396229049,0.005529270209310614,0.0012559756410424248,0.606829688385199,0.9897614104859574,CALI
4241,68632,1009.219,390.7563616357087,226.2789453796381,1.7268790120093571,0.8152711758522381,69718,295.60949990530355,0.6856343656343656,0.9844229610717462,0.846770427869991,0.7565059175694038,0.0056935010146245,0.0011502930166362231,0.5723012033175257,0.9882949365567347,CALI
4242,68634,1007.249,385.36099875870946,229.42381966993145,1.679690449374971,0.8034681118491351,70059,295.61380704113463,0.7244305587806886,0.979660000856421,0.8501107041391863,0.7671087836946123,0.0056147244624924885,0.0011993226445082795,0.5884558860214274,0.988423731628678,CALI
4243,68650,1009.473,386.6385506538738,227.7943899026789,1.6973137521914312,0.808011828441655,69527,295.64826186884466,0.7360193841667382,0.987386195291038,0.846566328084145,0.7646631753839638,0.005632025501148926,0.0011877501095181083,0.5847097717882864,0.9924359366969719,CALI
4244,68656,988.425,384.5531181512765,228.05442129245677,1.6862339961308006,0.8051748375402464,69175,295.6611813940703,0.8101002949852507,0.9924972894831948,0.8830817679810035,0.7688435418634737,0.005601158211245579,0.0012072841129194833,0.5911203918651708,0.9967673005692119,CALI
4245,68670,1050.566,413.92286124893013,212.2300570829116,1.9503498558982317,0.8585507918583848,69637,295.69132475770004,0.7107812694075271,0.9861137039217658,0.7818622205699967,0.7143633571373906,0.006027710226429738,0.0009682974921303053,0.5103150060206031,0.9952927984549882,CALI
4246,68671,1031.577,399.3199299707828,222.34099056979096,1.7959798098742377,0.8306471730675172,70214,295.6934777375185,0.7602993766676631,0.9780243256330646,0.8109235904936518,0.7404926615086644,0.0058149718217410966,0.0010784758211126436,0.5483293817481857,0.9847884987805647,CALI
4247,68678,1006.562,392.7843313437133,224.7520261031353,1.7476342178266748,0.8201126366329858,69759,295.7085481573394,0.8050781891074484,0.9845037916254533,0.8518172720556496,0.7528522004574926,0.005719216216892066,0.0011333268415798523,0.5667864357336885,0.9905353692882135,CALI
4248,68728,990.893,387.90587181936775,226.49927560404333,1.7126141829146013,0.811823668004721,69493,295.8161716853192,0.7681509298998569,0.9889916970054538,0.8796097795165633,0.7625978186354162,0.005644073329929108,0.0011774829982333394,0.5815554329874952,0.9959800826854263,CALI
4249,68749,1027.8070000000002,406.8969800800722,216.8492256254315,1.8764050409057693,0.8461568274719793,69561,295.8613618926907,0.7445525038988043,0.9883267923117839,0.8178113001051277,0.7271161408828075,0.00591858761698457,0.0010204999449595334,0.5286978823323069,0.9920513715245459,CALI
4250,68749,1024.216,391.3524554283788,226.6710098562327,1.7265218683085948,0.8151860791788836,70178,295.8613618926907,0.7683856402002861,0.9796374932314971,0.8235560036854855,0.7559972035152751,0.005692482151425894,0.0011469967739007004,0.5715317717229162,0.9867621023127707,CALI
4251,68752,1025.143,403.66524778899657,218.45740887386398,1.8477983871999073,0.8409038273875827,69504,295.86781707315157,0.7980591765429662,0.9891804788213628,0.822103125412036,0.7329534030826633,0.005871323711150171,0.001045252585979621,0.5372206910904573,0.9926755265673666,CALI
4252,68814,1033.465,383.7772919707053,232.0830134921602,1.6536207721366447,0.7964278398990187,70564,296.00119261821476,0.7114764267990075,0.9751998186043875,0.8096458998933163,0.7712837596467519,0.005577023454103893,0.0012174159321616087,0.5948786378948285,0.9837036725232418,CALI
4253,68837,1038.354,396.6017422301588,227.48599588481954,1.7434116798599142,0.8191439546947814,71427,296.0506553631226,0.6566411019536019,0.9637392022624498,0.8023076228160555,0.7464683682385751,0.005761461746301535,0.00110346377859909,0.5572150247807609,0.9714551823962103,CALI
4254,68841,991.351,371.98410572995766,236.20084646794226,1.574863559095857,0.7725321570413278,69365,296.05925673606856,0.8013712981933321,0.9924457579470914,0.8802421006325756,0.7958922227472621,0.005403525598552573,0.0013374391121910416,0.6334444302295774,0.9975885498807995,CALI
4255,68843,1007.263,391.8923945910847,225.73922831981062,1.7360402864312117,0.8174331341028732,69852,296.06355732883236,0.8075614677177178,0.9855551737960259,0.852675705269355,0.7554715565168245,0.005692552541160099,0.00114382420264484,0.5707372727059536,0.9908228983854123,CALI
4256,68879,1030.435,390.3223549802166,227.41521212406911,1.7163423296734939,0.8127344047035616,70187,296.14095731899914,0.7955532455532456,0.9813640702694231,0.8151837130436883,0.7587086764067331,0.005666783126645517,0.0011582880002721041,0.5756388556548568,0.9879933345652411,CALI
4257,68888,1013.8339999999998,407.3993054854651,218.59010519772582,1.863759135469338,0.8438685186985951,70240,296.1603041559012,0.7402535998280679,0.980751708428246,0.8422087263103204,0.7269533849670919,0.005913937194946364,0.001018785425260145,0.5284612239151129,0.9849244338130989,CALI
4258,68897,1027.553,400.6362933538067,220.582391872834,1.816265976410184,0.8347823037329681,69754,296.1796497290428,0.7002296934710139,0.9877139662241592,0.8199770790943635,0.7392731378619336,0.0058150034595672775,0.0010713945780419045,0.5465247723642295,0.9926343493104712,CALI
4259,68932,1019.1419999999998,400.26976975256804,222.4790881936319,1.7991343501201256,0.8313007568301435,70319,296.2548705045779,0.7726849827936016,0.9802756011888679,0.8339909614518772,0.7401380091424634,0.005806733734006964,0.0010748862444683299,0.5478042725773693,0.9855734839365133,CALI
4260,68934,1013.374,400.5776187351124,221.39457738054065,1.8093379859371432,0.8333880270815128,70217,296.25916825774976,0.8225229095074456,0.9817280715496247,0.84353640205758,0.7395799325814438,0.005811031112877715,0.0010724410723612148,0.5469784766771731,0.9896689353420431,CALI
4261,68938,1004.6179999999998,384.34982842533987,229.34533320640278,1.6758563300672809,0.8024570643951103,69770,296.26776357705984,0.7699558831741777,0.9880751039128566,0.8583543910563873,0.7708284007588935,0.005575297055692649,0.0012141675035924836,0.5941764234165136,0.995754320359301,CALI
4262,68988,1015.9459999999999,384.39885569825316,230.89843622574483,1.6647962713893567,0.7994939818613654,70406,296.3751840356905,0.7673006339673006,0.9798596710507628,0.839928212707995,0.771009537729582,0.005571966946400144,0.0012145832740914119,0.5944557072699839,0.9896476449691919,CALI
4263,68993,1025.729,397.6746265039169,222.34749642327705,1.788527565639301,0.8290873197459123,69818,296.3859239402457,0.77914172783738,0.9881835629780286,0.8240425266033224,0.7452975477612637,0.005763985136230007,0.0010970372746009634,0.5554684346989529,0.9934706073015914,CALI
4264,69016,1020.332,402.0536158470415,220.45542293447423,1.823741101467681,0.8362663462049118,69950,296.43532248948,0.7441720040542581,0.9866476054324518,0.8330606758581195,0.7373029635984091,0.005825513154153261,0.0010619348371273157,0.5436156601309969,0.9914142227823848,CALI
4265,69018,1036.307,403.378834903492,219.23407153322964,1.8399459175411577,0.8394128995132257,69793,296.4396176264763,0.7971310765392745,0.9888957345292508,0.8075982529213164,0.7348913526843797,0.005844545407045872,0.0010515333434208082,0.5400653002502771,0.993690944401137,CALI
4266,69020,1017.811,386.19913213238783,228.85951235962565,1.6874943416182833,0.8055008778348074,69789,296.4439127012409,0.702450740921674,0.9889810715155684,0.8372410979765466,0.7675934201727332,0.005595466996992,0.0011982324436007306,0.5891996586924741,0.9942710901269739,CALI
4267,69034,990.3300000000002,386.0383345040572,229.11182789560684,1.684934112960562,0.8048376636359811,69937,296.4739764823335,0.7615444015444015,0.9870883795415875,0.8845309459709758,0.7679910257182441,0.00559200299133843,0.0011999737297272738,0.5898102155837605,0.9937913524097012,CALI
4268,69057,1015.989,398.4042885695746,222.61165195948666,1.789682997555225,0.8293306369184228,70214,296.5233603626806,0.778984771573604,0.9835218047682799,0.8406971203617235,0.74427753131703,0.005769209328085127,0.001092032826854453,0.5539490436233725,0.9913931848847274,CALI
4269,69100,1011.142,377.8914471984708,233.99760461437788,1.6149372461364566,0.7852182480536707,70276,296.61566469288124,0.7748287191217861,0.9832659798508737,0.8493048636288374,0.7849229372399554,0.00546876189867541,0.0012804919701658386,0.616104017405399,0.9949693252022824,CALI
4270,69110,986.6329999999999,358.51536605076996,246.51118078672224,1.4543574247082611,0.7261002170971601,69898,296.63712669968857,0.7608970900723353,0.9887264299407709,0.8921532922777718,0.8274042197055546,0.005187604775731008,0.0014997455081868347,0.6845977427865576,0.9956498101601466,CALI
4271,69135,1014.9760000000001,384.55596373342513,230.10830121995207,1.6711955270394274,0.8012169006976323,69901,296.6907749244413,0.8143301373412801,0.9890416446116651,0.8433275438432387,0.7715152095004509,0.005562391896050121,0.0012156801198773982,0.5952357184905247,0.9947552702754646,CALI
4272,69144,997.4989999999999,383.30732336779374,231.60062472543137,1.6550357919898302,0.7968201633074714,70302,296.7100859107558,0.7445085709363425,0.9835282068788939,0.8732516724346848,0.7740788339336122,0.005543609327892424,0.0012277590652091468,0.5991980411440209,0.9916942045835494,CALI
4273,69172,1010.0329999999998,392.1770149183963,225.75553624243886,1.7371756256610134,0.8176982878137397,69782,296.7701564989659,0.8241629929703325,0.991258490728268,0.8520578267168248,0.7567250124557081,0.005669591957994511,0.0011467900685264403,0.5726327444760915,0.9947636461592374,CALI
4274,69189,1010.9200000000001,394.5542299934441,225.47105057310247,1.7499108155595402,0.8206315272725461,70236,296.806621996008,0.7902617872807017,0.985093114642064,0.8507722979166507,0.7522581167129795,0.005702557198303836,0.0011264630284508494,0.5658922741605587,0.9902610109951459,CALI
4275,69221,1034.794,420.18589381247085,212.60114866333157,1.9764046264767077,0.8625515062477397,70186,296.8752507807154,0.8039605110336817,0.9862508192517027,0.8123439104896178,0.7065331205840313,0.006070208373361709,0.000933068361432954,0.4991890504822094,0.9865995488595535,CALI
4276,69272,1018.472,395.75200651195087,224.1743966170937,1.7653755847413937,0.8240949413039794,69978,296.98459512724594,0.7671572698982247,0.9899111149218326,0.8392075899579436,0.7504310533881718,0.005713015453746836,0.0011176050364239856,0.5631467658892813,0.9941655511270147,CALI
4277,69338,1015.6839999999999,406.04312556530726,218.5881832794678,1.857571253273906,0.8427294283672114,69920,297.1260398431055,0.7370110544217687,0.9916762013729977,0.8446250399040368,0.7317598085903717,0.005855997080465362,0.0010357497190575822,0.5354724174682173,0.9946781696100448,CALI
4278,69343,1042.187,404.92358834444104,220.65546191117082,1.8350943359265268,0.8384808175819719,70228,297.13675260823993,0.7555679044630405,0.9873981887566213,0.8022711730749693,0.7338094424755661,0.0058394299113744864,0.001044439759872676,0.5384762978663012,0.9881548042451348,CALI
4279,69345,1024.41,394.18195232894,225.77008028452957,1.74594415625032,0.8197259045939196,70535,297.14103760615063,0.7194658864541833,0.9831289430779045,0.8303809894146926,0.753816951411794,0.005684360117224602,0.0011322046754695665,0.5682399962357711,0.9921153007755484,CALI
4280,69371,996.5959999999999,380.2824066165309,234.17643831554324,1.6239140425567316,0.7879055230655451,70667,297.19673695689016,0.8081430568499534,0.9816604638657365,0.8777069546559398,0.7815158729038373,0.0054818642749352164,0.001261418668147125,0.6107670596006468,0.9918332048165747,CALI
4281,69398,1009.124,392.7793368107248,225.94408288864327,1.738391781670629,0.8179816447877049,70022,297.2545675435969,0.8135183926101329,0.9910885150381309,0.856382429727503,0.7567978752579848,0.005659807729483916,0.0011452519951708703,0.5727430239950003,0.9956517659220924,CALI
4282,69411,992.04,377.0840491148063,235.01834655048654,1.6044877119148708,0.7820211511092728,70029,297.2824078878741,0.7709249633479941,0.9911750846078053,0.8862980585422104,0.7883717398965451,0.0054326266602527885,0.0012945350561829093,0.6215300002675059,0.9972372480156596,CALI
4283,69441,1019.858,400.6709535713824,222.53069837511336,1.8005199125200395,0.8315865823514265,70363,297.3466448876705,0.7496761238502396,0.9868965223199693,0.8389699709110904,0.7421217890572546,0.005769947920844781,0.0010795739275159886,0.5507447497935403,0.9916268887191362,CALI
4284,69462,1001.8389999999999,376.02467214046504,238.45266086299262,1.5769363645579824,0.7732174303895448,70724,297.3916025317357,0.7496843127731909,0.9821559866523387,0.8696835981394363,0.7908832174199577,0.005413386774646066,0.0013064664449921493,0.6254962635965441,0.9863678039605356,CALI
4285,69471,1069.638,399.10024545999437,225.00578177096392,1.7737332895127258,0.8259232156274298,71088,297.4108680130847,0.7073863636363636,0.9772535449020932,0.7630267573835948,0.7452034204346213,0.0057448467052438335,0.0010928424737747526,0.5553281378274588,0.9850040046676749,CALI
4286,69478,999.1189999999999,380.0828991284322,234.9613655616609,1.6176399818747522,0.7860330120085938,70380,297.425851413608,0.79729636684951,0.9871838590508667,0.8746267109580121,0.7825288959214818,0.005470550377507012,0.001265354803683983,0.6123514729520935,0.9905642256072024,CALI
4287,69479,1008.5600000000001,384.72461673548065,231.93806363001872,1.6587385904418988,0.7978411354150825,70402,297.4279918377797,0.6763723800901453,0.9868895770006534,0.8583411693483115,0.7730932175891355,0.005537279130895388,0.0012201230510383986,0.5976731230823226,0.9913834737265792,CALI
4288,69495,1013.931,396.3114600664502,226.13135595623385,1.7525718995960629,0.8212350772002219,70728,297.46223652989994,0.7374726744062653,0.9825670173057346,0.8494672119386558,0.7505769237155644,0.005702733435016191,0.0011164612814615607,0.5633657184143201,0.9873389272886856,CALI
4289,69501,998.5490000000001,382.0129886132652,232.6773563944137,1.6418142037238517,0.7931070108058322,70342,297.4750772731029,0.776243926955939,0.9880441272639391,0.8759153863666823,0.7787040915885058,0.005496510677735071,0.0012466848023834167,0.6063800622566801,0.9955633990679711,CALI
4290,69517,1018.4199999999998,390.3069197344913,227.78927476137608,1.713456088498297,0.8120299435529752,70244,297.50931654547276,0.7927766627132561,0.98965036159672,0.8422616890161122,0.762244535013254,0.00561455355861863,0.001169155478628887,0.5810167311575717,0.9955466555213194,CALI
4291,69518,1013.957,393.9420199744965,228.42965670941118,1.7245660027219498,0.8147189586942809,71385,297.5114563691607,0.7480845385674931,0.9738460460881138,0.8497047726823619,0.7552163549052762,0.005666762852419466,0.0011371044176729465,0.5703517427164122,0.9836092250819409,CALI
4292,69542,1009.509,389.89810136883403,229.614857633414,1.698052579817445,0.8081986836935139,70904,297.5628075213243,0.7463990554899645,0.9807909285794878,0.8575049790451175,0.7631809605552227,0.005606656428760088,0.0011732587871292723,0.5824451785539921,0.9890225380458388,CALI
4293,69544,1022.185,392.13336974289984,227.17988870401877,1.7260919176423695,0.8150835529029679,70244,297.56708638399874,0.7357051424460737,0.9900347360628666,0.8363932579463882,0.7588415303168333,0.005638636974331357,0.0011533424109725107,0.5758404681335934,0.993953577896794,CALI
4294,69545,996.279,382.5603879488895,232.859284001122,1.642882265098119,0.7934109491969399,70165,297.5692257922632,0.8227840613316928,0.9911636855982328,0.8804685001266932,0.777835957841037,0.005500904277070811,0.0012421267477534634,0.6050287773104834,0.9939910481173925,CALI
4295,69566,1014.0550000000001,397.01480722132186,226.13336291769266,1.7556666654527493,0.8219329867080654,71239,297.61414981322093,0.78495667087922,0.9765156725950673,0.85012712790852,0.7496298485595563,0.005707023649790441,0.0011116726431863663,0.5619449098514233,0.9865879460469943,CALI
4296,69586,1028.61,396.0922412845323,227.71418530635577,1.739427171617125,0.8182223390002042,71604,297.6569282915165,0.7777579076785515,0.9718172169152561,0.8264760110722981,0.7514838647841503,0.005692125445988162,0.0011197804123090345,0.5647279990309233,0.9823032260873574,CALI
4297,69589,994.969,376.5211207695866,237.2792032052959,1.5868273143340654,0.7764423433781277,70481,297.66334453300635,0.7583970879923276,0.987344106922433,0.8833470442795944,0.7905621440959283,0.005410641348051942,0.0013036846961720762,0.6249885036775512,0.9917488287803148,CALI
4298,69600,1009.5819999999999,396.92471476083256,225.56006013269393,1.7597296016295043,0.8228427566602685,70818,297.6868695686246,0.74048855221721,0.9828009828009828,0.8580960560879736,0.7499832046185286,0.00570294130403495,0.0011129734786259377,0.562474807209878,0.9898035684180708,CALI
4299,69609,997.8799999999999,392.4624071903888,226.30166689410578,1.7342444383055968,0.8170124810735532,70137,297.70611594233316,0.8035670995670996,0.9924718764703366,0.878453185481372,0.7585595728100193,0.005638098625039704,0.0011515192563284606,0.5754126255017191,0.9979061455071778,CALI
4300,69623,1009.02,379.54932027806296,234.1251721569364,1.6211384567552922,0.7870803720765832,70383,297.7360522729759,0.7237318087318088,0.9892019379679752,0.8593360824291068,0.7844462797479137,0.005451493332347974,0.0012733508389081926,0.6153559658103421,0.9975772207689404,CALI
4301,69624,1048.1660000000002,417.32556552232717,216.06895693480752,1.9314461986700058,0.8555339260730109,70971,297.73819046713,0.7883241431628528,0.9810204167899564,0.7963586437531058,0.7134434481493581,0.005993990082763518,0.0009579304947391982,0.5090015537072459,0.9831091160249867,CALI
4302,69637,1008.888,393.4145063393149,227.69318273960673,1.7278273403083373,0.8154968351120098,70819,297.76598559392664,0.7404961665656469,0.9833095638176196,0.8597338063313238,0.7568759687196367,0.005649503946742607,0.0011436389666989232,0.5728612320252885,0.9898052988960117,CALI
4303,69648,1038.597,400.3222293964111,224.72407899549802,1.7813944602012626,0.8275730877808889,71221,297.7895025210167,0.780710898880183,0.9779138175538113,0.8113801640818236,0.7438745107160576,0.005747792174885296,0.0010856242355731325,0.5533492876930541,0.9857333556527214,CALI
4304,69655,1015.6659999999998,394.0279856438055,226.14417067422323,1.742375160363655,0.8189049160036587,70262,297.8044668713479,0.7880238030591004,0.9913609063220518,0.8485165777725763,0.7557952168924317,0.005656851419766068,0.0011385997684120134,0.5712264098774779,0.9952907075142253,CALI
4305,69667,1035.546,404.8892674579033,222.0585678400404,1.8233444959870442,0.8361881318388743,71209,297.83011829407815,0.7818967452300786,0.978345433863697,0.8163909513224131,0.7355841268996931,0.00581177985930072,0.0010495866897045842,0.5410840077467839,0.9865825473917093,CALI
4306,69674,1015.7989999999999,400.52851201454763,224.17912614216098,1.7866449874577368,0.828689710839546,70720,297.8450806037893,0.7951655976809477,0.9852092760180996,0.8485257891343606,0.7436301578274939,0.005748607974489015,0.001084352368961192,0.5529858116305433,0.9879893284849585,CALI
4307,69693,1028.8149999999998,401.54916703562753,223.90666040847037,1.7933775007098314,0.8301050168824591,71239,297.88568879895473,0.8159817351598173,0.9782984039641208,0.827417016708796,0.7418411324273143,0.005761685779570797,0.001076398221381628,0.5503282657610401,0.98694632982051,CALI
4308,69728,1020.0600000000001,386.04522758473286,232.1943470130926,1.6625952894665657,0.7988959251375993,70902,297.96047888150105,0.7214858502767861,0.9834419339369834,0.8421038193569523,0.7718279040662454,0.005536444865545159,0.0012119721625589448,0.5957183134952933,0.9904384618662413,CALI
4309,69756,1023.7459999999999,404.0026819332643,223.44436923819808,1.8080683049237454,0.8331305060527422,70822,298.0202974338258,0.7756009695568058,0.9849481799440851,0.8363864671364231,0.7376691065705715,0.005791654939120137,0.001057861531538586,0.5441557107886251,0.9838706936201652,CALI
4310,69810,1022.531,400.08410381541796,223.75574219314203,1.7880394929488441,0.8289843754981518,70894,298.13562789100143,0.7805407097654241,0.9847095663948995,0.8390242926209966,0.7451823880224662,0.005731042885194356,0.0010900934977463755,0.5552967914188657,0.9928925933647085,CALI
4311,69819,1001.884,383.37995898906985,234.0775761252729,1.6378329156309006,0.7919677746543087,71154,298.15484529664167,0.7517361671888627,0.9812378784045872,0.8740748135364463,0.777700655200764,0.005491054855971438,0.0012390402211128507,0.6048183090996977,0.9905913346197093,CALI
4312,69825,1023.473,392.1972739989867,229.0439144478815,1.7123234858450276,0.8117523613609469,71138,298.167656212294,0.7902331371661385,0.9815429165846664,0.837660483469188,0.7602491806535717,0.005616860350862681,0.0011574366554820885,0.5779788166844271,0.9896867021296623,CALI
4313,69833,1017.734,388.5455471822621,230.60915433786414,1.6848661029865548,0.8048199972949571,70911,298.18473657699286,0.796907451785918,0.9847978451862194,0.8472313092328022,0.7674383061121993,0.005563924608455345,0.0011905150526961544,0.5889615536883618,0.9923213577718166,CALI
4314,69839,1005.1560000000001,392.7669525451186,228.66438222697,1.717656894003116,0.8130538800765721,70663,298.19754620848073,0.8011999816446402,0.9883390175905353,0.8686422264205702,0.7592225982256633,0.005623891415185192,0.0011526386948181688,0.576418953656527,0.9900899895821964,CALI
4315,69843,1006.2810000000001,386.31560688152206,232.03279082532586,1.6649181587973925,0.7995270190964134,70899,298.2060856571139,0.7821164613661814,0.9851055727161173,0.866750706297863,0.7719234748612416,0.00553120007561992,0.0012114238635537618,0.5958658510418542,0.992067875606845,CALI
4316,69845,1050.03,416.1572514230762,218.25192515887517,1.9067747105558728,0.8514438305225103,72211,298.2103552897307,0.7836042767549617,0.9672349088089073,0.7960526109106411,0.7165809421077765,0.005958296963606217,0.0009690873447969524,0.5134882465920685,0.979106402769434,CALI
4317,69889,1002.511,391.5626777484845,228.7546748484837,1.711714429477068,0.8116028245032141,70764,298.3042717461414,0.7744791666666667,0.9876349556271551,0.8738570559574554,0.7618301965381735,0.005602636720349189,0.0011641393167090013,0.580385248357392,0.9934538042689798,CALI
4318,69890,1019.5669999999999,397.652402868701,225.35398283310263,1.7645678938951914,0.8239166616964315,70522,298.3064058674244,0.6814215375615463,0.9910382575650152,0.8448767592959298,0.7501687496804107,0.005689689553136371,0.0011114865385484908,0.5627531529970706,0.9930161459669192,CALI
4319,69900,1013.617,397.26605490010394,225.97600981796077,1.7580010162146376,0.8224565867993048,70844,298.32774624058663,0.6686691666028928,0.9866749477725707,0.8549471486968325,0.7509520195869838,0.0056833484248941905,0.0011148920098746646,0.5639289357217699,0.9913876420717104,CALI
4320,69923,1015.485,376.51098849959635,236.70041542851735,1.5906646712806523,0.7776737928219379,70617,298.37682330656446,0.7746327520882724,0.9901723381055553,0.8520849443608773,0.7924783935140962,0.005384651523813285,0.0013100476313506954,0.6280220041866826,0.998972414846626,CALI
4321,69962,1000.6010000000001,377.1407443772238,239.2072992640762,1.5766272414658806,0.77311544365977,71574,298.4600224967516,0.7781336892448003,0.9774778550870428,0.8781126123865539,0.7913757050822009,0.0053906512732229475,0.0013042229989555978,0.6262755065943505,0.9874030243594977,CALI
4322,69965,1014.949,388.2999017456774,232.63413991262613,1.6691440985038437,0.8006671399207909,71261,298.4664214738329,0.786698150334514,0.9818133340817558,0.8534975179322226,0.7686492325442764,0.005549916411715535,0.0011950305188818298,0.5908216426909052,0.9861664581658711,CALI
4323,69966,1017.5150000000001,390.8109651661888,230.52796758164547,1.6952865600907028,0.8074976574247561,70935,298.46855443570666,0.7098823051948052,0.9863396066821738,0.8492103317910071,0.7637159164886421,0.005585726855418186,0.0011721598042858338,0.5832620010980866,0.988796231473195,CALI
4324,69978,1019.8049999999998,395.8064047421113,227.2544770283535,1.7416880402876653,0.8187461808194347,70905,298.49414878934766,0.7091047271621828,0.9869261688174318,0.845545760095266,0.7541417855121175,0.005656154859271647,0.00112852990928211,0.5687298326554047,0.9905499476907237,CALI
4325,69993,1026.528,398.04166463721447,227.81858368372087,1.7471869862460967,0.8200104248089558,72098,298.5261386455937,0.6798407071050458,0.970803628394685,0.834685506930224,0.7499871625692204,0.0056868781826356135,0.0011098620635638845,0.5624807440186304,0.9827590359633731,CALI
4326,70000,1032.2540000000001,401.15118152816876,222.82111141973408,1.8003284292596027,0.8315471267069643,70675,298.54106607209235,0.8075680664513152,0.9904492394764768,0.8255336018728522,0.7442108606905071,0.005730731164688125,0.0010843608091125017,0.5538498051697053,0.9971115497869124,CALI
4327,70006,1013.0709999999999,387.8711935119965,230.87346497834167,1.6800163394627567,0.8035536707600502,70848,298.5538604150511,0.7773262269598046,0.9881154019873533,0.8571668379057298,0.7697242419881255,0.005540542146558817,0.0011997000696057996,0.5924754087041944,0.9953683673529212,CALI
4328,70015,1002.1959999999999,387.81310248582696,233.24264399093866,1.6627023937393424,0.7989250931651366,71660,298.57305090150453,0.760577915376677,0.9770443762210438,0.8759828973253648,0.7698890238305349,0.005539000249744012,0.001200393567490132,0.5927291090147341,0.985532108397786,CALI
4329,70027,1014.428,381.58557802905364,237.61763071354238,1.605880745814987,0.7824517264499145,71890,298.59863629824105,0.74944883238083,0.9740854082626235,0.8551315487155482,0.7825207594074899,0.005449120739558365,0.0012603456435542702,0.6123387389036747,0.9833429907220418,CALI
4330,70027,1031.138,396.8699554545451,227.63280419887016,1.7434655644263901,0.819156367812797,71427,298.59863629824105,0.8012700955432233,0.9803995687905134,0.8276406275900219,0.7523840799595135,0.0056673848009274296,0.0011202652226712032,0.5660818037765237,0.986944131532746,CALI
4331,70034,1035.5629999999999,393.5953858098193,228.8908125533335,1.7195770394589702,0.8135189878380965,71414,298.61356010064645,0.7070927356252209,0.9806760579158148,0.8206646863624653,0.7586815569147273,0.005620061481706304,0.00114857388197673,0.5755977048025546,0.989784597143755,CALI
4332,70037,1019.075,382.3720768492948,236.24496178766006,1.6185406620140987,0.786303437038395,71309,298.61995578764754,0.7039248203427307,0.9821621394213914,0.8474715035825917,0.7809669530480473,0.005459572466686106,0.0012527633090127447,0.6099093817531511,0.9871631345113548,CALI
4333,70057,1009.3129999999999,384.76346570130414,233.6409592366844,1.646815125902341,0.7945240365064424,70989,298.662590200901,0.7855597044213454,0.9868712053980194,0.8641908543035178,0.7762238799271962,0.005492148760313804,0.0012299007097381237,0.6025235117692301,0.9922448328933654,CALI
4334,70066,1006.869,387.15125206691226,231.7835065367737,1.6703140695884184,0.8009809739901723,70755,298.68177370139927,0.7974732529023446,0.9902621722846442,0.8685028525672,0.7714860073596699,0.005525522394127141,0.0012074393364030227,0.5951906595517648,0.994155332736923,CALI
4335,70071,1014.005,397.959130219493,226.75168357173112,1.7550437727779944,0.8217928606781836,70912,298.692430669305,0.7852060197895538,0.9881402301444043,0.8563828993448259,0.7505605676255304,0.005679369927923007,0.001111790340487448,0.5633411656743584,0.9886884047662793,CALI
4336,70073,1026.93,396.1705544307316,226.6816971547547,1.7476953781595679,0.8201266073347616,70866,298.69669335000526,0.7409173574691253,0.9888098665086219,0.8349854210630429,0.7539598539301104,0.005653683364929882,0.0011269486596496214,0.5684554613383133,0.9934869824705351,CALI
4337,70074,1020.4200000000001,396.7091017423693,225.63057168681496,1.7582240685584876,0.8225064914039376,70656,298.69882466754336,0.8109384221916192,0.9917629076086957,0.8456854305793676,0.7529416979737568,0.005661288091765409,0.0011223812807560046,0.5669212005476039,0.9967744997788703,CALI
4338,70080,1015.39,392.6195817801487,229.12750787390286,1.7135418851420556,0.8120509446065968,70817,298.71161225342445,0.6831208328459469,0.9895928943615233,0.8541579614926361,0.7608168978711078,0.005602448370150523,0.0011579191189698302,0.5788423520862157,0.9918706151938756,CALI
4339,70088,1001.046,381.72671591342305,236.0392725046553,1.6172169650535355,0.7859058150420934,71072,298.72866151643046,0.8021516452074392,0.9861548851868528,0.8789121377951057,0.7825720576083105,0.005446391906081256,0.001260044837543124,0.6124190253493048,0.9904144375164471,CALI
4340,70090,1026.526,393.18277057275276,227.42756714334226,1.7288263490280353,0.8157340851417584,70820,298.7329236801454,0.7414812699017213,0.9896921773510308,0.835845515214086,0.7597813181004309,0.005609684271261988,0.0011531150067597533,0.577267651334428,0.997995526068488,CALI
4341,70122,1023.7640000000001,396.45544331232384,227.3557115249691,1.7437672476012704,0.8192258403290016,71191,298.8011100312699,0.7277992277992278,0.9849840569734939,0.8407453051956298,0.7536814415633517,0.005653795432422404,0.0011253073078229695,0.568035715357012,0.9905220759073158,CALI
4342,70124,1011.921,386.98870449012867,233.2943097276347,1.658800443705328,0.7978581211144883,71640,298.80537116157825,0.7886189833558255,0.9788386376326075,0.8605643038288227,0.772129438649288,0.005518634197851358,0.0012099622318040998,0.5961838700288646,0.9889500681338405,CALI
4343,70136,1030.908,396.6158929098156,226.03386719962188,1.7546746327157432,0.8217097371518604,70887,298.83093666744975,0.7705051304023026,0.9894056738188949,0.8292988018275477,0.753451745150816,0.005654954558426708,0.0011241665399596913,0.5676895322708103,0.9961104215338563,CALI
4344,70145,1006.8019999999998,390.78359057800714,230.02797910162167,1.6988524270143976,0.8084006479228114,71034,298.8501093616129,0.7853224361845051,0.9874848664020047,0.8695978240854413,0.764745799381147,0.005571082622824252,0.0011754056196063751,0.5848361376711094,0.9935502918882905,CALI
4345,70178,1013.1639999999999,390.04728857402785,231.89712727691614,1.6819841330257588,0.8040690446012757,71324,298.92039871916444,0.7261420663252108,0.9839324771465425,0.8591150978531465,0.7663696363894393,0.005557970996238534,0.0011826308326521792,0.5873224195796816,0.9878669907033215,CALI
4346,70188,1041.532,403.257678004505,224.98077017958687,1.7924095365244408,0.8299026610347341,71768,298.9416952615871,0.7995898838004101,0.977984617099543,0.8130691740758444,0.7413168094923351,0.005745393486130179,0.0010703231827420133,0.5495506120358952,0.9850197578159817,CALI
4347,70211,1029.422,389.82590003627143,231.95891830651038,1.6805816430009202,0.8037019454661704,71738,298.9906715524758,0.6893975099171281,0.9787142100420977,0.8325841364231213,0.7669851375310265,0.005552205495382083,0.0011852039435121422,0.5882662011934878,0.9886293789236617,CALI
4348,70235,1038.267,416.58362907742685,216.29686559631293,1.9259808870967203,0.8546430805288544,71314,299.0417686954017,0.7932931237010934,0.984869731048602,0.8187387570855718,0.7178433040147656,0.005931282538298951,0.0009715093611785628,0.5152990091188354,0.9924560427027557,CALI
4349,70237,1001.2199999999999,375.4192475298869,239.1801655680833,1.5696086113086276,0.7707799162198369,70832,299.04602639654587,0.7760308481018252,0.9915998418793766,0.8804745045513874,0.7965655153915331,0.005345035345044448,0.001327444427839906,0.6345166203109788,0.9959427512585592,CALI
4350,70262,1021.1759999999999,405.5603048242279,222.7263649304729,1.8208904228775482,0.8357028647718676,71533,299.0992425469881,0.8101794197684609,0.9822319768498455,0.8466992462338356,0.7374963451529591,0.005772114440582789,0.001053305096028937,0.5439008591139726,0.9903838653555033,CALI
4351,70263,1021.6779999999999,392.88624270787585,231.1264090316887,1.6998760304107394,0.8086586222198217,71785,299.1013709960667,0.7481791464349604,0.9787977989830745,0.8458794405200684,0.7612925536271796,0.005591651974835629,0.0011585805230897896,0.5795663522081923,0.9851909501512944,CALI
4352,70286,1011.1499999999997,383.2150452313258,235.98282091774036,1.623910773424088,0.787904554183598,71648,299.1503211451655,0.8165954084952133,0.9809903974988834,0.8638682644414978,0.7806330280289098,0.005452224414980591,0.0012489388467782495,0.6093879244495847,0.9895916157082247,CALI
4353,70286,1025.4489999999998,388.3760551322158,232.41660125178097,1.6710340528191496,0.8011737144020945,71633,299.1503211451655,0.7755782132768362,0.9811958175701143,0.8399444414572947,0.7702594359050405,0.0055256531191448625,0.0011998072716579806,0.5932995986007513,0.9914238327857883,CALI
4354,70288,1013.5329999999999,391.7922967539256,229.37459764903082,1.7080893035653943,0.8107088889624052,70876,299.1545773013429,0.7951850846230428,0.9917038207573791,0.8598352839174747,0.7635540049661416,0.005574099373348589,0.001168728157590715,0.5830147184998343,0.9958412044907563,CALI
4355,70322,1019.0830000000001,400.2240975003725,226.18373027602138,1.769464572062555,0.8249931633488758,71199,299.22692269390814,0.8101426234418562,0.9876824112698213,0.8509067407214341,0.7476484413676006,0.0056913070945134175,0.0010969365613496093,0.5589781918794028,0.9890921070861881,CALI
4356,70331,1037.407,403.1301198680945,224.90704122313267,1.7924299642897565,0.8299069354176194,71883,299.2460700172497,0.7915522441813353,0.978409359653882,0.8212177131672931,0.7423064049770431,0.005731898023177468,0.0010735222482793497,0.5510187988699421,0.9876626059814348,CALI
4357,70332,1004.224,377.66397716239567,237.5478886357302,1.5898435441012386,0.7774111976279594,70976,299.24819742199526,0.7105103648927142,0.9909265103697025,0.8763985264409809,0.7923662713887017,0.005369731802911842,0.0013056785826776102,0.6278443080344339,0.9981742198292541,CALI
4358,70339,1030.51,395.26896267614615,230.150806756088,1.7174346170989052,0.8129999210034206,72125,299.2630888317612,0.7802267281923861,0.9752374350086656,0.8323416608562996,0.7571125413076134,0.005619485103230727,0.0011389851130655883,0.5732194002052727,0.9844668411052068,CALI
4359,70342,1013.0729999999999,382.58461575514497,236.8221825740751,1.6154931586084726,0.7853862361178064,71805,299.26947063768597,0.7236682372790684,0.9796253742775572,0.8612774854317028,0.7822308015365133,0.00543892149434399,0.0012561231072176552,0.6118850268724563,0.9884960747674144,CALI
4360,70348,1004.593,390.9888283115826,230.36673738527097,1.697245152444397,0.8079944644566597,70890,299.2822338412844,0.8236602699949654,0.9923543518126675,0.8759540472814898,0.7654495785306265,0.0055579238686470495,0.001176951886527703,0.5859130572727137,0.9944380962099899,CALI
4361,70349,1024.836,398.461631900809,227.0425317952732,1.7550087587118097,0.821784978769381,71191,299.2843609889664,0.8284149788035798,0.9881726622747258,0.8417033331318973,0.7510995715227827,0.005664069594462025,0.0011119836471349554,0.5641505663417079,0.9900891851619252,CALI
4362,70350,1008.987,399.4792388519846,226.18991534489123,1.7661231193391809,0.8242596905792495,70996,299.28648812153,0.7121166109930155,0.9909008958251169,0.8683660271508556,0.7491915949915533,0.005678453999317478,0.0011035231811718342,0.5612880460059875,0.9913037946598883,CALI
4363,70383,1043.44,402.4927718751261,225.13878413140898,1.787754044368469,0.8289241237000237,71642,299.3566750167682,0.6767466010269033,0.9824265095893471,0.8123490477352028,0.7437566484042202,0.005718607787038434,0.0010794275980454615,0.5531739520454789,0.9889389700085944,CALI
4364,70419,1051.305,409.80351232359874,220.30531732378512,1.8601616942422958,0.8432078580515374,71179,299.43322377569496,0.6884519875642805,0.9893226934910577,0.8006491698114627,0.7306751034853245,0.005819502013996205,0.0010232054025317372,0.5338861068532897,0.9931144850566388,CALI
4365,70445,998.333,379.107300447879,238.9717847118581,1.5864102990442588,0.7763078618607963,71483,299.4884968222795,0.769722465034965,0.9854790649525061,0.8881967577185658,0.7899834597446751,0.005381606933748017,0.0012928964125144304,0.624073866670167,0.9900372094499261,CALI
4366,70446,1016.413,396.56521826488233,228.76413829342164,1.7335112978076685,0.8168403145105138,71496,299.49062250496803,0.797207070592762,0.9853138637126553,0.8568913924193783,0.7552115231268867,0.005629350399808113,0.0011295682493353504,0.5703444446636321,0.988698538466247,CALI
4367,70448,1027.708,396.9221507116302,227.4069283854986,1.7454268149595276,0.8196072616461234,71325,299.4948738250836,0.764741641337386,0.9877041710480197,0.8381834042307622,0.7545431094942117,0.005634257192704267,0.001126555676936014,0.5693353040851941,0.9937331064534342,CALI
4368,70461,1007.39,394.4824514157023,229.06114112010343,1.7221709866924293,0.8141444194052617,71211,299.52250593500366,0.7807486038471767,0.9894679192821334,0.8724959015992964,0.7592796710223476,0.0055985928586835595,0.0011477987235952464,0.5765056188278044,0.9928412504104093,CALI
4369,70533,1021.176,400.59767113164787,226.52407071940598,1.7684552015130692,0.8247721061899311,71786,299.6754991800384,0.7976590330788804,0.982545343103112,0.8499649587915391,0.7480709968519923,0.005679577944106275,0.0010971527489995899,0.5596102163311337,0.9896455978906473,CALI
4370,70550,1019.266,395.125443612121,229.49746948999663,1.721698476633285,0.8140307378807913,71937,299.711611188265,0.7445753123944613,0.9807192404465018,0.8533590665345911,0.7585226819320703,0.005600644133410645,0.0011436470887583386,0.5753566590054205,0.990590683330449,CALI
4371,70555,1022.1039999999999,399.39883105245167,229.23013524806456,1.7423487126604742,0.818898810226102,72235,299.72223153911926,0.7825532386867791,0.9767425763134214,0.8486868722318033,0.7504334220241065,0.0056608154071639384,0.001107407416738886,0.5631503208908106,0.9812042366384368,CALI
4372,70563,998.451,386.3189647203303,233.877395956722,1.6518012060978178,0.795921585323467,71406,299.73922331778215,0.7516777808551889,0.9881942693891269,0.8894742667339228,0.7758853452477379,0.005474809244509592,0.001223880318897336,0.6019980689702015,0.9943811363935361,CALI
4373,70563,1014.2219999999999,393.4801156636911,229.37225555069642,1.7154651713172133,0.8125207523239557,71437,299.73922331778215,0.7173515239005347,0.9877654436776461,0.8620269567752825,0.7617646010198146,0.005576295164090119,0.0011582669530421832,0.5802853073668774,0.9954592342149822,CALI
4374,70583,1033.049,403.1133886215176,224.27762953153004,1.7973856307628129,0.8309389312844496,71255,299.7816985508654,0.7691293451018851,0.9905690828713775,0.8311284219246089,0.7436659436591672,0.005711196585884952,0.0010775028943025796,0.5530390357584797,0.994024416123213,CALI
4375,70586,1012.847,382.02358919534964,236.52821204366455,1.615129061749411,0.7852762353968663,71626,299.7880693167695,0.738455422342184,0.9854801329126295,0.8646507920895842,0.7847370628295716,0.005412172232388146,0.0012660417574618854,0.6158122577783828,0.9946162741193858,CALI
4376,70612,1016.702,398.3628875775676,228.06934720835838,1.7466743885298772,0.8198931617163147,71873,299.8432769512088,0.7758878340365682,0.98245516396978,0.858422358596922,0.7526887827692647,0.005641574910462352,0.001116970999149695,0.5665404037066775,0.9895616132218304,CALI
4377,70626,995.2839999999999,375.0609852753166,241.0058327062073,1.5562319843624957,0.7662205126525902,71282,299.8729999290793,0.7398491514770584,0.9907971156813782,0.8959430999663317,0.7995313074457879,0.005310522828353816,0.0013386250246805132,0.6392503115859711,0.9948217809037794,CALI
4378,70644,1035.2289999999998,389.6802819874283,236.31967716116597,1.6489540213855025,0.7951254015773831,72782,299.91121085793185,0.6995009505703422,0.970624604984749,0.8283469681235471,0.7696340428834104,0.005516112932272073,0.001193850620146933,0.592336559965063,0.9767357525680455,CALI
4379,70646,1013.02,393.1988626398537,229.40419479618268,1.714000317165938,0.8121630956331337,71261,299.91545621618155,0.7702522950783924,0.991369753441574,0.8650902186874879,0.7627576900976082,0.005565762571693425,0.0011621195792658541,0.5817992938030389,0.9972041741053274,CALI
4380,70683,1020.247,388.5491636849598,232.8047958422161,1.6689912348210376,0.8006260777769826,71378,299.9939845072156,0.7936114073990905,0.9902631062792457,0.8533244415173845,0.7720875825908461,0.00549706667352772,0.0012049722306557305,0.5961192351909766,0.9949177784419606,CALI
4381,70686,1048.179,401.90082122859684,227.53603966122998,1.7663172033185255,0.8243024252002928,72526,300.00035076504446,0.7176243654822335,0.9746297879381187,0.8084857347601307,0.746453689365336,0.0056857202448659825,0.001088871737565165,0.5571931103671216,0.9841797764120046,CALI
4382,70722,1029.5549999999998,400.5572150799184,226.2264628451415,1.770602828874672,0.8252419229899242,71420,300.0767353240837,0.6864414182689974,0.9902268272192664,0.8384270738597377,0.749148246560015,0.005663827593675496,0.0011004260358553602,0.5612230953239451,0.9937032002103767,CALI
4383,70724,1029.749,394.001823502229,229.94875697785045,1.7134331521530284,0.8120243286344601,71394,300.08097834059663,0.7388787897783071,0.9906154578816146,0.8381348935381794,0.7616233236516962,0.005570977652596417,0.0011563042450521144,0.5800700871302565,0.9939113178612773,CALI
4384,70731,1017.526,396.36713085018,228.46248751482923,1.734933096289833,0.8171739698791364,71452,300.09582842595927,0.7771954113924051,0.9899093097464032,0.8584769360073158,0.7571158278999435,0.005603867198967638,0.0011358393210662192,0.573224376856617,0.9945059430086606,CALI
4385,70731,1016.0709999999998,381.86628302354006,238.376110021189,1.6019486306307977,0.7812328362376888,72273,300.09582842595927,0.8239864864864865,0.9786642314557303,0.8609373512294597,0.7858662620063263,0.005398853162312707,0.0012702109620519183,0.6175857817597958,0.9893406973871558,CALI
4386,70754,1027.569,409.37252286750515,221.46794809329285,1.8484504254089984,0.8410266565299783,71552,300.1446163904855,0.8000226142017187,0.9888472719141324,0.8420519259881382,0.7331821253856561,0.005785856953211199,0.001031323536154163,0.5375560289850279,0.9936456704585468,CALI
4387,70778,1058.993,407.2359155438054,226.12793337848112,1.8009093766500541,0.8316667878917685,73027,300.1955171172037,0.7890523968784838,0.9692031714297452,0.793089082778035,0.7371538355509126,0.0057537075863093815,0.0010479970679743602,0.5433957772674222,0.9786065505129449,CALI
4388,70780,1041.7749999999999,406.85831934917786,225.0964451616433,1.8074844276506017,0.8330118730931267,72535,300.19975845485754,0.7465063544797764,0.9758047838974289,0.8195445373289718,0.7378483963043097,0.005748210219683214,0.0010509473415877566,0.5444202559288416,0.9840311346889363,CALI
4389,70827,1018.2369999999999,387.57770494099805,236.27357654390917,1.6403768487796622,0.7926968604137576,72309,300.29941264504225,0.6984015855955351,0.9795046259801684,0.8584420099750955,0.7748108542279479,0.005472174523006736,0.001216529057600968,0.6003318598294425,0.9847704844490546,CALI
4390,70870,1024.464,409.46589984080475,222.7092942663837,1.8385667342245742,0.8391487875756113,71660,300.39055666811663,0.6822294955718137,0.9889757186715044,0.8485528438011332,0.7336155630661912,0.005777704244966908,0.0010323078112741764,0.5381917943729247,0.9895015297666918,CALI
4391,70873,1041.884,406.9148243178106,225.2563867162851,1.80645188467099,0.8328017565262407,72616,300.3969145214631,0.7034471121874721,0.9759970254489369,0.8204496670508677,0.7382304516063677,0.005741464652516622,0.0010518898893055986,0.5449841996789415,0.984487734625935,CALI
4392,70888,1006.981,384.95167492072534,236.5347871517439,1.6274632562768356,0.7889532744815507,72031,300.4287017699644,0.7144671329799028,0.9841318321278338,0.8784964990257744,0.7804322499228842,0.005430420874065079,0.0012426650467084878,0.6090744967196953,0.9912463637466099,CALI
4393,70908,1018.387,401.1553564463029,226.73009314046763,1.7693079506555507,0.8249588911600692,71865,300.47107953691807,0.800388296911685,0.9866833646420372,0.859170598035178,0.7490142527291368,0.005657406166388883,0.0010983922235012081,0.561022350791387,0.9926213057506684,CALI
4394,70912,1012.143,371.7186510438985,244.6784034255773,1.5192131624193896,0.7528120996399692,71891,300.47955437310515,0.7618802041364491,0.9863821618839632,0.8698529620202929,0.8083521058985542,0.005241971049242702,0.0013806280004904318,0.6534331271106275,0.9927042074673273,CALI
4395,70938,1026.906,403.3067676802687,226.25402588373692,1.7825396304219234,0.8278176000291639,72261,300.53463498309634,0.7926387771520514,0.981691368788143,0.8453322175983601,0.7451762753987617,0.005685341674141768,0.0010813652536771218,0.5552876814171713,0.9898222984112115,CALI
4396,70938,1032.174,405.4717127406281,225.05797863363642,1.80163225139723,0.8318154971019975,71739,300.53463498309634,0.7876748834110593,0.9888345251536821,0.8367254400662032,0.7411975374354712,0.005715860508340073,0.0010641362929510276,0.5493737895004069,0.989769537236246,CALI
4397,70943,1038.435,399.6836585965933,228.31684191956876,1.7505658156282378,0.8207803818624022,72323,300.54522625080347,0.776113688079818,0.9809189331194779,0.8267244444080459,0.7519577540550595,0.005633870270450831,0.0011111184865652906,0.5654404638835293,0.9898407468474797,CALI
4398,70949,1003.9319999999999,390.1790758258355,232.7455746224553,1.676418881255889,0.802605921982895,71510,300.5579352793984,0.823227049104242,0.9921549433645644,0.8846012480164819,0.7703076712744038,0.005499430236167325,0.001194412531984039,0.5933739084241951,0.9947432237269236,CALI
4399,70954,1014.5009999999999,382.21369847495174,239.62982058953952,1.5950172542575296,0.7790575113943224,72407,300.56852572606255,0.7417078703364938,0.9799328794177359,0.8663268781020582,0.7863886797499494,0.005386781555302756,0.0012707442098714766,0.6184071556388685,0.9863700834003167,CALI
4400,70955,1040.914,411.2238948557792,221.45708839720828,1.8569010268851847,0.8426052734267832,71860,300.57064377061755,0.801968895519689,0.9874060673531867,0.822930519415606,0.7309172631518192,0.0057955590847125526,0.0010203472022311106,0.5342400455733456,0.9920308892283333,CALI
4401,70964,1040.983,404.48954165059826,225.94139742335437,1.7902409485973565,0.8294479391510506,72287,300.58970550001555,0.7045321419707123,0.9816979539889606,0.8229257970521028,0.7431334423960649,0.005699925901169582,0.0010722997281075583,0.5522473132074255,0.988655753856803,CALI
4402,70966,1032.731,386.49019406009404,237.08903538724974,1.6301479038405116,0.7897403425029698,72555,300.59394127572756,0.6856618357487922,0.9780993728895321,0.8361530218193913,0.7777530863538267,0.005446131866810784,0.0012292349172180028,0.604899863332903,0.986076244245544,CALI
4403,70983,1026.8069999999998,391.9138723735013,231.70101855898943,1.6914637441428546,0.8065221151543075,71829,300.6299429596727,0.7591115198699576,0.9882220273148729,0.8460315771492999,0.7670816578627426,0.005521235681409652,0.0011791863453112876,0.5884142698294537,0.9952814039528116,CALI
4404,71000,1034.76,396.30164234510687,230.7392390303256,1.7175303342879698,0.8130231599417374,72736,300.66594033278284,0.7461118116855822,0.9761328640563133,0.8332761438643302,0.7586795213706364,0.005581713272466294,0.0011407244030287949,0.5755946161471782,0.9886012134856186,CALI
4405,71014,1012.1619999999998,401.81323043512583,226.77606143904717,1.7718502909229028,0.8255139125635873,71424,300.6955819925242,0.6680212595832745,0.9942596326164874,0.8710714568164932,0.7483466427098462,0.00565822556728428,0.001094639909499477,0.5600226976550982,0.9922763797636146,CALI
4406,71019,1024.243,389.90322553297233,233.79883978463067,1.6676867425524478,0.800275120533461,72064,300.70616759146543,0.7686038961038961,0.9854990008880995,0.8507038686159997,0.7712328288139183,0.005490125537292448,0.001198130348445408,0.5948000762403188,0.9919402016151647,CALI
4407,71041,1004.6769999999999,385.04150842123903,236.61196676030826,1.627312065797975,0.7889088100910802,71806,300.75273980053896,0.7764043715846994,0.9893462941815447,0.8844351816989348,0.7810917348461887,0.005419989983548078,0.001244475685978024,0.6101042982450288,0.9928300859293415,CALI
4408,71048,1038.979,396.1093553468168,232.83220766382482,1.7012652988230046,0.8090078777252612,73199,300.7675567183798,0.8086501251991806,0.9706143526550909,0.8270812621675411,0.7593043503227545,0.005575235831364948,0.0011431587841457095,0.5765430964190603,0.9808527632137132,CALI
4409,71054,1020.761,404.547478394887,225.711094607121,1.7923242944661342,0.8298848228489766,71910,300.7802563527272,0.7944497864442407,0.9880962314003615,0.8569396904151462,0.7434980377238428,0.0056935215244023835,0.0010731984485455757,0.5527893320992047,0.9907777496431124,CALI
4410,71054,1038.906,399.29126207543663,231.62377237446242,1.7238785897585196,0.8145543419389749,73328,300.7802563527272,0.7799903398612453,0.9689886537202705,0.8272673547896597,0.7532853456129522,0.005619546571275884,0.0011161411306677923,0.5674388119152247,0.9781956188586675,CALI
4411,71092,1025.4039999999998,397.07434978474413,230.49501863138437,1.7227025214794738,0.8142721710024671,72226,300.8606749216524,0.7194381476683938,0.9842992828067455,0.8496510173152569,0.7576935530707294,0.005585359109108537,0.0011355473078188453,0.5740995203649462,0.9890026913128491,CALI
4412,71126,1037.5829999999999,403.791109650637,225.48134401719156,1.7907960918480708,0.829564525842828,71831,300.9326101618653,0.7384650525354043,0.9901852960420988,0.8302187823303206,0.7452680432271883,0.005677123831659829,0.0010803342060370473,0.5554244562556823,0.9946519455795155,CALI
4413,71128,1041.8410000000001,397.15082001624796,232.59289729898325,1.707493326873761,0.8105612844949999,73413,300.93684111109206,0.7079949036470775,0.9688747224605996,0.8234696028176614,0.7577394429118397,0.0055836072997447975,0.0011354661884163625,0.5741690633443451,0.9803898441578272,CALI
4414,71156,1023.3159999999999,388.46952703050954,234.14310016070985,1.6591115722132062,0.7979435267033622,71773,300.9960681556741,0.7778142148182156,0.9914034525517953,0.8538898698730818,0.7748254295684679,0.005459406473530125,0.0012137818971812476,0.600354446305961,0.9960550092958719,CALI
4415,71161,1037.077,407.762973871217,223.7249901388218,1.8226080761840655,0.8360427479796726,72221,301.00664318732055,0.781868723493089,0.9853228285401753,0.8314380602039656,0.7381902293129412,0.005730146763974888,0.0010495875693544532,0.5449248146530928,0.9931843680998318,CALI
4416,71167,1037.115,407.982506838696,223.57188012421952,1.824838197952334,0.8364824004491522,71982,301.0193327349048,0.6947052966556686,0.9886777249868023,0.8314472316358311,0.7378241166940984,0.005732748420457459,0.0010479825044430045,0.5443844271754265,0.9934134970801187,CALI
4417,71176,1008.8929999999999,386.8971527754804,236.92603655323683,1.6329870638280202,0.790567643713287,72118,301.0383660533486,0.8233865090290712,0.9869380737125267,0.8787254889021769,0.7780836945782428,0.005435781060687316,0.0012289861154475938,0.6054142357685284,0.988633615267334,CALI
4418,71184,1061.63,419.15427152548955,218.26129534732496,1.9204241909151978,0.8537285651048324,72140,301.0552835484337,0.8036125536238429,0.9867479900194067,0.7936808238049324,0.718244579621625,0.005888321413877972,0.0009666309565696815,0.5158752761558448,0.9906993598247426,CALI
4419,71194,1045.404,402.7038224217186,228.82287484395027,1.759893204280164,0.8228792375546932,72636,301.0764290805163,0.8087286441294075,0.9801475852194504,0.8186248866067646,0.7476373759502677,0.005656429227487128,0.001090149697297187,0.5589616459178022,0.9837128021039954,CALI
4420,71197,1042.3319999999999,408.8520871812373,223.39585075700114,1.8301686705272169,0.8375258353544666,72056,301.0827724505495,0.7181605438883173,0.9880787165537915,0.8234920605096314,0.7364100169484631,0.005742546556473409,0.0010417488671424645,0.5422997130620357,0.9924999448820372,CALI
4421,71208,1024.261,397.9936477804905,229.71543938903233,1.7325507107359566,0.8166143497492399,72235,301.10603033068173,0.7485414542358272,0.9857825154011214,0.8529378332616541,0.7565598898622468,0.00558917042720608,0.0011295367525799406,0.5723828669483753,0.9916823429444921,CALI
4422,71241,1036.1599999999999,394.0272885179249,231.45452456675764,1.7023961370186,0.80929142314668,72309,301.1757931947349,0.7567719730608256,0.9852300543500809,0.8338467214319227,0.7643526272699612,0.005530906198929337,0.001164531141138588,0.5842349388144922,0.9945993029490896,CALI
4423,71249,1039.665,400.0629090523436,228.21526963303867,1.7530067540863032,0.821333401604414,72111,301.1927029707652,0.8052554249547921,0.9880462065426912,0.8283269463384743,0.752863352626768,0.005614996828760314,0.001112740531533254,0.5668032277284174,0.9936098864458326,CALI
4424,71251,1004.753,382.61202098630577,238.24285171703343,1.6059748203515585,0.7824807552072102,71954,301.1969302664373,0.7590148391976393,0.9902298690830252,0.8869154183625525,0.7872124077283436,0.005369917909731874,0.001272082072143039,0.6197033748814559,0.9952280161465005,CALI
4425,71259,1009.8969999999999,377.49138074367255,240.60390610104034,1.5689328858407936,0.7705530289006416,71833,301.2138388558582,0.720595819555259,0.9920092436623836,0.8780018344824835,0.7979356727627936,0.005297455489744068,0.001324703256558119,0.6367013378674122,0.9989416674390134,CALI
4426,71260,1012.8879999999999,396.7087633949156,229.3353212370799,1.7298197297084041,0.8159695229034809,71901,301.2159523627985,0.7784830177960824,0.9910849640477879,0.8728363613350225,0.7592873668458492,0.005567060951374061,0.0011413804650891074,0.5765173054517032,0.9972710094886827,CALI
4427,71260,1017.1709999999999,386.780096543098,236.44530487248127,1.6358121247182078,0.7913857129200457,72469,301.2159523627985,0.7966996109297437,0.9833170045122742,0.8655013358833665,0.7787783162964144,0.005427730796282599,0.0012315540183945029,0.6064956659334781,0.9921129639230273,CALI
4428,71262,1014.354,384.5871306313158,238.02341751809516,1.6157533348670556,0.7854647854299295,71891,301.22017933219075,0.7373583734285271,0.9912506433350489,0.8703396690519015,0.7832300026205382,0.005396805178514718,0.0012527769800574715,0.6134492370049685,0.9911826504624284,CALI
4429,71272,1020.3160000000001,400.3815957702651,228.46441870988957,1.7524899414585897,0.8212165362313402,72196,301.2413132894699,0.7505950249594541,0.9872015070086986,0.860318804886803,0.7523855153979632,0.0056176562432689574,0.0011104439119553951,0.5660839637806585,0.9920564525466129,CALI
4430,71275,1020.7279999999998,398.3237848312505,229.5219715199851,1.7354494743722928,0.817294912419081,72017,301.2476531875372,0.7758414246527626,0.9896968771262341,0.859660621635594,0.7562883881392131,0.005588548366625753,0.0011277906929211268,0.5719721260342093,0.9926287254816714,CALI
4431,71279,1047.026,418.5897609288717,218.71539726703145,1.9138559340557628,0.8526359949780488,72060,301.25610617741455,0.7723623045499366,0.9891618096031085,0.8170648536818049,0.7196929650379219,0.005872553780620824,0.0009718422941858853,0.5179579639250754,0.9912969228494463,CALI
4432,71282,1025.671,399.78185589805946,230.89301931785576,1.7314592579678867,0.8163570679686085,71685,301.26244576417395,0.8312963567663386,0.9943781823254516,0.8514783065106821,0.7535670799452013,0.005608454531271001,0.0011156054754373414,0.5678633439771377,0.9832322441898175,CALI
4433,71312,1049.152,411.027863340713,222.22689788776364,1.8495864688184769,0.8412403082313337,71982,301.32583429595593,0.781544194202422,0.9906921174738129,0.8141335554103943,0.7331031814896163,0.0057637966028257935,0.0010269488819139114,0.5374402747101974,0.9940422599020665,CALI
4434,71372,1020.27,400.44071409916603,230.537828076229,1.7369848473056553,0.8176537746770787,72734,301.4525713720784,0.7702236035569369,0.9812742321335276,0.861603584604711,0.7528020022894726,0.005610613603362187,0.0011115095162628752,0.5667108546510391,0.9843681673324923,CALI
4435,71383,1017.404,384.4605801050623,239.0358608336746,1.6083803441215743,0.7832209389042842,72502,301.47580072342475,0.7440069207037439,0.9845659430084688,0.8665981917920232,0.7841526968539657,0.005385884315664266,0.0012561437600109528,0.6148954519833476,0.9889857586597676,CALI
4436,71393,1015.9830000000001,393.4260594454679,234.45311974824958,1.6780585383889106,0.8030387836849552,72973,301.4969167624728,0.779144385026738,0.9783481561673496,0.8691457553075328,0.7663369253867708,0.00551070916540092,0.0011723742278243094,0.5872722832112492,0.9854772692017874,CALI
4437,71424,1006.911,394.29028214065124,232.20947632832534,1.697993933646174,0.8081838621099967,72340,301.56236708708246,0.7880225514966294,0.9873375725739563,0.8852620804662339,0.7648232298545697,0.005520417256673544,0.0011651878528481886,0.5849545729251759,0.9932493162855371,CALI
4438,71433,1030.8459999999998,413.6810252479669,221.79435650095382,1.8651557766132243,0.8441238399940856,72292,301.58136613369675,0.6827722658714228,0.9881176340397277,0.8447363321839322,0.7290190937641488,0.005791175300602899,0.0010090253713243636,0.5314688390727008,0.9912721752863722,CALI
4439,71433,1014.5129999999999,396.14429292480924,231.89784141616735,1.7082707217351054,0.8107537844730908,72296,301.58136613369675,0.7396481563933441,0.9880629633728008,0.8721546905735261,0.7612917099147478,0.0055456762690186505,0.0011490493433333711,0.5795650675849207,0.9900540362957476,CALI
4440,71467,1046.223,397.86683666549436,232.01611549460083,1.714824144078703,0.8123643721894522,73216,301.6531295106813,0.7712238445185449,0.9761117788461539,0.8204779034629321,0.7581761074605359,0.0055671405916785975,0.0011347294568252524,0.57483100992401,0.9857340945828369,CALI
4441,71468,1024.8629999999998,405.7050301062516,226.2341339637549,1.7932971607690722,0.8300882359189989,72169,301.65523993979053,0.7864861890612963,0.9902866881902201,0.8550467568355087,0.743533398786771,0.0056767368627392905,0.0010702382089369535,0.5528419151114076,0.9914098367234235,CALI
4442,71492,1045.688,403.91546761704467,228.26274491797744,1.7695198914837602,0.8250052659330387,73300,301.7058858096843,0.7387445104624129,0.9753342428376535,0.8216049786672042,0.7469530384405431,0.005649799524660727,0.0010848907175897823,0.5579388416355594,0.9872838785055299,CALI
4443,71534,1016.281,393.79130586442955,232.85348865580605,1.6911548464988422,0.8064429469979693,72173,301.7944956308599,0.7536558641324961,0.9911462735371953,0.8703516598293277,0.7663818147746477,0.0055049529715160556,0.0011714240598410949,0.5873410860172826,0.9932847241660208,CALI
4444,71538,1047.2499999999998,413.0462106213892,223.86325810915068,1.8450826370980324,0.8403906464409673,73301,301.80293330460535,0.7874124950468895,0.9759484863780848,0.819682985395108,0.7306759523361107,0.005773801484824697,0.001015174891490319,0.5338873473222825,0.9850662747106701,CALI
4445,71540,1034.456,401.27638013670696,231.4388537202318,1.7338332509276009,0.816915951522433,72721,301.80715205301806,0.8225824997125446,0.983759849287001,0.8401072913271084,0.7521179092330287,0.005609119096123944,0.0011071797765096478,0.5656813493890621,0.9807971330003497,CALI
4446,71540,1024.667,404.2473611021698,228.24144365592176,1.7711391701131205,0.825358945217107,73026,301.80715205301806,0.8069937958262832,0.9796510831758551,0.8562356388464012,0.7465902838058084,0.005650648044480987,0.0010829473806107253,0.5573970518732373,0.9872277518782655,CALI
4447,71544,1034.654,407.0116681395076,226.12565153869673,1.7999358558834533,0.8314661906650127,72741,301.8155893729356,0.7907161803713528,0.9835443560028044,0.83983273700221,0.7415403856910684,0.0056889699784679025,0.0010610910189655543,0.5498821436108585,0.9897525867952386,CALI
4448,71598,1026.517,391.952383880419,236.08056435545618,1.6602484196465808,0.7982551086379901,72930,301.9294701150389,0.776079604578564,0.9817359111476759,0.8538438662300966,0.7703218108431119,0.005474348220347203,0.0011890523084855877,0.5933956922606112,0.9851842603007683,CALI
4449,71641,1019.0899999999999,386.1907648876223,238.02559000694222,1.622475822353213,0.7874785926907905,72827,302.02012221766245,0.7714116506945192,0.9837148310379392,0.8668549296733795,0.7820490536731175,0.005390638948194781,0.0012438155640692753,0.6116007223510188,0.9923073849482884,CALI
4450,71648,1031.6470000000002,402.75100877659696,229.1211744733464,1.757807892275137,0.8224133604314822,73209,302.0348769615604,0.7060655333826066,0.9786774850086738,0.8459636390378212,0.7499295355684558,0.005621245656216461,0.0010967159541072238,0.5623943083179198,0.9885811537318562,CALI
4451,71658,1057.001,417.3026137379277,221.00920160731638,1.8881685047637995,0.8482389269419598,72678,302.0559539168733,0.7428855783286163,0.9859654916205729,0.8059790446384318,0.7238295279563454,0.005823531409443854,0.0009860782236390286,0.5239291855415057,0.9892665868660201,CALI
4452,71678,1054.5339999999999,422.6509819762827,218.71406309240072,1.9324362411836509,0.8556943962054936,73261,302.0981034159714,0.6330860272036742,0.9783923233371098,0.8099805111667023,0.7147696711915456,0.005896523089041027,0.0009493803353442373,0.5108956828552702,0.987273333013793,CALI
4453,71681,1029.327,392.0161593721579,233.21345253950886,1.6809328754555708,0.8037939818985532,72318,302.1044253336273,0.7802608089868072,0.9911916811858735,0.8501727678970075,0.7706427863011293,0.005468899141643642,0.001189849813409289,0.593890304077968,0.998289736538962,CALI
4454,71693,1025.391,389.38444311140745,235.52069114952386,1.6532918666759553,0.7963364766801941,72353,302.1297116814201,0.7985053016127596,0.9908780561967023,0.8568555525427033,0.7759162365790182,0.005431275621209985,0.0012143418564996705,0.6020460061869469,0.9953577653936213,CALI
4455,71703,1049.125,406.8727218519279,227.25824201168308,1.7903540846321035,0.8294717091942551,73498,302.15078202140296,0.7991685428323042,0.9755775667365099,0.8186395424487488,0.7426174471616799,0.0056744169958290154,0.0010645390667075971,0.5514806728289304,0.9873456751949364,CALI
4456,71720,1034.701,409.3662269034572,228.20148373859027,1.793880654046908,0.8302100537962012,73283,302.1865982276611,0.7577870757787076,0.9786717246837602,0.8418222635353521,0.7381815557025109,0.0057078391927420135,0.0010454523678222944,0.5449120091793793,0.9775071114247195,CALI
4457,71764,1021.427,396.28945060159487,232.02633612342817,1.7079503009123314,0.8106744786457983,72598,302.2792792904836,0.7052279874213836,0.9885120802225956,0.8643742771508418,0.762773974506772,0.00552212043087892,0.0011531056587203918,0.5818241361848578,0.9937267084749853,CALI
4458,71778,1026.734,400.3003180381146,231.30220866296943,1.7306376811186979,0.8161630276332238,73394,302.30876276085763,0.7780475643332538,0.9779818513774968,0.8556286725032061,0.7552049027652117,0.005576922149378843,0.0011190089179714253,0.5703344451606128,0.9870422816348823,CALI
4459,71782,1024.023,401.44786562434103,230.8044773909921,1.7393417587141178,0.8182025022440562,73091,302.31718608140596,0.7496814621409922,0.9820908182950021,0.8602129893419529,0.7530671152311029,0.005592597944113302,0.001109502013709422,0.5671100800424953,0.986398244005618,CALI
4460,71786,1035.26,398.2697222520117,231.98373315917348,1.7168002119301298,0.8128457802658612,72984,302.32560916726584,0.7907427602084091,0.9835854433848514,0.8416872533264151,0.7590976473375105,0.005548013850221655,0.0011363389182936483,0.5762292381933436,0.9892704782506694,CALI
4461,71795,1062.443,425.87958820646213,215.51818097594958,1.9760726741378145,0.862501642480309,72633,302.34456025247255,0.737948401685682,0.9884625445734033,0.7992686612176014,0.7099296811236206,0.00593188367165488,0.0009294664614241041,0.5040001521402858,0.9959409284057199,CALI
4462,71810,1055.735,385.0461832824717,246.37942938697628,1.5628179034285294,0.7684833258438761,75224,302.3761427550659,0.7348396471623585,0.9546155482292885,0.8096269414382322,0.7852983768787064,0.005362013414322124,0.0012579009877154899,0.616693540728331,0.9637797063789667,CALI
4463,71826,1033.615,399.28307790478385,230.56152338364194,1.7317853909231782,0.8164340048438136,72664,302.4098271223139,0.7377438141312052,0.9884674666960256,0.8448389705639674,0.7573820275810159,0.005559032633096425,0.0011283373574939354,0.5736275357027307,0.9933997861612529,CALI
4464,71843,1033.7779999999998,397.4900509886312,232.68134542062126,1.7083021858502794,0.8107615691817243,72647,302.4456126519416,0.7962560680956708,0.9889327845609591,0.8447724691954754,0.7608885100386877,0.0055327596423956574,0.0011439463855559256,0.5789513247088942,0.9890238135011189,CALI
4465,71851,1030.0759999999998,394.06278006687063,234.51342169433406,1.6803421195248005,0.803639141937933,72991,302.46245143615124,0.7562228326650038,0.9843816360921209,0.8509501982601502,0.7675488950893175,0.0054844439195957,0.00117418510302073,0.5891313063528321,0.9899421479953326,CALI
4466,71853,1046.04,402.669560783907,229.7830878958284,1.7523898928821788,0.8211938986614993,73226,302.46666098572854,0.7781014467642727,0.9812498292956053,0.8251980355479841,0.7511535274652845,0.005604074440648366,0.0011005214266712026,0.5642316218235399,0.9887537913280913,CALI
4467,71858,1035.64,407.2761052019535,227.600693185066,1.7894326221176766,0.8292779575435685,73133,302.47718460336694,0.7663627152988856,0.9825660098724243,0.8419132750376196,0.742683355934617,0.005667790715048478,0.0010636734836667273,0.551578567182305,0.9870126817769432,CALI
4468,71879,1021.1370000000002,396.55059938487386,233.72643987095572,1.6966441605999565,0.8078422352101488,72910,302.52137979987253,0.7791423678106099,0.9858592785626115,0.8662512313731633,0.7628821650229285,0.0055169187020530875,0.0011526731965799156,0.5819891977100708,0.9874285738270454,CALI
4469,71882,1040.314,408.8236069063653,226.3429462641851,1.8062131542159512,0.832753117398524,73208,302.5276928723269,0.7235156163501122,0.9818872254398426,0.8346437201389945,0.7399956552450656,0.005687426711921835,0.0010519915600010925,0.547593569781574,0.9890707089035495,CALI
4470,71888,1066.1219999999998,420.6446876367351,218.68147306368735,1.9235497262003047,0.8542440580919728,72578,302.54031862203317,0.8114136078378257,0.990492986855521,0.7947901105010179,0.7192300949330048,0.005851389489716435,0.00096585109304168,0.5172919294573394,0.9950367492732923,CALI
4471,71929,1036.972,392.3252890767567,234.90576297810154,1.6701390553510183,0.8009340777810975,73002,302.62658048039253,0.6956719377145897,0.9853017725541766,0.8405814985460884,0.771366488233658,0.0054543409344875735,0.0011911463170313698,0.5950062591699262,0.9937431916180038,CALI
4472,71942,1028.174,398.7268526449091,231.22790452756735,1.7243889895536906,0.8146765908415816,72861,302.6539266676332,0.7233550514800515,0.9873869422599195,0.8551831520964916,0.7590507753867413,0.005542337614257445,0.0011348959683921273,0.5761580796152131,0.9935206487308722,CALI
4473,71943,1040.514,392.52968830072786,235.7331180604484,1.665144429133935,0.7995883261762513,73246,302.65603011815546,0.6708347320129797,0.9822106326625345,0.8350309099949355,0.7710398452365781,0.005456120655251071,0.0011895179924953153,0.5945024429424464,0.9899324309721295,CALI
4474,71965,1034.1850000000002,408.77242790792246,226.09308919111334,1.807982850649596,0.8331131515743003,72960,302.70230233162414,0.7339772356396866,0.9863623903508771,0.8455411045796152,0.7405154596185459,0.0056801560190081635,0.001053601902397575,0.5483631459340664,0.9914311637770539,CALI
4475,71966,1043.71,407.1827135815941,226.72344577928658,1.7959444475715278,0.8306398239643532,72765,302.70440544599063,0.8052049767275331,0.9890194461623033,0.8301900795192901,0.7434117297942036,0.005657987293744186,0.0010660053089188173,0.5526609999956102,0.9925484543314446,CALI
4476,71968,1016.094,387.08875612770254,238.2321232059786,1.6248386276313398,0.7881792625256542,72580,302.7086116308887,0.8347987472450992,0.9915679250482227,0.8759544515375914,0.7820134448209691,0.005378623223206183,0.001240817084270807,0.6115450278807589,0.9936619838365417,CALI
4477,71970,1040.987,390.9669662889095,236.04619337909878,1.6563154893203564,0.7971739364848877,73124,302.71281775734184,0.7801287749040692,0.9842185876046168,0.8345853455595764,0.7742669940397183,0.0054323602374449,0.0012042906360434625,0.5994893780593012,0.9929435425626478,CALI
4478,71977,1034.818,398.28300643887576,231.39875323220008,1.7211977198477535,0.8139101409018424,72900,302.72753873971027,0.7900617981844725,0.9873388203017832,0.8446478026042796,0.7600814843858262,0.005533476060948299,0.0011392483574290129,0.5777238629061612,0.9943769955357208,CALI
4479,71997,1035.853,398.05894663421435,233.53302603237123,1.7045081520034657,0.8098192129395274,73870,302.7695947454062,0.6908175014392631,0.9746446459997292,0.8431949719357467,0.7606149724945844,0.005528826848816122,0.0011414903179995403,0.5785351363829374,0.9861178561851538,CALI
4480,72004,1043.647,403.21418093032685,230.0102523907407,1.753026992228798,0.821337975557085,73591,302.7843129673508,0.704760786156135,0.9784348629587857,0.8307287275940214,0.7509267463479173,0.005599885852596062,0.001098371435634341,0.5638909783806695,0.9885161057756192,CALI
4481,72026,1022.019,388.781489973616,238.98520752106685,1.6268014828463573,0.7887585399249534,73768,302.8305655793266,0.749521312021312,0.9763854245743412,0.8665252480483042,0.7789222825394226,0.005397793713014966,0.0012256671804346142,0.6067199222364241,0.9870128691666412,CALI
4482,72035,1049.2209999999998,407.5562342850325,227.19947112423102,1.793825629383546,0.8301985719492764,73039,302.8494850664228,0.6868522173593828,0.9862539191390901,0.8222795240688063,0.7430863757923012,0.005657752957382279,0.0010640963121503596,0.552177361888137,0.9905099037203335,CALI
4483,72036,1058.4289999999999,417.1161631251168,220.9535069446745,1.887800600646544,0.848174474756604,72767,302.85158715869755,0.7928241250275149,0.9899542374977669,0.8080458277643561,0.7260605412402952,0.005790384850978911,0.0009926097403297528,0.5271639095461502,0.9951803450804029,CALI
4484,72058,1035.943,397.7170238654042,233.41021544355522,1.7039400915234695,0.8096774820848759,73724,302.89782949787923,0.7645411140583555,0.9774022028104823,0.8437627483413133,0.7615913107113721,0.00551940136924983,0.0011454065471130784,0.5800213245510659,0.9883215888411072,CALI
4485,72060,1013.6569999999999,399.99680583129,230.51858629825045,1.7352041423408895,0.8172374681248243,72541,302.9020329968352,0.6942664726908365,0.9933692670351939,0.8812965584366191,0.7572611295416013,0.005550885454222731,0.001125964473688281,0.5734444183146217,0.9950431300617933,CALI
4486,72067,1021.302,398.383650798026,231.5815869544385,1.7202734294950843,0.8136872208738914,72949,302.916744783825,0.7129487648763887,0.987909361334631,0.8682363073204666,0.7603643979290677,0.005527962185161391,0.001139808580759202,0.5781540176380336,0.9945829946985417,CALI
4487,72077,1063.3999999999999,414.8326379328284,224.71431104425318,1.8460445888163084,0.8405727162867109,73996,302.9377603830138,0.7591847482620603,0.9740661657386885,0.8009644746250818,0.7302650097460917,0.005755409325205383,0.001009666501279593,0.5332869844594595,0.9844715519475519,CALI
4488,72082,1024.3419999999999,392.0725182461686,235.65642630558335,1.6637463462921034,0.7992090452709146,72907,302.9482676359117,0.8003775260937153,0.9886842141358169,0.8632701658403674,0.7726842702239617,0.005439256933023066,0.0011959902020233701,0.5970409814515364,0.9933247514766449,CALI
4489,72094,1020.5319999999999,398.48412869620114,233.36077007229215,1.7075883344606546,0.8105848270087642,73283,302.9734835561304,0.7760053388443985,0.9837752275425405,0.8698727617895299,0.7603150583372751,0.0055272856090132485,0.0011393732967680747,0.578078987934414,0.987120936193627,CALI
4490,72095,1027.916,384.5683452827131,241.65052060517252,1.5914236158880488,0.7779160620940045,73760,302.9755847880841,0.7701387627786739,0.9774267895878525,0.8574321387835925,0.7878328741939316,0.005334188851969112,0.0012676067566525248,0.6206806376606712,0.9877658246976452,CALI
4491,72106,1055.7,414.8341237596527,224.06143333042334,1.8514302867459431,0.8415861168035026,73111,302.99869737784957,0.810963402838698,0.9862537785011831,0.8130181203264808,0.7304092889749867,0.0057531151881903405,0.0010100618846550942,0.5334977294209455,0.9877338541601308,CALI
4492,72106,1031.093,401.44949435503486,231.0052884723675,1.7378368132167485,0.8178524264739238,73362,302.99869737784957,0.7247999678340236,0.9828794198631444,0.8522864644906136,0.7547616864349139,0.005567490837864184,0.0011144963705832494,0.5696652033100752,0.9899851615208523,CALI
4493,72114,1045.819,420.26366169693597,221.44105053171393,1.897857965755755,0.8499211969941708,73362,303.0155054267546,0.8147738057576717,0.9829884681442709,0.8285455598613393,0.7210128617907196,0.005827768002009817,0.0009715251889393922,0.5198595468676431,0.9866195820969337,CALI
4494,72142,1049.218,412.031627613204,224.8702849510464,1.8323080246147334,0.8379416907357998,72865,303.07432625724687,0.8136927588540491,0.9900775406573801,0.8235056383010025,0.7355608306403091,0.005711397349854509,0.0010313273063203836,0.5410497355722614,0.9913697722047342,CALI
4495,72182,1024.3490000000002,393.57723703475284,233.89675507399033,1.682696439761422,0.8042550741686588,72828,303.1583362173528,0.7978115501519757,0.9911297852474323,0.8644559733945615,0.7702638966149965,0.005452567635071803,0.0011839653525623846,0.5933064704285178,0.9983546854774823,CALI
4496,72205,1061.352,414.142433846069,223.98931484054296,1.8489383484247686,0.8411184734002567,73083,303.2066314043979,0.7057334428024084,0.9879862621950385,0.8054864723312607,0.7321312829225696,0.00573564758460036,0.0010165250328090494,0.5360162154338477,0.9910609360931533,CALI
4497,72214,1065.4689999999998,432.42886586970235,215.34511553745705,2.008073713631484,0.8671829516908636,73763,303.22552742720234,0.7982093511661325,0.9790003118094438,0.7993732828900599,0.7012148155682303,0.005988158333144575,0.0008930532836727145,0.4917022175723873,0.9873742980414195,CALI
4498,72249,1022.963,390.62116895718276,236.54683269286312,1.651348126332229,0.7957952152490432,73146,303.2990007691597,0.7577877535608651,0.9877368550570093,0.8676046136643598,0.7764530570088107,0.005406596201430923,0.0012121727434762563,0.6028793497383277,0.9955636845947798,CALI
4499,72313,1010.401,383.69579492699194,241.3210634850958,1.589980540387803,0.7774550432728292,73001,303.43330601374964,0.7641899246515266,0.9905754715688826,0.8900998102724228,0.7908173871738304,0.005306041720395944,0.0012801334925755738,0.6253921398564442,0.9943613324832332,CALI
4500,72318,1038.3519999999999,399.2766927418781,232.7000453655287,1.715842779981793,0.812612774776603,73244,303.4437961075452,0.7522468170092369,0.9873573261973677,0.8428825512440745,0.7599837446652907,0.005521124654192291,0.0011361208453404884,0.577575292155478,0.9910283949408516,CALI
4501,72336,1040.413,403.3739058367901,232.28837030857156,1.736522174144787,0.8175457509867692,73801,303.481557442891,0.7472727272727273,0.9801493204699123,0.8397554160793405,0.7523579315655666,0.005576392195266397,0.0011021255957532918,0.5660424571896177,0.9829452784171724,CALI
4502,72372,1056.5099999999998,412.96246150841034,225.84486450438726,1.8285227003706703,0.837204750489348,73044,303.55706602148666,0.7887440603339291,0.9908000657138163,0.8147665941980786,0.7350718147908571,0.0057061081842205595,0.0010276349042307531,0.540330572899924,0.9880067182518004,CALI
4503,72394,1019.0229999999998,391.5445528814756,237.2920219860677,1.650053590526801,0.795433466976081,73141,303.6032009079571,0.8111372549019608,0.9897868500567397,0.8760814094062535,0.7753988624631966,0.0054085221548950966,0.0012060325074804191,0.6012433959092193,0.9920838242005341,CALI
4504,72404,1074.953,424.6557135876437,220.86968295711472,1.9226527964460256,0.8540964168854763,74367,303.62416899351854,0.7556566752943141,0.9736038834429249,0.7873964847052306,0.7149890117535279,0.005865086370748076,0.0009454784716615622,0.5112092869282866,0.9828779650818487,CALI
4505,72431,1010.0029999999999,378.8942068547002,244.54320330678004,1.5493957784603667,0.7638338872830158,73434,303.68077559291197,0.777815959880156,0.9863414767001661,0.8922550562640703,0.8014922638006144,0.0052311055605293345,0.0013315901864132237,0.6423898489322339,0.9953161200613959,CALI
4506,72464,1020.1169999999998,385.24640126431444,241.9811372944842,1.5920513704978603,0.7781161344206677,73680,303.7499471105943,0.7975610024544064,0.9834961997828447,0.8750486462990039,0.7884562869730584,0.005316383325020899,0.001267379073244166,0.6216633164673419,0.9897199349700763,CALI
4507,72465,1027.436,398.7005142953055,233.04216250679832,1.7108514185010386,0.811390615328977,73476,303.75204297129187,0.8164426467771556,0.9862404050302139,0.8626380352383108,0.7618551571426162,0.005501973563724632,0.0011433729381460796,0.5804232804648006,0.9930179927142303,CALI
4508,72477,1038.598,388.03376836248106,240.6997531546386,1.612107047376933,0.7843597488320108,73544,303.7771921717797,0.8081735057983943,0.9854916784509953,0.8443356149540979,0.7828627736542938,0.005353888383383433,0.0012404853632647505,0.6128741223736942,0.9880186918335853,CALI
4509,72483,1022.6069999999999,402.46160433251947,231.30316646701817,1.73997446935041,0.8183493656732141,73363,303.78976599128356,0.7949789418267965,0.9880048525823644,0.8710207508206563,0.7548291879796021,0.005552496507215753,0.0011118924922615381,0.5697671030259452,0.9913802127408894,CALI
4510,72490,1057.572,414.97342817707926,226.71880796180773,1.8303440808800664,0.8375599949224675,74676,303.80443478963883,0.7879347826086956,0.970726873426536,0.8144568414286691,0.7321057546364104,0.005724561017755266,0.0010144186707118042,0.535978835971748,0.9810256898978771,CALI
4511,72492,1053.122,411.5200264274221,227.0045174675845,1.8128274759386047,0.834092585645773,74242,303.8086257447958,0.7439426126042917,0.9764284367339242,0.8213770706201339,0.7382596380115103,0.0056767646971724066,0.0010402007375720772,0.5450272931168864,0.988040452098735,CALI
4512,72503,1048.8739999999998,409.748250514494,229.48294517288966,1.7855281149795015,0.8284531372704702,74347,303.83167496482895,0.6979159647687346,0.9751973852341049,0.8281694404495356,0.7415081689386775,0.005651466153324607,0.0010539127368807623,0.5498343646027904,0.9817447165801726,CALI
4513,72530,1015.95,388.03361550939997,240.48339433620484,1.6135567970523335,0.784800190751946,73747,303.8882429111751,0.7809841714224184,0.983497633802053,0.8830450739267866,0.7831492704884315,0.005349974017777471,0.001241393955636162,0.6133227798665624,0.9896311402407238,CALI
4514,72532,1045.026,402.98512868802663,236.20283098256223,1.706097793204592,0.8102149443073192,75220,303.8924327105412,0.7741205601092896,0.964264823185323,0.8346133467157255,0.7541033429692671,0.005555963280869501,0.0011083134246031173,0.5686718518774242,0.970209791545642,CALI
4515,72543,1046.539,402.4939348252614,231.9320394595106,1.7353960054989581,0.81728239514644,73687,303.91547557457966,0.7516474635278515,0.9844748734512193,0.8323280698984327,0.7550808826635398,0.0055483497349883715,0.001112544755033787,0.5701471393639503,0.9894310681988572,CALI
4516,72546,1026.0629999999999,378.8428221980451,246.11458861094118,1.5392944576598064,0.7602349042362951,73752,303.92175968883356,0.7779898764584763,0.9836479010738692,0.8659150366496491,0.8022370806063588,0.005222104901690584,0.0013342471439458429,0.6435843334998136,0.9906657975929435,CALI
4517,72553,1029.989,389.2478023403679,239.3532822013146,1.62624802451207,0.7885954587806524,73700,303.9364221168142,0.78483189823028,0.9844369063772049,0.859409332920253,0.7808301557244108,0.005365013195048694,0.0012302032415713769,0.6096957320886077,0.9915164798625389,CALI
4518,72561,1056.8680000000002,427.22065141592697,217.61960837171836,1.9631532958472513,0.8605389930283273,73203,303.9531783112789,0.801646135999558,0.9912298676283758,0.816341032533514,0.7114664923240352,0.005887744813548972,0.0009305646392907068,0.5061845696998666,0.9937179063133157,CALI
4519,72568,1033.053,402.00067044167344,232.23033123697306,1.7310429189004726,0.816258777141919,73798,303.96783922372657,0.7680291260080858,0.9833328816499092,0.8544955620266794,0.7561376424814433,0.00553964103243404,0.001117029960621477,0.5717441343773949,0.9897136352368698,CALI
4520,72575,1045.6029999999998,412.2459646848763,226.37217483665142,1.8210982201427808,0.8357440414650007,73615,303.98249942908626,0.7845861125825667,0.9858724444746315,0.8341867114145984,0.737381382644831,0.005680275090387548,0.0010358999328335932,0.5437313034712027,0.9901881089873215,CALI
4521,72581,1058.6309999999999,406.6801864573647,231.0870626553149,1.759857007070799,0.8228711671452095,74418,303.99506475668784,0.7049436674436674,0.9753151119352845,0.8138485552353771,0.7475039967027208,0.005603121842594683,0.0010791054985533433,0.5587622250865414,0.9833416171050209,CALI
4522,72601,1047.138,415.43396717478174,225.37796970269713,1.8432767307416658,0.8400479630315693,73896,304.036945431501,0.6897301919057571,0.9824753707913825,0.8320408066634393,0.7318538431008611,0.00572215213529816,0.0010125969009981757,0.5356100476615,0.9872775376058773,CALI
4523,72611,1084.358,421.7584937146704,221.20702136445013,1.9066234476337045,0.8514182012339758,73817,304.05788360567936,0.6815630397236615,0.9836623000121923,0.7760092644845934,0.7209288920957255,0.005808465572911411,0.0009678563535106104,0.5197384674583705,0.9909455486933364,CALI
4524,72624,1060.2420000000002,425.20458333919663,218.79768746938353,1.943368726868723,0.8574481416936659,73654,304.08510107673226,0.7791104340549703,0.9860156950063812,0.8118578999417837,0.7151501018373448,0.005854876946177525,0.000944683551869036,0.5114396681579646,0.993915856778306,CALI
4525,72651,1020.566,395.61401764743516,236.58644911657012,1.672175304733998,0.8014786243265116,73917,304.14162188782103,0.734649921126077,0.9828726815211656,0.8765350137565104,0.7687837344501457,0.005445403609687894,0.0011733473107878162,0.5910284303551121,0.9883031456355162,CALI
4526,72697,1015.8159999999999,391.4185544093876,239.17420641329153,1.6365416667590766,0.7915961458284163,73964,304.23789241909384,0.7891811500591639,0.9828700448867016,0.8853118044737968,0.7772699811795053,0.005384246315657972,0.0012122501963252926,0.6041486236427885,0.9887143955065713,CALI
4527,72707,1017.4650000000001,385.5659854472309,241.5449443816093,1.5962494534271323,0.7794467390838417,73595,304.25881676470686,0.7210706918438591,0.9879339629050886,0.882565876455995,0.7891225581317473,0.005303010514080225,0.0012684696621880502,0.6227144117523927,0.9940075394009552,CALI
4528,72709,1068.9060000000002,418.9479312025771,222.05666643903535,1.8866712624347053,0.8479763626411021,73572,304.26300146115193,0.7824903142488162,0.9882699940194639,0.7996851032262992,0.7262549324155257,0.005761981751950612,0.0009887990058239115,0.5274462268578798,0.9951176386923781,CALI
4529,72714,1034.73,405.8395078303922,230.1383267559322,1.7634590185440766,0.8236714402311588,73432,304.2734629504726,0.7933359518198482,0.9902222464320732,0.8534416197884837,0.7497383992433632,0.005581311822075422,0.001087815062385563,0.5621076673000006,0.9912538352929593,CALI
4530,72716,1030.705,408.9068456857542,229.8795297656121,1.7787875506039206,0.827014437438333,74014,304.2776474454903,0.8140610131542122,0.9824627773124004,0.8601438318350266,0.7441246109127954,0.00562334074599475,0.0010635473675758463,0.5537214365661192,0.9849527978663313,CALI
4531,72725,1017.9520000000001,399.7244428434184,232.62299116559063,1.7183359256131225,0.8132185673204555,73168,304.2964769609808,0.7465406093454874,0.9939454406297835,0.8819399059757491,0.7612656228785614,0.0054963828510610985,0.0011386797894485776,0.5795253485766839,0.9958192262627836,CALI
4532,72735,1045.4979999999998,391.9073339716922,238.19128331653022,1.6453470862361077,0.7941096644151668,73966,304.3173972784206,0.7175907655880032,0.9833572181813266,0.8361937063003496,0.7765034509418027,0.005388153350817243,0.0012083514594401713,0.6029576093245286,0.9920745456260024,CALI
4533,72742,1050.385,408.98743254484884,226.7708442097795,1.8035274065765956,0.832204392656278,73404,304.33204064495936,0.7524152340760049,0.9909814179063812,0.8285106191275862,0.7441109834385604,0.0056224386536643045,0.0010632988598974593,0.5537011556739015,0.9986152093110156,CALI
4534,72742,1056.484,405.3662588011232,230.49706297207814,1.7586612756546416,0.8226042460554116,74140,304.33204064495936,0.6618564955507433,0.9811437820339898,0.8189723758054576,0.7507581946879989,0.005572657595352385,0.0010920498089476512,0.5636378668911832,0.9912480899941094,CALI
4535,72772,1029.173,407.98173271859275,229.65949734472298,1.7764635794974546,0.8265140244724981,73686,304.39478995125273,0.7921020550330895,0.9875960155253373,0.8633708999871672,0.7460990665511252,0.005606300949796525,0.0010716233216460217,0.5566638171084604,0.9888929971172119,CALI
4536,72814,1044.679,404.76965565646793,232.0955059671658,1.7439788589173721,0.8192745457989756,74247,304.48261725482155,0.7360972108492807,0.9806995568844532,0.8384149701171069,0.7522367672571755,0.005558953712973713,0.0010979714499132537,0.565860154013526,0.9868481457033176,CALI
4537,72823,1032.663,399.9634503246533,233.1080841119854,1.7157854127980838,0.8125987990973507,73910,304.5014340955536,0.7535024729424912,0.9852929238262752,0.8581460282110166,0.7613231505238479,0.005492268243887965,0.001138171344940862,0.5796129395235575,0.9944914267035379,CALI
4538,72836,1041.0109999999997,405.7205268262264,232.1264133125572,1.7478430008735175,0.8201603213998583,74256,304.5286119239542,0.6773425584942157,0.9808769661710838,0.8445887924516026,0.7505871450630016,0.005570329601106957,0.0010905991252431967,0.5633810623338275,0.9847016466248673,CALI
4539,72839,1017.7629999999999,384.65500983829645,243.2440352549836,1.581354335924731,0.7746670355709936,74031,304.5348833860655,0.7479565431693092,0.983898637057449,0.883650488827064,0.7917091305117477,0.005280893612464427,0.0012798226598316196,0.6268033473356678,0.9911981910813936,CALI
4540,72848,1037.806,398.881551848076,235.12230308272711,1.6964853891709741,0.8078019871195211,74019,304.55369699753624,0.7863557858376511,0.9841797376349316,0.8499534529678117,0.7635191339045259,0.005475531954865968,0.001147851696952085,0.5829614678383175,0.9889856126373702,CALI
4541,72849,1034.771,396.4643368800202,236.45174491243247,1.6767240902656344,0.8026866096094092,74297,304.5557873270706,0.7904622395833333,0.980510653189227,0.8549583551164845,0.768179528387787,0.00544227562327582,0.0011689911209500992,0.5900997878340828,0.9894345299220464,CALI
4542,72849,1035.1979999999999,404.1446681665411,231.20327942265092,1.7480057773218038,0.8201974847664497,73725,304.5557873270706,0.6798152295632699,0.988118006103764,0.8542531916097891,0.7535811092318268,0.0055477037181916175,0.0011036034103099222,0.5678844881910704,0.9926653662094268,CALI
4543,72854,1032.067,400.1707753702826,235.725708259706,1.6976119334824635,0.8080872753719616,74426,304.566238759544,0.7619436077643909,0.9788783489640717,0.8595031679155856,0.7610906580514915,0.005492776997423376,0.0011368869860084215,0.5792589897732523,0.9833569736160693,CALI
4544,72900,1053.9470000000001,412.5586583826137,228.07358350291452,1.8088840103542358,0.8332960216251628,74237,304.6623751157884,0.6527578796561605,0.981990112747013,0.8247073181686065,0.738470442749112,0.005659240855728583,0.001038174625823743,0.5453385948140695,0.9864542643882178,CALI
4545,72916,1030.926,399.9563939668033,234.3427459691708,1.7067154876619053,0.810368365293207,73985,304.6958067383093,0.7895187049970224,0.9855511252280867,0.8621398406804629,0.7618225669961393,0.005485166410209053,0.0011396851879944953,0.580373623584587,0.9905326520022756,CALI
4546,72943,1038.4170000000001,394.6873564026096,238.01921090640536,1.6582163889191692,0.7976976419762303,74613,304.7522142850105,0.7820879839600288,0.9776178413949311,0.8500606372246229,0.7721357407105315,0.0054109010652510815,0.0011863804414026778,0.5961936020826012,0.988618001942123,CALI
4547,72948,1021.6569999999999,392.7992825423849,238.2819707226227,1.648464134114584,0.7949879131931239,73666,304.7626589812811,0.7698997361477573,0.990253305459778,0.8782396159453691,0.7758737668987361,0.005384647729099974,0.001203653080981733,0.6019801021616343,0.9923426078640875,CALI
4548,72969,1047.6229999999998,407.6394504384192,230.3269091939673,1.7698298990116264,0.8250730639843576,73840,304.80652279729856,0.7594766752013988,0.9882042253521127,0.8354841387222435,0.7477355846434316,0.005586474399243778,0.001077233305400014,0.5591085045420545,0.9895269481302057,CALI
4549,72980,1056.8680000000002,408.48227311008037,231.7964838518886,1.7622453383334709,0.8234024270236706,75011,304.82949656286905,0.7850097346370217,0.9729239711508979,0.8210549545113194,0.7462490213883081,0.0055971810511109945,0.0010707404667503692,0.5568876019230073,0.9813725804645252,CALI
4550,72993,1029.35,402.3361029880432,233.3901899429379,1.7238775249568599,0.8145540867692771,74168,304.8566451446544,0.726515377724694,0.9841575881781901,0.8656950609712475,0.7577163542634261,0.005511982011809943,0.0011207640665012255,0.5741340735182577,0.989736825650054,CALI
4551,73020,1068.139,421.557451892042,221.26017243652393,1.9052568171209405,0.8511863338458839,73700,304.9130229369706,0.6469962785752259,0.9907734056987788,0.8042594044025079,0.7233012287375168,0.0057731779223780064,0.0009747012350497461,0.5231646674932017,0.9967630492182326,CALI
4552,73025,1052.841,401.48081030018164,234.26972385269613,1.7137545718567728,0.812102989502533,74786,304.9234621249819,0.7497202344896975,0.9764528120236408,0.8278580032704711,0.7594969779427186,0.00549785430058448,0.0011284366672916636,0.5768356595041225,0.9885547486852068,CALI
4553,73048,1044.3329999999999,398.6941511660785,235.52946819173468,1.6927569795280066,0.8068530071722564,74193,304.97147778737303,0.7170144682855965,0.9845672772363969,0.8416667887116878,0.7649258884169968,0.005457974909184077,0.0011526268601614487,0.585111614770532,0.9904517697057201,CALI
4554,73063,1054.212,405.8330629547616,231.64151996146407,1.7519875669192468,0.821102820596896,74577,305.0027882773946,0.7636422546693563,0.9796988347613875,0.8261358214959481,0.751547412270334,0.005554563362505804,0.001093088242830366,0.5648235128902352,0.9895637720873451,CALI
4555,73065,1034.349,405.1519478300086,231.63873097556777,1.7490682414105536,0.8204397590302611,74003,305.00696276654844,0.6723443021201413,0.9873248381822358,0.858193171936554,0.7528211684533763,0.00554508927434488,0.0010986404756418947,0.5667397116715067,0.9912664308308065,CALI
4556,73076,1043.319,407.10675092070124,230.32647540629677,1.7675204303046943,0.8245669958165254,73830,305.02992143569577,0.6656464629902898,0.9897873493159962,0.8436268592159046,0.7492627443437099,0.005571004856870946,0.0010830533612037703,0.5613946600614678,0.9922765311226031,CALI
4557,73077,1014.236,392.6693855863842,237.53076912009388,1.6531306114192443,0.7962916595083206,73629,305.03200850174966,0.6970867673992674,0.9925029539991036,0.8927143807411887,0.7768163745341053,0.00537336488342959,0.001206978631851391,0.6034436797443116,0.9975712192527924,CALI
4558,73078,1039.637,407.6758980169291,231.4350612685857,1.7615131250308347,0.8232398197436182,74426,305.0340955535236,0.6899097466107775,0.9818880498750436,0.8496363065803751,0.7482269543951721,0.005578640603422769,0.0010785531299651258,0.559843575283475,0.9861718058260296,CALI
4559,73106,1041.578,407.7764945939061,230.18074874671638,1.7715490839879509,0.8254482999239747,74302,305.092527206762,0.7917388667475308,0.9839035288417539,0.8467969588457667,0.748185663596416,0.00557787999061508,0.0010781680489378442,0.5597817872112095,0.9916809123671562,CALI
4560,73121,1051.673,406.1374794821273,232.30043699254816,1.7483285212035806,0.8202711345083651,74728,305.1238252752148,0.7857403825488932,0.9784953431110159,0.8307886174372431,0.7512821167459929,0.005554320639517065,0.0010914979251324156,0.5644248189423398,0.9868000090320594,CALI
4561,73147,1045.0269999999998,413.98860318580574,227.24048188230248,1.821808331669654,0.8358846341331628,74156,305.1780676568074,0.759448066780182,0.986393548735099,0.8416884359208817,0.7371653840428014,0.0056596798663760065,0.0010309351863722431,0.5434128034309711,0.989993972826507,CALI
4562,73163,1064.874,419.72484643930295,223.08268664369928,1.8814765625880883,0.8470598904209995,73802,305.21144279246596,0.7886663504656778,0.9913416980569633,0.8107835380742876,0.7271703006903192,0.005736845761372592,0.00098945823746403,0.5287766462060491,0.994880866680615,CALI
4563,73178,1033.9969999999998,398.30014736956196,235.98289807660558,1.6878347991144018,0.8055888033232567,73969,305.2427286679074,0.7351617440225036,0.9893063310305669,0.8601057328451615,0.7663635845574733,0.00544289468651182,0.0011581081942238654,0.5873131437357797,0.9912875619745274,CALI
4564,73229,1034.342,409.82222480140473,229.51876960924398,1.7855717225180652,0.8284623837244873,74364,305.34907666703566,0.7459027247262542,0.9847372384487117,0.8601310942812064,0.7450769094209189,0.005596447101577308,0.0010638896492945343,0.5551396009522281,0.9912415735102612,CALI
4565,73236,1060.551,409.7792191289599,231.11911473179393,1.773021758085631,0.8257687287954221,74642,305.36367056057003,0.7218712112998137,0.9811634200584122,0.8182223993867018,0.7451907180887821,0.005595324964893766,0.0010643263748048297,0.555309206325675,0.9845753052806845,CALI
4566,73240,1042.3580000000002,404.76900614377365,232.41064210104915,1.7416113241827598,0.8187284446615163,74073,305.3720096151632,0.7096349120223239,0.9887543369378856,0.8470799295365514,0.7544352580856829,0.005526611225338253,0.0011044004739224186,0.5691725586428108,0.9912773735463951,CALI
4567,73257,1057.406,401.83920941810214,236.70200727576218,1.6976586470175223,0.8080990907631979,75593,305.4074480569585,0.7443304206462101,0.9690976677734711,0.8233328675651606,0.760024011840992,0.0054853353183737,0.0011289954649995472,0.5776364985748764,0.9806295966385636,CALI
4568,73257,1055.446,415.297881299862,227.1072646423747,1.8286419941424183,0.8372280548114319,74835,305.4074480569585,0.7758302973820215,0.9789136099418722,0.8263936225428593,0.7353937060816399,0.005669053896554077,0.0010227511655039956,0.5408039029444894,0.9889367275204142,CALI
4569,73276,1056.912,406.2672017957907,232.1344281306036,1.7501376468259866,0.8206830986689643,74290,305.44705086154255,0.7045769230769231,0.9863507874545699,0.8243164379559631,0.7518378286787591,0.0055443419645694455,0.0010927642168113113,0.5652601206323913,0.9892830173681466,CALI
4570,73281,1031.646,395.54978027876757,238.01710399817009,1.6618544366534627,0.7986939828170645,74217,305.4574717988373,0.8050556983718937,0.9873883342091434,0.8652465053484573,0.7722352205165255,0.005397712644188365,0.0011840988090531903,0.5963472358062066,0.9910422996105731,CALI
4571,73299,1042.622,408.6516883894455,229.42789650018045,1.7811769824997026,0.8275265913284119,73978,305.4949842297622,0.7156288442387675,0.9908215956095056,0.8473330466613792,0.7475681439951012,0.005575133199490382,0.0010740837767386935,0.5588581299162806,0.9954252374897075,CALI
4572,73304,1022.4389999999997,391.463442817057,240.10467041082586,1.6303866232474862,0.7898101027168589,73984,305.50540353202655,0.8179241704045882,0.9908088235294118,0.8811761293176206,0.7804187316535677,0.005340273966182705,0.0012219516993700109,0.6090533967157633,0.9929925108488249,CALI
4573,73343,1057.08,405.78928083064386,232.1361587355174,1.7480658034536396,0.8202111862418776,74096,305.5866618972612,0.8123227892964735,0.9898375080976031,0.8248079194296349,0.7530673586836262,0.00553276087466621,0.001097632501236889,0.5671104467147334,0.9913463786833429,CALI
4574,73343,1038.02,400.9585686049553,233.83574767395842,1.7147017622131042,0.8123344934746851,73970,305.5866618972612,0.8032307523819954,0.9915235906448561,0.8553760607630201,0.7621402454634675,0.005466896208294661,0.0011377849202267832,0.5808577537551145,0.9959978139590403,CALI
4575,73346,1040.579,378.6514101666743,251.0932419289124,1.5080111565642025,0.7485086137393678,75533,305.5929116457796,0.7050805094929103,0.9710457680748812,0.8512089550221287,0.8070560506067154,0.005162536609585721,0.0013510073086352254,0.651339468820909,0.9822271856925323,CALI
4576,73364,1041.3729999999998,401.5893013133206,235.5381929671193,1.7049859144048956,0.8099382856261375,74655,305.63040745310417,0.7005395082358559,0.9827071194159802,0.850120011494391,0.7610521656169591,0.005473928647747132,0.0011327565947630326,0.5792003987902634,0.9875285215550974,CALI
4577,73365,1026.958,395.96439152901604,238.4027012986912,1.6609056414713947,0.7984348898577004,74691,305.632490418632,0.7611029846565622,0.9822468570510503,0.8741650139968284,0.7718686249499166,0.005397183827833654,0.0011817361611292457,0.5957811741820751,0.9895363132814604,CALI
4578,73398,1037.523,409.9397199406832,229.4542441305866,1.7865859116878178,0.8286772103372539,74232,305.70122031891117,0.8129319510898458,0.9887649531199483,0.8568378131535698,0.7457223719700669,0.005585161992706656,0.0010654282938769948,0.5561018560566627,0.9935237414942805,CALI
4579,73404,1071.4309999999998,418.41025053430656,226.88866636143177,1.8441214241516255,0.8402083922565133,74942,305.7137150043156,0.7717962737098877,0.979477462571055,0.8035282961830557,0.730655414426204,0.005700101500385627,0.0010021039627960493,0.5338573346303278,0.984497748232271,CALI
4580,73410,1030.2389999999998,399.997340182972,234.49063577070663,1.7058137049622049,0.8101443176486572,74089,305.72620917907625,0.8089791060565987,0.9908353466776445,0.8691387551883334,0.7643206053300929,0.005448812698310475,0.001147054132003687,0.5841859877321597,0.9965124641204005,CALI
4581,73422,1057.58,415.71002744850387,226.24035207833376,1.837470741313945,0.8389384225745092,74671,305.7511959969169,0.7382953905558683,0.9832732921750077,0.824915788690774,0.7354915104490519,0.005661927316723923,0.001022008974215397,0.5409477619426278,0.99397568514884,CALI
4582,73425,1034.6570000000002,404.74385297973555,231.92694393396113,1.745135110713925,0.8195403104034171,74120,305.7574423823226,0.745030592676022,0.9906233135456017,0.8619082120061511,0.7554344312614701,0.005512343928903447,0.0011073965603355222,0.5706811799353408,0.9959157641288143,CALI
4583,73431,1036.849,387.1660048754994,243.13960297715778,1.5923609322989332,0.7782146891699389,74546,305.76993477032323,0.703281232042294,0.985042792369812,0.8583378822710985,0.7897644186726811,0.005272514399579189,0.00126528334479751,0.6237278370013981,0.9931998400283432,CALI
4584,73445,1040.3229999999999,411.9538250057579,228.41008860348634,1.8035710573226844,0.8322133334346384,74112,305.7990816910247,0.7438598268091355,0.9910001079447323,0.8527774323336298,0.7423139758120962,0.005609011164895607,0.0010505497317684334,0.5510300386859616,0.9938218294893996,CALI
4585,73480,1069.283,413.7832999393045,230.20040508784587,1.7974916237936347,0.8309608967419244,75618,305.8719368414496,0.7718487394957984,0.9717263085508742,0.8075951221686579,0.7392080272121089,0.005631237070485908,0.0010371707758079904,0.546428507494818,0.9822006652239926,CALI
4586,73485,1035.476,394.07409712707073,239.92075038353434,1.642517775128282,0.7933073059566123,74898,305.88234330353794,0.7944925561934416,0.9811343427060802,0.8612485183484703,0.7762051490659255,0.005362646759570943,0.0012007843827542763,0.6024944334364556,0.9896078163352219,CALI
4587,73494,1035.962,398.38296039155694,237.25744411058156,1.6791168002546533,0.803317363280541,74785,305.9010740431717,0.7930978665544368,0.9827371799157585,0.8605460158615977,0.7678568223462973,0.005420618831354355,0.0011623839948399462,0.5896040996237534,0.9900141491772624,CALI
4588,73497,1024.659,389.13613286356826,242.59533088960916,1.6040545027663422,0.7818869725546206,74507,305.9073173681863,0.7555046154478732,0.9864442267169528,0.8796719794899998,0.7861190250236615,0.0052945852601271924,0.0012472828083794321,0.6179831215041522,0.9912786086823349,CALI
4589,73503,1019.7049999999998,390.0110516530842,241.5851849392855,1.6143831491616536,0.7850506000578505,74243,305.91980363596707,0.7312276163947473,0.9900327303584177,0.8883126187002794,0.7843875252747542,0.005306056237882593,0.001239008608784068,0.6152637898066533,0.9932714945531985,CALI
4590,73528,1066.558,420.32363018137465,223.07567621975346,1.8842199082579976,0.8475449516916405,74286,305.9718242670181,0.7983582883636087,0.9897961930915651,0.8122573724855372,0.7279434281032157,0.005716511127480343,0.0009901507806084433,0.5299016345186617,0.9984512091785157,CALI
4591,73539,1027.3029999999999,396.77148039862783,238.22878614165543,1.6655060323511863,0.7996862395636127,74630,305.9947105429751,0.790741935483871,0.9853812139890125,0.8756498370983515,0.7712114546024043,0.005395388574751191,0.001177325027432157,0.5947671077099563,0.990588205735,CALI
4592,73550,1024.467,397.50796812039334,237.35105898517162,1.674768041145447,0.8021685859801452,74442,306.01759510732586,0.8135701960090261,0.9880175169930953,0.88063632198381,0.7698401532787444,0.005404595079815001,0.001170968362300244,0.5926538616002407,0.99255774686952,CALI
4593,73552,1036.071,399.4394505630075,235.2856684586562,1.6976786269206872,0.8081041439880874,74109,306.0217557533462,0.7489410231345716,0.9924840437733609,0.8610439405258612,0.7661280209603993,0.005430708214093532,0.0011540951592119352,0.5869521445006982,0.9964561107440981,CALI
4594,73591,1051.278,412.85326721435354,228.22030788635996,1.8090119632120105,0.8333219613690815,74305,306.10287704725243,0.7313754720731465,0.990390956194065,0.8367571196929329,0.7414326138500044,0.005610105409823939,0.0010457732455679532,0.5497223208804498,0.9944542549174052,CALI
4595,73599,1027.388,404.7729715280642,233.5996174744379,1.7327638456957546,0.8166645246294114,74263,306.1195146555724,0.7908768536428111,0.9910588045190741,0.8762192698192105,0.7562745938789743,0.005499707489613503,0.0011097812892961203,0.5719512613468078,0.9910564671618322,CALI
4596,73626,1048.278,408.0943637669268,231.23480248646538,1.7648483678870672,0.8239786021428608,74508,306.17565990893377,0.7025113545284531,0.9881623449830891,0.841953540694153,0.7502570167418401,0.005542802322099894,0.0010833016791199322,0.5628855911703659,0.9934077168841672,CALI
4597,73629,1057.375,405.4258688546544,234.52516976299702,1.728709414278918,0.8157063396574717,75311,306.181897634895,0.688623482538673,0.9776659452138465,0.8275622852086741,0.7552105604407338,0.005506334037602771,0.00110487852832446,0.5703429906012071,0.9859572972202991,CALI
4598,73636,1045.21,412.0408752005038,230.18327367640148,1.7900556744177822,0.8294090015740417,74832,306.1964518346325,0.7582585056429689,0.9840175326063716,0.8470185872553156,0.7431215451273707,0.005595644456522677,0.001052614349531308,0.5522296308324909,0.9885217842533376,CALI
4599,73650,1047.8029999999999,416.0419230344401,226.12733352241932,1.8398568477047548,0.8393958631933386,74346,306.22555815892434,0.8205213903743316,0.9906383665563716,0.8429917804669211,0.7360449541369293,0.005648905947514462,0.0010227311078539554,0.5417621745104343,0.9967648466004406,CALI
4600,73658,1040.73,405.86288113768495,234.0268900301871,1.7342574653935399,0.817015537979078,75124,306.24218910219184,0.680657204110298,0.9804855971460519,0.8545817994651618,0.7545459398596794,0.0055100991221277386,0.0011017471111987036,0.5693395753587269,0.9873814089098599,CALI
4601,73688,1059.474,415.6538965885894,228.3115045984227,1.8205560745599896,0.8356365771147106,75227,306.3045470972389,0.7204113954988952,0.9795419197894373,0.8249469601656226,0.7369221114277595,0.005640727073452793,0.001026127202173226,0.5430541983111473,0.9886606195506645,CALI
4602,73711,1037.4279999999999,410.79925495478676,230.5628826207638,1.7817232777683507,0.8276433512666321,75070,306.352346297484,0.7917995982512112,0.9818968962301852,0.8606493328181122,0.7457470835267256,0.005573106523514628,0.0010632695122813577,0.5561387125886171,0.9908852898872618,CALI
4603,73720,1050.7310000000002,397.39465794593707,237.51457734264125,1.6731379706966407,0.8017352462923844,74893,306.37104830234233,0.7770715407562007,0.9843376550545445,0.8390968668567846,0.7709490859437322,0.005390594926016509,0.0011746791285510965,0.5943624931174764,0.9944504555927706,CALI
4604,73769,1047.5729999999999,399.9223341627412,236.1586534912832,1.6934477235978256,0.8070293775628934,74575,306.4728503074428,0.8015320258597273,0.9891920885015085,0.8447246496748835,0.7663309200999241,0.005421279048960149,0.0011533122918049345,0.5872630791011961,0.9944993244569705,CALI
4605,73777,1027.6779999999999,389.14324800926494,243.14148995640693,1.6004806422755524,0.7807749886505472,74836,306.4894678319732,0.7428211840515505,0.9858490566037735,0.8778427699529938,0.7876006313867127,0.005274587581621169,0.0012519658800523535,0.6203147545607484,0.992801756792388,CALI
4606,73780,1047.9859999999999,404.1658945477923,234.46288935470432,1.723794736387279,0.814534245575222,74526,306.4956991713918,0.8019565217391305,0.9899900705793951,0.8441848482042725,0.7583413229716466,0.005477987185521717,0.0011175312137684363,0.5750815621263873,0.9913225697868404,CALI
4607,73789,1033.589,402.75519276306784,234.87821619321204,1.714740512299188,0.8123439548603092,74581,306.514392429561,0.8086908871718999,0.9893806733618482,0.8679720318988192,0.7610439242924343,0.005458200988806839,0.0011294530412497977,0.5791878547024285,0.9931568786899099,CALI
4608,73841,1029.369,379.9428422904919,249.0095760811012,1.5258161885579309,0.7552932948869854,74832,306.62237560685156,0.793989247311828,0.986757002351935,0.8757199898608441,0.8070223767300716,0.005145418430011673,0.001346302857812274,0.6512851165430537,0.9937413741882297,CALI
4609,73846,1040.717,403.91205723808366,235.07822030387078,1.7182028037985486,0.8131862989659485,74693,306.632756600649,0.7997530757234448,0.9886602492870817,0.8567843842134794,0.7591572252073328,0.0054696538368778766,0.0011206410404798577,0.5763196925844969,0.9902341116830004,CALI
4610,73849,1042.9509999999998,400.01749109177536,238.03226898279468,1.680517909614554,0.8036852375476615,75202,306.6389850282365,0.7577054091767217,0.9820084572218823,0.8531525106720855,0.7665639424699177,0.005416694756757374,0.0011537392671861057,0.5876202778950232,0.9875064010552678,CALI
4611,73874,1035.476,403.2854110610496,234.61112528687175,1.7189526309459138,0.8133679404817143,74671,306.6908836724127,0.7772937710437711,0.9893265123006254,0.8658076212080683,0.7604809776418757,0.005459098073219937,0.0011262999901010455,0.5783313173551432,0.9941241395260397,CALI
4612,73878,1042.002,398.4862381051346,240.60958251217505,1.656152817957576,0.7971290200743161,75978,306.69918664050016,0.7536418166238218,0.9723604201216142,0.8550428679027242,0.7696606741023317,0.005393841713434779,0.001167549084205156,0.5923775532596557,0.9810677541257927,CALI
4613,73884,1092.5900000000001,433.0761589642408,220.13621509889643,1.9673099165881491,0.8611751570416971,75689,306.71164067118934,0.6329369838604667,0.9761524131643964,0.7777603892492773,0.7082164056426726,0.005861568931896497,0.0009096149106111779,0.5015704772214267,0.9867445737055631,CALI
4614,73932,1026.43,397.8289474393748,239.20313645280277,1.6631426884231952,0.799044929567926,75124,306.8112547175544,0.8087512990209484,0.984132900271551,0.8818275137704711,0.7712140021291672,0.005381011570624017,0.0011742033433499266,0.5947710370800873,0.9891891016056283,CALI
4615,73935,1048.3939999999998,397.44214761870325,239.35305925155123,1.6604849290896517,0.7983198343970905,75255,306.8174795216111,0.7498174516246805,0.9824596372334065,0.8453000363236884,0.771980227461846,0.005375561609774846,0.0011776827517240849,0.5959534715920435,0.9895717580172461,CALI
4616,73969,1050.21,417.00423411192253,227.8170497107467,1.83043470469564,0.8375776386918686,74638,306.8880184766346,0.814654507808542,0.991036737318792,0.8427665947748127,0.7359350178546794,0.005637554030903791,0.001020066190665321,0.5416003505047674,0.991364077639249,CALI
4617,73973,1054.1499999999999,401.1511692146249,236.88157788140887,1.6934671442261966,0.8070343326323411,74875,306.8963161113117,0.7158977634545964,0.9879532554257096,0.8365237388137305,0.7650390667242835,0.00542294038655489,0.001145906135986536,0.5852847736143627,0.9911605341317908,CALI
4618,73978,1073.69,410.00025188698515,234.57242544121365,1.7478620989479243,0.8201646822914885,76322,306.9066878391833,0.704176819981724,0.9692880165614108,0.8064076396321787,0.7485524372891869,0.005542191623009343,0.0010733718845218163,0.560330751371582,0.9793808831974007,CALI
4619,74034,1042.283,406.23171763458305,235.38177194092668,1.7258418707823062,0.8150238854097209,75688,307.02282725381025,0.7862240346629286,0.97814713032449,0.8563864161520448,0.7557825101435974,0.005487096707385567,0.0011043576077325945,0.5712072026389571,0.9858133072067454,CALI
4620,74044,1048.432,388.72649799807476,244.22410591083568,1.5916794804031171,0.777997643732971,74909,307.0435618122783,0.7454344105506896,0.9884526558891455,0.8464848707155409,0.7898704189025956,0.005249939198288514,0.0012605423312620641,0.623895278657362,0.993041312959308,CALI
4621,74051,1073.004,411.87463518032126,232.96962289199095,1.7679327891227863,0.8246575232509488,76140,307.0580751701273,0.7350412927817042,0.9725636984502233,0.8082358495742284,0.7455134376888622,0.005562040150441199,0.0010598289683229829,0.5557902857746649,0.9825998700969538,CALI
4622,74056,1043.271,397.63978767204776,238.82581828368444,1.6649782277715022,0.7995432974499291,74857,307.06844143432784,0.8121956569423119,0.989299597899996,0.8550191542810549,0.7722276566739886,0.005369447278708649,0.0011778520741393946,0.5963355537321996,0.9928857134101752,CALI
4623,74071,1049.9379999999999,415.01113780870895,229.29441403778438,1.8099487488618942,0.8335116828068628,74997,307.0995381274258,0.7761164316100505,0.9876528394469112,0.8443660507848232,0.7399790274278787,0.005602882880057093,0.0010362605172468413,0.5475689610331093,0.9910717559374834,CALI
4624,74095,1056.298,423.5727588560213,225.3735347558553,1.8794254583390773,0.8466956558307887,75501,307.14928628787646,0.7541859636622729,0.9813777300962901,0.8344990592037232,0.7251393765676066,0.00571661730016899,0.0009750004977975687,0.525827115448857,0.9882528674595831,CALI
4625,74142,1067.775,425.3361910724403,223.10129088190354,1.9064712238603216,0.8513924022051856,74872,307.24668643576035,0.8064523146536721,0.9902500267122556,0.8171742332765966,0.7223619642172238,0.005736777954094039,0.0009635345327795598,0.5218068073477657,0.9948096626229419,CALI
4626,74154,1054.801,413.1876242616392,230.66055779665953,1.7913232683061822,0.8296751237053067,75125,307.27154961091213,0.7631367706082124,0.9870748752079866,0.8375358022307976,0.7436610671967785,0.005572020717178294,0.001051217706092184,0.5530317828642517,0.9906587007575862,CALI
4627,74165,1040.808,403.8680893038351,236.12082448755717,1.7104297775527957,0.8112867993330827,75326,307.2943390875975,0.7836207260893453,0.9845869951942224,0.8603350604808733,0.7608779877045845,0.00544553481162051,0.001125849610180087,0.5789353121733778,0.990228197218169,CALI
4628,74187,1036.095,398.6391950347036,239.03366524852584,1.6677115109297858,0.8002817932599743,75002,307.3399129713996,0.7871466768525592,0.9891336231033839,0.8684373981756751,0.7709726409231888,0.005373437327762325,0.001171083380439004,0.5943988130520765,0.9912857426099497,CALI
4629,74193,1077.858,420.9260079298468,228.1902873868856,1.8446271870291617,0.8403043296614627,76427,307.3523410396217,0.7635381290521766,0.9707694924568543,0.8025086038732654,0.7301813982728439,0.005673392475433623,0.0009948226178477615,0.5331648743836855,0.9834904224571341,CALI
4630,74202,1047.001,403.30701991311054,236.384985448131,1.7061448261975445,0.8102266330961249,75363,307.37098219974916,0.8097119161938018,0.984594562318379,0.8506115632559258,0.7621265364187559,0.005435258078126068,0.0011311189208237636,0.5808368575136496,0.9909917993117533,CALI
4631,74211,1045.059,414.2454700364904,229.72266360275717,1.8032416285787771,0.8321458396687522,74880,307.38962222941285,0.7736921120123439,0.9910657051282051,0.853879384467348,0.7420470336159264,0.005581995526761402,0.0010439867339130716,0.550633800098196,0.9929257904395917,CALI
4632,74215,1058.806,404.4510377956156,236.06968779890218,1.713269677130892,0.8119843015712347,75634,307.39790632423,0.6716289592760181,0.9812385963984451,0.831895487338645,0.7600373780708898,0.005449720916197744,0.0011217441915444795,0.5776568160648726,0.9896819067519235,CALI
4633,74223,1095.3719999999998,432.6433046964728,219.8698707023104,1.9677243785813832,0.8612383431660044,75177,307.4144738441539,0.7813111854986421,0.9873099485214892,0.7773652047702528,0.7105494769180006,0.005828965478308244,0.0009165339197111991,0.5048805591484443,0.9934657845081938,CALI
4634,74232,1046.3029999999999,408.22388377188696,236.71187204705964,1.7245602438171321,0.8147175805485006,76425,307.4331112368682,0.7758604471294042,0.9713052011776251,0.8520912088374317,0.7530992758097906,0.0054992979277385355,0.0010911788287321891,0.5671585192252312,0.9780990341980283,CALI
4635,74267,1049.271,408.7938995615819,232.7689243538245,1.7562219729133066,0.8220577629597152,75168,307.5055792483224,0.7390707255664912,0.9880135163899532,0.8476770110317304,0.7522264387460579,0.005504381482510158,0.0010871329586440675,0.565844615148577,0.9937487463786046,CALI
4636,74298,1052.196,420.4341707863422,227.36456344404237,1.8491631431817956,0.8411607472311192,75430,307.56975094234014,0.8034387672343877,0.9849927084714305,0.8433225133344067,0.7315526955553813,0.0056587548895844055,0.0009997308757347012,0.5351693463743442,0.9896154306761294,CALI
4637,74299,1058.8439999999998,422.5695482737845,225.54357229383405,1.873560589539961,0.8456466900189323,75018,307.57182077407197,0.7855926916692219,0.9904156335812738,0.8327772885034559,0.7278608267692658,0.005687419053739411,0.0009846647185633092,0.5297813831452393,0.9925775205328902,CALI
4638,74307,1047.194,406.3527455142251,236.2932357529196,1.719696902111614,0.8135479611497276,75534,307.5883789265058,0.7643494897959183,0.9837556597029152,0.8515012727710133,0.7569491834914602,0.005468566158157712,0.0011074398132834263,0.5729720663883884,0.9853382875646015,CALI
4639,74312,1025.2109999999998,390.61591711649817,243.8090267476853,1.6021388638770186,0.781292055958992,75060,307.5987273191477,0.8084421235857268,0.9900346389555023,0.8884690410517759,0.7874710523570619,0.005256431223981298,0.0012468354483030825,0.6201106583003388,0.9935033855673349,CALI
4640,74322,1055.499,398.88601952804675,239.43748546302993,1.6659297050195438,0.7998008635165076,75366,307.61942306006415,0.6880711012359394,0.9861475997133986,0.8383234210464695,0.7711963017005027,0.005366997921585086,0.001171037877707505,0.5947437357565329,0.9908012562711025,CALI
4641,74328,1039.662,407.7809845051142,234.36964354524528,1.7399052980442482,0.818333318861575,75626,307.63183983631336,0.7659363986727397,0.9828365905905376,0.8641277854113623,0.7544045738416603,0.005486236472192366,0.0010961539089401546,0.5691262610332172,0.9902257968278084,CALI
4642,74336,1061.328,418.1548206462164,227.54493635812474,1.8376801845772461,0.8389786563094521,75175,307.6483947584207,0.706186350509196,0.9888393747921517,0.8292964537122847,0.7357284421185936,0.005625199373738383,0.0010166883908181285,0.5412963405422526,0.9947295589986749,CALI
4643,74336,1054.454,406.7324635895469,235.6378361429756,1.7260914895804675,0.8150834507824806,75627,307.6483947584207,0.7299293008641006,0.9829293770743253,0.840144086543386,0.7563900654580731,0.005471540889872295,0.0011047720449234683,0.572125931123668,0.9875417006808642,CALI
4644,74353,1058.789,413.9246058767327,231.10229503625342,1.791088252982514,0.8296258330508719,75245,307.68357101037026,0.7487110806782938,0.9881453917203801,0.8334691295435439,0.7433324007367632,0.005567019567155766,0.0010484187138870584,0.5525430579850801,0.9896533804241129,CALI
4645,74362,1039.5839999999998,400.40988564567124,237.341204298639,1.6870643545814659,0.8053897409171791,74937,307.7021921039825,0.788401187446989,0.9923268879191854,0.8646528002650106,0.7684680202333286,0.005384603502402723,0.0011583416925973872,0.5905430981213318,0.9962842106846037,CALI
4646,74363,1060.382,406.04625314627805,234.6359024868715,1.730537606745828,0.8161393699910219,75179,307.7042610448235,0.80278740378491,0.9891459051064792,0.8310785475883821,0.7578059362955706,0.005460326414295793,0.0011107859556543555,0.5742698370848065,0.9937955494950574,CALI
4647,74367,1051.933,413.3412635284439,231.1058577620857,1.7885365067378012,0.8290892046963774,75062,307.7125366690799,0.7356222921241616,0.9907409874503743,0.844527833175402,0.7444515315077048,0.005558127442661986,0.0010530620790852757,0.5542080827641673,0.991221388352878,CALI
4648,74371,1050.27,411.7016906234871,232.08600280813374,1.7739186579202806,0.8259634273285501,75563,307.7208120707775,0.7906089212059362,0.9842250837049878,0.8472499741139775,0.7474363576325388,0.005535782638709808,0.0010657508063149242,0.5586611087109964,0.9910193641968669,CALI
4649,74382,1073.2569999999998,413.319573362394,230.47941005634777,1.793303676286508,0.8300895969410031,75387,307.74356827802404,0.7911547911547911,0.9866687890485097,0.8114658661106826,0.744565677774466,0.005556714976236106,0.0010534403139759192,0.5543780485197503,0.9941681924630079,CALI
4650,74385,1073.863,414.72651179664575,232.4556663690002,1.784110141407819,0.8281520470719927,76137,307.74977422432835,0.7141965588754897,0.9769888490484259,0.8105829666576256,0.7420547408245469,0.005575405146153737,0.0010427974740119944,0.5506452383801855,0.982411754112015,CALI
4651,74393,1079.3659999999998,421.1066745009719,227.26755836391928,1.852911508939,0.8418630704989534,75487,307.76632280267927,0.6870936160780257,0.9855074383668712,0.8024250338759057,0.7308512104857862,0.005660568527965963,0.0009962210121732041,0.5341434918685388,0.9897206235080808,CALI
4652,74399,1070.1609999999998,409.6716790651768,235.06525897266846,1.7427997691177761,0.8190028978774625,76275,307.7787336525241,0.7712058546091571,0.9754047853162897,0.8163543710734361,0.7512814514169968,0.005506413783319356,0.0010820797571922931,0.5644238192432292,0.9836777018616732,CALI
4653,74400,1060.024,393.91010131612614,241.12588198864256,1.6336284519414634,0.790753820999481,75179,307.7808020788433,0.6917133852118372,0.9896380638210138,0.8320537899005246,0.7813478279701155,0.005294490609087717,0.0012172550414677027,0.6105044282736172,0.9973374040640374,CALI
4654,74445,1041.6739999999998,399.2665302070054,239.45248832054273,1.6674144128021249,0.8002017302361726,75261,307.87386688026834,0.8209819360815193,0.9891577310957866,0.8621478500072516,0.7710986110472289,0.00536324172485735,0.0011696254712402438,0.5945930679589656,0.9914330512670125,CALI
4655,74460,1044.175,407.43781333954047,234.85135681285237,1.734875279703912,0.8171604206360908,75603,307.90488222985397,0.7921276595744681,0.9848815523193524,0.8581956600834797,0.7557101283902184,0.005471901871334146,0.001100877599239346,0.5710977981515603,0.9907834523064762,CALI
4656,74463,1056.402,410.4178411356903,232.7650656523007,1.763227827962652,0.8236202462478129,75258,307.9110849248764,0.8068633718725281,0.9894363389938611,0.8384785632710581,0.7502380600045024,0.005511701665735873,0.0010771144062202492,0.5628571466793193,0.9924453841926321,CALI
4657,74466,1030.978,399.0801853567055,239.70146225947602,1.6649050931725338,0.7995234781085067,75530,307.91728749495155,0.7890019071837253,0.9859128822984244,0.8803778230831926,0.7715674663720254,0.0053592268331413735,0.001171595055685752,0.5953163551637465,0.9911452317610306,CALI
4658,74469,1028.4950000000001,373.89923565913114,256.99306020135833,1.4549001259651715,0.7263430095396926,76127,307.92348994008694,0.7704699236451673,0.9782206050415753,0.884669422275649,0.8235467221463068,0.0050208709081514605,0.001424661834084444,0.6782292035579263,0.9867557536896848,CALI
4659,74477,1079.628,418.15235392077057,230.77358124182373,1.8119593745117462,0.8339177442174954,76573,307.94002918302243,0.7681208745874587,0.9726274274221984,0.8029412315413039,0.7364302180668086,0.005614516614804175,0.0010186348650754469,0.5423294660819274,0.9826789601410986,CALI
4660,74521,1037.1029999999998,405.06528446302156,236.45194771345342,1.713097685936188,0.8119421748109387,75533,308.03097914529485,0.7843242503657394,0.9866018826208413,0.8706523108142127,0.7604477375878776,0.005435585733726353,0.0011212529572678309,0.5782807616025216,0.9906514345226961,CALI
4661,74528,1053.985,418.4576624137431,228.96519282637612,1.8276038259276324,0.8370250714213654,75854,308.0454459816314,0.7854312452575668,0.9825190497534738,0.8430638559858689,0.7361448329199348,0.005614771125130731,0.0010171029005930873,0.5419092150347189,0.9903953547028923,CALI
4662,74532,1061.2359999999999,403.3487740179275,236.90322367751526,1.7025887945154619,0.8093396637175768,75724,308.05371244021904,0.708048335613315,0.9842586234219006,0.8316272114108665,0.7637402969434267,0.005411752992243969,0.0011357965667444711,0.5832992411752334,0.9931187518743244,CALI
4663,74540,1031.421,391.05507077768385,244.1425726478478,1.601748791849356,0.7811705987435591,75112,308.07024469195176,0.8025409130060293,0.9923847055064438,0.8804958501072926,0.7877924817067281,0.005246244577108718,0.00124645218504648,0.6206169942336454,0.9940725207149204,CALI
4664,74547,1070.415,419.08388490190146,229.3790306857311,1.8270366024699192,0.8369140004480666,75913,308.084709684483,0.7257442707217819,0.9820057170708574,0.8175901716723764,0.7351385266379284,0.005621740444308979,0.0010128083829464042,0.5404286533473842,0.9873829306891984,CALI
4665,74566,1044.0259999999998,402.4850745672385,238.38072408165223,1.6884128367249014,0.8057379417681493,75681,308.12396838402907,0.7985392704919788,0.9852671079927591,0.8596626969663186,0.7655537754172158,0.005397702365250094,0.001143645713681074,0.586072583055553,0.9895324724835166,CALI
4666,74590,1060.781,410.78039434158757,233.03998024028704,1.762703523738857,0.8235040598132278,75598,308.17355117173145,0.7823250545393522,0.9866663139236488,0.8329885015243926,0.7502148481688914,0.005507177830025306,0.0010760971587001785,0.5628223184130727,0.9920888839055964,CALI
4667,74591,1081.147,407.15344127829246,236.7925695389355,1.719451932427908,0.8134887392865973,76122,308.17561694809746,0.7604498001794308,0.979887548934605,0.801912158848612,0.7569028914026962,0.005458479458356805,0.00110512677234087,0.5729019870137619,0.9850774286626014,CALI
4668,74604,1089.456,421.2105686629425,229.64758121246535,1.8341607015370516,0.8383004797848493,77074,308.20247078085225,0.6408617668281621,0.9679528764563926,0.7898644858643141,0.7317064046117974,0.005645951539635173,0.000998307501720661,0.5353942625499233,0.9819991161974797,CALI
4669,74623,1049.888,404.9169923670669,236.88228305801806,1.7093595482946826,0.8110228837284125,75557,308.2417144819501,0.7715363937138131,0.9876384716174543,0.8507395534028191,0.7612466759669144,0.005426168773261151,0.0011240217049098408,0.5794965016706763,0.9905678783341361,CALI
4670,74636,1040.8319999999999,404.5744014286923,235.7642731444873,1.716012337377132,0.8126540724142997,75184,308.268562556829,0.7892978003384095,0.99271121515216,0.8657588666881563,0.7619576559174925,0.0054206334936048595,0.001127075878680509,0.58057946941128,0.9962815323376257,CALI
4671,74640,1056.1889999999999,407.1566371704855,235.08699036830677,1.7319403193371108,0.8164705356942583,75626,308.2768230325344,0.8092811449636778,0.9869621558723191,0.8408106705437107,0.7571455181840793,0.005454938868843589,0.0011058267071972774,0.573269335706238,0.9928682763492351,CALI
4672,74641,1042.506,405.2232650000919,236.5988539573292,1.7127017237081557,0.811845133016077,75839,308.2788881168759,0.7980434085320218,0.9842033782091009,0.8630385336698765,0.760763052725529,0.005428963505313325,0.0011217454970012988,0.5787604223922659,0.9912439730452941,CALI
4673,74642,1080.3229999999999,417.3311725910542,233.5841636103548,1.7866415519812828,0.828688983927816,77403,308.28095318738394,0.7419091921119593,0.9643295479503379,0.8036850450678135,0.7386962044397068,0.005591103836862011,0.0010269298809276821,0.5456720824536292,0.9749204162678105,CALI
4674,74667,1050.3079999999998,405.4384925703719,236.86359731815006,1.7116960865277906,0.8115983179981138,76093,308.332575455044,0.6757194570135746,0.9812597742236474,0.8505605183052553,0.7604916185937297,0.005429955570337257,0.001120350125017349,0.5783475019513108,0.9899551557431825,CALI
4675,74674,1078.137,426.5475773327493,224.097538999017,1.9034014350984032,0.8508706419577552,75550,308.3470281412706,0.7997215528781794,0.9884050297816016,0.8072933559462443,0.7228901171339426,0.005712129755105516,0.0009622035980126557,0.5225701214499254,0.9946607191073347,CALI
4676,74684,1046.993,398.94390073626437,240.10666793999883,1.6615277874580225,0.7986048424262544,75767,308.36767366084416,0.8025532463624836,0.9857061781514379,0.8561500337691482,0.7729599903438585,0.005341758619466879,0.0011762295370872536,0.597467146672378,0.9927082662894139,CALI
4677,74699,1078.742,414.65933496437543,231.26112445655696,1.7930351931773572,0.8300334995459621,76482,308.3986393487687,0.780741453013786,0.976687325122251,0.806658057046696,0.7437397722524783,0.005551069424816603,0.0010477084520331638,0.5531488488301683,0.9918153530180337,CALI
4678,74701,1063.246,407.65372144401283,234.72019522253575,1.7367645807277923,0.81760235997321,75490,308.4027678722443,0.7065126924677486,0.9895482845409989,0.8303644823089108,0.7565312215961221,0.0054571387457197735,0.001102686814937615,0.5723394892497208,0.99401895308075,CALI
4679,74722,1065.27,410.818362854745,234.15107594971514,1.7545012816553098,0.8216706806843951,76147,308.44611403242027,0.7714353558191636,0.9812861964358413,0.8274446615976068,0.7508089752586815,0.005497957266330465,0.0010777026356729466,0.5637141173289915,0.9890371413409075,CALI
4680,74724,1061.193,404.2396465509738,238.7556691153692,1.693110149169447,0.8069432151461824,76531,308.45024192046,0.8015876421368805,0.9763886529641583,0.8338371160103281,0.7630380754391566,0.005409769907271744,0.0011312104156803564,0.5822271045698922,0.9857746198688253,CALI
4681,74727,1064.7,404.4919384492031,237.44904236286035,1.7034894494586938,0.8095649285334192,75848,308.45643364894255,0.7749191139870583,0.9852204408817635,0.8283862912425274,0.7625774566275544,0.005412928907211624,0.0011291403722352197,0.5815243773565496,0.9906206414299186,CALI
4682,74734,1045.291,410.54208438233684,233.94408108870465,1.754872713478361,0.8217543488494539,75497,308.47088053208137,0.7543402777777778,0.9898936381578076,0.8595154140511636,0.7513745661329161,0.0054933776377865074,0.0010800532766550104,0.5645637386314282,0.9907374999436225,CALI
4683,74759,1058.713,405.8508879925081,238.55777585694935,1.701268745211121,0.8090087428799198,76604,308.5224710209226,0.7510372610281191,0.9759150958174508,0.8381405559873808,0.7601867586073086,0.005428789684084967,0.0011183145667494118,0.5778839079618866,0.9831358309760178,CALI
4684,74783,1047.5819999999999,395.0915622208019,244.41838802041778,1.6164559688847857,0.785676687634508,76817,308.5719897753678,0.791957893845046,0.9735214861293724,0.8563211924999825,0.7810138693949592,0.00528317347820764,0.00121257781731425,0.6099826641872864,0.9860101184417829,CALI
4685,74788,1058.364,415.3324880557399,230.7264880084323,1.8001075283586894,0.8315015915088877,75500,308.5823051823505,0.7385083293011682,0.990569536423841,0.8390187481139455,0.7429765646961312,0.005553464299830719,0.0010438646920783697,0.5520141756876645,0.993684873416081,CALI
4686,74795,1034.077,393.36132525309273,243.1153263897228,1.6180029909859326,0.7861420693299841,75468,308.59674617284367,0.8024353610127669,0.9910823130333386,0.8789753042381131,0.7845121682318142,0.005259192797019757,0.001228846370758743,0.6154593421037823,0.995815056354154,CALI
4687,74797,1041.3559999999998,403.88299721916917,238.58707040603684,1.6928117543495766,0.8068670023321447,75662,308.60087204600694,0.7765791768761161,0.9885675768549602,0.8667534839542954,0.7640848319211198,0.005399721876802133,0.0011353178544172323,0.5838256303719259,0.9883068895841474,CALI
4688,74810,1036.905,399.9959289092677,239.32589131744558,1.6713441521406762,0.8012566373765185,75543,308.6276888771283,0.7957664078289544,0.9902969169876759,0.8743626173300324,0.7715770750935199,0.005346824340452716,0.0011689419411520167,0.5953311828098713,0.9950032909762704,CALI
4689,74839,1057.541,420.3430670976249,229.44133473680824,1.8320285121240238,0.8378874525180317,75921,308.68750264374944,0.7532105475040257,0.9857483436730285,0.8408981801798766,0.7343703912500991,0.005616631263079743,0.0010076653138504392,0.5392998715448237,0.9880127412549405,CALI
4690,74846,1024.352,390.6549574356636,244.33839368237736,1.5988275585681695,0.7802575786021886,75491,308.7019387131347,0.7979487835561526,0.9914559351445867,0.8963549473230912,0.7902163605948208,0.005219450036550565,0.0012554186485164787,0.6244418965517239,0.9983749129314701,CALI
4691,74848,1076.3139999999999,418.46199244417977,230.819733276246,1.812938549510248,0.8341149358409521,76416,308.70606318039404,0.6904351195033531,0.9794807370184254,0.8119178425462229,0.7377158947633063,0.005590823969166574,0.0010214383147768601,0.5442247413864258,0.9866460132566969,CALI
4692,74870,1046.748,406.5258720240601,236.13162880334798,1.721607029453126,0.8140087238939318,75593,308.751428683855,0.727034375606914,0.9904356223459844,0.858684092776784,0.7594877717046793,0.005429756538320557,0.0011144055412438578,0.5768216753689391,0.9930602510560946,CALI
4693,74876,1076.913,425.829280728493,225.9667245437238,1.8844778211851119,0.8475904310982937,75676,308.76379993708787,0.8107674982674983,0.9894286167344997,0.811318278448624,0.7250882311541991,0.005687126458791776,0.0009696970464169455,0.5257529429583252,0.9907697604277654,CALI
4694,74893,1083.652,428.7292446170506,224.4769841666998,1.9099029070110376,0.8519723212728166,75725,308.79884912973773,0.7774871012281084,0.9890128755364807,0.801440744571692,0.7202654192754285,0.005724556962827642,0.0009503682113566175,0.518782274204009,0.9908237736080341,CALI
4695,74919,1054.0720000000001,399.59518644310026,240.23566901835616,1.6633466132482084,0.7991003941088534,75690,308.85244608390855,0.7363046683046683,0.9898137138327388,0.8473469719857378,0.7729133296951942,0.005333696211149378,0.0011741706699557326,0.5973950152205122,0.9936749753384008,CALI
4696,74929,1062.433,423.1975311324705,227.18268952134787,1.8628071180251764,0.8436941058373213,75651,308.8730578206215,0.6785080411474935,0.9904561737452248,0.8341740915642885,0.7298555286796727,0.005647980503309406,0.0009885998956176657,0.5326890927442846,0.992297033658427,CALI
4697,74942,1071.175,422.5722072497415,229.41314128042416,1.841970363559987,0.8397993546846275,76989,308.89985102220845,0.8001409337931477,0.9734117860993129,0.8207564166432247,0.7309989765598751,0.005638656657811928,0.000993167476763855,0.5343595037315848,0.9842743693602013,CALI
4698,74942,1056.788,413.2025058770062,234.25313192202765,1.7639145418749098,0.8237722414258991,76553,308.89985102220845,0.7767620232172471,0.9789557561428031,0.8432559160933819,0.7475749702112299,0.005513630619372397,0.0010622737241429933,0.5588683360863211,0.9857959850160964,CALI
4699,74943,1066.916,417.25715284008425,230.4865741251468,1.8103317055401544,0.833589143454961,76013,308.9019119414564,0.7869022869022869,0.9859234604607107,0.8273332562408919,0.7403154381869745,0.005567660126230392,0.0010316198810787851,0.5480669480179723,0.992182972755563,CALI
4700,74966,1101.78,423.3671864441814,229.0320813937624,1.8485060427683457,0.8410371267275695,76897,308.9493092897542,0.717377990430622,0.9748884871971598,0.7760405832603458,0.7297431619218969,0.005647455999308772,0.0009878994760332107,0.532525082371768,0.9843758326899241,CALI
4701,74967,1059.749,414.6293764396747,232.18679152669094,1.7857578103964244,0.8285018326487043,75687,308.9513698790813,0.6332849009106422,0.9904871378175909,0.8388300206747378,0.7451265815557362,0.005530825248971877,0.001051695283101438,0.5552136225409375,0.9914770628909713,CALI
4702,74978,1074.979,419.501593068609,231.75434087166352,1.8101132064702623,0.8335449545526974,76785,308.9740354546851,0.7912410299704516,0.9764667578303053,0.815349398454683,0.7365264889569866,0.005594995773008203,0.0010156241248123025,0.5424712689353062,0.9819344080304789,CALI
4703,75002,1040.4279999999999,399.38056986426324,240.82049859225148,1.65841600776884,0.7977525134061714,75945,309.0234818492385,0.7801655987351253,0.9875831193626967,0.8706801544219867,0.7737569255165964,0.005324932266663066,0.0011773675109666099,0.5986997797848957,0.9928932986429504,CALI
4704,75005,1060.906,418.22807637392964,230.89878439828007,1.8113047994766531,0.8337857178668989,76087,309.02966209226724,0.7598751861570101,0.9857794366974647,0.8374256677752449,0.738902239112158,0.005576002618144519,0.0010252993031243138,0.5459765189649609,0.9889298892027895,CALI
4705,75016,1044.3139999999999,407.40378729593635,237.00022235151377,1.7190017091700598,0.813379819711734,76320,309.05232192600164,0.8115979660283458,0.9829140461215933,0.8643737446015671,0.7585897126221544,0.0054308919070056565,0.0011093758746031088,0.5754583520961627,0.9892138908094898,CALI
4706,75018,1041.305,406.29528434573,236.47278862044948,1.7181481502205906,0.813173048549256,75888,309.0564417172734,0.7895551135107828,0.9885357368753953,0.8693996041542337,0.7606695268810629,0.005415970624993069,0.0011185106828286529,0.5786181291254603,0.9941516682410086,CALI
4707,75025,1071.293,406.2694496282149,238.53732742619098,1.7031692859639511,0.8094848998453734,76620,309.07086055426765,0.7069293683099653,0.979182980944923,0.821484424937455,0.7607533887598599,0.005415120954724624,0.0011188284642311857,0.5787457185096105,0.9857019321487072,CALI
4708,75037,1057.664,414.5013814888421,231.68830892795262,1.7890474638396119,0.82919686992783,75812,309.0955769956801,0.7555987433036614,0.989777343956102,0.8429268382566862,0.7457045761474757,0.005523959932950973,0.0010536527754248,0.5560753148872862,0.9948451318029131,CALI
4709,75065,1060.516,412.11647496479577,234.39142968732216,1.758240373867588,0.8225101386077671,75760,309.15324100766753,0.7744008748310689,0.9908262935586061,0.8387120887563306,0.7501598693283891,0.005490128221738437,0.0010724512497044317,0.5627398295507859,0.9894318882995565,CALI
4710,75074,1042.7619999999997,400.95546435528297,239.84805278528603,1.6717061477010264,0.8013533685939858,75864,309.1717735846007,0.7656003018590848,0.9895866287039966,0.8676189465634991,0.7710875672482329,0.0053408032655151315,0.0011646653268884274,0.594576036364798,0.9939564152667419,CALI
4711,75080,1040.66,397.5332068283944,243.2745697501498,1.6340927341344096,0.7908884252546143,76187,309.18412801875195,0.7918578284026789,0.9854699620670193,0.8711970662907179,0.7777567325393759,0.005294794976403761,0.0011950993981520318,0.6049055350103265,0.9884717395980621,CALI
4712,75101,1065.121,416.2620854022163,232.54061417627042,1.790061864576832,0.8294103027344921,76439,309.2273646512473,0.8077634607524684,0.9824958463611507,0.8318742651371317,0.7428669953268842,0.005542696973438653,0.0010412263567177041,0.5518513727459929,0.9878480972669764,CALI
4713,75105,1036.857,403.79320628014733,238.28443734312927,1.6945848867951274,0.8073191805254312,76074,309.2355995148916,0.7493115970947402,0.9872624023976654,0.877891787787859,0.7658266526167042,0.005376382481594399,0.0011407535452042713,0.586490461858106,0.9938578729142407,CALI
4714,75110,1074.352,424.1143225783777,228.39825293399736,1.8569070346651841,0.8426063870061723,76851,309.2458927860774,0.7735005767012687,0.9773457729892909,0.8177384763379939,0.729156919073224,0.005646575989593632,0.0009845753188355228,0.5316698126323561,0.9872614151961425,CALI
4715,75126,1080.13,421.56663585876623,232.7284480133908,1.811409990730957,0.8338069457754849,77577,309.27882895176293,0.7980920409637531,0.9684055841293167,0.8091854645238977,0.7336416182977485,0.005611461223261803,0.0010027474578277087,0.5382300240985394,0.9749552429634579,CALI
4716,75178,1035.2119999999998,394.6328027371889,244.08106788219672,1.616810374361581,0.7857834437114493,76023,309.38584727504923,0.790847885545971,0.9888849427147047,0.8815400269793177,0.7839841116327295,0.005249312335220263,0.001223238726680392,0.6146310872925599,0.9937419183397493,CALI
4717,75186,1059.922,409.8002883128695,236.98933455081195,1.729192957521073,0.8158210289230726,76389,309.40230834700947,0.80270322208699,0.9842516592703138,0.8410058780940998,0.7550075418951161,0.005450486637311062,0.0010924968703615455,0.5700363883185057,0.9857029082111075,CALI
4718,75197,1069.437,417.85579100326663,230.92546854863915,1.8094833524837253,0.8334174711694041,76303,309.4249408910827,0.7486758263639984,0.9855051570711505,0.8262281119338708,0.7405065277380917,0.005556814646904353,0.0010306738053479881,0.5483499176227251,0.9922300472741432,CALI
4719,75211,1051.329,412.3684826843059,234.57060021628465,1.757971724947984,0.8224500316831911,76192,309.4537435531784,0.750668716065155,0.9871246325073498,0.8550941566371436,0.750430153000041,0.005482821431496801,0.0010725683287426888,0.563145414531665,0.9899937157807785,CALI
4720,75228,1069.108,412.70232221413943,235.90497584883371,1.749443057439349,0.8205251061801233,77009,309.48871461062487,0.7688565471566984,0.9768728330454882,0.8270775283898945,0.7499078584056041,0.005486020128331731,0.0010702094416407527,0.5623617960984796,0.983819939953608,CALI
4721,75247,1045.398,401.2606549515754,240.5491435356373,1.6681026132696612,0.8003871114461685,76118,309.5277952344293,0.7617326692581795,0.988557240074621,0.8652382775645586,0.7713883517231048,0.005332580102217702,0.0011646876135956222,0.5950399891740886,0.9925877609412481,CALI
4722,75249,1044.4859999999999,397.9824548042669,241.82671501858886,1.645734032212589,0.7942190132580788,75936,309.5319086972719,0.8031185963114754,0.9909529077117573,0.8667729519684516,0.7777526495470857,0.005288873670138698,0.00119373782015508,0.6048991838775118,0.995503172964842,CALI
4723,75259,1048.898,417.1055214904953,230.94093263588272,1.806113436582212,0.8327327942982388,75848,309.5524751915636,0.7850518958952694,0.9922344689378757,0.8596106604461108,0.7421442758307324,0.0055422676555693705,0.0010370999817278558,0.5507781261483222,0.9947677742120575,CALI
4724,75264,1045.212,404.77308666268806,240.56193103852223,1.682614888046729,0.8042337898731784,77076,309.5627579263166,0.7741935483870968,0.976490736416005,0.865741797242469,0.7647809800760946,0.005378043774748725,0.0011348864479422875,0.584889947486152,0.9841445335090689,CALI
4725,75266,1048.881,401.63308727658625,240.32133812724206,1.6712335675491914,0.8012270724750384,76209,309.5668709245819,0.7637108966748856,0.987626133396318,0.8597184821911146,0.7707703392260544,0.005336182170921615,0.0011617438586938986,0.5940869158306471,0.9928579957779485,CALI
4726,75280,1068.444,414.0120655450031,234.84876549053132,1.7628879789095393,0.8235449489860206,76272,309.5956603824786,0.7972549351859697,0.986993916509335,0.8286782596929405,0.7477938112140009,0.005499628925943187,0.0010608173560016176,0.559195584089961,0.9857991730514906,CALI
4727,75281,1046.68,411.5999200479812,234.54856667407597,1.7548600952225484,0.8217515074919023,76360,309.5977166698873,0.8014755983306362,0.9858695652173913,0.8635100410637575,0.7521811875808837,0.00546751398158873,0.0010795916931503702,0.5657765389505885,0.9928586710175137,CALI
4728,75282,1052.6609999999998,400.16235044149363,241.66400078378567,1.6558624749389745,0.7970488120883974,76676,309.59977294363847,0.7487170306719179,0.9818196045698785,0.8537366905647004,0.7736854119385826,0.005315511681962403,0.0011748501385131101,0.5985891166465745,0.9911812561619314,CALI
4729,75291,1077.8,420.5838860970547,230.7847279549058,1.822407790255665,0.8360031727035911,76797,309.6182787928632,0.7980137363802094,0.9803898589788663,0.8144727730581854,0.7361629606546911,0.005586111037136639,0.0010120108693015316,0.5419359046398803,0.9876282144349691,CALI
4730,75297,1042.473,401.4148120963161,240.35500314551064,1.6700913517215201,0.8009212922483478,76241,309.6306154112082,0.7177294824134973,0.9876182106740468,0.8706786719072631,0.7713482564188862,0.005331086392503235,0.001164119306481271,0.5949781326804557,0.9936678338530485,CALI
4731,75312,1054.8009999999997,405.3258410473296,239.7280026612762,1.69077386265982,0.8063452332053588,77102,309.6614548068496,0.7744164524421594,0.9767840004150347,0.8506148870945042,0.7639815265829316,0.005381955611952008,0.0011309705685987193,0.5836677729599868,0.9868502149976118,CALI
4732,75317,1056.2079999999999,403.01906878597083,242.10135410770346,1.6646708576717832,0.7994599798293945,76943,309.67173392290465,0.7814588088815106,0.9788674733244089,0.8484064699620533,0.7683798557118903,0.005350970813839781,0.0011505784284224928,0.5904076026638253,0.9828343303023315,CALI
4733,75335,1045.7640000000001,408.4106538069338,237.03833115111522,1.722973039101285,0.8143371354110296,76206,309.70873591589805,0.7954701441317776,0.9885704537700444,0.8656439178385182,0.7583267797472916,0.00542126042087919,0.001105873891311354,0.5750595048818974,0.990812022790443,CALI
4734,75346,1071.696,420.31825430469144,232.39679820669662,1.8086232579282573,0.8332431400254774,77342,309.73134606884,0.7863613592719378,0.9741925473869307,0.8243788588065856,0.7368972032423644,0.005578507874401978,0.001014671462671548,0.5430174881464187,0.9821140585233946,CALI
4735,75359,1046.443,395.43517084592094,245.07446946308744,1.6135306615668528,0.7847922633396552,76422,309.7580650309159,0.7257642005508793,0.9860903928188218,0.8647963271053121,0.7833346345199308,0.005247351621517283,0.0012187348933369471,0.6136131496384738,0.9900836312822867,CALI
4736,75375,1069.9089999999999,423.71254040003976,228.6251773396224,1.8533065576177348,0.8419368077980737,76234,309.7909467437886,0.7875681775437277,0.9887320618096912,0.8274533290824415,0.7311347132924262,0.005621393570813131,0.0009908624528103863,0.5345579689811983,0.9906997893396725,CALI
4737,75381,1063.5330000000001,411.6745688897264,235.34558376007593,1.7492343060467614,0.8204775804946336,76665,309.80327648635557,0.767002442002442,0.9832518098219527,0.8374710795704158,0.7525441207648202,0.005461251096293846,0.0010804378159771236,0.5663226536976965,0.9906310141394505,CALI
4738,75389,1081.439,423.1204844291713,231.35716508371974,1.8288626776527945,0.8372711521304559,77225,309.8197153798305,0.7614435197155786,0.9762253156361282,0.8100536656764273,0.7322257531393356,0.005612496311519868,0.0009952125154887401,0.5361545535604673,0.980553052460335,CALI
4739,75410,1045.854,410.1314888257029,235.94572851387824,1.738245025281647,0.8179474881947885,76328,309.8628633258245,0.75946180031019,0.9879729588093491,0.8663565861265002,0.7555207824032979,0.005438688354670506,0.0010930992519387545,0.5708116526432917,0.9922105155799973,CALI
4740,75482,1058.086,416.94341826374705,233.57021302432125,1.7850881448668776,0.8283598032103325,76513,310.01075354848507,0.7605239294710328,0.9865251656581234,0.8472495107666768,0.7435319517440631,0.005523746300624613,0.0010413867102855349,0.5528397632643358,0.9868677074141768,CALI
4741,75489,1049.908,404.655826676487,239.283854360454,1.691112121868945,0.8064319929674841,76318,310.02512800176805,0.7322275571075222,0.9891375560156188,0.8605795990947475,0.7661452216024212,0.005360460817820967,0.0011392689933542098,0.5869785005842232,0.9926464576144376,CALI
4742,75507,1063.461,414.65054511799224,233.91633339766622,1.7726446849398554,0.8256867719772598,76890,310.0620878216457,0.7021294402082946,0.9820132657042528,0.8389845125853795,0.747767225853797,0.005491551049809849,0.001059108597447026,0.5591558240610833,0.9911845995750442,CALI
4743,75510,1068.728,415.24558512967457,232.59637335968256,1.7852625091774186,0.8283968018925852,76172,310.06824736330566,0.7090207419787979,0.9913091424670483,0.8307683805692143,0.7467105213568407,0.0054992131522933994,0.0010546039630527182,0.557576602705005,0.9954206048037578,CALI
4744,75515,1043.1789999999999,403.9193940870466,239.4730096780832,1.6867011218927095,0.8052957795138811,76287,310.07851299417024,0.7062625091187968,0.9898803203691323,0.8720179388286016,0.7676742378142576,0.005348863061471848,0.001145906302614535,0.5893237354037013,0.9940130056634253,CALI
4745,75531,1065.318,400.63596047174923,242.10377697471364,1.6548108644897075,0.7967578808722787,76813,310.11136072932186,0.8023433682466167,0.983310116777108,0.8363278679118271,0.7740477424047643,0.005304258655012501,0.0011745606570447713,0.5991499075219122,0.9914797764252637,CALI
4746,75554,1074.615,416.1357071513645,234.05380856374896,1.77794888151979,0.8268341108035555,76844,310.15857325394126,0.7631100517129928,0.9832127426994951,0.8221698168498165,0.7453303523918093,0.00550779187271838,0.0010484615631762568,0.5555173341964988,0.9876814229995204,CALI
4747,75606,1066.5610000000001,412.4698493222062,234.2491910466372,1.7608165367797861,0.8230849057460666,76371,310.26528813137753,0.8007074472591714,0.9899831087716542,0.835208157852009,0.7522132554445446,0.005455517410287625,0.0010774066154311034,0.5658247816664798,0.9963136324781495,CALI
4748,75608,1063.2450000000001,419.5405316926296,232.38757668407115,1.805348365343089,0.8325767392392289,76934,310.26939181675044,0.7485866476569539,0.9827644474484624,0.8404481315366134,0.7395456895784861,0.005548890748236028,0.0010238727330667973,0.5469278269741183,0.9873952583883723,CALI
4749,75614,1086.054,430.4794643286791,224.20134505700918,1.9200574564760895,0.853667894234188,76304,310.28170254722494,0.713292518418595,0.9909572237366324,0.8055810434287196,0.7207816591927346,0.005693118527371639,0.0009478615295452976,0.5195262002286315,0.9975201545836738,CALI
4750,75622,1056.956,418.3860506232195,230.77939628419702,1.812926358937135,0.8341124830869472,76182,310.2981160947686,0.7104059220847542,0.9926491822215221,0.8506368766424981,0.7416550232316654,0.005532597003824542,0.0010325630268604637,0.5500521734847621,0.997204084101187,CALI
4751,75650,1074.366,419.98366144145876,231.82394311221825,1.8116492015587824,0.8338552034578317,76498,310.3555566752673,0.7885136543673129,0.9889147428690946,0.823596105811753,0.7389705485448451,0.005551667699160063,0.0010212022101251115,0.5460774716166694,0.9893008154435776,CALI
4752,75667,1043.8970000000002,408.84010006522016,238.42876770642422,1.714726389764436,0.8123405067292823,77183,310.3904261272817,0.7787074199855922,0.9803583690709095,0.8725716140775357,0.7591976082526316,0.0054031493261953055,0.0011072509407073089,0.5763810083765164,0.9883357256222493,CALI
4753,75674,1065.907,415.5588948742065,234.5933731304859,1.7714008257303315,0.8254159902581888,77018,310.40478299840794,0.7994633198106829,0.9825495338751981,0.8369854840963337,0.7469573791516851,0.00549143556405379,0.001054505726945476,0.5579453262691543,0.988344811665559,CALI
4754,75698,1060.111,414.11515066454353,235.80647025317091,1.7561653427912032,0.8220450445939799,77042,310.454001516106,0.7574041463219403,0.9825549700163547,0.8464310521374995,0.7496803751756264,0.00547062208598039,0.001065911250322428,0.5620206649234677,0.9870012136710618,CALI
4755,75698,1058.905,415.3089974132795,233.41395708794155,1.7792809075971698,0.8271203792720567,76255,310.454001516106,0.7733676607308875,0.9926955609468232,0.8483601716475334,0.7475253448630903,0.005486393265519293,0.001056745447267456,0.5587941412126819,0.9942517467368819,CALI
4756,75706,1054.586,408.5982938323972,237.61902988840325,1.719552066281449,0.8135129504058505,76512,310.4704059547709,0.807401482429478,0.989465704726056,0.8554136206557715,0.7598426391915446,0.005397171873198917,0.001109789608323734,0.5773608363335717,0.9928020191073789,CALI
4757,75720,1046.46,406.82072054877335,238.3826244869874,1.706587136643344,0.8103365019762979,76733,310.49911163696834,0.7693949093126048,0.986798378794,0.8689108182305603,0.7632332768550388,0.0053726983696351475,0.0011246086284038331,0.5825250348988804,0.9941297313311445,CALI
4758,75721,1037.679,407.0213461472124,238.26724690004215,1.7082555468396625,0.8107500297888242,76337,310.5011619412901,0.7288925253886509,0.9919305186213763,0.8836904247439619,0.7628621075539054,0.005375276952856042,0.0011229612798544656,0.5819585951415863,0.9941339981816323,CALI
4759,75761,1040.267,407.3840148778737,237.768531018385,1.7133638885390325,0.81200737099179,76319,310.5831630154485,0.7554795476755549,0.9926885834457999,0.8797634578061028,0.7623842656382963,0.005377225945775184,0.0011205564676440565,0.5812297684928444,0.9958580962795414,CALI
4760,75771,1052.188,408.7137721870256,237.78804199426727,1.7188154995484555,0.8133347419436513,76685,310.60365990137336,0.7979086371390661,0.9880811110386647,0.8600549387837048,0.7599539850084682,0.005394065964379849,0.0011098012319908747,0.5775300593302513,0.992667617431975,CALI
4761,75775,1074.69,414.5542192592046,234.1175855061598,1.7707094422785143,0.8252651943474445,76841,310.6118582770255,0.7149664100241546,0.9861271977199672,0.8244596269671127,0.7492671497399764,0.005470857397020187,0.0010636088100610362,0.5614012616794682,0.9940785149629056,CALI
4762,75795,1060.79,413.52076386256863,236.43888367373782,1.7489541374809832,0.8204137644373835,77332,310.65284690986124,0.799778410889522,0.980124657321678,0.8464310517375259,0.75123881085958,0.005455778928195377,0.0010718859864371297,0.5643597509417156,0.9870393214372509,CALI
4763,75806,1051.147,404.43482414004507,240.60364185055306,1.6809173004590388,0.8037899020951753,76774,310.6753883528493,0.742861062658017,0.9873915648526845,0.8621573497702957,0.7681717048314085,0.005335129463895273,0.0011459296322894768,0.5900877681035926,0.9918887381945903,CALI
4764,75810,1043.2289999999998,393.0424863190654,247.11058176079214,1.5905530370995533,0.7776381214755422,76802,310.6835848357178,0.80557238037553,0.9870836696961016,0.8753405715607985,0.7904580182802681,0.005184573094830041,0.0012485559292713866,0.6248238786635687,0.993815517860662,CALI
4765,75820,1061.206,418.87296264714973,234.19254939008792,1.7885836408460838,0.8290991409081101,77566,310.70407509689994,0.7762080262080262,0.9774901374313488,0.8460465337898764,0.741762068225518,0.005524570860553281,0.0010316604808656188,0.5502109658581981,0.9840983325480961,CALI
4766,75825,1041.481,404.1326347929116,240.34394115325134,1.6814762745994212,0.8039362390484033,76515,310.71431972077454,0.7392944892944893,0.9909821603607136,0.8784551235443787,0.7688424367905673,0.005329807250813209,0.0011487900148517852,0.5911186926100576,0.9939520570960402,CALI
4767,75837,1074.8999999999999,432.6403338803587,225.8040259440376,1.9159992036084539,0.852993897870567,77237,310.7389054400503,0.7014929514929515,0.9818739723189663,0.8248118330575626,0.7182384098427154,0.005704871420023982,0.000936483498863824,0.5158664133733925,0.9883996371917696,CALI
4768,75846,1055.133,416.8471544584965,233.1112728959616,1.7881896026732989,0.8290160469650342,76592,310.7573434530279,0.7594244690757261,0.9902600793816586,0.8561071684089175,0.7454946978268711,0.005495967545533008,0.0010471337514906258,0.5557623444879778,0.993808445970738,CALI
4769,75852,1071.325,416.2127295133342,235.4639688099875,1.7676281072506919,0.8245906418087857,77441,310.76963485394054,0.7455108359133127,0.9794811533941968,0.8304900265011574,0.7466605723888232,0.005487168822355827,0.001052012646367428,0.5575020103600052,0.9854562233611117,CALI
4770,75914,1048.9950000000001,415.81975263347476,233.53196909306413,1.7805688627914051,0.8273964717944936,76477,310.8966175419494,0.8145016791305001,0.9926383095571217,0.8669317393484144,0.7476715946584431,0.005477510770522891,0.001055860464121377,0.559012813459099,0.9953608095466918,CALI
4771,75923,1064.9160000000002,409.419777380852,239.2501200660558,1.7112625785425444,0.811491764058853,77438,310.9150462022186,0.756732781819994,0.9804359616725639,0.8413031595839175,0.759404072248806,0.005392565854627083,0.0011062847020753728,0.57669454494807,0.9868757940192535,CALI
4772,75936,1079.901,420.4081586026839,232.41180364488517,1.8088933178499347,0.8332979087365385,77128,310.9416634499296,0.7655996370418914,0.9845451716626906,0.818256933311781,0.7396185280595183,0.0055363484856021375,0.0010219609702659261,0.5470355670489286,0.9895289818610571,CALI
4773,75962,1055.876,412.9089482903541,236.67456758094565,1.744627454105875,0.8194237011570673,76866,310.9948911110477,0.8119501897279675,0.9882392735409674,0.8562102403924713,0.7531803134776307,0.005435730342675997,0.0010790299680563714,0.5672805846102622,0.9896932820922941,CALI
4774,75990,1047.96,409.9496980873977,237.59243656120032,1.725432442298308,0.8149261199769409,76906,311.0522030213337,0.6974438988573264,0.9880893558369959,0.8695146350199309,0.7587569998771413,0.005394784814941409,0.0011029726201681207,0.5757121848625602,0.9933524811883023,CALI
4775,76005,1051.4279999999999,416.8825077462879,233.71584468184545,1.7837152132915293,0.8280680412788253,76662,311.08290148704094,0.7943998494920356,0.9914299131251467,0.8639586372900082,0.7462124116667521,0.005484935303549607,0.0010490619745100321,0.5568329633255104,0.993231427945917,CALI
4776,76030,1058.572,412.8819875878865,236.79436805492494,1.743630944347957,0.8191944571978299,77182,311.13405886565107,0.767979797979798,0.9850742401077972,0.8526171218730942,0.7535665594988513,0.005430514107429785,0.001080207480044406,0.5678625595949358,0.990142731046366,CALI
4777,76045,1062.537,419.1725182684275,232.58059508981182,1.8022678035825066,0.8319460726695448,77403,311.1647492557366,0.7324132218669338,0.9824554603826725,0.846432643493277,0.7423309871103585,0.005512164090583569,0.001032505227105764,0.5510552944242394,0.9931492151344857,CALI
4778,76051,1055.349,418.4795696646805,232.92516755163226,1.7966266765566097,0.8307815188813249,76842,311.17702456424036,0.7493447630308405,0.9897061502823976,0.8580697406640009,0.7435895253227783,0.00550261758115844,0.0010377246851021352,0.5529253821697548,0.9934004917514401,CALI
4779,76057,1069.821,412.4555663761203,236.74616965765705,1.7421847499055423,0.818860950185393,77069,311.18929938852693,0.7419833178869324,0.9868689096783402,0.8350775682355521,0.7544795724850318,0.005422979691233158,0.001083946091672195,0.5692394252971966,0.9917202457977711,CALI
4780,76062,1046.158,404.2641436825209,241.261974395354,1.675623125839369,0.8023953037769102,76949,311.19952803891897,0.7737899041689557,0.9884728846378771,0.8733393806157959,0.7697925549472229,0.005314929185171582,0.0011512564362337208,0.5925805776521733,0.9929417198372336,CALI
4781,76070,1063.5919999999999,413.17439050219895,235.34698306900808,1.7555967155994883,0.8219172594027456,76858,311.215893180287,0.7774461909531304,0.9897473262379973,0.8450320017309189,0.753231323950197,0.005431502438572353,0.0010784828191126678,0.5673574273797666,0.9960508360788936,CALI
4782,76081,1055.587,411.25164363968344,236.76300474070803,1.7369759438982766,0.8176516968825397,76772,311.23839384464753,0.8148683674999464,0.9909993226697233,0.8580211835010984,0.7568076593934245,0.005405444771226501,0.0010938386686484617,0.5727578333165535,0.9948665781501522,CALI
4783,76081,1066.3709999999999,424.9393293121605,228.90631079233208,1.8563897510788732,0.8425104602646997,76674,311.23839384464753,0.7679829608543799,0.9922659571693142,0.8407549336452093,0.7324301903249152,0.005585354152970657,0.0009915061856635952,0.5364539836993913,0.995867677264983,CALI
4784,76093,1064.213,419.91172616055144,233.45641022902132,1.7986729331981803,0.8312054033470696,77371,311.26293816889404,0.8030075981426762,0.983482183246953,0.8443012867061715,0.7412580282406402,0.005518401510790105,0.0010277102755955538,0.5494634644312018,0.9883050612537035,CALI
4785,76097,1053.5059999999999,404.9215574731695,242.38336892934498,1.6705830901756489,0.80105302572698,77694,311.2711191802279,0.7538312183621108,0.9794450021880712,0.861595402781553,0.768719554282691,0.005321123795592067,0.0011461853147720581,0.5909297531365792,0.98719725307164,CALI
4786,76105,1095.088,420.1008569508348,237.1547469941714,1.7714208223762,0.8254203486397528,79400,311.2874805578752,0.6836535783904205,0.9585012594458439,0.797489574645416,0.7409827316641389,0.005520016516008604,0.0010264847176628,0.5490554086244493,0.9726081834756228,CALI
4787,76106,1067.8970000000002,424.8176137736421,229.6271896518962,1.85003184691519,0.8413239467686798,76853,311.2895256696156,0.6819534050179211,0.9902801452122884,0.8386292925914283,0.7327604025276638,0.005581920134728433,0.0009926847527176104,0.536937807512504,0.9933520437109503,CALI
4788,76114,1048.047,407.9508412506867,239.55777975131411,1.702932969549902,0.8094257957007113,76864,311.3058860798687,0.7683315836227086,0.990242506244796,0.8707889144173417,0.7630965660604447,0.0053597346250451525,0.0011210914663918458,0.5823163691332427,0.99164574370559,CALI
4789,76120,1058.695,400.91254091026286,242.5959581882032,1.6525936536800807,0.7961423117181063,76807,311.31815582333223,0.8022511935752453,0.9910555027536553,0.8534280632212539,0.7765238650716473,0.005266848934711808,0.0011812718502731102,0.60298931302581,0.9964963119433652,CALI
4790,76127,1050.1100000000001,405.5025491253356,240.36757295961522,1.6870102074603264,0.8053757386289327,76860,311.33246991287905,0.7064954108006274,0.9904631798074421,0.8675189917235852,0.7677694519662569,0.0053266587298243144,0.0011417156377355742,0.5894699313725663,0.9944417912164575,CALI
4791,76130,1056.0739999999998,414.72054102745085,235.01723940452604,1.7646388072562136,0.8239323255768076,76669,311.33860432122435,0.814817193252847,0.9929697791806337,0.8577821262348306,0.7507190349190263,0.005447531078779073,0.0010673065889896633,0.5635790693897546,0.9945134968025032,CALI
4792,76132,1056.149,413.05488941314854,235.6125070699394,1.7531110489416295,0.8213569709565847,76777,311.34269385963984,0.7988918853688993,0.9915990465894734,0.8576828351653462,0.75375622426836,0.005425509502090429,0.0010802989074009638,0.5681484456232943,0.9960273174612096,CALI
4793,76135,1047.6559999999997,409.33993531478217,237.56337291723605,1.7230767954174098,0.8143620428450736,76684,311.348828066546,0.812297285763059,0.9928407490480413,0.8716794488375673,0.7606119051812498,0.005376501416100114,0.0011100230630963883,0.5785304703034504,0.9968524288217961,CALI
4794,76161,1088.4509999999998,430.8531802438778,228.57274788220474,1.8849717835387731,0.8476774756682821,77773,311.40198613139046,0.802370417193426,0.9792730124850526,0.8078388523054468,0.7227566150379259,0.00565713659542125,0.0009522362908278676,0.5223771245810808,0.9846661402014557,CALI
4795,76189,1053.2259999999999,399.3877222508778,244.8205283760253,1.6313489922603603,0.790090959896591,77268,311.4592231317405,0.7198507180650038,0.9860356162965264,0.8630957820849875,0.7798417572188048,0.005242065419560275,0.001195936563062369,0.6081531663021134,0.9921100549869,CALI
4796,76203,1061.1039999999998,420.25666324948475,232.99944769398093,1.8036809417739286,0.832235837254448,77432,311.487837687852,0.7823154393421418,0.9841280090918483,0.8504837692155688,0.741184768563533,0.005514962183240617,0.0010266637908010684,0.549354861150578,0.9908608933281602,CALI
4797,76234,1073.9629999999997,420.6549002029275,232.14784445991194,1.8120129488239447,0.8339285427800333,77222,311.55118913806183,0.8010129029546506,0.9872057185776074,0.8305770620460077,0.740633685683364,0.005517943439973338,0.001024167170993515,0.5485382563689241,0.993958423465799,CALI
4798,76273,1085.578,431.6246141290102,226.68933610128337,1.9040358119720417,0.8509786977311438,77276,311.6308710567441,0.831403967734903,0.9870205497178943,0.8133147070857968,0.7219951338632402,0.005658943717029751,0.0009485325073381118,0.5212769733221981,0.9925300251618598,CALI
4799,76274,1085.9899999999998,420.7147372200635,237.59682638428146,1.7707085722585076,0.8252650044609088,79162,311.6329139149615,0.7751422764227642,0.9635178494732322,0.8127083729164934,0.7407225997694382,0.005515834192779499,0.0010242673918362684,0.5486699698091954,0.9715346188819589,CALI
4800,76278,1083.7779999999998,433.5725896803778,225.43958822014875,1.923231820566407,0.8541917550468916,76973,311.6410852139184,0.8213593487530688,0.9909708599119171,0.8160720422792237,0.7187748779129576,0.0056841106174831246,0.000935866371511145,0.516637325118787,0.9936133433607635,CALI
4801,76281,1082.67,426.21755765227346,231.78052977604636,1.838884215443369,0.839209644870891,78073,311.6472135475351,0.8176147142994952,0.9770471225647791,0.8177753881826476,0.7311928097570074,0.005587466835152573,0.0009851953863963222,0.5346429250403472,0.9831464357551668,CALI
4802,76288,1060.9289999999999,416.7754391446189,234.02511237488156,1.7809004978790144,0.8274674509026467,76857,311.6615125240139,0.7981252092400402,0.9925966405142017,0.8517133445770901,0.7477924158958633,0.005463184762277407,0.0010537798163973262,0.5591934972713719,0.9958679777012935,CALI
4803,76301,1048.7150000000001,403.65419576215436,243.5264033849386,1.6575377049531017,0.7975109080641044,77582,311.68806602569447,0.7916683959327662,0.9834884380397515,0.8718166002509118,0.7721660502925896,0.005290287096658686,0.001160117068680641,0.5962404092244578,0.9882909595062058,CALI
4804,76321,1096.901,418.02604953796146,234.12504413481065,1.7854819892623681,0.8284433560173392,77327,311.7289131500836,0.6559491886688669,0.986990313861911,0.797111456900459,0.7457164774650608,0.0054772087569340214,0.0010448020457710172,0.5560930647628984,0.9928941514878667,CALI
4805,76336,1059.384,420.8877068861687,232.00172157426272,1.814157688271483,0.8343599416106608,77031,311.7595449812297,0.8036214338351405,0.9909776583453415,0.8547368822284827,0.7407190561294932,0.005513620138416588,0.001023836658680455,0.5486647201133674,0.9953643202769868,CALI
4806,76362,1065.768,420.379029410011,233.61338272827453,1.7994646732159665,0.8313689675398325,77651,311.8126330267369,0.7969650162812056,0.9834000849956859,0.8448153688979321,0.7417416455439185,0.005505081446400186,0.0010279078082631166,0.5501806687342001,0.9900306772735292,CALI
4807,76386,1088.169,430.17594227496113,227.60402051348885,1.8900190836016755,0.8485624805266766,77293,311.8616293552962,0.7583618763961281,0.9882654315397255,0.8106454204676782,0.7249629714438088,0.005631607130560065,0.0009595672398545547,0.5255713099646367,0.9933398056266949,CALI
4808,76397,1060.4009999999998,411.58849838844435,238.44216673839753,1.7261565100606184,0.8150989613608373,77126,311.88408343346447,0.7153277153558052,0.9905479345486606,0.8537798711218431,0.7577570429072535,0.005387495561192774,0.0010956872660682702,0.5741957360755452,0.991151707875851,CALI
4809,76415,1079.0649999999998,421.8737337697833,232.95910823964894,1.8109347041962176,0.8337109978324356,77948,311.9208229838743,0.7614165147121833,0.9803330425411813,0.8246948244125576,0.7393700958734958,0.005520823578744793,0.0010177266744347117,0.5466681386719824,0.9899803039994433,CALI
4810,76416,1037.519,392.50207913717287,249.43814288941206,1.5735447457656384,0.772094426539126,77162,311.92286394312646,0.7584639358418279,0.9903320287187994,0.892076394421698,0.7947037239364907,0.005136386085861245,0.0012637419901531863,0.6315540088385261,0.9937784922750883,CALI
4811,76420,1073.143,420.3524512120431,232.52304046598823,1.8077883824744205,0.833073647490018,77276,311.9310276465955,0.7845432053137865,0.9889228220922408,0.8338764392831712,0.7420702002502292,0.005500555498718177,0.001028883684668047,0.5506681820994153,0.9954915421976316,CALI
4812,76433,1076.228,417.3471389808505,236.44355061111165,1.7651026551672724,0.8240347299227166,77887,311.95755820743096,0.7505130546636424,0.9813319295903039,0.8292437299169807,0.7474774092598842,0.005460300380475063,0.0010514499000380962,0.5587224773538685,0.9862025282789494,CALI
4813,76438,1082.556,426.84969549110957,228.68955156013863,1.866502831367268,0.8443694806689296,77160,311.96776166851976,0.7380251228625774,0.9906428201140487,0.8196311142509535,0.73086092121862,0.005584260387387289,0.0009828435397981684,0.53415768616453,0.9970068336226838,CALI
4814,76440,1057.9119999999998,408.297551167493,241.86678664420953,1.6881092143011194,0.8056596272360547,77990,311.9718429595142,0.8083499888962914,0.9801256571355302,0.858284867678162,0.7640796327762843,0.005341412234006973,0.0011230274010274924,0.5838176852235417,0.9855480138978112,CALI
4815,76443,1046.0790000000002,405.82580424876517,241.27695214633133,1.6819915894935422,0.8040709934166858,77056,311.97796479589715,0.7293761807530104,0.9920447466777409,0.8778465751776146,0.76874846677975,0.005308868101052616,0.0011437174534031109,0.5909742051762163,0.9940136427140269,CALI
4816,76451,1067.247,409.9783474467856,241.13343119747591,1.7002136344629641,0.8087435869142231,78071,311.9942891056628,0.7530040973918525,0.9792496573631694,0.8434573928031358,0.7610018700954909,0.005362628970802025,0.0011094312860362816,0.5791238462888346,0.9846342595029105,CALI
4817,76452,1080.322,419.2391271684297,235.10244255882566,1.7832189347140903,0.827962385819738,77664,311.996329584328,0.7506038054470124,0.9843943139678616,0.8231751937998107,0.7441965917913553,0.005483690775498741,0.001037536602273693,0.5538285672338694,0.9875975876770114,CALI
4818,76452,1062.177,420.10722386964886,233.18128075671333,1.8016335724133974,0.8318157686722114,77118,311.996329584328,0.8079898541534559,0.9913638839181514,0.85153975626311,0.7426588067458093,0.005495045569372271,0.0010311180820189825,0.5515421032371095,0.9936767697914726,CALI
4819,76477,1096.5020000000002,428.5844833720141,232.05371563302515,1.8469192885055417,0.8407379907844506,78619,312.04733721458194,0.6625974701091665,0.9727546776224577,0.7993221558244735,0.7280882750571323,0.005604096439086446,0.000971452370625095,0.5301125362756703,0.9790750683261293,CALI
4820,76482,1065.6619999999998,418.2855862645268,235.4400066891578,1.7766121915583057,0.8265460924806731,77846,312.0575377401333,0.7434820647419073,0.9824782262415538,0.8463113021859049,0.7460394237509916,0.005469072281903281,0.0010450583457380746,0.5565748217907118,0.9888176139077698,CALI
4821,76489,1079.856,423.76623845594423,234.10396733664373,1.810162566987019,0.8335549387486189,78182,312.07181791576096,0.6800533451878196,0.978345399196746,0.8242845424326412,0.7364244472444086,0.005540224587273258,0.0010051246475235851,0.5423209664992327,0.9816891128491321,CALI
4822,76535,1064.59,424.34280315479754,232.26901618136623,1.8269453676225647,0.836896124242416,77619,312.16564281852936,0.7530007870916962,0.9860343472603358,0.8486042173136639,0.7356449561479975,0.005544428080679395,0.0010016351661963252,0.5411735015059893,0.9886944216564502,CALI
4823,76550,1061.771,419.39433197120013,233.65344100146058,1.7949418171358258,0.8304312463142071,77240,312.19623179897076,0.8000961578661315,0.9910668047643708,0.8532834855320278,0.7443978327785539,0.0054786980009301125,0.001037713638735503,0.5541281334454081,0.9946277587725842,CALI
4824,76553,1071.474,423.6968927750005,231.99480449415384,1.8263206096310551,0.8367736292927713,77861,312.2023492354132,0.803587924084649,0.9832008322523471,0.8379320549648646,0.7368530535842395,0.005534686985160614,0.001006459671466524,0.5429524225764181,0.9916051994004222,CALI
4825,76559,1054.793,404.53215943302234,243.56164899811722,1.6609025316467185,0.7984340397714944,77900,312.2145837487085,0.7898869217118567,0.982785622593068,0.864712303142616,0.7717917512078574,0.0052839268986405565,0.0011564772497712288,0.5956625072324914,0.9893373662694767,CALI
4826,76574,1077.011,418.75224764474035,236.70298285841022,1.7691042275340798,0.8249142963334877,78444,312.2451679346701,0.6801620152422234,0.976161338024578,0.829565954112575,0.7456561002141096,0.005468595706698623,0.0010428212697122898,0.5560030197865142,0.9836272928260369,CALI
4827,76592,1094.1860000000001,429.0375007245993,228.81373472722444,1.8750513435570966,0.8459143768321118,77712,312.2818650039665,0.6695104895104895,0.9855878114062179,0.8039165449353473,0.7278661293629467,0.005601596781969387,0.000969834541761693,0.5297891022737979,0.993381768020393,CALI
4828,76634,1059.047,424.1268957431911,231.45129847118594,1.8324671261068424,0.8379725510570948,77236,312.367474733261,0.7501003279009445,0.9922057071831788,0.8586197818770919,0.7364953221980989,0.0055344481006236275,0.0010044632526286506,0.5424253596196815,0.9939766398697483,CALI
4829,76655,1079.305,423.9748355968092,232.05978770482508,1.8270069096852568,0.8369081828937304,78011,312.4102708005515,0.7985228551189633,0.9826178359462127,0.826917102174085,0.7368604090872195,0.005530948217295796,0.0010058199528373917,0.5429632624801846,0.9919976322565467,CALI
4830,76659,1082.9679999999998,413.46070911993735,236.69853441563646,1.7467818723115163,0.8199177599099804,77624,312.41842176775174,0.7675648073052777,0.9875682778522107,0.8213755396004842,0.7556181636527037,0.0053935051216417815,0.001084577059592109,0.5709588092418842,0.9973404978202924,CALI
4831,76661,1076.239,420.853681531772,237.3808893299821,1.77290464586113,0.8257432809320093,78917,312.4224971716062,0.722671568627451,0.97141300353536,0.8317003663694859,0.7423541978639436,0.005489801614011975,0.0010284450404152885,0.5510897550862193,0.9770295870788305,CALI
4832,76682,1047.949,400.599310640029,245.25828623836216,1.633377272524418,0.7906809418881311,77378,312.4652857028789,0.7344315678574849,0.9910051952751429,0.8774512568447269,0.7799945666498022,0.0052241635669391644,0.0011927868393364924,0.6083915240032127,0.9937328881033417,CALI
4833,76697,1073.671,417.86757273286764,234.88721826995436,1.7790136722238123,0.8270630066656753,77405,312.49584535246663,0.778997724872024,0.990853304050126,0.8360760733506578,0.747834638875502,0.005448290972696033,0.001051144362863882,0.5592566471020526,0.9949252214765993,CALI
4834,76709,1075.733,417.5289524213646,236.53145997652177,1.7652153014352032,0.824059584893955,77578,312.52029092058905,0.7725597228376908,0.9887983706720977,0.8330042209979805,0.748499688723856,0.005443024318155166,0.0010538687668422105,0.5602517840197091,0.9889650218079613,CALI
4835,76727,1083.993,422.8767605104284,233.8947377639516,1.8079789419512249,0.8331123577089211,78452,312.5569556879111,0.8046711133484352,0.9780120328353643,0.8205501446371274,0.7391206726769353,0.005511446563927019,0.0010146278087872454,0.5462993687784053,0.9876977547526031,CALI
4836,76758,1068.229,407.1841243006393,242.10327505111496,1.6818612809540516,0.8040369316874484,77884,312.62009048489125,0.7929545454545455,0.9855426018180884,0.8452881612668768,0.767761000068048,0.005304777668785525,0.0011369755863156774,0.5894569532254895,0.9913848264190943,CALI
4837,76761,1059.4329999999998,410.7979359110747,240.5571311094188,1.7076938605666232,0.8106109705638851,78179,312.6261996273118,0.666328125,0.981862136890981,0.8594161187142537,0.7610218365239934,0.005351649091479719,0.0011072759457941151,0.5791542356663517,0.9890181325685841,CALI
4838,76784,1040.031,390.50934113256505,251.90140172996925,1.5502467967652651,0.7641331207194763,77508,312.67303242036195,0.7811349162750005,0.9906590287454198,0.8920475972324589,0.8006800337055695,0.005085816591120091,0.0012893667072742324,0.6410885163747522,0.9938454189529559,CALI
4839,76786,1065.286,405.52311410093023,243.50649811372637,1.6653482237321495,0.7996435181322293,77877,312.6771045056452,0.8244060080952534,0.9859907289700425,0.8502751163567173,0.7710463192680636,0.005281211602387548,0.0011514238069792006,0.5945124264568288,0.99007021338657,CALI
4840,76794,1045.608,395.7538512145612,248.7498338792962,1.5909713186244678,0.7777717312029254,78051,312.6933923164864,0.734126149551651,0.9838951454818003,0.8826720172900977,0.7901209081272011,0.005153447550779504,0.0012389444655216415,0.6242910494597532,0.9932291541644367,CALI
4841,76798,1054.5639999999999,407.3923275880436,241.88519749103824,1.6842383569302017,0.8046568139420925,77374,312.7015359037608,0.7543415055791294,0.9925556388450901,0.86778850087617,0.7675685444424118,0.005304725742702201,0.0011358248682540482,0.5891614704174428,0.9922883469024555,CALI
4842,76799,1044.424,400.5074453959113,244.98522705731344,1.63482284302071,0.7910998195650271,77520,312.703571767442,0.7374308649562145,0.9906991744066047,0.8847320153555885,0.7807684360482411,0.005215008599017062,0.0011954289888361995,0.6095993507292166,0.9965869436627167,CALI
4843,76819,1063.5389999999998,416.671107582335,235.12312459842173,1.7721400576569744,0.825576996667246,77533,312.74428625797543,0.686668692791762,0.9907910180181342,0.8534374044006015,0.7505782872074387,0.005424063156020451,0.0010619119014374572,0.5633677652272522,0.9983665839519034,CALI
4844,76834,1095.6229999999998,431.37377598337787,229.56673168895756,1.8790779169511846,0.8466338057568915,78131,312.77481864782766,0.7497462919594067,0.9833996749049673,0.8043425172908821,0.725066835448708,0.005614360517262902,0.0009571769313953712,0.5257219158676039,0.987872442564083,CALI
4845,76856,1086.973,423.9872826538782,235.67742082966836,1.7990152860689501,0.831276159881666,78926,312.8195940956475,0.7510162601626016,0.9737729011985911,0.8174291647786942,0.7378041910540455,0.005516645189105316,0.001008368538023826,0.5443550243369143,0.9793030098305444,CALI
4846,76883,1067.951,407.5144316893477,240.7550419114883,1.6926517029668986,0.8068261041429119,77526,312.87453702382606,0.7635765930398856,0.9917060083068906,0.8471055592080518,0.7677630844306722,0.005300449145966568,0.0011360601887954853,0.5894601538144996,0.9977507331852427,CALI
4847,76885,1059.3089999999997,417.9121901855012,236.54815692184926,1.7667108280347792,0.824389045905113,77779,312.87860648654606,0.8087709332660102,0.9885058949073657,0.861005961573733,0.7486706868915854,0.00543554906920077,0.001053383473836749,0.5605077974107185,0.990255194883441,CALI
4848,76886,1069.947,429.4284190467683,230.64420161657108,1.8618652280739372,0.8435212494392986,77989,312.8806411980577,0.7801012591442689,0.9858569798304889,0.8439808655731073,0.7285978927351392,0.005585261543672037,0.000970900938533052,0.5308548892980854,0.9883802595371446,CALI
4849,76890,1076.649,416.74939160594664,237.32469208779764,1.7560304742827657,0.8220147491887588,78603,312.8887799117869,0.7923373384720018,0.9782069386664631,0.8335495899711362,0.7507840112401073,0.00542007272214783,0.0010622945109786657,0.5636766315337858,0.9898333426143856,CALI
4850,76909,1054.986,414.61614982921094,238.95171347703456,1.7351461673827224,0.817223889186342,78190,312.92743591132535,0.7757302509481159,0.9836168307967771,0.8683476547240842,0.7547401036843999,0.005390996500139268,0.001079042427486699,0.5696326241095387,0.9883958645398291,CALI
4851,76912,1051.1219999999998,402.1386896473386,245.51714779683553,1.637925062489349,0.7919942547974268,77914,312.9335390536956,0.7707231040564374,0.9871396668121262,0.8747777271358108,0.7781731703759398,0.005228555877461756,0.001182678030500395,0.6055534830929414,0.9918512266356492,CALI
4852,76913,1063.744,412.49840229902554,238.37075659713128,1.7304908042733873,0.8161283042142226,77552,312.9355734080349,0.741473055046756,0.9917603672374665,0.8541524057873812,0.7586346314650299,0.00536318180670401,0.0010958041455542366,0.5755265040580817,0.9959433228881206,CALI
4853,76929,1067.562,409.42132709108495,242.25463516317214,1.690045380619102,0.8061581768898141,78701,312.9681212790391,0.7606791124470988,0.9774844029936087,0.8482302137328002,0.764415775559763,0.005322067452990224,0.0011209305407659533,0.5843314779246339,0.9875467150168603,CALI
4854,76932,1049.0610000000001,410.21930652292264,239.7367078200758,1.7111243007090733,0.8114577561261972,77480,312.9742236280258,0.8143537630993967,0.9929272070211668,0.8784466744274856,0.7629436709862342,0.005332232445834278,0.00111444524256973,0.5820830450979513,0.9960164434978398,CALI
4855,76932,1078.688,429.2529262539178,230.13624231992137,1.8652121974651719,0.8441341406715624,78422,312.9742236280258,0.7471447439981354,0.9810002295274285,0.8308549127839483,0.7291137799789648,0.005579640802967787,0.0009726738261673016,0.5316069041552145,0.9915596818870045,CALI
4856,76939,1075.9729999999997,411.3313285014247,240.8925726104257,1.7075301411083128,0.8105704074678883,78365,312.98846197963695,0.751636349426545,0.9818031008741147,0.8351291721669747,0.7609156908128696,0.005346200606992873,0.0011055316302917804,0.5789926885252267,0.9886474671381618,CALI
4857,76989,1070.532,410.7381029451733,239.4037840000212,1.7156708890830936,0.8125708941454585,77720,313.09014566034404,0.7101651139193801,0.9905944415851775,0.8441881186253016,0.7622622381886405,0.005335023223384812,0.0011110502460995285,0.5810437197683558,0.9968797952911228,CALI
4858,77003,1080.39,429.3798214613663,231.64650334704368,1.8535994079655342,0.8419914348097555,78457,313.1186111735324,0.732273954886074,0.9814675554762481,0.8290035645775522,0.7292345739672944,0.005576144065313901,0.0009727085922838715,0.5317830638692613,0.9857127723541605,CALI
4859,77007,1069.2310000000002,411.55272973177983,240.37082142810806,1.7121576041827113,0.8117116522722901,78077,313.12674370200426,0.6603807563673785,0.9862955800043547,0.8464415725265663,0.7608423443238428,0.005344354795431322,0.0011047238874839632,0.5788810729162012,0.9911356309109204,CALI
4860,77038,1054.205,397.26098454275285,248.0322878964454,1.6016502847750655,0.781139909448553,77933,313.18976363749096,0.7968514036285401,0.9885157763720118,0.8710933936338817,0.788372822460711,0.00515668870612883,0.0012287888323234987,0.6215317071946679,0.9954764358250725,CALI
4861,77043,1083.127,409.9881518960011,242.6333065390911,1.689743909210367,0.8060806829289654,78995,313.1999269556606,0.7654469404178796,0.9752895752895753,0.8252476297102104,0.7639243366113367,0.005321549678698923,0.0011179419844320406,0.583580392067071,0.9861014130299313,CALI
4862,77054,1073.0389999999998,407.4000036353897,242.41803221483565,1.6805680662993905,0.8036983864773072,78024,313.22228509482403,0.7103846295681676,0.9875679278170819,0.8409574821308474,0.7688323080506112,0.005287201230765304,0.0011395466348462881,0.59110311790243,0.9933890238368271,CALI
4863,77062,1073.3090000000002,421.44465737481914,234.38190183059652,1.7981109210361532,0.8310891475236861,77975,313.2385445573087,0.7788288561437552,0.9882911189483808,0.8406217023985161,0.7432495324735474,0.00546890370578001,0.001029481669262891,0.552419867522147,0.9933121967889174,CALI
4864,77087,1048.2499999999998,402.1864262326144,245.8362114349957,1.6359934278394987,0.7914380404520305,77980,313.2893499386781,0.7926683804627249,0.9885483457296743,0.8815790610090156,0.7789654983469767,0.005217305463082159,0.0011849469767389457,0.6067872476149538,0.992699949194883,CALI
4865,77093,1063.375,400.0078969898813,247.25096725671767,1.617821363564406,0.7860875148248453,77813,313.3015420042932,0.6828734664954161,0.9907470474085307,0.8567456707280853,0.7832383919465934,0.005188640953003273,0.001204506783757441,0.6134623786190854,0.9924725418729927,CALI
4866,77101,1064.106,419.52814403437736,237.02830862066634,1.7699495325082828,0.8250992165853813,78352,313.3177973537822,0.7997365363870218,0.984033591995099,0.8556577552742826,0.7468337984211807,0.00544128019136428,0.0010441832169493907,0.5577607224642089,0.9872083299770087,CALI
4867,77106,1078.866,424.46770722501554,233.26115483125346,1.8197102193551487,0.8354686917711809,78310,313.32795651896345,0.7405635913098599,0.9846252075086196,0.8324593289294947,0.7381667702529475,0.005504989329300126,0.0010082174448023927,0.5448901807056679,0.9915422302563774,CALI
4868,77107,1073.559,415.67698166429255,237.3120595948581,1.75160496425652,0.8210161398609447,77867,313.32998831247255,0.7960171783701195,0.9902397678092132,0.8407208849151314,0.7537823890511285,0.005390911093211934,0.0010735589050859147,0.5681878900436269,0.9952407288308542,CALI
4869,77122,1057.788,406.52081027496433,244.22184149271638,1.664555503268074,0.7994286970046839,78470,313.360463634239,0.780587044534413,0.9828214604307378,0.8661455447511031,0.770834987321527,0.005271139367171032,0.0011479684066083473,0.5941865776789786,0.9890565378435667,CALI
4870,77128,1077.519,427.97978160180196,232.02433110122678,1.8445469902683802,0.8402891232526302,78614,313.37265293310713,0.7923241288625904,0.9810975144376319,0.834780047371751,0.7322136848620414,0.005548954745381729,0.000983880405613289,0.536136880299249,0.9889296689278586,CALI
4871,77163,1050.917,397.9099098743208,249.7765393960072,1.593063587302954,0.7784381330421556,78361,313.44374772899744,0.727815506508206,0.98471178264698,0.8779749669319584,0.7877254120863643,0.005156744940895517,0.0012247708408563904,0.6205113248466323,0.9885139971222846,CALI
4872,77164,1062.542,421.4478912966342,235.16115466941756,1.792166278010894,0.8298517477761865,77868,313.4457787719338,0.8123381408569323,0.990959058920224,0.8588797923210033,0.7437355489134869,0.0054617164908070375,0.0010308205711040393,0.5531425667176458,0.9913234550037558,CALI
4873,77260,1056.8029999999999,401.54169680201255,246.4067866284085,1.6295886257692807,0.7895767622171934,77980,313.64069765615346,0.8034609344939111,0.9907668632982816,0.8693136378257474,0.7810912295138298,0.005197277980869953,0.0011933360324183808,0.6101035088234265,0.9942177385205836,CALI
4874,77276,1089.1889999999999,430.74309839478695,231.1926600295785,1.863134834556072,0.8437541788776712,78423,313.67317236090565,0.7086160730660602,0.9853741886946431,0.8185552618011899,0.7282140411067394,0.005574086370862712,0.0009669180127843948,0.5302956896650078,0.9880123720298126,CALI
4875,77282,1066.269,411.8031798114293,240.60227323195275,1.7115514923436745,0.8115627880762332,77964,313.68534950842513,0.6758846268212905,0.9912523728900519,0.8541903303373837,0.7617361032813449,0.00532857819170608,0.0011066473934453957,0.5802418910422479,0.993113874533675,CALI
4876,77285,1062.163,419.57686503665354,236.75178708185706,1.7722225889327061,0.8255949577198639,78200,313.6914379049212,0.7873370008149959,0.9882992327365729,0.8608405920641642,0.7476375940735379,0.00542895600746139,0.0010463105639441472,0.5589619720720684,0.990605033260492,CALI
4877,77315,1086.568,429.5829242837359,233.3919003149954,1.8406076804891385,0.8395393861556809,79121,313.7523153718536,0.7249006150615062,0.9771742015394144,0.8229241411136767,0.7303649601412529,0.005556268826019995,0.0009752652053404133,0.5334329750021339,0.9818408308150983,CALI
4878,77320,1069.137,420.8073702704515,236.70207178600967,1.7777933547234943,0.8268006377903198,78405,313.7624604679833,0.7506796116504855,0.9861615968369364,0.8500314419537194,0.7456201640820341,0.005442412962628705,0.0010376283577570322,0.5559494290857194,0.9883632005909124,CALI
4879,77324,1082.531,421.9254307581999,234.67604545637343,1.797905832006345,0.8310466923342579,78213,313.7705763087127,0.7673163180248481,0.9886336031094575,0.8291698314927368,0.7436635799479235,0.005456590848354973,0.001029454614839716,0.5530355201409618,0.9943057869680978,CALI
4880,77345,1070.0099999999998,406.6499302666471,244.82170373854518,1.6610044128314896,0.7984618865505857,78693,313.81318102900195,0.7670223526845038,0.9828701409274014,0.8489193538374937,0.771703516150192,0.005257611096601553,0.0011501914563053393,0.5955263168385696,0.9891718402261479,CALI
4881,77350,1056.679,416.553645217595,238.052762727254,1.7498374748746612,0.8206148478606308,78059,313.8233241575024,0.817670563859701,0.9909171267887111,0.8705305747825283,0.7533803335067939,0.005385308923304396,0.0010701570088136286,0.567581926914808,0.9931761257771021,CALI
4882,77361,1078.14,400.49738132139044,247.427608902786,1.6186446738801301,0.786334631061825,78594,313.8456378862974,0.7038577017559822,0.9843117795251546,0.8363375974239524,0.7836396753726665,0.0051769933341268915,0.001204267684762215,0.6140911408181781,0.9939953543623169,CALI
4883,77394,1055.554,407.878494828418,243.74709306864386,1.673367627459465,0.8017963893320764,78116,313.91256955597237,0.7527427637721755,0.9907573352450202,0.8728834222755019,0.7696227517168459,0.005270156534465437,0.0011405514190728039,0.5923191799602098,0.9911677408687521,CALI
4884,77398,1056.2649999999999,407.9541382120409,242.60341895004143,1.68156796791083,0.8039602274779815,77964,313.920681515908,0.7996074177385195,0.9927402390847058,0.8717537488280537,0.7694999317613063,0.005270861497868691,0.001139976004161403,0.592130144980655,0.995707084633865,CALI
4885,77402,1066.856,404.65492220961994,245.68657467656442,1.6470371762980145,0.794586597702076,78556,313.9287932662295,0.6875655124629133,0.9853098426600132,0.8545755015687294,0.7757938333037443,0.0052279646806234975,0.0011681475436749167,0.6018560717921178,0.9912793250223049,CALI
4886,77430,1073.469,424.8352959198761,233.09986110189385,1.8225463280485175,0.836030548516145,78082,313.9855696506507,0.7215947215388057,0.9916498040521503,0.8443842204741786,0.7390759964300808,0.005486701484177659,0.0010098281783785519,0.546233328499117,0.9955355471137854,CALI
4887,77440,1060.302,411.36665141544665,241.18858035067512,1.7055809641457396,0.8100864254861709,78059,314.00584444288774,0.8082157468481256,0.9920701008211738,0.8655976069936888,0.7633235299031752,0.005312069362286243,0.0011124438510108387,0.5826628113038436,0.9937785994754764,CALI
4888,77490,1068.934,422.1588211351121,235.36730850287736,1.7936170652601535,0.8301550404042627,78083,314.1071987738068,0.8111587982832618,0.99240551720605,0.8522239653030693,0.7440498292306834,0.005447913551879108,0.001029954538449109,0.5536101483782093,0.9929646096323618,CALI
4889,77502,1050.9450000000002,387.9738252295923,256.21898430357436,1.5142274733628311,0.7509115772972996,78712,314.13151894718334,0.8157761778451433,0.9846275027949994,0.8817851838553193,0.8096719379491358,0.0050059846872286175,0.001327106051833291,0.6555686471023091,0.992680056117619,CALI
4890,77520,1081.174,421.98504377613585,235.70643229417652,1.7902992280222199,0.8294601843896715,78423,314.1679956772647,0.811014395714764,0.9884855208293485,0.8333595977565289,0.744500309456303,0.0054435635162040225,0.0010316267333981756,0.554280710780531,0.9923283286179918,CALI
4891,77528,1071.1439999999998,411.6679082232552,243.96276977023987,1.6874210299012316,0.8054819363593405,79378,314.1842061979368,0.769554514412769,0.976693794250296,0.8491271469915221,0.7631981991356704,0.0053099255523585695,0.0011112647603889211,0.5824714911639306,0.9828746435079458,CALI
4892,77533,1045.4989999999998,400.8005387721588,247.30149813053387,1.6206959593936754,0.7869483503081443,78328,314.1943373486406,0.7767125483360382,0.989850372791339,0.8913519297219038,0.7839169535828623,0.0051694186832981935,0.0012042085282494312,0.6145257901146355,0.9959594649819954,CALI
4893,77538,1059.981,414.4880426838655,241.24340151115686,1.7181321440814477,0.8131691676810866,78881,314.2044681726774,0.8098132598069934,0.9829743537734055,0.867218027701381,0.7580543605990694,0.005345611734683194,0.0010888763761199092,0.5746464136232636,0.9873184747272526,CALI
4894,77559,1070.1019999999999,418.6934167807012,237.61709930925238,1.7620508709088432,0.823359263301881,78389,314.2470140671419,0.7544649805447471,0.9894117797139905,0.8511217981988832,0.750542046931048,0.005398385961406171,0.0010566807691190366,0.5633133642114475,0.9925868040033713,CALI
4895,77590,1074.368,409.11671932504527,245.29210889762757,1.6678755837832098,0.8003259864078773,79050,314.30980938558264,0.7988838895009421,0.9815306767868438,0.8447136012206221,0.7682643962928876,0.005272802156528486,0.001133089114933801,0.5902301826112749,0.9844305103892507,CALI
4896,77593,1059.9189999999999,405.24892710093496,245.89313172047696,1.6480693229024725,0.7948770016407926,78724,314.3158856860968,0.6888338482298214,0.985633351963823,0.8679347019690941,0.7756118885610533,0.005222751112870168,0.0011658882414947128,0.6015738016772438,0.9914353280060817,CALI
4897,77606,1067.024,407.859894779203,244.52452005911704,1.6679713538773022,0.8003517750004326,78338,314.3422149643872,0.8063798836242726,0.9906558758201639,0.8565580237743492,0.7707112638141536,0.005255520124464641,0.0011438321279727262,0.5939958521700098,0.9907680657415132,CALI
4898,77622,1072.203,420.7897673627886,238.09727652835107,1.7673018923115809,0.82451898922535,79514,314.37461720284097,0.7442542787286064,0.9762054480971905,0.8484781375533322,0.747106136095271,0.005421011663739515,0.0010418119096407977,0.5581675785912056,0.9864506178712107,CALI
4899,77679,1090.98,414.484402898662,240.97936983380194,1.7199995301860178,0.8136210811497794,78540,314.49002304601447,0.7952395577395578,0.9890374331550802,0.8201247376613654,0.7587499574089033,0.005335861724515789,0.001090885195989498,0.5757014978680124,0.9902063058603682,CALI
4900,77684,1064.664,402.26650446421394,247.68907773672692,1.6240784944574347,0.7879542530467523,78407,314.500144345287,0.6823124352240589,0.9907788845383703,0.8612243590349066,0.7818203625086197,0.005178241394163714,0.0011934108022702463,0.6112430792331095,0.992706739868435,CALI
4901,77728,1053.386,405.42374291242106,245.36262295430572,1.6523451617483067,0.7960731381505073,78359,314.58919773758083,0.8072700836059614,0.9919473193889662,0.8802626461077366,0.7759515895089989,0.00521592917497454,0.001166406568843144,0.6021008692615418,0.9948784582087583,CALI
4902,77735,1059.634,412.7220258045291,242.33559965657935,1.7031010977727135,0.8094678485403048,78734,314.6033629985348,0.7970694994155405,0.987311707775548,0.8699908744090282,0.7622645347925661,0.005309346186460785,0.0011057161762399166,0.5810472210025273,0.9895821599471886,CALI
4903,77736,1064.369,420.10988327171526,236.45128382732346,1.7767291277577275,0.8265713188343337,78292,314.60538655517746,0.6646374829001368,0.99289838042201,0.8622786229272665,0.7488645211226787,0.0054043156744843475,0.0010484156467998498,0.5607980709962986,0.9963862675294699,CALI
4904,77772,1069.897,421.9406353123387,235.63870639092286,1.7906253254180675,0.8295286761514861,78533,314.67822592792004,0.802799454973368,0.9903098060687864,0.8537863201526864,0.7457879132569956,0.005425354051745342,0.0010353071423860548,0.5561996115602238,0.9959451104474285,CALI
4905,77787,1082.712,399.568747392017,249.72403019709768,1.6000412418326444,0.780637647590108,79288,314.7085706909078,0.7516378394047734,0.9810690142266169,0.8338558616997785,0.7876205853060553,0.0051367034002084795,0.0012193615207584656,0.6203461863978532,0.9925794824501663,CALI
4906,77794,1085.037,412.3945256356867,243.1209666710682,1.6962524099932446,0.8077429034891322,79744,314.7227305790404,0.7963679544663513,0.9755467495987159,0.830360861146469,0.7631593316955654,0.005301109669584887,0.0011091937858810318,0.5824121655540221,0.9879180394303945,CALI
4907,77805,1076.812,410.9531580400801,245.27353529328386,1.6754891943343426,0.8023598202313331,79744,314.74498054475674,0.7203899855560905,0.975684691011236,0.8432135905539015,0.7658901614136271,0.0052818348183289,0.0011210643455188379,0.5865877393501919,0.9828214188102563,CALI
4908,77809,1075.4099999999999,410.58568755934465,243.1165010699782,1.6888433559726266,0.8058489018672871,78761,314.75307105141684,0.7658969210174029,0.9879127994819771,0.8454570631564464,0.7665953309829474,0.0052768405654788604,0.0011241348571026548,0.5876684014848548,0.9924798753627512,CALI
4909,77815,1075.607,432.77016991528916,230.69636566708257,1.8759297254808898,0.8460717649716281,78443,314.7652064214955,0.8502513111888111,0.9919941868617977,0.8452125674656249,0.7273264848247465,0.0055615263113190155,0.0009600445086750888,0.5290038155275222,0.9923739824408879,CALI
4910,77837,1082.476,416.2736196909338,240.6263901743237,1.729958295053843,0.8160023261813034,79765,314.80969877618264,0.7197932271726868,0.975828997680687,0.8347557140405737,0.7562566636096614,0.0053480172628818405,0.0010790695083610423,0.5719241412540166,0.9894049123039319,CALI
4911,77843,1073.266,421.12280808115685,237.19448856252592,1.775432517986801,0.82629128244258,79040,314.8218319634445,0.670915750915751,0.9848557692307692,0.8492091908301266,0.7475772528159375,0.005409899516734412,0.0010423012877945163,0.558871748927824,0.9922390764306138,CALI
4912,77868,1085.675,432.677568774084,233.02943461460464,1.8567507125855887,0.8425774077386088,79631,314.8723818778612,0.7593470247498684,0.9778603810073966,0.8301741563043371,0.7277298492038698,0.005556551712822777,0.000961315352123901,0.5295907334222871,0.9833179716605562,CALI
4913,77878,1093.529,427.37489361465316,233.53784830773589,1.830002702823123,0.8374935043286134,78711,314.8925995714809,0.8007938221714944,0.9894169811081043,0.8183970289767907,0.736806500045384,0.005487748704571935,0.0009976719745725465,0.5428838185091283,0.9934788551906425,CALI
4914,77929,1066.917,415.60543462851905,241.49825592793673,1.7209459051022549,0.8138494499541092,78924,314.9956896239479,0.812776387150605,0.9873929349754194,0.8602955908712917,0.7579200447787714,0.005333129318078239,0.0010855640422644558,0.5744427942774547,0.9885849745272828,CALI
4915,77939,1070.502,424.32353459397353,236.1262881430696,1.797019459082314,0.8308630133435534,78917,315.015899403687,0.652837458642208,0.9876072329155948,0.8546528146657983,0.7423955395382894,0.005444303039479253,0.0010201486732704002,0.5511511371263479,0.9904293183113919,CALI
4916,77949,1084.2400000000002,434.3775102345012,230.31726751115514,1.885996282121846,0.8478577633377267,79294,315.0361078869551,0.6791520727690941,0.9830378086614372,0.8332389470248256,0.7252587909463385,0.005572586052861502,0.0009510613940792557,0.5260003138449447,0.9920346363064896,CALI
4917,77962,1050.313,388.4662554282084,256.86076828501353,1.5123611831494834,0.7501940671729639,78652,315.0623769773896,0.725619403957484,0.9912271779484311,0.8880866752472255,0.8110418152796687,0.004982764108517078,0.001329912518084915,0.6577888261321402,0.9948142873517136,CALI
4918,77972,1077.81,415.490394094714,243.15996524759333,1.7087121791272188,0.8108629617237043,79627,315.0825824797208,0.7794471934822812,0.9792155927009683,0.8434592798397769,0.7583390301146059,0.005328712795551147,0.001087065496268012,0.5750780845951614,0.9826429270969054,CALI
4919,77977,1055.268,402.5569313261362,247.72803237451373,1.6249954737361054,0.7882256437672017,78830,315.0926847450029,0.7393637699710804,0.9891792464797666,0.8799355200983726,0.7827282558692968,0.005162508577223235,0.0011953211283566212,0.6126635225361915,0.9955754510445296,CALI
4920,77995,1077.542,406.62963613270534,244.81430649556137,1.6609717052629756,0.7984529473852574,78742,315.1290502185081,0.7894230769230769,0.9905133219882655,0.8441278180622108,0.7749780690251125,0.005213534664179824,0.0011600312232675882,0.6005910074698921,0.9975646698428753,CALI
4921,78004,1080.753,433.65675800430313,230.14081501762567,1.8843105164596332,0.847560931611066,78679,315.14723138165374,0.7465283426963604,0.9914208365637591,0.8392161602015711,0.7267204432186586,0.005559416927392225,0.0009564857792905917,0.5281226025919238,0.9951469740439934,CALI
4922,78015,1061.146,411.39851483028605,243.21733856610663,1.6914851435168865,0.806527597759735,79258,315.16945137895857,0.7724257425742574,0.9843170405511116,0.870638151703355,0.7660928273136213,0.005273325832599962,0.0011204434812497864,0.5868982200613778,0.9927296199903247,CALI
4923,78046,1080.8010000000002,413.421349435143,243.1914017499715,1.6999834141347945,0.8086856539024457,79645,315.23206294474636,0.7930295178580501,0.9799234101324628,0.8395934424673047,0.7624958492720502,0.0052971497505976345,0.0011045158410776482,0.581399920157105,0.9883702212463721,CALI
4924,78049,1073.1779999999999,423.5094163514312,236.13295051616637,1.7935210457738995,0.8301349933250682,78635,315.2381214685729,0.7683954555299585,0.9925478476505373,0.8515961411476497,0.7443473729211868,0.005426199135817642,0.0010274912455653176,0.5540530115746722,0.9937057367335848,CALI
4925,78063,1076.48,422.10191735378953,237.88484485700482,1.774396000752043,0.8260669096133976,79341,315.2663930403318,0.7405654112513045,0.9838923129277423,0.8465315924273155,0.7468963775781376,0.005407195692630177,0.0010379902227374762,0.5578541988393441,0.9898542594232671,CALI
4926,78075,1087.899,421.52093009635377,237.6859637879063,1.7734363585410893,0.8258587724592668,79019,315.29062379842156,0.7703350698555529,0.9880535061187815,0.8289812387140923,0.7479833177592168,0.005398923216091627,0.0010424483862249796,0.5594790436460857,0.9922004778437652,CALI
4927,78095,1067.9850000000001,424.6406069046967,235.84023482353194,1.8005435214327832,0.8315914460305567,78888,315.3310042575778,0.8017390947262517,0.989947774059426,0.8604047260992338,0.7425832554170883,0.005437487763681371,0.0010199025170205401,0.5514298912258406,0.9928735181710716,CALI
4928,78098,1113.014,432.349970446643,235.35250105037636,1.8370315527435166,0.838854004153218,81009,315.33706088045966,0.7606552906342527,0.964065721092718,0.7922249613820255,0.7293560366262958,0.0055359928608497404,0.0009663481317421321,0.5319602281632188,0.9772277239404729,CALI
4929,78107,1073.854,408.98597931412036,247.22169304047483,1.6543288506933802,0.796624309250288,79803,315.3552300511747,0.788959595959596,0.9787476661278398,0.851156349046547,0.7710661147358481,0.005236226961912766,0.001141733377659952,0.5945429532938362,0.9835695606104402,CALI
4930,78114,1072.2089999999998,411.0303642805303,243.34757896777901,1.6890669963679963,0.8059065024324046,78908,315.3693609047057,0.8070044940337827,0.9899376489075886,0.8538465829969141,0.7672653611777073,0.0052619295424703675,0.0011248824977100173,0.5886961344631575,0.9943472116111358,CALI
4931,78121,1069.5839999999998,412.38011120900126,242.37378789722095,1.7014220670754703,0.8090472253615658,78892,315.3834911250994,0.7021859888183796,0.9902271459717081,0.8581196809558632,0.7647883167800439,0.005278735694742787,0.0011139729870443356,0.5849011694832528,0.9951637568170559,CALI
4932,78139,1153.901,429.6343751029122,233.10667823954878,1.8430805086648119,0.8400106593961431,79379,315.4198230708731,0.7461137422656787,0.9843787399690095,0.7374636414595112,0.7341587204127212,0.005498334699739083,0.00098530521820035,0.538989026758044,0.9934001696019678,CALI
4933,78169,1084.094,415.95250779587025,242.26358764179835,1.7169419137426531,0.8128802267583712,79666,315.4803670157668,0.7413318918098707,0.9812090477744584,0.8358157267483326,0.7584528548403164,0.005321195202649007,0.0010861837847725494,0.5752507330154263,0.9876720944253701,CALI
4934,78182,1058.6,406.8571780961002,246.49428015423663,1.6505745197881312,0.7955791588565959,79204,315.506599117173,0.7480099502487563,0.9870966112822585,0.8767037430954074,0.7754726132486961,0.005203975059426724,0.0011608626235256104,0.6013577738987618,0.9925858188738083,CALI
4935,78208,1085.393,428.26334229708493,236.0708383732966,1.8141306450561088,0.8343545129723812,79877,315.5590567780421,0.7296611434542469,0.9791053745133143,0.8342323196474217,0.7368341522892701,0.005475953128798652,0.0009956769969327063,0.5429245679798473,0.9849360967260896,CALI
4936,78210,1053.7769999999998,399.7875310121217,250.34453235659393,1.5969493211965151,0.7796673262628473,78946,315.5630916215283,0.8036540002877166,0.9906771717376435,0.8850640878359349,0.7893269978246529,0.005111718846849785,0.0012239806486383303,0.6230371094948796,0.9949586890880868,CALI
4937,78223,1092.091,418.9257286016218,240.39399891253504,1.7426630053025731,0.8189713476295314,79721,315.58931684678214,0.7299100477754553,0.9812094680197188,0.8241887379202908,0.7533299945558903,0.005355531347578357,0.0010639552623911963,0.5675060806975777,0.9889718521159252,CALI
4938,78297,1070.184,423.83617577750965,236.34504234481363,1.793294124440137,0.8300876016564838,78943,315.7385574080699,0.7828525721141829,0.9918168805340563,0.8590888427674385,0.7449542428247442,0.005413185381017276,0.001028373921736159,0.5549568239025878,0.9952008116224705,CALI
4939,78300,1091.04,423.9214672436547,238.2016554074833,1.77967473197643,0.827204874847216,79523,315.7446062132546,0.7908451842275371,0.9846208015291174,0.8265902530448634,0.7448186294179248,0.005414067270033905,0.001027792710302348,0.5547547907279962,0.9872830835014869,CALI
4940,78301,1086.5839999999998,426.09852346150245,236.71162766405124,1.8000743253146618,0.8314947455659372,79580,315.74662245589894,0.7708764053793293,0.9839281226438804,0.8333943678134607,0.7410178751403871,0.005441801809191485,0.001012132151159993,0.5491074912775743,0.9884342968867061,CALI
4941,78307,1078.206,423.3616239373426,237.52025007727374,1.7824232830657936,0.8277927827987761,79326,315.75871964140026,0.7816005908891285,0.9871542747648943,0.8464610165600364,0.7458368963742743,0.005406433957849778,0.0010319677395651506,0.5562726759932098,0.9915133694236116,CALI
4942,78403,1078.803,413.6494353053148,243.29796356461,1.7001763156783118,0.8087341978355496,79203,315.9522116173124,0.6953826231950899,0.9898993724985164,0.8465609933959504,0.7638163736017383,0.005275938871029359,0.0011077337132528006,0.5834154525821104,0.9919091346808471,CALI
4943,78419,1078.779,424.1695851710662,237.92017907068126,1.7828230746457787,0.8278780360612794,79787,315.98444876067356,0.7368406216526037,0.9828543497060924,0.8467714299591766,0.7449483881151876,0.005409015483123557,0.0010275494389714588,0.554948100955416,0.9893742796141711,CALI
4944,78466,1069.117,418.902484022045,240.2534013021882,1.7435860710048965,0.8191841234651771,79269,316.07912635476146,0.7812226204699323,0.9898699365451816,0.8626624755742499,0.7545410648319947,0.005338649657457306,0.0010674381170853683,0.5693322185178006,0.992679725981953,CALI
4945,78501,1086.368,424.29208201762657,239.26093288230345,1.7733445945658963,0.8258388492839801,80138,316.1496125274472,0.7680213673541267,0.9795727370286256,0.835855345082595,0.7451225840087989,0.005404925822825525,0.0010277332503558492,0.5552076651999498,0.984574511943883,CALI
4946,78522,1076.493,430.96662832291724,233.04770300160405,1.8492635746766015,0.8411796282309596,79158,316.19189668885326,0.8161012721376902,0.9919654362161753,0.851488519026009,0.7336806980143602,0.005488482569508128,0.000980980617416663,0.5382873666388388,0.9954352198337933,CALI
4947,78565,1106.256,429.93349186033214,236.48213167115668,1.8180379583950206,0.8351359919043142,80656,316.278460904498,0.7780330563780588,0.974075084308669,0.8067290583092925,0.7356450867224923,0.005472328541466711,0.000988610641167282,0.5411736936189433,0.9838743170840759,CALI
4948,78575,1085.348,413.42742520192246,243.2858925995915,1.6993481240704569,0.8085256447817527,79341,316.29858872205773,0.8111721347015465,0.9903454708158456,0.8382165532498397,0.7650643606131694,0.005261564431459401,0.0011119532835185716,0.5853234758804378,0.9946683507118209,CALI
4949,78575,1082.541,427.9567886399784,237.19114172538897,1.804269693745354,0.8323563305195021,79990,316.29858872205773,0.7631011576412089,0.9823102887860983,0.8425691354331031,0.7390900135671082,0.005446475197454386,0.0010025005737903788,0.5462540481546282,0.9855896241711108,CALI
4950,78602,1070.319,408.2722778804946,248.88127257070784,1.640429887164384,0.7927120178951004,80518,316.35292743275386,0.7464577397910731,0.9762040785911225,0.8622178126279538,0.7748577225842249,0.005194171622611315,0.0011550051509368292,0.6004044902484118,0.9849214701911918,CALI
4951,78653,1077.393,411.9322843708845,244.7338608840121,1.6831846761332039,0.8043824231939245,79673,316.4555417622746,0.6813677079543289,0.9871976704780792,0.8514847166291545,0.7682222388700977,0.005237337220079139,0.0011252209291708383,0.5901654082945855,0.9933573716253419,CALI
4952,78654,1071.536,413.29909843578776,244.97892198992483,1.6870802397146045,0.8053938484645078,79570,316.4575534753428,0.701222284629169,0.9884881236646977,0.8608295067937661,0.765686532279018,0.005254648186179822,0.0011141083779720512,0.5862758657134677,0.9890944280667645,CALI
4953,78675,1097.153,435.2654323915329,233.32899720852748,1.865457948214356,0.8441789946822551,80325,316.4997964960466,0.6453848930305814,0.9794584500466853,0.8213196732182412,0.7271420446991678,0.005532449092996923,0.0009540567696828884,0.5287355531692866,0.9863339401631599,CALI
4954,78695,1086.614,415.8675578640206,243.89056329508534,1.7051400113454116,0.8099766661180988,80290,316.5400227031862,0.7615080171471149,0.9801345123925769,0.8375416463234354,0.7611558456952001,0.005284548673537335,0.001094162971985929,0.5793582214359753,0.9878868842723965,CALI
4955,78718,1091.648,432.70918238027906,234.39927552116202,1.8460346407564439,0.8405708350625957,79995,316.586276522629,0.6747931936050748,0.9840365022813926,0.8300775505420471,0.73163752796076,0.005496953458932888,0.0009715959983250621,0.5352934723205319,0.9881702928745026,CALI
4956,78720,1086.768,429.918017185599,237.36778058472515,1.8111894382908709,0.8337624327618284,80443,316.5902982745239,0.7527251864601262,0.9785811071193268,0.8375702928347197,0.7363969073616409,0.005461356925630069,0.000990668027956782,0.5422804051717891,0.9821725424392386,CALI
4957,78807,1088.885,426.78678605299143,237.68897087295613,1.7955683197480263,0.8305616250168283,80316,316.76519506085884,0.711999927722164,0.9812117137307634,0.8352387386736947,0.7422094718310424,0.005415594884375645,0.001013752414367157,0.5508749000757149,0.9891335187203134,CALI
4958,78818,1080.687,421.83904878511294,239.45952900957496,1.7616298275114597,0.8232657523441888,79855,316.7873015714741,0.7538785270205643,0.9870139628075888,0.8480772633776682,0.7509672290505454,0.00535206486824219,0.001049989783619253,0.5639517791078542,0.9934742753545499,CALI
4959,78837,1093.551,421.06069814222496,242.8306028476216,1.7339688375539897,0.8169477904251715,80747,316.82548191123453,0.6637843208244576,0.9763458704348149,0.8284415442248859,0.7524461041106665,0.005340902090924629,0.0010560779402073667,0.5661751395913203,0.9817300486491292,CALI
4960,78838,1101.545,439.5987705888467,230.80689699101953,1.9046171337156839,0.8510776096087168,79863,316.82749127534805,0.7549218630304887,0.9871655209546348,0.8164713977489764,0.7207196936673745,0.0055759756790995044,0.0009280389217753392,0.5194368768399943,0.9893283755132165,CALI
4961,78843,1090.7440000000001,420.5249114958486,243.24649437351633,1.7288015294070918,0.815728196659975,80669,316.83753790476663,0.7545578960464738,0.9773642911155462,0.8327743489649564,0.7534334571945911,0.005333700030387588,0.0010602003827889534,0.5676619744201937,0.9813748895638803,CALI
4962,78844,1086.074,411.13037249890425,246.75185359991002,1.6661693377409108,0.7998656497822235,80130,316.83954719242223,0.6804639762488349,0.9839510794958193,0.839962077787328,0.7706546837360372,0.005214478875994423,0.0011345665207736781,0.5939086415642917,0.9895523679937798,CALI
4963,78865,1075.999,414.04704325430924,244.98327236812398,1.6901033252268003,0.8061730660882911,79578,316.88173929013107,0.7419376081884549,0.9910402372515017,0.8559934396623028,0.7653278641951348,0.005250073457862286,0.0011110541981124507,0.5857267397134868,0.9899387104640164,CALI
4964,78877,1092.37,416.4442696308773,242.35863090711499,1.7182976652087187,0.8132092940048352,79650,316.905846538172,0.7381340071121093,0.9902950408035154,0.8306550683999326,0.7609802070732468,0.0052796666915688635,0.0010921435190019851,0.5790908755572416,0.9950504994136808,CALI
4965,78930,1079.2549999999999,417.60454950058977,242.0720823644134,1.7251247868886062,0.8148526029056857,79874,317.012298288168,0.7844832727055877,0.9881813856824498,0.8515375979675616,0.7591207966179504,0.0052908216077611776,0.001083793242326004,0.5762643838578715,0.9941279723943045,CALI
4966,78934,1118.223,432.37289287746376,236.10144632862847,1.831301330851002,0.8377462132188891,80988,317.0203309318274,0.772612930064112,0.9746382180076061,0.7932628828160146,0.7332104675250126,0.005477650858659941,0.0009765370737700379,0.5375975896882474,0.9845031814583785,CALI
4967,78948,1073.9579999999999,420.8503424147521,240.70906634536655,1.748377611215196,0.8202823326336767,79816,317.0484435819732,0.7215464058858475,0.9891249874711837,0.8601543728972437,0.753351991500862,0.005330728358093328,0.0010591514810700709,0.5675392230983148,0.9922728711515597,CALI
4968,78951,1107.3569999999997,432.4657715114365,236.10569352170748,1.8316617658001362,0.8378162439459831,80711,317.054467396985,0.7420346247109908,0.978193802579574,0.8090813464938622,0.7331319338612686,0.005477647800679364,0.0009761182112217916,0.5374824324471638,0.9844860213027243,CALI
4969,78976,1093.472,428.3417667038952,237.7395384272995,1.801727089812121,0.8318349919321774,80454,317.104661405354,0.750265997872017,0.9816292539836429,0.8300221157387155,0.740307590934887,0.005423695384723146,0.001004902352396875,0.5480553291958159,0.9874461333280012,CALI
4970,78992,1106.05,437.39566792735576,232.0272294860842,1.8851049029725562,0.8477009203449759,79915,317.13678140152706,0.6498724804607158,0.9884502283676406,0.8114157880856663,0.7250569785117266,0.00553721475500501,0.0009439732286991115,0.5257076220885544,0.9910140159291775,CALI
4971,78993,1097.334,444.3010521470467,228.8839650748025,1.9411628595382069,0.8570969576569002,79954,317.13878879327376,0.803509307293256,0.9879805888385822,0.8243673837038259,0.7137925675861622,0.005624562330169087,0.0009006510978069206,0.509499829541246,0.9890221460465138,CALI
4972,79004,1056.779,407.1900739323052,248.1510628725192,1.6408959495026945,0.7928451350523026,79534,317.160869263938,0.8087545810044428,0.9933361832675334,0.8889771442052838,0.7789012787101132,0.005154043769078847,0.0011701930982435957,0.6066872019762494,0.9955105723379507,CALI
4973,79018,1096.4309999999998,424.8237749299305,238.38887890965316,1.782062052865034,0.8277156956225041,80014,317.1889694580868,0.8207104279185709,0.9875521783687855,0.8259871386728125,0.7466365777442735,0.005376291160620751,0.0010306224348961104,0.5574661792256804,0.993439323753743,CALI
4974,79031,1088.647,439.2246401832658,232.95262026931277,1.8854676958580046,0.8477647860662285,80928,317.2150602666346,0.7087219312719707,0.9765594108343219,0.8379790883356355,0.722215994381092,0.0055576247318554215,0.0009326901494766873,0.5215959425398694,0.9834522999495316,CALI
4975,79053,1067.951,414.14827892382635,244.86828498484346,1.6913104077543597,0.8064828225778033,80109,317.25920905459753,0.8099277700937452,0.9868179605287796,0.8710148637809934,0.7660522213903743,0.005238868593523666,0.001112886240755984,0.5868360058971271,0.99252184441881,CALI
4976,79053,1073.509,412.74261778261103,245.78777216937806,1.6792642454897249,0.8033561276913963,80261,317.25920905459753,0.7945025125628141,0.9849491035496692,0.8620190036195305,0.7686611350168254,0.005221087343713851,0.0011242953456370825,0.5908399404853544,0.9921763868643323,CALI
4977,79077,1100.848,434.8319301440588,235.2069191024205,1.8487208276160954,0.8410775507683582,80926,317.3073643630454,0.8170039983882466,0.9771519659936238,0.819983915227866,0.729724158614392,0.005498842016566875,0.0009618025031692736,0.5324973476654824,0.9844389372795064,CALI
4978,79101,1088.6299999999999,417.47949465035316,243.39076601349765,1.715264311330534,0.8124717741462042,80327,317.3555123644398,0.6880022962112514,0.9847373859349907,0.8387475052777502,0.7601702992148894,0.005277802994277609,0.0010871175994551948,0.5778588838084546,0.9911807203819398,CALI
4979,79101,1086.6979999999999,419.85999178588,242.90888657588687,1.7284669890194078,0.8156487976881827,80579,317.3555123644398,0.8086548488008342,0.981657752019757,0.8417325124428894,0.7558603309988263,0.005307897394291855,0.001068731217073496,0.5713248399776554,0.987516125908173,CALI
4980,79102,1069.854,428.94733482343696,236.94452487342215,1.8103281139439047,0.8335884172445536,79847,317.35751837264047,0.8263722028373832,0.990669655716558,0.8684569573908445,0.7398519412721634,0.005422711623264102,0.0010022487953960629,0.5473808950041887,0.9909390232618596,CALI
4981,79107,1064.494,396.7575470344568,256.34625831298405,1.5477407380373722,0.7632501938058202,80800,317.367548223451,0.7588128651044115,0.9790470297029703,0.8772802315790792,0.7999029901147385,0.0050154543470799905,0.0012665995379412313,0.6398447935944996,0.990313853067321,CALI
4982,79147,1072.47,408.18122738934153,250.23038866896553,1.6312216496187923,0.7900538305605431,80996,317.44777562168224,0.7429968833314559,0.9771717121833177,0.8647170391622825,0.7777128253840208,0.005157254569210981,0.0011637920232640028,0.6048372387667964,0.986623598372049,CALI
4983,79161,1074.238,419.0171591338718,242.55320285039792,1.7275268032321693,0.8154253678564464,80292,317.47585042138275,0.7700486381322957,0.9859139142131221,0.8620255013973308,0.7576678985596205,0.005293227209533379,0.0010760088603700743,0.5740606445077514,0.9917051500678746,CALI
4984,79187,1066.901,416.0072451595849,243.94728194877325,1.7053161725611794,0.8100205271251578,79761,317.5279827494631,0.8149325923638984,0.9928035004576171,0.8742094759020672,0.7632751266811613,0.005253479045292597,0.00109989494733618,0.5825889190101429,0.9934983055429317,CALI
4985,79196,1071.839,414.83261716617966,243.91500992354545,1.700726073791883,0.8088724386332332,79962,317.54602656126235,0.7518417255259361,0.990420449713614,0.866271448056789,0.7654798909750512,0.0052380501182658174,0.001109390793790509,0.5859594634871763,0.9965565377377437,CALI
4986,79229,1080.918,415.00828430289675,245.4240131433861,1.6909848347253331,0.8063993524219653,80505,317.61217843436384,0.7740079326312499,0.984150052791752,0.8521352686117936,0.7653152730863375,0.005238085603792762,0.0011084443044669416,0.5857074672192157,0.9904224446530788,CALI
4987,79236,1091.724,421.8782726477074,239.86127040289102,1.7588428175131625,0.8226448119704666,80255,317.6262088786682,0.6650663085445694,0.9873029717774593,0.8354235082015978,0.7528859139515448,0.005324325718710023,0.0010552638622060731,0.566837199426653,0.9969775369108447,CALI
4988,79261,1080.2060000000001,419.3187050007285,243.20695644306596,1.724122990284983,0.814612895604521,80793,317.6763125498244,0.8278084137527677,0.9810379612095107,0.8536036056077231,0.7576011009317423,0.0052903534525268235,0.001075045485317702,0.5739594281329881,0.9895766455349062,CALI
4989,79263,1095.565,420.60709944399457,241.94087935866403,1.7384705741292594,0.8179999790618377,80605,317.6803205021412,0.7338147479516733,0.9833509087525588,0.8298585464205859,0.7552899628229922,0.00530647464067717,0.001065223427002506,0.5704629279411572,0.9917330138573217,CALI
4990,79274,1060.8799999999999,406.7776347556393,250.08661503980696,1.6265470052881137,0.7886835808383632,80125,317.7023633360874,0.8166599705370295,0.9893790951638065,0.8851321432093326,0.7810222003157536,0.005131286862724719,0.0011777675166118582,0.6099956773860612,0.9921866422909922,CALI
4991,79284,1086.497,421.44402122576327,242.56464314859394,1.737450338001605,0.8177623547385325,80787,317.7224009489772,0.6906271777003484,0.9813955215566861,0.8439920462721114,0.7538899235653804,0.005315625110057051,0.0010591704637434144,0.5683500168534151,0.9874799288851839,CALI
4992,79295,1067.7679999999998,409.30839680207396,248.04394217027084,1.6501447010590666,0.7954589603694384,80278,317.7444408636833,0.8106878501615343,0.9877550511970901,0.8739807453909537,0.7762959258745246,0.005161843707700031,0.0011563620785639663,0.6026353645293853,0.9944355534489643,CALI
4993,79319,1078.159,420.14199921761957,242.0722467978171,1.7356058151041553,0.8173315046609065,80092,317.7925226446468,0.7384006702662447,0.9903485991110224,0.8574750045788943,0.7563931319326179,0.005296864549699562,0.001069520066467209,0.572130570034835,0.9929931443513148,CALI
4994,79337,1098.328,428.7182309408567,237.5457633152516,1.8047816343156429,0.8324609936656898,80444,317.82857920686365,0.6822927416580667,0.986238874247924,0.8264594076693287,0.7413460783073377,0.005403761560694968,0.0010068387421036213,0.5495940078216693,0.9918971716464767,CALI
4995,79351,1093.3329999999999,431.3139197509286,236.30270887183897,1.825260158083316,0.8365653796727847,80084,317.85662037195306,0.8247173027355118,0.9908471105339394,0.8341753554217757,0.7369495993904072,0.005435519650047619,0.000988944640680089,0.5430947120416816,0.9912891399554129,CALI
4996,79363,1088.1870000000001,412.54308824652793,245.95952066855654,1.6772804204739509,0.802833551613386,80202,317.88065368753837,0.7539424684602524,0.9895389142415401,0.8422109306420168,0.7705392787906288,0.005198179104198782,0.0011303426904364837,0.5937307801591825,0.9958530125937205,CALI
4997,79392,1092.181,417.06003199649456,245.77817995641158,1.6968960876448007,0.8079060706797134,80913,317.93872669999485,0.8040836169178415,0.9812020318119462,0.8363679312970791,0.7623332429578559,0.005253174526356492,0.0010944124526013088,0.5811519733186415,0.9861545098514584,CALI
4998,79463,1068.7779999999998,412.61497529047995,246.97261332554908,1.670691214440801,0.8010819729996607,80593,318.08086069943005,0.8141700819672131,0.9859789311726825,0.8741778738819305,0.7708902481678032,0.005192542130179832,0.0011311755228845413,0.5942717747202172,0.9928446330152098,CALI
4999,79498,1079.978,431.53797993968334,236.85314624022809,1.8219643132880166,0.8359154912425026,80325,318.15090338918725,0.7533784424101135,0.9897043261749144,0.8565175174881703,0.7372489054929896,0.005428287251750778,0.0009892342172764192,0.5435359486506112,0.9903031014305614,CALI
5000,79501,1086.552,418.22828974520326,243.72560097424468,1.7159801353383426,0.8126462303435641,80789,318.15690633080743,0.7334040590405904,0.9840572355147359,0.8462163737393192,0.7607254557663657,0.005260667032429822,0.0010867568180806357,0.5787032190509448,0.993043228147775,CALI
5001,79501,1079.209,424.23893517655074,241.8912688419341,1.7538414561534805,0.8215218972416972,80911,318.15690633080743,0.7701794156397737,0.982573444896244,0.857770959080095,0.7499474469461499,0.005336271684337942,0.0010412164463132222,0.5624211731810483,0.9863975693433987,CALI
5002,79535,1111.194,418.07326595058527,247.10228616592062,1.691903674536882,0.8066347777799504,81919,318.22493175505775,0.7198779913833677,0.9708980822519806,0.809446918333659,0.7611702485484225,0.00525646905073974,0.0010884314799328083,0.5793801472752674,0.9802554001287449,CALI
5003,79587,1076.5210000000002,427.50825189527404,239.02064714325772,1.7885829404480096,0.8290989932657397,80645,318.3289425214701,0.7245193358094822,0.9868807737615475,0.8629924299906967,0.7446147322542223,0.005371583950837122,0.0010186116251618886,0.5544510994900271,0.9916817778605044,CALI
5004,79603,1099.1779999999999,429.92875705624175,237.47999429720167,1.8103788419254976,0.8335986738369673,80366,318.36093899778774,0.765825829292696,0.990505935345793,0.8279483490725984,0.7404969632123047,0.005400911486454552,0.0010017052497450117,0.5483357525266456,0.9926954446455348,CALI
5005,79609,1075.371,413.3334933913855,247.9590321147201,1.6669426794671214,0.8000745014786808,80885,318.3729368473733,0.7248779865967366,0.9842245162885578,0.8650782472725557,0.7702568070037962,0.0051920447862852884,0.001127354162629296,0.5932955487356835,0.9889896717253764,CALI
5006,79616,1073.247,413.95228080503176,247.40688153715493,1.6731639727768262,0.8017421704963322,80746,318.3869337671298,0.7409723773360137,0.986005498724395,0.8685820538706646,0.7691392185300883,0.005199360440175741,0.0011224047988953167,0.591575137481075,0.9898022072238326,CALI
5007,79627,1087.128,412.8808937203871,246.93161796213158,1.6720454720533393,0.8014439740556232,80395,318.40892768361067,0.8137992355333892,0.9904471671123826,0.8466596342390225,0.7711883318564139,0.005185187106388375,0.0011313213817872449,0.5947314431914784,0.9944180166760591,CALI
5008,79634,1074.5499999999997,415.7561489937886,245.7389034108398,1.6918613342174178,0.8066239392718244,80475,318.4229230213176,0.7829823215936129,0.9895495495495495,0.866672742352298,0.765888667652814,0.005220837192578404,0.0011081090134054975,0.5865854512390026,0.9924212441657451,CALI
5009,79671,1092.549,441.1951845172391,232.84693453660933,1.8947863127133944,0.8493910538012668,81249,318.4968881615567,0.704143319251233,0.9805782225012,0.8387417947939454,0.721895658290241,0.005537713653867017,0.0009277008988989356,0.5211333414583005,0.9874363224937833,CALI
5010,79678,1099.69,430.60633257554736,236.76110629165632,1.8187376268004976,0.835275320207177,80370,318.5108796342886,0.7573954372623574,0.9913898220729128,0.8279569131066028,0.7396799710984457,0.005404331591851544,0.0009979233560744498,0.5471264596441977,0.9950794787730463,CALI
5011,79681,1063.993,415.2825449909158,245.756564597353,1.6898126227932662,0.8060983502280822,80392,318.51687579160154,0.7632718355461042,0.991155836401632,0.8844781291212276,0.7669883543951239,0.005211813920394019,0.00111256077384537,0.58827113577774,0.9940679908621566,CALI
5012,79702,1118.025,432.03439478738454,240.9668005353841,1.7929208248915753,0.8300095944023486,82207,318.55884573259294,0.7884417537195315,0.9695281423723041,0.8012647805015617,0.7373460297978454,0.005420621750864277,0.0009883579291567594,0.543679167658645,0.9747737017549029,CALI
5013,79709,1078.396,410.60286970482196,251.08456187973957,1.6353170686037077,0.791242724003408,80895,318.5728344841962,0.7975366205074842,0.985339019716917,0.8613123770711475,0.7758660691125098,0.0051512736291362575,0.001151440284449505,0.6019681572000978,0.9844088022252396,CALI
5014,79761,1088.061,414.3102850975784,246.6338453119134,1.6798598123205986,0.8035125836068594,80464,318.6767317009846,0.8058457434985552,0.9912631735931596,0.8466306102171686,0.7691740783744478,0.005194396824232123,0.0011215365885515038,0.5916287628431812,0.9938533825132142,CALI
5015,79763,1088.402,427.4433040258911,242.78852630160466,1.7605580895321988,0.8230273755635347,82134,318.6807270713289,0.6831597519613553,0.9711325395086079,0.8461214047846907,0.7455508697172754,0.005358917092209309,0.0010213296159713205,0.5558460993361857,0.9785993467212397,CALI
5016,79765,1085.663,420.86949052006844,243.20556007390087,1.7305093287841868,0.8161326841957773,80680,318.68472239158285,0.8125025465509514,0.9886588993554785,0.8504174428490839,0.7572055698258957,0.005276367962390377,0.0010699661464513566,0.5733602749753597,0.9922053045991265,CALI
5017,79795,1099.6789999999999,421.2060001748593,243.31901398315043,1.7310854309315398,0.8162688173291964,81264,318.7446461858494,0.6659239230217148,0.9819231147863753,0.8291892819861456,0.7567428907791576,0.005278601418320187,0.0010678052001647463,0.572659802744796,0.9913230414116458,CALI
5018,79796,1110.3880000000001,431.5476329188217,238.29028759053853,1.8110164593043052,0.8337275082205736,81173,318.7466434516402,0.6875172318720706,0.9830362312591625,0.813282572868782,0.7386128879812429,0.005408136158689931,0.0009928757537234557,0.5455489982919921,0.987998215263774,CALI
5019,79818,1089.842,426.53415200019924,241.0396528737481,1.7695600989917188,0.8250140615634441,81339,318.7905801332141,0.8076374343563124,0.9813004831630583,0.8444688304516128,0.7473975498521516,0.0053438341226314775,0.0010285831622318848,0.5586030975249995,0.9884817525534187,CALI
5020,79824,1132.927,442.807460755645,233.41134271498177,1.8971120066618037,0.8497927173966088,81949,318.8025618136398,0.7447866613172602,0.9740692381847247,0.7815189201221022,0.7199575211980563,0.0055472973135353406,0.0009193665486904174,0.5183388323296497,0.983346822331638,CALI
5021,79866,1106.47,430.93992393046835,239.50432031501907,1.7992991665605647,0.831334796316814,81633,318.8864209711955,0.7876486715714314,0.9783543419940465,0.8197709254420943,0.7399788306052781,0.005395786992343029,0.0009979568001693797,0.5475686697439549,0.9852398511049753,CALI
5022,79896,1057.845,399.7660593403466,255.22002428770807,1.5663585193052587,0.7696853295371032,80538,318.94630687023255,0.7901107594936709,0.9920286076137972,0.8972032241192137,0.7978323807592005,0.005003580396269483,0.0012505679070829044,0.6365365077878938,0.997044381822386,CALI
5023,79900,1111.113,438.89829826045394,237.31149387883497,1.8494607702589574,0.8412166905815311,82726,318.9542908072244,0.7555269777029711,0.965839034886251,0.8132801746357671,0.7267157153978038,0.005493095097127083,0.0009450506571510616,0.5281157310061418,0.9767293266524911,CALI
5024,79902,1076.13,424.7412430423967,241.48488661401828,1.758872983721294,0.8226515512631727,81032,318.9582827007773,0.8232651589305033,0.9860548918945602,0.8670378101444679,0.7509472836122477,0.005315777365302455,0.0010427599654005326,0.5639218227646134,0.9918668589915465,CALI
5025,79935,1082.248,412.11371288868713,248.7814115936057,1.6565293614536252,0.7972329663417389,80637,319.0241417328871,0.7861428009441385,0.9912943189850812,0.8576167597232695,0.7741167831973023,0.005155610344513506,0.0011420517461886892,0.5992567940277391,0.9926864743575173,CALI
5026,79937,1075.507,419.97378847827844,244.18965706463143,1.7198672274932634,0.8135891201653684,80740,319.0281327524184,0.8129296668429402,0.9900544959128066,0.8684228190623194,0.759638200060952,0.005253809731141755,0.0010791486892000968,0.577050194991843,0.9924497189850678,CALI
5027,80009,1108.48,433.91331894299043,236.96842585780598,1.8311018329647097,0.8377074314676957,81004,319.1717762188813,0.6576442544796975,0.9877166559676065,0.8182631304899372,0.7355657507734064,0.005423306364821338,0.000979331896243799,0.5410569737108449,0.9907304163002669,CALI
5028,80023,1077.554,428.2739206973906,239.13740158224607,1.7909114921535818,0.8295887456150757,80739,319.199699386359,0.8141188678861375,0.991131918899169,0.8660572585757058,0.7453166862614051,0.005351885341681649,0.001018708525751465,0.5554969628196817,0.9948458945701788,CALI
5029,80056,1086.236,430.5035118171933,238.20344667522969,1.807293378101907,0.8329730267520384,80817,319.2655086183256,0.8051979401351786,0.9905836643280498,0.852619707354102,0.7416095336149007,0.005377529626976033,0.0010033761901896868,0.5499847003485107,0.993983706997225,CALI
5030,80095,1086.7559999999999,418.7539099991406,246.00203901615362,1.7022375573547313,0.8092517010628417,81279,319.3432656806197,0.8045544037287046,0.9854328916448283,0.8522189294606053,0.762603663047051,0.005228215369238287,0.0010907589375057137,0.58156434689278,0.9899606732993652,CALI
5031,80134,1108.3329999999999,423.2501817367761,244.37499481701843,1.7319700898763994,0.8164775540334402,82202,319.42100381441344,0.7347698514579131,0.9748424612539841,0.8197589314666152,0.7546860405438995,0.005281780289724413,0.0010568792270096215,0.5695510197918284,0.9864453309380481,CALI
5032,80165,1109.1029999999998,438.7234672428877,233.95283969987202,1.8752645524871896,0.8459526025464462,80993,319.4827821709557,0.7664397575386733,0.9897768942995073,0.8189377687784136,0.728209922707605,0.005472755781736265,0.0009493190606226198,0.530289691529816,0.99443346107523,CALI
5033,80170,1078.8619999999999,416.08259418536056,247.79278351180184,1.6791554148127297,0.8033275164928707,81325,319.4927453032666,0.7589915457222112,0.9857977251767599,0.8655456031977394,0.7678589534099468,0.005190003669519279,0.0011129438092974161,0.589607372331819,0.990042411864479,CALI
5034,80220,1067.015,406.9650704978468,252.30648869106506,1.6129790106038548,0.7846248280118256,80772,319.5923595436142,0.8294559215832248,0.9931659485960481,0.8854243721726945,0.7853066091216423,0.005073112322336659,0.0011901761705496816,0.6167064703301319,0.9947345923460915,CALI
5035,80223,1078.6370000000002,423.5090108582679,243.036012442693,1.7425771868197097,0.8189515456219904,80860,319.59833541069787,0.8151749786611389,0.9921221864951768,0.8664791873486383,0.7546435311093181,0.005279147013428417,0.0010561143250921766,0.5694868590451406,0.9923748087656735,CALI
5036,80259,1093.858,430.84634410579736,239.1631130710817,1.8014748954105873,0.8317831434606642,81078,319.6700371021648,0.6764006877022654,0.9898986161474136,0.8429109846400672,0.7419583372945312,0.005368199754616895,0.0010035210987430906,0.5505021742808652,0.9917158468359225,CALI
5037,80291,1103.6349999999998,430.90682730907946,239.3027915496085,1.800676141380284,0.8316187630212786,81330,319.7337584402544,0.6501084985101697,0.9872248862658306,0.8283727443680547,0.7420020713919132,0.005366813557049725,0.0010034985321715263,0.5505670739498898,0.9913929942911213,CALI
5038,80294,1088.569,425.761089194498,242.49236466088763,1.7557711138241476,0.8219564664930125,81493,319.73973166462304,0.8047587547858159,0.9852870798718908,0.8514929035328667,0.7509839198070967,0.005302526828835256,0.001040363696235731,0.5639768478088318,0.9902142582483444,CALI
5039,80301,1093.4299999999998,428.40450729531113,239.91834924031127,1.7856262709869057,0.8284739489722099,80972,319.75366875421196,0.7938332871999684,0.9917131848046238,0.8440124386607815,0.7463825970761714,0.0053349834659009365,0.0010213129984642639,0.5570869812181705,0.9947491488879541,CALI
5040,80305,1088.048,423.33098729396954,244.23967006363566,1.7332605599396378,0.8167813741703358,81916,319.7616325326684,0.7707405558968059,0.980333512378534,0.8524253183986313,0.7553466250525608,0.005271539596463103,0.0010585281406544,0.5705485239782938,0.9889092541433515,CALI
5041,80320,1110.3239999999998,419.1194163372773,245.75141865662346,1.705460821460781,0.8100565301899187,81132,319.7914949355725,0.661821657520476,0.9899916185968545,0.818717567265523,0.763008065172116,0.005218120223322675,0.0010909638443492345,0.582181307517696,0.9928874109582411,CALI
5042,80336,1096.5409999999997,428.61531400332126,241.0316075509127,1.778253559184289,0.8268996552025965,81366,319.8233450920117,0.7876078431372548,0.9873411498660374,0.8395959183448327,0.7461780637393033,0.0053352832354526146,0.0010202512894663866,0.5567817028057357,0.9900990447029888,CALI
5043,80339,1107.539,433.02761238282466,237.39406057775096,1.8240878113334267,0.8363346729054761,81278,319.82931664323434,0.6540239990882301,0.9884470582445434,0.8230348585064188,0.7385887354464693,0.005390005008561529,0.0009894176433232337,0.5455133201284146,0.9950641981662707,CALI
5044,80340,1105.4879999999998,428.2028752347295,240.56285953325917,1.7800040956676775,0.8272754906088102,81292,319.8313071355319,0.7497340375893541,0.9882891305417507,0.8261019094932969,0.7469153656668205,0.0053298839337158265,0.0010232531495730445,0.5578825634692004,0.9930332478767596,CALI
5045,80344,1085.561,426.01559440014154,242.41250821562807,1.757399391376277,0.8223218724182036,81307,319.83926898084593,0.7248777495082914,0.988156001328299,0.8567514514964358,0.7507689229808618,0.005302394633079527,0.0010391469306203767,0.5636539757138432,0.990565153866327,CALI
5046,80355,1090.694,423.1654107172297,244.8939554423351,1.727953676736917,0.8155268647200559,81839,319.86116303357926,0.782637914913511,0.9818668361050354,0.8488225749038785,0.7558773825380518,0.005266198876451119,0.0010604310140258655,0.5713506174325766,0.9872674000985284,CALI
5047,80371,1097.029,432.09587955476496,238.55652924504957,1.8112934528440774,0.8337834278293478,81474,319.89300625351245,0.7851337358107184,0.986461938778015,0.8392145779815032,0.7403287589391798,0.005376266060578628,0.0009962285812004418,0.5480866713124263,0.9927457993393014,CALI
5048,80384,1072.144,407.67306824323936,251.3207180120646,1.6221228057436519,0.7873735919423672,80950,319.9188765358982,0.7856751896160763,0.9930080296479308,0.878765985731776,0.7847437112157177,0.005071569817914502,0.0011864065820912,0.615822692292618,0.9989400334623111,CALI
5049,80388,1087.792,428.2023714816995,241.22820381680754,1.7750924838244995,0.826217725955317,81386,319.92683620192014,0.7681752159620824,0.9877374487012508,0.8537080307031264,0.747139337633475,0.005326695171937347,0.0010238681167497388,0.5582171898393877,0.9908871380255309,CALI
5050,80416,1078.826,413.62055437930434,248.94456734303301,1.6614966086380032,0.7985963306647137,81066,319.9825483200964,0.7922758620689655,0.9919818419559371,0.8682594561749689,0.7736137504101436,0.005143510674235281,0.001136412834147487,0.5984782348236481,0.9943695575031499,CALI
5051,80421,1114.4709999999998,436.1660601474491,239.21367017862642,1.823332503622196,0.8361857659216756,82594,319.9924958919295,0.727344258736705,0.9736905828510546,0.8136577941825751,0.7336483168446295,0.005423534402052314,0.0009692010233913218,0.5382398528089579,0.9813902183713995,CALI
5052,80507,1078.504,423.3708414788605,243.36673982188756,1.7396413404260263,0.8182720637652076,81055,320.16354575122034,0.7742993440667859,0.9932391585960151,0.869761114356491,0.7562248373857522,0.005258807823901778,0.0010608911142702495,0.5718760046791073,0.9948591393374427,CALI
5053,80519,1089.001,425.89487271242166,242.18138481424376,1.758578071717149,0.8225856490910026,81383,320.18740590868117,0.7946136917626393,0.9893835321873119,0.8532016358792619,0.7517991561379569,0.005289371113804464,0.0010422961593272721,0.5652019711697441,0.9939517925904204,CALI
5054,80534,1123.8020000000001,447.8295685476232,231.7573438697304,1.9323209399541008,0.8556757219481697,82362,320.21722860536653,0.6639077351755521,0.9778052985600155,0.8013265514739576,0.7150426213344462,0.005560751589982159,0.0008966872099543876,0.5112859503248363,0.9879685481170135,CALI
5055,80580,1081.249,423.2753598634114,244.23419119850254,1.733071679220344,0.8167369547341109,81322,320.3086675610877,0.8054778088764494,0.9908757777723125,0.8661352012533715,0.7567382794605609,0.005252858772194234,0.0010625718351894348,0.5726528236009302,0.9924483906083355,CALI
5056,80594,1114.614,446.80222107519404,233.08449751781004,1.91691093072826,0.8531457372506589,82168,320.33649162776584,0.7114708946132523,0.9808441242332782,0.8151989050620654,0.7169536687998138,0.0055438645690149896,0.0009035594677997728,0.5140225632055131,0.9853354700496061,CALI
5057,80599,1106.493,434.394910284079,239.280659892285,1.8154200614442761,0.8346130404923919,82146,320.3464282087587,0.6756672926027765,0.9811676770627906,0.8272602862437309,0.7374543776290182,0.005389581884193092,0.0009832760687029797,0.5438389590842027,0.9872961565164343,CALI
5058,80627,1103.644,414.04347750185553,250.02981782641572,1.655976399540102,0.7970802900362324,82387,320.4020673674906,0.757972022712744,0.97863740638693,0.8318257333803815,0.7738367702364173,0.005135295589589784,0.0011359066920878808,0.5988233469699296,0.9916373300758174,CALI
5059,80689,1074.372,430.38063248520507,239.86413758299514,1.7942683588383008,0.830290920662565,81353,320.52523399123436,0.7957652024694767,0.9918380391626614,0.8784455244601782,0.7447482758236172,0.00533382037805903,0.0010121763248716446,0.5546499943422508,0.995190935078143,CALI
5060,80728,1107.051,425.12604112995837,244.0028530960887,1.7422994679596762,0.8188874406190897,81858,320.6026855273988,0.7888292830690157,0.9861956070268025,0.8277492578828715,0.7541356080546301,0.005266153517118699,0.0010506814568311575,0.5687205153359268,0.9908814512875382,CALI
5061,80737,1095.419,419.11036400162345,250.48786894566427,1.6731762929906067,0.8017454511645938,83362,320.6205563018111,0.749563651218063,0.9685108322736978,0.8455162000221383,0.7650026910347871,0.00519105693797916,0.0010966988969159954,0.585229117290466,0.979191485018227,CALI
5062,80758,1084.3829999999998,418.93349291001374,248.33502489208095,1.686969017326774,0.8053650859140234,82018,320.6622509022885,0.7758850939136283,0.9846375185934795,0.8630381980830352,0.7654251959538749,0.005187516938383984,0.0010983741586209823,0.585875730601028,0.9883542055276219,CALI
5063,80835,1097.4509999999998,430.55828834493593,242.48814831581734,1.7755848742932188,0.8263242244604154,82824,320.8150847430134,0.7748159650333564,0.9759852216748769,0.8434105506787314,0.7451141771680325,0.005326384466443198,0.001012753099275724,0.5551951370167941,0.9857960875681708,CALI
5064,80856,1106.2649999999999,432.72538307122727,239.6112183744433,1.8059479268412306,0.8326990538134005,81929,320.85675406496637,0.7365410191477345,0.98690329431581,0.8302402266406103,0.7414789300958405,0.005351802996329614,0.0009978726959659105,0.5497910037760725,0.9928939234653573,CALI
5065,80862,1102.8149999999998,426.12766503393055,244.8878290506354,1.7400932773421756,0.8183769223273506,82724,320.86865859160304,0.7846337463733662,0.9774914172428799,0.8355049238807543,0.7529871560112243,0.005269813571689181,0.0010450216493929525,0.5669896571178721,0.9866148906733545,CALI
5066,80881,1130.6119999999999,433.42169463160144,239.00850957462794,1.8134153273579157,0.834210819514577,82038,320.90635334583936,0.773610712577714,0.9858967795411883,0.7951136238542736,0.7404021471943218,0.0053587578619404,0.0009933780847016618,0.5481953395699621,0.9941058311623465,CALI
5067,80915,1088.2209999999998,422.5131154807558,245.09819907263116,1.7238523868367976,0.8145480624947847,81576,320.97379606791225,0.7235147895132158,0.9918971266058645,0.8586273095247073,0.7596777101290519,0.0052216908543626745,0.001072774531308898,0.5771102232669197,0.9948528358465967,CALI
5068,80933,1117.231,428.61173342623874,243.6083047880304,1.75942989217541,0.822775895427481,83214,321.0094953020096,0.7671301693822807,0.9725887470858269,0.8147972371962015,0.7489517207938341,0.00529588342735644,0.001027858830672069,0.5609286800800452,0.9869146871113289,CALI
5069,80942,1087.684,421.33062825898185,246.42075033441972,1.709801742293173,0.8111319980505798,81812,321.0273434303588,0.7641011601891797,0.9893658631985528,0.8597621365906531,0.761936877831324,0.0052053399750312795,0.0010821932939538313,0.580547805799346,0.9926216498402003,CALI
5070,80946,1093.51,422.83780951816544,245.39768518042038,1.7230717119735184,0.8143608226511527,81704,321.0352756133389,0.6782805429864254,0.9907226084402232,0.8506673002237689,0.7592397566792025,0.005223702338820515,0.0010707151548126337,0.5764450081222947,0.993256087003871,CALI
5071,80953,1101.021,425.8791250171525,244.76476489153063,1.7399527468991873,0.8183443265970483,81973,321.0491564619749,0.8006745395921112,0.987556878484379,0.8391732022386756,0.7538504181181562,0.005260819549827091,0.0010480304193439106,0.5682904528969188,0.988798534554577,CALI
5072,80972,1107.587,422.9895057064876,245.71437182837914,1.7214683152596686,0.8139753235329326,82215,321.0868300262338,0.7443784588795529,0.9848811044213343,0.8294477455721989,0.7590893525595785,0.00522389845510161,0.001069907145992067,0.5762166451693203,0.9919386973842079,CALI
5073,80978,1105.56,426.98451301374456,243.10437592830706,1.7563834932352878,0.8220940304185842,81742,321.0987260229539,0.7976792064383306,0.9906535196104818,0.8325537396961377,0.7520149238120442,0.005272845871887977,0.0010402331190427297,0.5655264456360346,0.9932813141031545,CALI
5074,80984,1080.886,414.67258213876516,252.43717122494965,1.6426763939976403,0.79335241960044,82866,321.1106215789699,0.7688159793422952,0.9772886346631912,0.8710624738791962,0.7743714810436011,0.005120426036485789,0.0011357513472180208,0.5996511906536603,0.985032855519346,CALI
5075,80987,1094.0349999999999,425.6211603022421,244.00518668117687,1.7443119389850066,0.819351167329422,81826,321.11656919172924,0.7613563719775881,0.9897465353310684,0.8502815267456808,0.7544657059900357,0.0052554256893358456,0.0010503781469518429,0.5692185015150429,0.9928946280838443,CALI
5076,81029,1076.7519999999997,415.0172132671736,250.70244339287225,1.6554175047141682,0.7969257903549578,82216,321.1998242065918,0.7509360172004745,0.985562420939963,0.8782516391042189,0.7739433785841904,0.005121835556000612,0.001133553832234767,0.5989883532543115,0.9915758050971012,CALI
5077,81059,1095.0349999999999,428.1097552415273,242.57304381900468,1.7648694533468459,0.8239832573170799,81937,321.25927886473187,0.7788443060840156,0.9892844502483615,0.8494838069722636,0.7504133576294858,0.005281458631879585,0.0010330845564188818,0.5631202073087587,0.9938336524415713,CALI
5078,81071,1101.594,425.3944329451804,245.59931902736653,1.7320668258765806,0.8165003564179556,82803,321.2830576473406,0.7789147018696797,0.9790828834704056,0.839522365254207,0.7552591965601572,0.00524718373950217,0.0010531497373688914,0.570416453988694,0.9879994168879719,CALI
5079,81074,1099.966,445.04817120341346,232.5472870260894,1.913796444993502,0.852626041645481,81570,321.2890020680113,0.7807588597842835,0.9939193330881452,0.8420404254867633,0.7219196097340285,0.005489406853040598,0.0009197303931730849,0.521167922918532,0.997409318126134,CALI
5080,81097,1102.692,428.01701843021783,242.5248386026545,1.764837865252508,0.823976283335792,82084,321.33457230647855,0.8036248687000812,0.9879757321767945,0.8381200017131173,0.7507518590849388,0.005277840344651686,0.0010342408244200865,0.5636283539194918,0.994712660927061,CALI
5081,81102,1092.9869999999999,414.4975129540613,254.08102711229301,1.631359561416095,0.7900940410796415,83068,321.34447802492446,0.7833671399594321,0.9763326431357442,0.8531225769736321,0.7752627409866728,0.005110817402210319,0.0011388480355204367,0.6010323175621689,0.9804998179751191,CALI
5082,81131,1065.688,402.65784847547997,257.9605814390153,1.5609278217209814,0.7678375349340197,81950,321.4019251714409,0.791028041028041,0.9900061012812691,0.8977109901422283,0.7982010691914101,0.004963057875232401,0.00124273440841098,0.6371249468583102,0.9945060554636381,CALI
5083,81143,1094.184,432.644057866192,240.0995234400921,1.8019363456760138,0.8318779937234096,81813,321.4256934012048,0.7908057851239669,0.9918105924486329,0.8516873651916317,0.742933336439386,0.00533187160773193,0.0010019794867420309,0.5519499423929578,0.9945786621916528,CALI
5084,81169,1095.175,430.5853201041911,240.98147425627613,1.7867984310124907,0.8287221730027676,81866,321.4771852038779,0.8000019712007569,0.9914860870202526,0.8504191215566794,0.7466050749851116,0.005304800109699406,0.001016746151765617,0.5574191379935243,0.9959956411831641,CALI
5085,81173,1093.805,427.6173102598303,244.05001652729862,1.7521707900068855,0.8211443074505038,82655,321.48510628765894,0.7823903614457831,0.9820700502086989,0.8525927835531075,0.751805641573109,0.005267974699220557,0.0010381157130202713,0.565211722701154,0.9903474706864339,CALI
5086,81186,1087.941,420.37568577789705,248.21097476099112,1.6936224765350842,0.8070739576117957,82401,321.51084846217697,0.7453248505880085,0.9852550333127025,0.861946520395459,0.7648178982265051,0.005177933212350615,0.001092869681792202,0.5849464174476088,0.9906784001579443,CALI
5087,81209,1103.917,440.0177370373944,237.98179053141206,1.8489554854379284,0.8411216967230428,82641,321.5563872610803,0.8197629815069046,0.9826720393025253,0.8374158639478205,0.730780512226836,0.005418337093639799,0.000953221025479515,0.5340401570505168,0.9874164778226856,CALI
5088,81233,1084.6249999999998,422.1094261247271,246.678379387605,1.7111731768817398,0.8114697777953962,82039,321.6038991328797,0.7522688546451326,0.9901754043808433,0.8677270487613263,0.7618969850672097,0.005196280158614444,0.001080083523160834,0.5804870158545041,0.9933138110583528,CALI
5089,81239,1076.372,415.90775662119984,250.40994895263083,1.6609074773617547,0.7984353917048914,82256,321.6157760041318,0.7977042644907257,0.9876361602801011,0.8811496018021561,0.773286313813697,0.005119557806240843,0.0011292068629027527,0.5979717231315753,0.9931757062001264,CALI
5090,81272,1094.556,422.5549309171075,246.94731545146408,1.7111136848951007,0.8114551448822451,82543,321.681090957669,0.8032020556406582,0.9846019650364053,0.8524616284968272,0.7612763866214902,0.005199268270955649,0.0010771877983498318,0.5795417368274727,0.9916617968533635,CALI
5091,81277,1086.749,410.10826902209783,254.0083983014238,1.614546100697959,0.7850999244302658,81916,321.69098600588705,0.7613841815848392,0.9921993261389717,0.864806670160201,0.7844050225394343,0.005045809626611438,0.0011783439785788639,0.6152912393850904,0.9934160713428123,CALI
5092,81286,1076.791,409.97314831560664,254.27997826788993,1.612290323085093,0.7844155082825882,82185,321.7087963257182,0.8140892748049555,0.9890612642209649,0.880973374367323,0.784706992756656,0.005043588666136932,0.001179640063537867,0.6157650644811946,0.9927920547568982,CALI
5093,81311,1091.0659999999998,410.57441877107294,254.37241548584348,1.6140681684642906,0.7849552063023577,82170,321.75826426365614,0.7435848193872885,0.9895460630400389,0.8583355918980382,0.78367830423225,0.005049432656972278,0.0011748262507845417,0.6141516845243353,0.9912826845994528,CALI
5094,81342,1096.012,421.5484703933596,249.07737448224705,1.6924398342869371,0.8067719439583345,82596,321.81959394643394,0.7619716726618705,0.9848176667150952,0.8509305033521946,0.7634225161489363,0.005182420771475494,0.0010858561441550432,0.5828139381631728,0.9863775249249973,CALI
5095,81344,1093.159,426.34543414301464,245.3464950467181,1.7377278369590374,0.8178270356052806,82172,321.8235502988199,0.8046850269072491,0.989923574940369,0.8553989625321647,0.7548422582399849,0.005241264680160979,0.001049640732048653,0.56978683482484,0.9901344440079056,CALI
5096,81376,1089.81,434.39507264879336,239.86142563626512,1.8110251429403508,0.8337292617243651,81989,321.88684532358354,0.809808136294881,0.99252338728366,0.8610029218433752,0.7410002221268926,0.005338122697709316,0.0009927540496113552,0.5490813291921042,0.9944000926860086,CALI
5097,81378,1088.355,436.62020648538777,238.52618648086593,1.8304917079635301,0.8375887352627553,82133,321.89080084938445,0.7787368421052632,0.9908075925632815,0.8633277935098341,0.7372329454023037,0.00536533469101462,0.0009776772737538372,0.5435124157865561,0.9948949702725174,CALI
5098,81401,1126.9699999999998,443.1299594165079,236.74202841730357,1.8717840781333754,0.8453267445063493,82933,321.93628590295157,0.6794287526709402,0.9815272569423511,0.8054060612838932,0.7265053491911531,0.005443790118260315,0.0009354840795783971,0.5278100224033593,0.987946396213828,CALI
5099,81409,1095.4660000000001,419.1968832756315,250.751708825877,1.6717608236389867,0.8013679724348907,83280,321.9521052848464,0.7945054408822525,0.9775336215177713,0.8524805485490989,0.7680212285193819,0.005149269531324933,0.0011051425109463672,0.5898566074564209,0.9860991679102444,CALI
5100,81433,1085.6409999999998,428.0288250080976,243.4851399621838,1.7579258638723319,0.8224397676331003,82276,321.99955876742825,0.805565447926559,0.9897539987359619,0.8682360731098908,0.75228475269472,0.005256208478234839,0.0010384399406067099,0.565932349136956,0.9948671137498816,CALI
5101,81456,1095.2949999999998,433.7802301959325,239.8902840748211,1.8082442641179985,0.8331662318330053,82228,322.0450284602254,0.7446248354541466,0.9906114705453131,0.8532390695850425,0.7424151817955422,0.0053253318379976,0.000997961564136246,0.5511803021605082,0.9966686198765643,CALI
5102,81478,1117.727,440.74349474596465,236.25934726232356,1.8655071211070358,0.844187967221067,82197,322.0885152034012,0.7596591332885806,0.9912527221188121,0.8195562001275148,0.7307845017407376,0.005409355835267983,0.0009516617786373113,0.5340459879844581,0.9962665935836491,CALI
5103,81494,1097.336,428.7057345127228,246.83472377080406,1.736812908506314,0.8176136426127061,83718,322.120138238278,0.7537365889752127,0.9734346257674574,0.8504646067395869,0.7513781885945786,0.00526058034349428,0.0010343029336657016,0.5645691822956703,0.9805510435559746,CALI
5104,81506,1109.772,435.6977307393086,239.74016670684804,1.8173747717130588,0.8350037583035121,82324,322.143853477269,0.7643098274568643,0.9900636509401876,0.8316333898376178,0.739374641521871,0.005345590885815874,0.0009854479404880275,0.5466748605255954,0.9935130998489723,CALI
5105,81511,1102.379,426.7298798788018,244.23819700672834,1.7471873159424205,0.8200105001924786,82369,322.15373431159827,0.7732024283817113,0.9895834597967682,0.842877037131121,0.7549359665254637,0.0052352428491712994,0.0010489554911421739,0.5699283135537362,0.9957715204375425,CALI
5106,81552,1115.057,427.5548742964399,245.76047180188672,1.7397218973484958,0.8182907615801084,83067,322.23474572466887,0.7233121651825309,0.9817617104265232,0.8242336546678511,0.7536687454561712,0.005242727024431527,0.0010434196961931126,0.5680165778774791,0.9881908785904076,CALI
5107,81562,1111.367,432.30766107083554,241.11576320672648,1.7929464889451712,0.8300149591349246,82251,322.25450151656423,0.7725430021974691,0.9916232021495179,0.8298177811572228,0.7454286160886735,0.005300356306501012,0.0010095063870390532,0.5556638216838752,0.9962754981219597,CALI
5108,81585,1101.981,408.0632573525441,258.61607896320277,1.5778727254255736,0.7735259095351613,83500,322.29993524234266,0.7456473061280446,0.9770658682634731,0.8442517483094015,0.7898283646838934,0.005001694641815825,0.0012006815630347695,0.6238288456592332,0.9843225208994238,CALI
5109,81585,1111.999,443.1497148959668,236.52885341092673,1.8735545727525813,0.8456456081494904,82719,322.29993524234266,0.7589161131885919,0.9862909367859863,0.8291085400188404,0.727293563345754,0.005431754794336787,0.000937473273348952,0.5289559272841643,0.9910277963478278,CALI
5110,81589,1105.0699999999997,431.5228587763385,242.80635986427222,1.7772304605923752,0.8266794049656029,82925,322.30783610610086,0.7096423477020491,0.9838890563762436,0.8395796359381105,0.7469079089345656,0.005288983303831871,0.0010153603296958974,0.5578714244290054,0.9914660885892856,CALI
5111,81592,1092.9769999999999,432.9595097012292,242.33491939849714,1.7866162696481547,0.8286836342957479,82729,322.3137616268213,0.8085460599334073,0.9862563309117721,0.8582926566304807,0.7444431971230733,0.005306396579336567,0.001005323256719285,0.554195673742823,0.9901350072775481,CALI
5112,81614,1097.739,428.1400400019516,243.87138662652765,1.7555976776300484,0.8219174757174662,82452,322.35721211726525,0.7879016064257028,0.9898365109396983,0.8510916699349597,0.7529247021974301,0.00524591418141436,0.0010399372334213553,0.566895607179089,0.995240611422285,CALI
5113,81641,1118.031,433.6838380708376,242.09493379060837,1.7913792382203977,0.8296868591957889,83249,322.4105297159561,0.6737390242292203,0.980684452666098,0.8207492387408551,0.7434229764017487,0.005312083855793506,0.00100089519041408,0.552677721842035,0.9900553963347695,CALI
5114,81644,1096.482,414.3814878106264,255.3050706884114,1.6230836571058973,0.7876591929097678,83595,322.41645334932525,0.7549703168056814,0.9766612835695915,0.8533577260026491,0.7780667400293484,0.005075467735664916,0.0011474221726671663,0.6053878519398975,0.9825951286940924,CALI
5115,81666,1105.0209999999997,440.44526137240223,239.5092586713834,1.838948789769799,0.8392220185880955,83062,322.45989000237194,0.775187470336972,0.9831932773109243,0.840446524107562,0.7321225093842657,0.005393251308652343,0.0009557965502389366,0.5360033687471143,0.985682746270041,CALI
5116,81676,1102.7849999999999,427.1439930697889,245.50832752489498,1.7398350490839287,0.8183170197676243,83192,322.4796320014477,0.7525799793601651,0.9817770939513415,0.8439614779897868,0.7549670304008218,0.005229736924797846,0.0010480247782265386,0.5699752169922354,0.9916628596323087,CALI
5117,81696,1116.1419999999998,434.1408751931955,242.82226288480734,1.787895681538673,0.8289540242869413,83499,322.5191123742651,0.7371422384235031,0.9784069270290662,0.8240845188028478,0.7428904551563867,0.005314101977981731,0.0009984096290572397,0.5518862283624636,0.9867150043899147,CALI
5118,81699,1087.782,423.3148574851006,247.8588311102757,1.7078869273645618,0.8106587871549633,82699,322.52503401335855,0.7910820624546114,0.9879079553561712,0.8676465987326997,0.7619034113980052,0.005181395824735928,0.0010770260458266177,0.5804968082999179,0.9914229102722815,CALI
5119,81699,1101.859,414.10862210237127,252.46941057868867,1.6402328549553276,0.7926557005151145,82600,322.52503401335855,0.7206530943476113,0.98909200968523,0.8456186605513595,0.778841629464135,0.005068711025867774,0.0011504663534762484,0.6065942837863488,0.9949558738944649,CALI
5120,81701,1069.534,405.4028714318865,258.92314680629886,1.5657266506774288,0.7694715514269861,83006,322.5289817123533,0.7500527876467726,0.9842782449461485,0.8975280824221022,0.795576460949026,0.004962030714824623,0.0012262158088280565,0.6329419052161772,0.9910140093275158,CALI
5121,81718,1091.632,413.18232996411484,254.23525580372413,1.6251968227534177,0.7882851613628865,82978,322.5625352031262,0.7247780468119451,0.9848152522355323,0.8617376676097146,0.7806784361546655,0.005056197287796016,0.0011584905832434322,0.6094588206768944,0.9904905389631335,CALI
5122,81767,1094.281,425.28119293387715,245.72819061964563,1.7306976129253138,0.8161771932555377,82504,322.6592286830799,0.6854472294408585,0.9910670997769805,0.8580848033528375,0.7586962086358873,0.005201134845767573,0.0010630398165851747,0.5756199369984698,0.9962240509154713,CALI
5123,81774,1082.182,400.88468801577613,261.5088529799979,1.5329679414197066,0.757935619156183,82581,322.67303967200786,0.8211560089974294,0.9902277763650235,0.8774542744000701,0.8049023804553733,0.004902349010880917,0.0012692782450705858,0.6478678420627267,0.9931606321589258,CALI
5124,81788,1100.3919999999998,422.51434195568214,248.70608094364488,1.6988500657184213,0.8084000521812836,82525,322.7006598766099,0.7927651985111662,0.9910693729172978,0.848798500455077,0.7637626178153692,0.005165969848335723,0.0010843393597353352,0.583333336372186,0.9909958768316341,CALI
5125,81804,1103.196,438.34784539064964,238.55253287133246,1.8375317172887882,0.8389501375860348,82342,322.7322229302727,0.8127086313781593,0.9934662748050812,0.8446543967694938,0.7362468558335404,0.005358513586018405,0.0009712206581850387,0.5420594327247742,0.9960514002873407,CALI
5126,81815,1100.953,426.40008242652544,246.6120651788078,1.7290317167465472,0.815782797494214,82888,322.7539207391714,0.6946425539140771,0.9870548209632275,0.8482136171808046,0.7569274351507338,0.005211759242516965,0.0010553125303598377,0.5729391420838684,0.9906299484285649,CALI
5127,81817,1092.464,404.74186537544756,258.08558794106426,1.568246675858062,0.7703222524780986,82640,322.7578656386189,0.7323397780164698,0.990041142303969,0.8614679924057577,0.797441266272817,0.0049469164767156895,0.0012339829648554512,0.6359125731547939,0.9972677789863523,CALI
5128,81835,1085.899,414.761970276533,253.54524672571475,1.6358499148880614,0.7913966216031877,83167,322.79336756414625,0.7666113968280733,0.9839840321281278,0.8721076265511881,0.7782617276818585,0.005068271158752771,0.0011469442279464282,0.6056913167743514,0.9908200889937608,CALI
5129,81837,1095.937,433.83818558602906,241.5270263613646,1.7962303934340458,0.8306992358215823,82554,322.797311981515,0.7719961889309197,0.9913147757831238,0.8562259493277223,0.744050023041379,0.005301247425810196,0.001002227638637947,0.5536104367878766,0.9944118926806815,CALI
5130,81862,1110.904,435.6896775392629,241.3358116953396,1.8053254279943918,0.8325720570885022,83105,322.84661313247483,0.6589233394507228,0.985043017868961,0.8335643911413193,0.7410012900830798,0.005322245700560247,0.0009898070410999838,0.5490829119047886,0.9912733429389196,CALI
5131,81863,1097.7239999999997,424.94510590541995,247.96291047826452,1.7137446285244704,0.8121005568538405,83241,322.848585021918,0.7609075530273456,0.98344565778883,0.8537116364734754,0.7597418596786344,0.005190930040499615,0.0010668151155393158,0.5772076933479499,0.9891865840180487,CALI
5132,81887,1101.864,418.652326748594,252.03670968132758,1.6610767823383086,0.7984816633178584,83140,322.89590675592075,0.7746748025164373,0.9849290353620399,0.8475568467339415,0.7712746021589026,0.005112561539054966,0.0011159749159233134,0.5948645119353735,0.9881156294128585,CALI
5133,81899,1111.8020000000001,433.4177780291965,243.03709162598545,1.7833400454618327,0.8279881791293024,83065,322.919565022414,0.6891244898817788,0.9859628002166978,0.8325945449392971,0.7450538058008803,0.005292100978390414,0.0010059084003704467,0.5551051735383761,0.9899412854140259,CALI
5134,81910,1103.621,432.4941872754202,244.2091144996415,1.7709993673313742,0.8253284540300737,83523,322.9412502441538,0.7426783933266842,0.9806879542162039,0.8450976196265225,0.7466950071134689,0.005280114604754245,0.0010125024929048597,0.5575534336481833,0.987426778244368,CALI
5135,82011,1094.2489999999998,427.807331489538,247.03027141545672,1.7318012445934188,0.8164377435347275,83221,323.1402919836451,0.8118614872891423,0.9854604006200358,0.8606957425422762,0.7553407064309451,0.005216462809739401,0.0010474358606942823,0.5705395827915991,0.9880611595683012,CALI
5136,82038,1107.55,421.65572531269436,250.3074429109483,1.6845512878444708,0.8047381876546684,83311,323.1934803967792,0.707712215320911,0.9847199049345224,0.8404236115911969,0.7664866406286862,0.0051397611510847945,0.0010943117421553677,0.5875017702622487,0.9896768637061776,CALI
5137,82040,1099.858,427.01192079318633,248.24801552180784,1.7201020515536594,0.8136458417847119,83889,323.19741993102724,0.7419868316330223,0.9779589695907688,0.8522407173698769,0.7568814925135561,0.005204923461642934,0.0010536725202658576,0.572869593709548,0.9853941634125049,CALI
5138,82058,1124.551,446.2305721015473,235.79228798821518,1.8924731419708254,0.848989893718094,82908,323.23287357859806,0.721642775481488,0.9897476721184928,0.8154033277620388,0.7243629051598037,0.005437989862067651,0.0009235128948244826,0.524701618371551,0.992983720316786,CALI
5139,82073,1106.614,424.22116254079737,249.38967087473154,1.7010374208877468,0.8089506592846778,83672,323.262415314631,0.7713772815278482,0.9808896644038627,0.8422050707695004,0.7620138829909101,0.005168827294491457,0.0010750367704648008,0.5806651578708845,0.9877331625440658,CALI
5140,82086,1107.548,447.2114597878377,235.48521031260393,1.8991063565910131,0.8501358305444643,82699,323.2880159689353,0.833208144704521,0.992587576633333,0.8409183760394768,0.7228974322847337,0.0054480844454332985,0.0009177625285357051,0.522580697603861,0.9924363246512586,CALI
5141,82095,1114.935,434.2286665582114,241.70904093443102,1.7964932750529825,0.8307538267758708,82787,323.3057383113284,0.6804956896551724,0.9916411997052678,0.8299032649421694,0.7445518069406112,0.005289343645267207,0.001002677418675818,0.5543573932185293,0.9958993288929895,CALI
5142,82115,1105.638,449.15851967417456,234.30102582849386,1.9170147381384253,0.8531630099278448,82762,323.3451178167499,0.8046230427028828,0.9921824025518958,0.8441243880327576,0.7198908707137709,0.005469871761239415,0.0009061989856920835,0.5182428657370313,0.9934792115529819,CALI
5143,82124,1107.831,437.31675396554084,240.8695710371208,1.8155749274703745,0.8346440486498472,82957,323.3628370295982,0.7271407194907076,0.9899586532782044,0.8408778855199455,0.739424762708904,0.0053250785880563645,0.000981932753793459,0.5467489797071191,0.9926637391762542,CALI
5144,82134,1100.982,433.7330938746079,243.38129203820932,1.7821135315795535,0.8277266845759796,83687,323.38252390517,0.7656611231262584,0.9814427569395485,0.8514759787079784,0.7455795475884526,0.00528079837673324,0.001006596216112249,0.5558888617822016,0.9906570626364178,CALI
5145,82174,1110.342,433.7984636604206,243.79602758798083,1.779350008087691,0.8271352095626383,83674,323.46125942540203,0.8113546603475513,0.9820732844133183,0.8375885968106447,0.7456486975449709,0.0052790233365835985,0.0010066312277577673,0.5559919801505117,0.9893043343775043,CALI
5146,82203,1109.738,432.65538031191414,245.0023249679816,1.7659235697802305,0.8242157355095644,83666,323.51833069528624,0.8150369826885324,0.9825138048908756,0.8387965129759163,0.7477506242082376,0.005263255359438392,0.0010149890128336972,0.559130996003809,0.9873826044378221,CALI
5147,82219,1080.2689999999998,417.20891567480135,252.36484704972025,1.653197426472808,0.7963102311055795,83108,323.5498139832263,0.7503650567663271,0.9893030755161958,0.8853565962620169,0.7755103062932174,0.005074361348043656,0.0011321694930070706,0.6014162351669999,0.9942597722170493,CALI
5148,82272,1161.2769999999998,439.7710967365869,239.0191387952021,1.8398990932412085,0.8394039438165394,83224,323.654080500233,0.7895282330812636,0.9885609920215322,0.7666378723096966,0.7359603277750074,0.005345331300279401,0.0009673240979488479,0.5416376040586964,0.9965585365729361,CALI
5149,82389,1085.5749999999998,415.3920520665263,253.78630262366104,1.6367788480787708,0.7916644870060272,83043,323.8841349173888,0.7998932038834952,0.9921245619739171,0.8785357303175337,0.7797071063495403,0.005041838741416042,0.0011494621722334401,0.6079431716919735,0.9950685242593428,CALI
5150,82399,1095.949,425.5856626627827,249.07559975069205,1.7086605957739953,0.8108502097196078,84147,323.90379010847136,0.7700265400717703,0.9792268292393074,0.86208703883776,0.7610777771081071,0.005164937228155472,0.0010689588191912442,0.5792393828078174,0.9897235089241668,CALI
5151,82415,1090.1129999999998,398.945244587111,264.78889810050293,1.50665397019662,0.7479789877442591,83412,323.9352359335866,0.7794707373359059,0.9880472833645039,0.8715114341615947,0.8119791884443789,0.004840687309192635,0.0012979751711604884,0.6593102024667921,0.9933523341377298,CALI
5152,82442,1117.9199999999998,429.4701703280025,248.57778467842772,1.727709380319669,0.8154687896007828,84580,323.98829384262683,0.7807894836534455,0.9747221565381887,0.828966406272996,0.75439068002135,0.005209361373183602,0.0010407573954869585,0.5691052981030749,0.983248561922304,CALI
5153,82455,1101.3809999999999,420.81237068645913,252.36480521419014,1.6674764546874994,0.8002184536936698,84427,324.01383714455443,0.7100415923945336,0.9766425432622265,0.8541845260434263,0.7699722244761958,0.005103539757279233,0.0011065002106825153,0.5928572264648214,0.9885754661214241,CALI
5154,82487,1101.453,430.1606150819936,245.74297793912123,1.7504492648760805,0.8207539088623543,83172,324.07670438735545,0.7711443716286331,0.9917640552108883,0.8544043142229111,0.7533853472977359,0.005214889801811117,0.0010363192740619632,0.5675894815229302,0.9935365906832087,CALI
5155,82497,1123.734,435.9144000193333,244.62878445952842,1.7819423866346003,0.8276901467110193,84492,324.096347899844,0.7391409525857434,0.9763882971168868,0.8209580719765637,0.7434862162972132,0.005284003054890884,0.0009959430571966864,0.5527717538239466,0.9850074182732372,CALI
5156,82533,1128.423,454.7800821938946,233.04298542374727,1.9514858229564722,0.8587289631862798,83741,324.1670546888243,0.8010890454836643,0.9855745692074372,0.8145047784633803,0.7127995868355033,0.005510281732081648,0.0008774519109494928,0.5080832509928642,0.9915172611942092,CALI
5157,82553,1115.7759999999998,438.2728411655796,241.11000563856803,1.8177297951813964,0.8350745674710874,83452,324.20632957504375,0.8138432114831027,0.9892273402674592,0.8332756537997592,0.7397362992258936,0.005308987452492092,0.0009806164689445955,0.5472097923924208,0.9946795438467295,CALI
5158,82583,1119.357,421.26211992074184,251.4297785122196,1.6754662968462517,0.8023537528076793,84070,324.2652329850734,0.8043380863331775,0.9823123587486619,0.8282535013457429,0.7697469524344656,0.005101075523058521,0.0011046722100097534,0.5925103707821474,0.9927311567773641,CALI
5159,82602,1118.8229999999999,441.62570630299456,240.62627718446834,1.8353178691470862,0.8385239479578799,84018,324.3025329444929,0.7145501730103806,0.9831464686138685,0.82923505928973,0.734337988744687,0.0053464287342073384,0.0009590196984030657,0.5392522817135922,0.9896993486072944,CALI
5160,82619,1114.99,442.4189292177081,239.70901089699038,1.8456499718645447,0.8404980658341128,83605,324.33590295629375,0.8085000195717696,0.988206446982836,0.8351180171216075,0.7330968038139539,0.005354929607205463,0.0009540669094385544,0.537430923762235,0.9919093693209052,CALI
5161,82638,1117.3829999999998,451.42904407212774,235.63571004221964,1.9157921521794963,0.8529593814681076,83632,324.3731947893111,0.8042392922834369,0.9881145972833365,0.8317360825754126,0.7185474639896762,0.005462729544182189,0.0008982791222356815,0.516310458005995,0.9891435235360865,CALI
5162,82640,1130.9509999999998,448.0703902262397,237.87267523254872,1.8836564131975133,0.8474455135637312,84169,324.3771199960223,0.7764436176409794,0.9818341669735888,0.8119187944883943,0.7239423248481959,0.0054219553512371696,0.0009186531577284819,0.5240924897066107,0.987210179344509,CALI
5163,82691,1103.441,436.4676804603554,243.49353288379888,1.792522681366854,0.8299263337760638,83931,324.4771967237379,0.7210208743874579,0.9852259594190466,0.8534338696893662,0.7434163198097559,0.0052782972809659505,0.000994493553153946,0.5526678245594815,0.9906696107845477,CALI
5164,82731,1111.05,434.6092630542486,244.0163727629839,1.781065992143035,0.8275028541611705,83717,324.5556666821345,0.7263476733977173,0.9882222248766678,0.8421916484439037,0.7467757691156779,0.005253281878065641,0.0010077930024930393,0.5576740493383122,0.9932542839771649,CALI
5165,82734,1124.761,441.1885252546853,241.86712230562227,1.8240946559789195,0.8363360213430286,84616,324.56155116421127,0.6716785061903795,0.977758343575683,0.8218137203308074,0.735652748395601,0.005332614466297837,0.000963410547188877,0.5411849662220015,0.9871726047816851,CALI
5166,82745,1117.639,434.80792306911235,246.67813001626578,1.7626529074159976,0.8234928368201526,84940,324.5831266857706,0.8035991764431668,0.9741582293383565,0.8324315425684072,0.746497727996043,0.00525479392191809,0.0010065825858113636,0.5572588579032544,0.9822539460664895,CALI
5167,82762,1112.693,438.525534543782,242.331721490336,1.809608464986991,0.8334428062736637,83578,324.6164678530212,0.7693923843522237,0.9902366651511163,0.8400209731007935,0.740245304508287,0.005298633848188565,0.0009814005957855527,0.5479631108465665,0.9915986838885517,CALI
5168,82769,1102.587,419.7589985620247,252.88350962957122,1.6598907503968765,0.7981571624193917,84000,324.6301955736476,0.7078145310255183,0.9853452380952381,0.8555626892380441,0.7733728084108705,0.005071451854704354,0.0011190968232892547,0.598105500789317,0.992789788521679,CALI
5169,82787,1093.3629999999998,427.02047863813425,248.5425314711471,1.718098210839646,0.8131609397655906,83424,324.66549276138034,0.8125772953024086,0.992364307633295,0.8702484592230172,0.760304268771401,0.005158061998117268,0.0010632026149708421,0.5780625811120148,0.9931682863619005,CALI
5170,82830,1093.7240000000002,419.027377104643,253.50043391991775,1.652965127614007,0.7962456508477389,84075,324.7497982915671,0.7503397046833953,0.9851917930419268,0.8701257901900127,0.7750085460656378,0.005058884185737571,0.0011257979822395815,0.6006382464747739,0.992834075734028,CALI
5171,82831,1106.714,420.2950813867517,252.1565468780958,1.6668021774185457,0.8000365826048129,83834,324.75175862488913,0.7483556792309638,0.9880358804303743,0.8498298097106722,0.7726756105576585,0.005074127819134765,0.0011156551685624586,0.5970275991506504,0.9951269022432708,CALI
5172,82842,1121.3360000000002,430.4318956576846,246.81552338758334,1.7439417494894025,0.8192660060073177,84293,324.77332151048114,0.7232582503928758,0.9827862337323384,0.8279210197077546,0.7545289389259573,0.005195817286614092,0.0010388126703005963,0.5693139196767311,0.9928503130897074,CALI
5173,82843,1116.382,429.198997584486,248.06603539724455,1.7301804211011043,0.8160548920159183,84069,324.77528170181773,0.7549093758827764,0.9854167410103606,0.8352952863108227,0.7567009325036624,0.005180872223174994,0.0010478032006188444,0.5725963012519125,0.9906949096209686,CALI
5174,82861,1120.2009999999998,429.1834536339267,248.52902871013845,1.726894664423636,0.8152749039441829,84461,324.8105631230307,0.7651909722222222,0.9810563455322575,0.829789857594541,0.7568105442389185,0.005179559185068086,0.0010481447409806872,0.5727621998712079,0.9890999869411332,CALI
5175,82870,1105.912,425.5896073341128,249.66071780652595,1.7046718886065313,0.8098600342489713,84088,324.82820239659446,0.7618968814357164,0.9855151745790125,0.8514635513566177,0.7632427972837815,0.005135629387403316,0.0010750391894428363,0.5825395676055716,0.9930388248982219,CALI
5176,82879,1099.5589999999997,409.282143768966,262.31049725909,1.560296473246775,0.7676211753813438,85153,324.8458407123378,0.682232758762615,0.9732951275938605,0.8614246419871111,0.793696587202467,0.004938309388011029,0.0012088602842984036,0.6299542725368434,0.9829154297459746,CALI
5177,82892,1101.3870000000002,423.5195824811713,250.00402369920957,1.6940510645169682,0.8071832229971985,83670,324.871316588872,0.7543316831683168,0.9907015656746743,0.8587022289580902,0.7670750775811294,0.005109293809790708,0.001091169280520766,0.5884041746460956,0.9967867184254464,CALI
5178,82896,1107.807,429.84032644564155,247.66136115982425,1.7355970444184512,0.8173294521481894,84124,324.8791549182034,0.765542462413653,0.9854025010698493,0.8488192670347332,0.7558135775780644,0.005185296352606176,0.0010437875268453109,0.571254164051353,0.9914670387392612,CALI
5179,82950,1111.2350000000001,426.1205902197249,249.6289111651505,1.7070161794593188,0.8104429794027047,84409,324.98495386060836,0.7778944801845565,0.9827151133173003,0.844139904700179,0.762659588200216,0.005137077639779685,0.0010720593544448938,0.581649647473723,0.9928853590144544,CALI
5180,82961,1110.8229999999999,439.3240902300122,241.8592954497324,1.8164449268451646,0.8348180761014822,83863,325.00650127462654,0.7788448900655288,0.9892443628298534,0.8448782217948364,0.739787570275207,0.005295549598365644,0.0009784055854035654,0.5472856491336945,0.9941142409040619,CALI
5181,83001,1119.895,432.2294072908437,246.75917620976762,1.7516244539713068,0.8210205569572703,84155,325.0848434679218,0.73975935828877,0.9862872081278593,0.8316461426708252,0.7521118137368539,0.005207520479161018,0.001027875207118469,0.5656721803625401,0.990845224054293,CALI
5182,83018,1118.78,444.7359468323097,240.21160785906278,1.8514340368315825,0.8415868189359298,84398,325.11813318365336,0.740306759407883,0.9836489016327401,0.8334753160570233,0.7310363272844258,0.005357102638371313,0.0009437686899348443,0.534414111809502,0.9894324763672311,CALI
5183,83039,1114.391,434.38831067484733,247.81119058187352,1.7529003014548337,0.8213093395851113,85152,325.1592510682468,0.7070277910224099,0.975185550544908,0.8402659838981965,0.7485451221352921,0.005231136100806216,0.0010130892819179172,0.5603197998725394,0.9821847461076864,CALI
5184,83051,1110.9319999999998,433.0473500180466,246.85592640508747,1.7542513818664467,0.8216143539322457,84323,325.18274466797897,0.7357198540094256,0.9849151477058454,0.8456288219316004,0.7509172949665377,0.005214234025093576,0.0010226775211146027,0.5638767838798621,0.9891816273236558,CALI
5185,83064,1105.94,422.44084232790294,252.09110908070014,1.6757466928064884,0.8024280324258362,84057,325.2081941524253,0.6884650769575056,0.9881865876726507,0.8534136263937099,0.7698313268204198,0.005085727178174696,0.0011018313911743689,0.5926402717540882,0.9931149754158517,CALI
5186,83074,1109.599,433.98912437610295,246.83933878615906,1.7581846010050886,0.8224976627364042,84328,325.2277693237908,0.8029887101763068,0.9851294943553742,0.8478965591669191,0.7493915194103861,0.005224126975661494,0.0010163155794086194,0.5615876493642071,0.9873747572267942,CALI
5187,83091,1122.204,432.52123462482575,247.96355616951394,1.7442935619504654,0.8193469412186327,84877,325.2610444113918,0.7451439332795265,0.9789577859726427,0.8291254098862159,0.7520117357787699,0.00520539209571224,0.001026908346465408,0.5655216507489985,0.9864357745450778,CALI
5188,83097,1138.925,447.9528602479597,238.97249079460798,1.8744955068195113,0.8458146527392664,83743,325.27278774723504,0.7608221937374108,0.9922859224054548,0.8050168243153536,0.7261317353062188,0.005390722411735197,0.0009244605927259612,0.5272672970188205,0.9883601791546478,CALI
5189,83108,1143.9759999999999,458.952240724562,234.28890489241698,1.9589158135136961,0.8598857910655666,85574,325.29431609520924,0.6294057951257933,0.971182835908103,0.7980293580573982,0.708775962356469,0.005522359348372744,0.0008596869762754561,0.5023633648143387,0.984087539464758,CALI
5190,83173,1107.6119999999999,426.6362051474275,250.91410100112307,1.7003277354488655,0.8087722892103291,84478,325.42149998772004,0.6846528703840898,0.9845521911030091,0.8519555293884279,0.7627610973036573,0.005129503626746992,0.0010710487614843036,0.5818044915598795,0.9892583136079883,CALI
5191,83266,1117.7779999999998,448.4737096842725,237.7470978343046,1.8863477778257953,0.8479195418299414,84030,325.60338439874675,0.7972386852158594,0.9909080090443889,0.8374645858646871,0.7260255782395205,0.005386036433649659,0.000923116970563942,0.5271131402580302,0.9943187007885119,CALI
5192,83287,1109.766,432.87644866662157,246.3195329353511,1.7573776773124772,0.8223170072575423,83902,325.6444410125214,0.7601398218457944,0.9926700197849873,0.8498147265480271,0.7522803377628784,0.005197407142370617,0.001026798782747556,0.5659257065846304,0.9945452037691203,CALI
5193,83296,1142.638,446.7658888085393,239.01331655420614,1.869209194071062,0.8448611773900523,84270,325.6620351196315,0.7025878066061608,0.9884419128990151,0.8017088622462246,0.7289321841202461,0.005363593555615387,0.0009340801138636242,0.5313421290463123,0.9931895928106597,CALI
5194,83343,1113.5259999999998,416.8090886485983,257.6891371517212,1.617488006113316,0.785987328258107,84140,325.75390001788566,0.8065321527072143,0.9905276919420014,0.8446528841349688,0.7815422189426415,0.005001128932826972,0.0011509529972856568,0.6108082399897878,0.9879750022186657,CALI
5195,83431,1088.656,424.55069591511443,251.8191175247201,1.685935127119322,0.8050973960806741,84489,325.92583275463045,0.7292855831679793,0.9874776598137036,0.8846184075187963,0.7676959097949442,0.005088644459674634,0.001090281838251653,0.5893570099158872,0.9936176854312045,CALI
5196,83432,1125.326,447.4924430984794,240.0153587972495,1.864432531905152,0.8439917042158812,84920,325.9277860145466,0.6880422233217879,0.982477626000942,0.8279151165406221,0.728342547547378,0.005363558863487383,0.0009310554301907568,0.5304828665678047,0.9890495140473152,CALI
5197,83444,1106.53,423.056427448456,252.92546192710122,1.672652583986939,0.8016059203398284,84671,325.95122422055863,0.7623937871174052,0.9855086157007712,0.8564038136596482,0.7704674910305472,0.005069944243426203,0.001102047266121039,0.5936201547349065,0.9929202857240679,CALI
5198,83448,1130.077,457.7684521970829,237.07875196590481,1.9308708536769938,0.8554405445300145,85553,325.9590365813776,0.7851638580743501,0.9753953689525791,0.8211258499789927,0.7120609448224766,0.005485673140124184,0.0008699180746650268,0.5070307891414781,0.9790109726701257,CALI
5199,83461,1115.6119999999999,435.77821103152456,247.35063060123187,1.761783303209231,0.8232998472784631,85055,325.98442546100483,0.7780895733890215,0.9812591852330845,0.8426885516245052,0.7480512269977235,0.00522133944035567,0.001008525884038088,0.5595806382127997,0.9858598252024758,CALI
5200,83469,1105.2789999999998,420.01688407193416,255.4732011452261,1.6440741423722627,0.7937492858343226,85238,326.00004840413646,0.6985028912859738,0.979246345526643,0.8586006980784021,0.7761593896980201,0.005032010495776087,0.0011264838355064311,0.6024233982164029,0.9904287317676166,CALI
5201,83522,1134.917,462.4802455739166,230.69290387209705,2.0047441330502704,0.8667074630723514,84089,326.1035314978515,0.7004528681650453,0.9932571442162471,0.8148591499554699,0.7051188339799728,0.0055372266657158185,0.0008443476993799105,0.49719257003327655,0.9967438877703968,CALI
5202,83546,1120.191,438.01430985843297,244.91132996109337,1.7884607867182623,0.8290732404731836,84546,326.15038096627126,0.7894731868651075,0.9881721193196603,0.8366645489989223,0.7446112458556061,0.005242792112829255,0.000994170253384749,0.5544459074546381,0.9916047638390427,CALI
5203,83551,1112.709,427.68312707434296,252.40098736402012,1.6944590096136423,0.8072871348990537,85539,326.16014042517145,0.8008492446898244,0.9767591391061388,0.8480048080577771,0.7626210149003048,0.005118827148380546,0.0010680345493333419,0.581590812367571,0.9854817919247479,CALI
5204,83575,1118.077,431.53563153077874,248.83980627116236,1.7341905139587335,0.8169998264598921,85300,326.2069817634828,0.7277516544757924,0.9797772567409144,0.8401228982516868,0.7559213143219125,0.0051634535630365385,0.0010399833891135569,0.5714170334461677,0.9909459989167846,CALI
5205,83577,1120.306,419.08316375513976,257.60427028825,1.6268486670900317,0.7887724339003512,85744,326.2108849047356,0.7557237413194444,0.9747270946072029,0.8368031729229483,0.7783917683110095,0.0050143360464618226,0.0011354973801688847,0.6058937449743406,0.9856974314096935,CALI
5206,83581,1101.693,427.2737028022589,251.63757171791147,1.6979726035555514,0.8081784709309503,84407,326.2186910471404,0.7972851800976801,0.9902140817704693,0.8653588647579303,0.7634888103518823,0.0051120912982885935,0.0010714923381719382,0.5829151635325326,0.9897739778753443,CALI
5207,83589,1101.2079999999999,416.86285409741015,256.9779746090597,1.6221734751065073,0.7873886680386337,85079,326.23430277159315,0.7277721668872327,0.9824868651488616,0.8662041859656707,0.7825938424711754,0.004987053967596336,0.0011539036224332726,0.6124531222737989,0.9935052096987189,CALI
5208,83592,1112.64,430.59261249018823,249.2471351080341,1.7275729660986934,0.815436348147096,84331,326.2401569756576,0.7849898580121704,0.9912369116932089,0.8485261718363816,0.7576538647260037,0.005151122266367454,0.001047044144971171,0.5740393787342496,0.9916949121773787,CALI
5209,83600,1107.153,424.8789302882029,253.27398527259834,1.6775466688017977,0.8029038138451019,84653,326.2557676729403,0.7237531274619293,0.9875609842533637,0.8570395406172925,0.7678793755473712,0.005082283855122044,0.0010899603318290504,0.5896387353910207,0.9891464963517116,CALI
5210,83641,1112.883,429.4870834910456,251.59019594807953,1.7070899041697098,0.8104612664953051,85293,326.3357607759127,0.8120564277323081,0.9806314703434045,0.8486528301715675,0.7598267173096872,0.0051348869990919,0.0010557689728349418,0.5773366403376153,0.9855655500276019,CALI
5211,83706,1126.544,446.9605372113984,239.84469112823072,1.8635415072516035,0.8438286752069739,84590,326.46253894068997,0.7418903109157301,0.9895495921503724,0.8288389185923339,0.730405733305899,0.005339647542725711,0.000937452017537695,0.533492535246128,0.9941854832400486,CALI
5212,83743,1105.143,421.84718657343166,255.10538020478683,1.6536193248248712,0.7964274380077374,84943,326.5346829890459,0.7588716108452951,0.985872879460344,0.8616312159256482,0.7740591697230756,0.0050374023688359824,0.0011155345968795595,0.5991675982323774,0.9907951192459636,CALI
5213,83749,1122.3039999999999,436.0196040564925,246.39863131300072,1.769569910892142,0.8250162078695114,84824,326.54638052200966,0.70240371712292,0.9873266999905687,0.8355423600740481,0.7489259140735813,0.005206266391915038,0.001010326121175912,0.5608900247709495,0.9925341111542205,CALI
5214,83749,1109.5829999999999,440.1503487685354,243.96224000761936,1.804174075278161,0.8323367705688385,84500,326.54638052200966,0.809638437741686,0.991112426035503,0.8548106130319877,0.7418973571999431,0.005255589305765268,0.0009821469653819874,0.5504116886202601,0.9930384993387488,CALI
5215,83773,1134.941,447.32256256766505,242.4610804003251,1.8449252219329189,0.8403608213909343,86024,326.5931664641788,0.7842371818275433,0.9738328838463685,0.8172733956084194,0.7301066250481745,0.005339698501517972,0.000935926309532211,0.5330556839392356,0.9834478759941979,CALI
5216,83787,1117.773,442.89869410089403,242.99518799466554,1.822664464082379,0.8360538871926001,85035,326.62045516887804,0.7150281618023554,0.9853236902451932,0.842712187582342,0.7374608675059057,0.0052860073054399135,0.0009644138562238555,0.5438485311025629,0.991253391484042,CALI
5217,83810,1123.2849999999999,442.5761071164153,243.27358666609413,1.819252608479335,0.8353777534490113,84912,326.6652816634391,0.7957124004291397,0.9870218579234973,0.834691105563408,0.7380996768935676,0.005280707637709286,0.0009667895497231016,0.5447911330303887,0.9911126898419473,CALI
5218,83874,1107.515,431.1387656999394,248.79898899286403,1.7328798941072274,0.8166918349304416,84605,326.7899838965647,0.8060312518018797,0.9913598487087052,0.8592864933195531,0.7579693822382965,0.005140314825809422,0.0010465889210940175,0.5745175844107049,0.9955699708363622,CALI
5219,83936,1129.483,432.9425173134836,252.00384813096866,1.717999627880601,0.8131370327619064,86096,326.9107438229747,0.7095541616650042,0.9749117264448988,0.826796701930972,0.7550904121210766,0.005158007497539597,0.0010343262695828256,0.5701615304771775,0.9795372971916249,CALI
5220,83969,1106.6069999999997,437.1935025970124,245.3762849936238,1.7817267981230258,0.8276441032720055,84557,326.97500108091884,0.7713201793062904,0.9930461109074352,0.8616720758099617,0.7478953807378775,0.005206606040288826,0.0010048422426382944,0.5593475005290548,0.9966044311557501,CALI
5221,84080,1114.181,437.08098155834693,248.09838669669827,1.761724400460052,0.823286763135148,85529,327.1910465176767,0.7674333698430084,0.983058377860141,0.8511205384179099,0.7485822086129803,0.005198394166964164,0.0010069478382908135,0.5603753230518878,0.987226880036195,CALI
5222,84099,1105.804,428.8342168289183,251.06976984300823,1.7080280795934317,0.8106937340909444,85023,327.2280129705928,0.7783052917985451,0.9891323524222857,0.8642599389820506,0.7630641402412605,0.0050991595242383175,0.0010664059020465831,0.5822668821221342,0.9945281844819238,CALI
5223,84146,1141.257,451.5574915961232,239.23811163338723,1.8874814238966156,0.8481185244891906,85277,327.3194383645509,0.7721374956413221,0.986737338321001,0.8118511895322059,0.724867695600781,0.005366357183896124,0.0009138908316157953,0.5254331761255865,0.991745359436043,CALI
5224,84156,1125.18,435.70008509032346,247.4989462743194,1.7604118791172887,0.8229948162196264,85328,327.33888728156387,0.7988229710488847,0.9862647665479093,0.8353162708290982,0.7512940632400942,0.005177290806244635,0.0010174712598112138,0.5644427694598105,0.9936517564389115,CALI
5225,84160,1124.1409999999998,439.66097958156917,247.19115194261795,1.7786274958726291,0.8269800459610398,85880,327.34666652481934,0.7043856712420489,0.9799720540288775,0.8369008620344258,0.7445433680204216,0.005224108597689747,0.0009902662031131037,0.5543448268631932,0.9859729512536274,CALI
5226,84166,1108.7160000000001,443.61345494220404,242.4510878415963,1.829702885194047,0.8374350734503831,84748,327.3583350430835,0.8117862654320988,0.9931325812998537,0.8604109364277004,0.7379359922384077,0.005270696658296747,0.0009641010544398772,0.5445495286408832,0.9963638436852824,CALI
5227,84221,1104.125,423.07380817029116,256.2221735582959,1.6511990445433993,0.7957536071834206,86131,327.46527708619755,0.7557519741564968,0.9778244766692596,0.8681480035527519,0.7740145354363078,0.0050233766895464455,0.0011121720450313114,0.5990985010666835,0.9892308725486905,CALI
5228,84226,1113.968,440.555956252786,245.6595216006777,1.793359986139331,0.8301013587567836,85372,327.474997358369,0.7884779210080415,0.9865763950709835,0.8529245385154495,0.7433221426484757,0.005230640850245601,0.0009850152274074916,0.5525278077515209,0.9908812616508625,CALI
5229,84228,1118.273,426.15727367792437,253.54741897911623,1.680779380022107,0.8037537685767036,85117,327.4788853864525,0.7643402270479233,0.9895555529447702,0.8463902930832564,0.7684460775717048,0.005059567764614194,0.0010882953467207155,0.5905093741353385,0.9925159797564367,CALI
5230,84265,1124.466,442.8814200424105,244.93780869440036,1.8081382470232552,0.8331447081416576,85624,327.5508055815288,0.6702059969776505,0.9841282817901523,0.8374606933610729,0.7395903073788066,0.005255817006377624,0.000970029277252429,0.5469938227686778,0.9890404518335062,CALI
5231,84277,1116.607,433.56559553157626,249.72154455727406,1.7361961952471316,0.81746958186391,85361,327.57412765913807,0.745484298982751,0.9873009922564169,0.8494117013708699,0.7555353354490995,0.005144530483187302,0.0010340573595469516,0.5708336431121834,0.9910791992904319,CALI
5232,84307,1126.741,444.3556851045508,242.40847619280794,1.8330864171231256,0.838092585309489,84990,327.6324255900007,0.8190712134460313,0.991963760442405,0.8344980074146598,0.7373202067008849,0.00527068553150451,0.0009608849976595247,0.5436410872094357,0.9965410927536652,CALI
5233,84331,1113.655,434.33289110540676,249.79847050971063,1.738733188474517,0.8180610660209232,85972,327.6790564669353,0.7509372133818933,0.9809123900804914,0.8544679385768716,0.7544421874957934,0.005150334884033235,0.001029245777149519,0.5691830142734381,0.9896573972331916,CALI
5234,84341,1111.263,417.09626523403693,262.6515837394627,1.5880211316287958,0.7768266185375773,85951,327.6984840406015,0.7638476307781481,0.9812683971099813,0.8582521516520651,0.7856663110055099,0.004945355938796516,0.0011623310584711983,0.6172715522490065,0.9802402689247308,CALI
5235,84365,1108.866,445.2606933962775,242.41888851633064,1.8367409244444346,0.8387981032000807,84908,327.74510551888034,0.7952585191120328,0.9936048428887737,0.8622119547647562,0.7360746420685972,0.0052777892893531375,0.0009556948285740181,0.5418058786964135,0.9951570305062797,CALI
5236,84382,1101.7859999999998,422.3634289976133,257.7041876375152,1.6389467042410137,0.7922874844892919,85894,327.7781250538884,0.7776856152768562,0.9823969078166112,0.8735045659001247,0.776057069694215,0.0050053735275012836,0.0011199300387788724,0.6022645754223717,0.9870795409696093,CALI
5237,84442,1119.674,443.7774674266931,245.10971657721473,1.8105258070701322,0.8336283828562315,86086,327.89463801124685,0.7354678000940652,0.9809028181121204,0.8464185795338449,0.7388717591106883,0.0052554116130206895,0.0009661905130078259,0.5459314764113228,0.9884230269345993,CALI
5238,84459,1114.52,437.47122771763975,249.11857986432375,1.7560762748242127,0.8220250382356948,85700,327.9276424896003,0.7857747592687352,0.9855192532088681,0.8544370393635926,0.7495981946068853,0.005179687513676929,0.0010087822922376039,0.5618974533579018,0.9867347867259557,CALI
5239,84471,1135.934,435.4694636387043,249.5624108963433,1.7449321076625528,0.8194936945957726,85565,327.9509377686301,0.6977844964314036,0.987214398410565,0.822642802081959,0.7530974388613411,0.0051552540355708385,0.0010229031505183857,0.5671557524195114,0.9896482824423192,CALI
5240,84511,1118.151,436.6164778025079,247.9467271192413,1.7609285787931876,0.8231098371029093,85464,328.02857675073574,0.8106804032729958,0.9888491060563512,0.8494194311361686,0.751296832409314,0.00516638636156841,0.0010153432245468207,0.5644469303882689,0.9939507309327914,CALI
5241,84516,1094.382,421.1212864022962,256.2710920365237,1.6432648842901019,0.7935196587694544,85186,328.0382803314836,0.8271609771374883,0.9921348578404903,0.8867698440038911,0.7789639016682461,0.004982740385279665,0.0011316636122415777,0.606784760102217,0.9971080885983669,CALI
5242,84527,1123.5089999999998,437.4509734889248,248.6470827475635,1.759324777331261,0.8227524363081467,85482,328.0596271988205,0.7581712830080367,0.9888280573688027,0.8414962946369956,0.7499346145748746,0.005175280957432829,0.00100973472834394,0.5624019261375658,0.9894476434726451,CALI
5243,84566,1134.25,439.8239319845172,246.33710000288664,1.7854555078360637,0.8284377400669015,85580,328.13530035653554,0.8122598739818657,0.9881514372516943,0.8260152719756609,0.7460605858257087,0.005200954662447286,0.0009939378253796074,0.5566063977225996,0.993795958510606,CALI
5244,84600,1121.771,426.57861153123855,254.1952655733063,1.6781532518677824,0.8030637417223424,85556,328.2012575914278,0.7717569786535303,0.9888260320725607,0.8448348299079634,0.7693804816264058,0.005042300372709675,0.0010898660746603195,0.5919463255076803,0.9933766510818987,CALI
5245,84609,1209.172,446.1431862571361,242.59242772380708,1.8390647657192036,0.8392442381416492,85785,328.21871464085865,0.774020912808409,0.9862913096695226,0.7271939586943826,0.7356802137771273,0.0052729991638848835,0.0009527824925477053,0.5412253769431596,0.9953485210492599,CALI
5246,84614,1122.443,432.0825362191736,250.97300181617985,1.721629550160315,0.8140141456617448,85567,328.22841260046494,0.8088132676958372,0.9888625287786179,0.8439631773011713,0.7596428577570913,0.005106513534629892,0.0010489193223415815,0.5770572713413604,0.9934788504761651,CALI
5247,84629,1124.297,448.1926561608425,243.18121373841652,1.8430398025850436,0.8400029190933166,86214,328.25750476019897,0.7575912199663408,0.9816155148815737,0.841331151389935,0.732402684979286,0.005295970130343529,0.0009399938251657981,0.5364136929648674,0.9886317867858836,CALI
5248,84641,1111.659,432.54753678544654,250.53093684314462,1.7265234475064493,0.8151864555903494,85214,328.2807766317256,0.6774314893072096,0.993275752810571,0.8606914187354612,0.7589472802721342,0.005110378383826355,0.0010458737336463398,0.5760009742324695,0.9944791877989166,CALI
5249,84648,1132.054,439.9157099914938,248.96194087164,1.7669998412259564,0.8244526032493057,86779,328.29435112828554,0.7671838747099768,0.9754433676350269,0.8300271116736937,0.746266486219902,0.005197000637835434,0.0009942790458289143,0.5569136684549993,0.9840663637365487,CALI
5250,84697,1100.164,426.4198942180607,253.80123195830984,1.6801332717254331,0.8035843557026778,85314,328.3893568927502,0.7542701932496215,0.9927678927256957,0.8793525602227968,0.7701079648146527,0.005034651690355747,0.0010923345074056589,0.5930662774709665,0.9964303851173184,CALI
5251,84699,1103.6229999999998,412.21746312040784,263.7319141397479,1.5630169919518329,0.7685511812553517,86355,328.3932340952285,0.719862315145334,0.980823345492444,0.8738696600227636,0.7966504660170244,0.004866851593530123,0.0012092027444407976,0.6346519650051422,0.9919718052786575,CALI
5252,84718,1111.272,435.8566560797546,248.7151068702814,1.7524333827742833,0.8212037394892038,85289,328.43006523592436,0.7595302133763672,0.9933051155483122,0.8620745315634053,0.7535277037866942,0.005144793976247723,0.0010231625761426924,0.5678040003740479,0.995038685128263,CALI
5253,84766,1131.169,452.90225531890485,239.68552984426685,1.8895686177349684,0.8484838203512235,85821,328.5230939356027,0.7400364928454816,0.9877069714871651,0.8324852828621224,0.7253730580437885,0.005342970711357205,0.000912448244155901,0.5261660733357972,0.9942268998921585,CALI
5254,84791,1111.688,440.92272141715887,246.95617042626304,1.7854290526780379,0.8284321293996784,85718,328.57153595166943,0.685745018115942,0.9891854686296927,0.8621717443635123,0.7451907556399356,0.005200112292780589,0.0009891503738327012,0.5553092622912181,0.9914652901159496,CALI
5255,84870,1160.1649999999997,449.832097734101,244.34854629444325,1.8409444400460944,0.839603693319461,87068,328.72456580193887,0.7551249199231262,0.9747553636238342,0.7923636561095453,0.730771697835245,0.005300248588831166,0.0009324013172845281,0.5340272743570067,0.9831145415605019,CALI
5256,84917,1141.779,454.69477191623713,240.90829746284138,1.8874184770923923,0.8481074864068217,86284,328.8155750877318,0.7288449819327262,0.9841569700060266,0.8185409377034321,0.7231567095042507,0.00535457884659417,0.0009033057205855069,0.5229556265010153,0.9870361121574442,CALI
5257,84919,1119.753,443.1612960638515,244.99032434765525,1.8088930542211143,0.833297855285784,85620,328.8194472645517,0.6634556037345208,0.9918126605933193,0.8510797669728252,0.741985931951004,0.005218635359152269,0.0009757069529385119,0.5505431232131999,0.9958736316295566,CALI
5258,84955,1107.3579999999997,428.8777881171533,254.2604493012838,1.6867656345913167,0.805312472958768,86008,328.8891386515763,0.7995012234142669,0.9877569528415961,0.8706081195703747,0.7668598089340457,0.005048293662729131,0.0010769319980512095,0.588073966558361,0.9919429573884463,CALI
5259,84964,1106.69,427.7566022894199,255.97420872043793,1.671092585568236,0.8011893707068979,86555,328.90655919102363,0.8060335831515036,0.981618623996303,0.8717517801392366,0.7689105379803948,0.005034562900633444,0.0010855373877131605,0.5912234154173003,0.9879890659181797,CALI
5260,84973,1111.998,435.52979044176266,250.3747370227147,1.7395117239893503,0.8182419725504835,86321,328.9239788078409,0.8086659433944308,0.9843838695103162,0.8635406837439258,0.7552272795718743,0.005125507990088177,0.0010285546040234334,0.570368243809534,0.9921622470979005,CALI
5261,84995,1157.9539999999997,464.62088396534716,234.3412897383353,1.9826676062256945,0.8634870678523832,86358,328.96655621014907,0.7822249627270886,0.9842168646795896,0.7965639132855132,0.7080322205979109,0.005466449602510115,0.0008474170504909224,0.5013096254048087,0.9939303549792519,CALI
5262,85044,1121.9199999999998,421.66881711480306,258.0643879012436,1.633967478210003,0.7908521247332047,86103,329.0613678973227,0.7846473220464086,0.987700776976412,0.849043150377669,0.7803787108301462,0.004958242993212961,0.0011343033687909343,0.608990932316921,0.9950713779306382,CALI
5263,85119,1140.71,449.4686011113951,243.85974101189456,1.8431439287449738,0.8400227176254369,86686,329.20643494365703,0.7621004566210046,0.9819232632720393,0.8220266153086796,0.732434777712242,0.005280473232902115,0.0009374075303644862,0.5364607036023815,0.9887742888549862,CALI
5264,85127,1130.235,443.9961424950994,246.75525168977677,1.7993381678996476,0.8313428496784121,86501,329.22190498912767,0.7380271188791788,0.9841157905688952,0.8374129806628486,0.7414972191853254,0.0052156911731307265,0.0009725898607656926,0.5498181260595705,0.989308739622045,CALI
5265,85130,1132.32,442.9890755766934,249.17110763915892,1.7778508903938213,0.8268130219973526,87434,329.22770606877,0.6937721056835037,0.973648695015669,0.8343612784704947,0.7431959933553074,0.005203677617487294,0.0009792725576424535,0.5523402845393821,0.9819786666687172,CALI
5266,85209,1122.182,430.64416217149704,256.052876396837,1.681856373697104,0.8040356487823515,87141,329.3804310631378,0.7516407325076744,0.9778290357007609,0.8502932589059305,0.7648552099307627,0.005053975075068327,0.001066914888629549,0.5850034921582312,0.9838918519213847,CALI
5267,85226,1104.753,427.7490080315711,256.5457648654163,1.6673399705349568,0.8001816613170665,86404,329.41328667738793,0.821455421686747,0.9863663719272255,0.8775090225782287,0.770108826653491,0.0050189966445869936,0.0010889428120344098,0.5930676048896167,0.9888453228618909,CALI
5268,85244,1102.784,421.01734276888544,258.96380937592545,1.62577675924482,0.7884564385807994,85958,329.44807140337645,0.8197878499370089,0.9916936178133507,0.8808313666734829,0.7825047520292405,0.004938967467140038,0.0011422570908589413,0.6123136869483431,0.9954853616081244,CALI
5269,85311,1116.29,437.2934804162991,249.6000741816627,1.751976564309954,0.8211003288160804,85881,329.5775156179521,0.8164513350559862,0.9933629091417193,0.8603216028197508,0.7536758044144577,0.005125874511098206,0.0010202016583410844,0.5680272181597799,0.9951703741061118,CALI
5270,85329,1105.4399999999998,400.5141201779301,272.68789005892205,1.4687638680668493,0.7324278685795742,86101,329.6122830124914,0.7335648765055321,0.9910337859026027,0.877477863924211,0.8229729400453091,0.004693763200997669,0.0013281378713491773,0.6772844600468197,0.9947709433199344,CALI
5271,85330,1118.8809999999999,426.934459172948,258.29299123230277,1.6529076423485798,0.7962296646415971,87158,329.6142144268834,0.8036958896884301,0.979026595378508,0.8565324313918944,0.7720487474012003,0.005003333636153146,0.0010965239384888442,0.5960592683637622,0.9852309199711657,CALI
5272,85369,1127.369,431.9334268027011,254.19253361909813,1.6992372696907918,0.8084977024921611,86927,329.6895307626496,0.6665911859324734,0.9820769151126808,0.844068865467026,0.7632878362832647,0.005059605088529807,0.001059375072438217,0.5826083210179881,0.9899897727057424,CALI
5273,85382,1134.327,444.2325693179023,247.3153768414193,1.7962189613577806,0.830696861169729,86773,329.7146323846997,0.756664303438497,0.9839696679842809,0.8338724939027269,0.7422117493342747,0.005202883152396316,0.0009739465764505698,0.5508782808498442,0.9894980134626671,CALI
5274,85446,1104.639,431.76624696671684,254.77503822197517,1.6946960345092221,0.8073474693526327,86852,329.8381817489308,0.8190131124913733,0.9838115414728503,0.8799557964593584,0.7639276670331221,0.005053089050004878,0.0010615627501169354,0.5835854804586686,0.9889999995304648,CALI
5275,85453,1115.3529999999998,438.2280906657812,250.2439829994956,1.751203307320538,0.8209250712815606,86451,329.8516921530855,0.8308507535245503,0.9884558883066709,0.8632021206689957,0.7526940859769073,0.005128293806721604,0.0010153754908780834,0.5665483870646119,0.9921414091846648,CALI
5276,85465,1121.047,444.04322045752644,247.72100937514182,1.7925133664584731,0.8299243850582342,86667,329.87485155857314,0.7858850574712644,0.9861308225737593,0.8545756605210216,0.7428890620572515,0.005195614818434756,0.0009761410253410092,0.5518841585243028,0.9892597308914999,CALI
5277,85592,1112.155,429.9485730482734,255.20571688737635,1.6847137215112309,0.8047804053498244,86397,330.11985567816436,0.7558259671679486,0.9906825468476915,0.8695857237120194,0.7678124230943766,0.005023233164878416,0.0010769204866328105,0.5895359170580579,0.9931992487914169,CALI
5278,85613,1142.8609999999999,446.16861993543057,246.79365906583536,1.8078609540628814,0.8330883913251257,86801,330.16035065315083,0.795992747896425,0.9863135217336206,0.823688028892508,0.7399900752790091,0.005211458773030154,0.0009639236798561478,0.5475853115114333,0.9899581036998799,CALI
5279,85618,1109.0539999999999,420.1109726024289,261.3337099780426,1.6075651803118964,0.7829705621442251,87049,330.16999158181403,0.7480690595184007,0.9835609828946915,0.8747210092885352,0.7859113736938018,0.0049068066598428935,0.0011547102062379499,0.6176566873012788,0.9929233838923288,CALI
5280,85631,1129.8369999999998,441.9871146091679,249.09610647456506,1.7743638022471409,0.8260599323922879,87138,330.1950566789526,0.7571933857989213,0.9827055934265189,0.8429645163677705,0.7470694184624167,0.005161531625336244,0.0009917499574714124,0.5581127160017735,0.9902950008473854,CALI
5281,85666,1119.3,435.6466448513375,251.49782004389394,1.7322084333586034,0.8165337277666253,86305,330.26253017755806,0.7628860470915114,0.9925960257227275,0.859261484390218,0.7580972654805105,0.005085408970318884,0.0010361088133878493,0.5747114639290276,0.9955200445657304,CALI
5282,85680,1136.2099999999998,458.78742087716347,240.49254316346435,1.907699152922686,0.8516003145583775,87086,330.2895157175122,0.6998056095529019,0.9838550398456698,0.8340116310542403,0.7199184212287818,0.005354661774943551,0.0008872478433198337,0.5182825332245418,0.9887271496070823,CALI
5283,85681,1126.8,439.17399561213415,250.05414174135427,1.7563156225038563,0.822078792270383,86751,330.29144317171387,0.7827608258724649,0.9876658482322971,0.8480094930262869,0.7520742267796242,0.005125687090628426,0.0010115204709624458,0.5656156425861696,0.993399589406647,CALI
5284,85702,1107.351,427.95641504014657,257.05714523032674,1.6648298753053206,0.7995030909679585,86542,330.3319171120056,0.7945301997867705,0.9902937302119202,0.8782743850352603,0.771882148515094,0.004993540582951933,0.0010934333972166094,0.5958020511962774,0.9919090545997528,CALI
5285,85716,1121.69,433.0923441733929,252.95955104447538,1.712101173429291,0.8116978004143771,86374,330.35889698405157,0.8070426513510969,0.9923819667955635,0.8561030888164503,0.7627908953564624,0.005052642962497001,0.0010551649972144154,0.5818499500387138,0.996185982221056,CALI
5286,85743,1128.309,444.9294028907323,247.73392190391405,1.7959970902301479,0.8306507641430069,87265,330.41092337304326,0.7359408795962509,0.9825588724001604,0.8463547462850419,0.7426142691994375,0.005189104683656185,0.00097347623620183,0.5514759528186145,0.9904492065941299,CALI
5287,85767,1190.899,445.06203780328315,250.77187070997832,1.774768583666246,0.8261476141734362,88786,330.4571621758268,0.7240409941244006,0.9659968914017976,0.7599416058452644,0.7424968523644078,0.005189199083601888,0.0009728784041565143,0.5513015757710532,0.9784327168041616,CALI
5288,85801,1130.4909999999998,441.84390307303215,250.8260602740625,1.7615550098353256,0.8232491277040528,87732,330.52265607341,0.7622419245940087,0.977989787078831,0.8436610421958658,0.7480529973925613,0.005149635820946518,0.0009946854143482499,0.5595832869079954,0.9857367424728976,CALI
5289,85822,1131.029,438.5409726967349,251.94103170767872,1.7406492690939035,0.8185057932937346,87602,330.5631017041393,0.7240468738136016,0.9796808292048127,0.8430649111288377,0.7537792869646737,0.00510988991979603,0.001017578926726562,0.568183213456972,0.9890076952153034,CALI
5290,85861,1127.125,453.4993531969212,243.22144785546314,1.8645532998653058,0.8440137804840624,86936,330.63820189219786,0.6622368938628493,0.9876345817612957,0.8493010107551157,0.7290819701536071,0.005281785131746907,0.0009205893075119735,0.5315605192030654,0.9911229201581907,CALI
5291,85998,1174.8,441.30153005736565,251.9228226031694,1.7517330327491087,0.8210451618248075,88241,330.9018802728907,0.7454233409610984,0.9745809770968145,0.7830154647652195,0.7498317085596239,0.005131532478166534,0.001000649658784177,0.562247591161445,0.9849076780211187,CALI
5292,86045,1120.98,443.5950004541303,249.0735918803132,1.7809796578807522,0.8274843865776078,86694,330.99229088717016,0.8163042653309047,0.9925138994624773,0.8604780068469601,0.74615874964397,0.005155383816074499,0.0009857475596244303,0.5567528796702527,0.9915655531592503,CALI
5293,86069,1112.116,432.5148527305358,254.79717070537242,1.6974868737089008,0.8080556379850674,87165,331.0384484856868,0.7740853329495989,0.9874261458154076,0.8744932128440852,0.7653805329361243,0.005025210618579695,0.0010637600579477362,0.5858073601975857,0.9944003044574639,CALI
5294,86177,1130.442,441.20448394838564,250.51144635875355,1.7612148680685176,0.8231735165614629,87187,331.2460780849218,0.7690804269446329,0.9884157041760813,0.8474316222725965,0.7507767716242718,0.0051197475422489255,0.0010033942750283377,0.563665760810564,0.9927365185607179,CALI
5295,86232,1145.7700000000002,442.0627791490167,250.07816873693469,1.7676984015907315,0.8246060758370058,87163,331.3517653817504,0.8016510486390005,0.989318862361323,0.8254360443465173,0.7495581646109448,0.005126435420134251,0.0009981978035566404,0.5618374421349281,0.9931591484157377,CALI
5296,86264,1129.948,449.0665670476533,247.5021320330813,1.8143947422143045,0.8344075157717982,87923,331.4132406634262,0.7267519250534971,0.981131217087679,0.8490290314614162,0.7380047079484718,0.005205723906237286,0.000952571147332466,0.5446509489541094,0.9882118181243675,CALI
5297,86321,1117.68,437.531713089537,252.70789410772946,1.7313733495915924,0.8163367931844728,86882,331.5227152716447,0.7787330398383372,0.9935429663221381,0.8683431198639978,0.7577112820706587,0.005068658994793121,0.0010305945749756404,0.5741263869771612,0.9940271257095666,CALI
5298,86333,1152.539,445.724655578619,249.5921444602963,1.7858120356408986,0.8285133252298104,88054,331.5457579514791,0.6722287974584982,0.9804551752333796,0.8167242228923945,0.7438353562045651,0.005162853782199379,0.0009749376862042468,0.5532910371399723,0.988073793336798,CALI
5299,86338,1143.5900000000001,447.3405530257479,247.24673456894422,1.8092880126633502,0.8333779030830106,87277,331.55535859543045,0.7174744049993352,0.9892411517352796,0.8296045972041378,0.7411699126154272,0.005181270738559475,0.0009644665573331368,0.5493328393663599,0.9939013212278769,CALI
5300,86371,1139.925,435.2204194491948,254.90795877468503,1.7073630087552083,0.8105289846622189,87429,331.6187158746031,0.7804796501120509,0.9878987521303,0.8352668684741067,0.7619557839089726,0.005038964692422165,0.0010477077545939244,0.5805766166323371,0.9912550389863058,CALI
5301,86375,1126.579,434.3846448944246,255.2176488616495,1.702016482135604,0.8091963028933438,87679,331.62639472228335,0.7828502546812406,0.9851275676045576,0.8552136448669624,0.763439496814819,0.005029055223090299,0.0010538157026020803,0.582839865296864,0.9920030571809578,CALI
5302,86419,1130.087,445.4437584053728,248.93419613664625,1.7894036469013583,0.8292718594700066,87179,331.71085031464986,0.7429929843868216,0.9912823042246413,0.8503453526374859,0.7446750438307385,0.005154465550461968,0.0009777562544958157,0.5545409209043122,0.9922975462222139,CALI
5303,86458,1138.801,449.82957429342133,246.5628943373425,1.8244009322748027,0.8363963419133428,87340,331.785690708193,0.6490840840840841,0.9899015342340279,0.8377595153544655,0.7375808743330224,0.005202868147463755,0.0009498634354659415,0.5440255461818658,0.9925207136355048,CALI
5304,86471,1156.345,438.1979857903878,256.51621839480066,1.7082662006032039,0.8107526658336588,89363,331.8106337548486,0.6928766025641026,0.9676376128822891,0.8126536526806333,0.7572162458856448,0.005067571622745057,0.0010276834214135618,0.5733764430331493,0.9794795978556173,CALI
5305,86514,1148.281,447.0293400844172,250.369397919315,1.7854791512039285,0.8284427541603797,88575,331.89312432350545,0.736414708886619,0.976731583403895,0.8245175394398337,0.7424414788094907,0.005167132950556178,0.00096845246133234,0.5512193494568236,0.9841906561953512,CALI
5306,86549,1132.936,441.0470251113193,252.0611176440138,1.7497622371658705,0.8205977344886497,87468,331.9602526768583,0.8307002725841748,0.989493300407006,0.8473467424317062,0.7526640783782008,0.005095922831128254,0.001008805318239964,0.5665032148809064,0.9912459326316726,CALI
5307,86556,1135.769,441.41801689434374,252.02686516412902,1.75147207662515,0.8209860180030626,87967,331.97367671864697,0.70409657371555,0.9839598940511782,0.8431930549186102,0.7520619096028132,0.005099796858615737,0.0010063452759740505,0.5655971158754299,0.9906275550755348,CALI
5308,86618,1119.543,434.5556246368205,254.9712048055217,1.7043321616190978,0.8097753212144247,87412,332.0925516868307,0.7368859850611675,0.9909165789594107,0.8684332798812898,0.764211835859625,0.005016920555044223,0.0010555335091257433,0.5840197300679386,0.9953636089748917,CALI
5309,86674,1136.184,443.93422096992003,250.45629465896621,1.7725017515507167,0.8256556896169479,87892,332.1998860631585,0.6899093376634747,0.986142083466072,0.8437258698603797,0.7483088042578894,0.005121884544037659,0.0009906790227988632,0.5599660665298722,0.9925408337331637,CALI
5310,86715,1120.9299999999998,432.84998080952147,257.0624600941969,1.6838319397196684,0.8045510502756478,87738,332.27844817518576,0.7982601491300746,0.9883402858510566,0.8672555890399465,0.7676526808520459,0.00499163905678973,0.0010692567994487782,0.5892906384193332,0.9922663987482676,CALI
5311,86740,1131.888,437.84463814211824,254.43842206935207,1.7208275172480645,0.8138209060187722,87543,332.3263427872187,0.7855816691572703,0.9908273648378512,0.8507899879609501,0.7590051672149294,0.0050477823166027004,0.001033378236263172,0.5760888438589631,0.9913495348921272,CALI
5312,86784,1143.9730000000002,429.6761242718803,260.06834270296963,1.6521661952628501,0.7960232955631431,88254,332.4106205437731,0.6806054427103757,0.9833435311713916,0.8333318459163349,0.7736306528715525,0.004951098408368828,0.0010939966636050256,0.5985043870624648,0.9888287160211168,CALI
5313,86808,1135.114,449.1596358688456,248.10570716130533,1.810355920498135,0.8335940395203373,87855,332.4565812243307,0.7474169995867199,0.9880826361618577,0.846624153304098,0.7401746610227635,0.00517417330048896,0.0009579825255326985,0.547858528820163,0.9918189312449799,CALI
5314,86823,1154.004,465.8128576759674,241.6489628021603,1.9276426940732687,0.8549148552295682,89133,332.4853034233859,0.7852665852665852,0.9740836727138097,0.8192756055232557,0.7137744223768767,0.005365085952754079,0.0008590142569413906,0.5094739260394442,0.9820836913507596,CALI
5315,86875,1114.452,427.90998484528956,260.1130482564084,1.6450923462458296,0.7940376259196051,87578,332.5848545091422,0.8373493975903614,0.991972869898833,0.8789859753308871,0.7772308809979929,0.00492558255937024,0.0011087600166775587,0.6040878423769162,0.9937802859544218,CALI
5316,86884,1163.356,448.6801704061723,247.96711567760016,1.809434162994151,0.8334075087173366,88015,332.6020814799118,0.7114524819442852,0.9871499176276771,0.8067229327689218,0.7412899063018996,0.005164128843126148,0.0009618983471831718,0.549510725185079,0.9943034790815725,CALI
5317,86893,1120.0959999999998,435.00244734028036,256.6516517806948,1.6949138816062785,0.8074028958210063,88335,332.61930755846464,0.6768685491723466,0.9836757797022697,0.8703304192595578,0.7646377844358964,0.005006185162674558,0.0010556250576632435,0.5846709413870363,0.9909668947286986,CALI
5318,87031,1181.8799999999999,443.31011793184683,252.31607514547903,1.7569634343600402,0.8222241536810727,88107,332.8833291377715,0.767333803561982,0.98778757646952,0.7829554846066688,0.7509039737030049,0.005093703599083624,0.0009989667723101715,0.5638567777229632,0.9906757406753233,CALI
5319,87055,1142.042,455.259717206002,245.53759125875575,1.854134492694579,0.8420911711650707,87949,332.92922456119646,0.7536707414205077,0.9898350180218081,0.8387633238345259,0.7312951530270099,0.005229564266337396,0.0009226055164218465,0.5347926008407978,0.9915774076567672,CALI
5320,87082,1139.167,449.7991248952373,249.58276371808972,1.8022042796324558,0.8319330286718664,88847,332.9808493511713,0.7370461278036394,0.9801343883305007,0.8432638204728621,0.7402878994678477,0.005165236500025692,0.0009569132681860048,0.5480261740985182,0.9876551163109507,CALI
5321,87083,1132.608,441.04283362583226,252.77786180226255,1.7447842563477391,0.8194597314293744,87801,332.982761226722,0.7294177758047359,0.9918224166011776,0.8530686779625015,0.7549896196912583,0.005064626088052,0.0010150585011322823,0.570009325841551,0.9945432976997267,CALI
5322,87111,1134.112,430.2330874824322,259.63643412695285,1.657059761004358,0.7973792420130923,88384,333.0362892860548,0.785314401622718,0.9855969406227372,0.8510811502742021,0.7740833956655035,0.00493890653858218,0.0010938595878294145,0.5992051034450365,0.9929186655072236,CALI
5323,87174,1143.7069999999999,461.7478660971535,241.76075181616687,1.9099372525457037,0.8519781075300559,88169,333.15669597464654,0.7420326864147089,0.988714854427293,0.8374661841432519,0.7215121507557744,0.005296853030687516,0.0008854668013225757,0.5205797836882233,0.994274721788322,CALI
5324,87212,1162.0620000000001,460.8147614373152,244.03586215017606,1.888307551919302,0.848263275175479,88616,333.2293011958027,0.784958237327189,0.9841563600252776,0.8115728512704459,0.7231307004064625,0.005283845817517259,0.0008912449837297198,0.5229180098703411,0.9874300270727774,CALI
5325,87279,1114.925,426.5637511078591,262.0567370521769,1.6277534243392795,0.7890385697888523,88382,333.357277144118,0.8124569471077765,0.987520083274875,0.8823244582864949,0.7814946213276024,0.004887358369228097,0.0011244960161285766,0.6107338431639726,0.9941241045700447,CALI
5326,87301,1149.5220000000002,453.1338178019559,248.93938209157074,1.8202576627079181,0.8355773788986538,89077,333.39928838395025,0.7008863340772973,0.9800621933832527,0.8302225164054022,0.7357634219427512,0.0051904768307574475,0.0009382958442739066,0.541347813068907,0.9853925049288518,CALI
5327,87307,1146.429,449.8258640857392,249.67073687382543,1.8016763587038434,0.8318245641679198,88868,333.4107450760891,0.6742269792728508,0.982434622136202,0.834765713037542,0.7411995878754967,0.005152231368455442,0.0009592146361773919,0.5493768290668061,0.9897992449493469,CALI
5328,87350,1153.405,453.19843661217936,249.42529055441102,1.8169706672680657,0.8349231021403315,89713,333.49283985209706,0.7643774720851272,0.9736604505478582,0.8251048004791206,0.7358649388666817,0.0051883049411812175,0.0009384209619657161,0.5414972082532652,0.9838845438037299,CALI
5329,87415,1134.346,442.0689702234489,253.3326080141081,1.7450140891409844,0.8195125223678941,88262,333.61689825760357,0.7906495057027343,0.9904035711857878,0.8536989318432344,0.7546716026889945,0.00505712944258364,0.0010118493713137005,0.5695292279051758,0.9938365268721185,CALI
5330,87477,1133.759,443.92030250124793,252.78681766807307,1.756105427475837,0.8220315868640766,88836,333.7351879182023,0.7118375119009838,0.9847021477779279,0.8551892823405345,0.7517907742398516,0.005074708809186963,0.0009999513184690426,0.5651893682321557,0.9925321171041279,CALI
5331,87527,1145.742,455.6584051622804,246.6049413437679,1.8477261756368923,0.840890215271661,88671,333.8305522747051,0.767881738825284,0.9870983748914527,0.8378730857690592,0.7326333685336345,0.005205918232799941,0.0009251749939130406,0.5367516526889401,0.9917700784897167,CALI
5332,87614,1129.358,427.27906515810974,263.01844588437814,1.624521290593968,0.7880853727795111,88630,333.99642134673616,0.7187071900250195,0.9885366128850276,0.8632172436232362,0.781682157124044,0.004876835496132008,0.001123152334406964,0.6110269947660988,0.9926263621251764,CALI
5333,87657,1143.783,443.1117396550691,256.06447295481746,1.7304694186657283,0.8161232475436249,89803,334.0783722015691,0.7442687814155685,0.9761032482211062,0.8419943794131207,0.7539370824650805,0.005055063938476894,0.0010075041284656218,0.5684211243159577,0.9836353725523551,CALI
5334,87661,1124.25,422.5868721752304,266.22343119015557,1.5873391394816372,0.7766072230886873,88808,334.08599451492887,0.7291472584508917,0.9870844968921719,0.8715463574587458,0.7905735282197701,0.004820694176147094,0.0011616048493195447,0.6250065035218557,0.9920972854708092,CALI
5335,87672,1140.811,435.16784310321003,261.94457842264296,1.6612973848272377,0.7985419294665295,89768,334.1069549800201,0.7768208399787347,0.9766509223776847,0.846531996257761,0.7677657259724933,0.004963589778985423,0.0010638748134601968,0.5894642099780697,0.9792753504858209,CALI
5336,87779,1166.9649999999997,473.95066803906144,240.85440262940952,1.967789099410009,0.8612482060517104,90297,334.3107745755554,0.7267556423970459,0.9721142452130193,0.8099996505126593,0.7053704048118413,0.005399362809317279,0.0008245010436443124,0.4975474079844211,0.9790683658714481,CALI
5337,87822,1143.406,443.31082887649893,254.1225910735412,1.7444762663710132,0.8193889502938546,88552,334.3926483906778,0.789908256880734,0.9917562562110398,0.8441356724422762,0.7543074218108837,0.0050478334457937524,0.0010080412472617283,0.5689796865989825,0.9925715593191423,CALI
5338,87831,1160.439,461.1062166328405,244.48483724295826,1.8860319594160087,0.8478640357194643,88699,334.40978223376493,0.7030585862143491,0.990214094860145,0.8196209660449694,0.7252337317760376,0.0052499256143370854,0.0008958697969745634,0.5259639657057976,0.9919848488223197,CALI
5339,87833,1146.8329999999999,446.9078331522115,253.32503998595558,1.7641676210807593,0.8238282053910414,89406,334.41358963523527,0.7213379980946749,0.9824061024987137,0.8392033680967355,0.7482831242327721,0.005088154032678054,0.000984019752543423,0.5599276340115584,0.987806202071549,CALI
5340,87843,1160.8999999999999,466.28198011601575,241.9101474726393,1.9275007063056482,0.8548916651448937,88804,334.4326259923976,0.7425443786982249,0.9891784153866943,0.8190820356200429,0.7172325765391735,0.005308129049736641,0.0008664854273023649,0.5144225688490213,0.9915498647960544,CALI
5341,87851,1137.1399999999999,447.13306221589625,251.99389883397538,1.774380507960183,0.8260635524739496,88453,334.44785429798884,0.7656194169680596,0.9931941256938713,0.8537460362373703,0.7479828323151424,0.005089675270809624,0.0009827348503351654,0.5594783174381824,0.9927274210886708,CALI
5342,87851,1139.091,440.5467400248679,255.70183441310485,1.7228923720317655,0.8143177670772794,88744,334.44785429798884,0.7876329143430938,0.9899373478770396,0.8508240009085292,0.7591654276663357,0.005014703760058143,0.0010274737463556638,0.5763321465638104,0.9929582590714824,CALI
5343,87877,1139.6460000000002,451.01757339671906,251.88744063984004,1.7905520507535118,0.8295132896829308,89563,334.49734150317533,0.6644663218703687,0.9811752621060036,0.8502470724419728,0.7416503507479708,0.0051323733559033545,0.0009578441039431871,0.550045242764588,0.9848846374393464,CALI
5344,87909,1150.644,458.2581399114073,245.02875794816308,1.870221861910404,0.8450445388243675,88517,334.5582387838079,0.7660514482902855,0.9931312629212468,0.8343749354540511,0.7300650215367398,0.005212869443531462,0.0009134878513176411,0.5329949356714404,0.9968187809802573,CALI
5345,87911,1153.126,442.27871838188054,255.64935633775997,1.73002085636996,0.8160171336246901,90019,334.56204449580486,0.7802866906315182,0.9765827214254769,0.8308058680656244,0.7564506963387985,0.005030982680004556,0.0010161436157803878,0.5722176559914528,0.9899484792483446,CALI
5346,87927,1120.716,434.40414436586985,259.14503707454026,1.6762973710390534,0.8025737839922349,88711,334.5924886334549,0.8050448635780992,0.9911623135800521,0.879712929873405,0.7702331871669479,0.004940509108304274,0.0010726063799768968,0.5932591626133547,0.9944787746335968,CALI
5347,87979,1148.6309999999999,443.7386915733575,255.65395283242046,1.7357004914538732,0.8173536584774854,89768,334.6914129556581,0.6928353178353178,0.9800708493004189,0.8379687425118462,0.7542533912671618,0.005043688739055428,0.001006925005263881,0.5688981782380145,0.987436847554935,CALI
5348,87987,1147.724,446.7212127262178,253.88403215350516,1.759548282485596,0.8228023114785227,89765,334.70662948709685,0.7522828317373461,0.9801927254497855,0.8393700092898858,0.7492517031919607,0.005077127447534497,0.0009869809799147296,0.561378114736054,0.9877718976088258,CALI
5349,88095,1154.539,457.4954322727515,247.15107571663046,1.8510760309103007,0.8415197672292092,88910,334.91198499522847,0.8128494712949123,0.990833427061073,0.8305081683064832,0.7320553635507322,0.0051932054290567175,0.0009200066634539885,0.5359050553033948,0.9920010027157733,CALI
5350,88242,1146.3319999999999,426.31632760926857,266.41485144726823,1.6001973061687584,0.7806864435130344,90372,335.19129449691894,0.7748410663482139,0.9764307528880627,0.8438482904696245,0.7862501921440166,0.004831217873679978,0.0011388838760831995,0.618189364646503,0.9892249560095104,CALI
5351,88339,1150.877,448.65463152375736,252.64083652405515,1.775859507499053,0.8263835800882815,89449,335.3754733762735,0.749143487109905,0.9875906941385594,0.8381167514424509,0.747513677140129,0.005078783227382666,0.0009781737691737828,0.558776697511557,0.9923089108448211,CALI
5352,88341,1136.526,439.28073438442993,256.99215816847425,1.7093157142034436,0.8110120619600135,89092,335.3792698147114,0.7688244099422127,0.9915705113814933,0.8594357681353185,0.763473659469002,0.004972557865367495,0.0010421634571428807,0.5828920287029898,0.9963465043459453,CALI
5353,88369,1132.3999999999999,440.97171603329224,256.9965309655567,1.7158664141361206,0.81261853200469,89229,335.43241544117586,0.7835242587601078,0.9903618778648198,0.8659844288572901,0.7606665081799749,0.004990117756603472,0.0010305468411961176,0.5786135366667159,0.9928235343309363,CALI
5354,88390,1146.5249999999999,442.48802246243565,256.0625676054496,1.7280464950434968,0.8155489223180351,89104,335.4722691358274,0.8198150569947226,0.9919868917220327,0.8449790472500919,0.7581499432887063,0.005006086915515733,0.0010202311409886749,0.5747913365086686,0.9932661544351721,CALI
5355,88402,1163.355,460.15667081911994,247.1421503795961,1.8619109290436529,0.8435296433919184,90125,335.49504055004724,0.7777484515765766,0.9808821081830791,0.8208190611225872,0.7290887252657581,0.0052052744374462105,0.0009072874919516514,0.5315703693096482,0.9897366801734048,CALI
5356,88464,1128.201,428.39705810737695,265.07589362008866,1.616129827034981,0.7855783704004843,89654,335.61266824339543,0.7840606941539334,0.9867267495036474,0.8733804693623232,0.7834149695754323,0.004842614601503176,0.0011251932890630155,0.6137390145548758,0.9918819274371912,CALI
5357,88472,1150.062,449.5908041292508,252.75271346277387,1.7787773589835971,0.8270122478513194,89820,335.62784300741396,0.6645784037558685,0.9849922066354933,0.840568674986303,0.7465184784138197,0.005081729859495104,0.0009735395201746685,0.5572898386132847,0.9912945473169336,CALI
5358,88489,1188.149,467.2957134452463,244.07099629581043,1.9145892815502372,0.8527586082925064,90923,335.66008710311365,0.73505615364168,0.9732300957953434,0.7876936376631513,0.7183033728864783,0.0052808339278921255,0.0008671892700686767,0.515959735500091,0.9878509792999697,CALI
5359,88499,1153.301,455.65064222936746,250.07159779809695,1.8220807410414162,0.8359385176897792,90225,335.67905277141904,0.7274528177812849,0.980870047104461,0.8361089845074479,0.7367026876754481,0.005148653004320585,0.0009354970087296277,0.542730850028229,0.9888994294054732,CALI
5360,88536,1149.0069999999998,439.7482887804176,261.371893857452,1.6824620363360463,0.804193887037381,90877,335.7492164289775,0.7349093565309781,0.9742399066870605,0.8427221556740334,0.7635031789666141,0.0049668867893333515,0.0010411359015336096,0.5829371042921255,0.9807695475431678,CALI
5361,88543,1130.637,436.7700791728517,260.7669685948531,1.674944037300407,0.8022152833521295,89480,335.762488985124,0.8280154113752408,0.9895283862315601,0.8703976491996864,0.7687396756228946,0.004932858375849607,0.0010626630848040327,0.5909606888767931,0.9898260821131257,CALI
5362,88577,1163.072,460.1036467882588,248.9569388376128,1.8481254185422433,0.8409654511344266,90577,335.82694822483575,0.6590942913268647,0.9779193393466332,0.8228442336568184,0.7298941240067685,0.005194391848767274,0.0009093978867062375,0.5327454322596078,0.984580374971256,CALI
5363,88625,1140.249,447.482797124421,253.79142614347157,1.7631911523734973,0.8236121227983519,89422,335.91792844704463,0.7966148923165426,0.9910872044910648,0.8565775979955217,0.7506834466167062,0.0050491711946338055,0.0009890704250318486,0.5635256370243371,0.9936034173369502,CALI
5364,88705,1154.664,455.931273055037,250.72534459579379,1.8184490833587863,0.8352178834785683,89829,336.06950741733857,0.7648103601389858,0.9874873370515089,0.8360778404704157,0.7371056281475354,0.00513985990705188,0.000935944192166613,0.5433247070467729,0.9880083154953853,CALI
5365,88728,1146.35,449.0268438597523,253.69431937093952,1.7699522991809962,0.8250998213241132,89604,336.113073719636,0.7988691510529681,0.9902236507298782,0.8484692076659337,0.748536704020788,0.005060711881928504,0.0009800399456937057,0.560307197266305,0.9917170120491566,CALI
5366,88773,1139.829,433.45714156444933,264.0923336277345,1.6413090664549623,0.792963016443496,90305,336.19829580884937,0.7562228469205213,0.9830352693649299,0.8586404741374712,0.7756206175204086,0.004882758739306426,0.0010900399335401878,0.60158734232274,0.9873907592188583,CALI
5367,88858,1162.9189999999999,453.4168018953894,252.52214237122166,1.7955526499091767,0.8305583659489694,90020,336.359211953645,0.7145108634470336,0.9870917573872473,0.825671826102449,0.7418322623854784,0.005102712213817432,0.0009532431779222533,0.5503151055159573,0.9881197459942253,CALI
5368,88892,1120.911,417.84346610806347,271.7476179226305,1.5376159294504947,0.7596283078221315,89503,336.423556860393,0.8111175998248047,0.9931734131816811,0.8890583790758284,0.8051425573168745,0.004700574473609138,0.0012184896128436596,0.6482545376027565,0.9967665033565632,CALI
5369,89001,1134.4019999999998,436.04579771664004,262.25695093423184,1.6626663131837849,0.7989152679878649,90415,336.6297561431167,0.8028813192364594,0.9843610020461206,0.8691020679985488,0.7720055047104758,0.004899335936861833,0.0010734914011386316,0.5959924993032765,0.9909366515017681,CALI
5370,89031,1135.554,429.780642664706,266.9790163079815,1.609791842850001,0.7836533916350514,90324,336.686486077651,0.7334173586397785,0.9856848678092202,0.8676319426330568,0.7833914621890439,0.004827314560823826,0.0011215036685617795,0.6137021830306879,0.9879327681820399,CALI
5371,89042,1128.166,436.546229323502,261.1475299126222,1.6716460211956314,0.8013373069549787,89791,336.7072846588092,0.8158512002932014,0.9916584067445512,0.8791414486995872,0.7712981169957437,0.004902700178831361,0.001070296689740264,0.5949007852811798,0.9944635307214409,CALI
5372,89085,1157.147,458.838323605596,247.48418382263606,1.8540106948185044,0.8420681047647113,89699,336.78857587918856,0.7016942744393772,0.9931548846698403,0.8360598750372923,0.7340027163221051,0.005150567700573564,0.0009222008776926812,0.538759987568229,0.998866778891781,CALI
5373,89095,1126.165,431.91199181908166,263.7291843340942,1.6377102629337075,0.7919325197726529,90202,336.8074780021657,0.7735619709138268,0.987727544843795,0.8827935361424277,0.7798058039176806,0.004847769143263726,0.001105776982653723,0.6080970918237003,0.995886848139815,CALI
5374,89128,1136.9589999999998,433.83627866769973,264.01918421600755,1.643199830178841,0.7935011820365924,90295,336.86984748290485,0.7527448397013614,0.9870756963287004,0.8664318680049679,0.7764907271411778,0.0048675643868111,0.0010915322272395827,0.6029378493362353,0.9907473716376973,CALI
5375,89150,1166.008,463.5134811821309,246.63833906851136,1.879324532157897,0.8466776985413671,90081,336.9114207223313,0.6677902621722847,0.9896648571840899,0.8240017826703179,0.7268643403058795,0.005199253855099617,0.0008952291962305963,0.5283317692083016,0.9929068549915456,CALI
5376,89280,1144.377,448.9538741153351,254.70855817055136,1.7626179400486348,0.8234850829651861,90253,337.1569761312308,0.7961476725521669,0.9892191949298085,0.8566941559418,0.7509835543698105,0.0050286052208258865,0.0009866179465656969,0.563976298933914,0.9940747422631486,CALI
5377,89334,1152.2160000000001,445.928590817723,256.84702893896304,1.7361640999308314,0.8174620796802204,90676,337.25892351333124,0.747164698404202,0.9852000529357272,0.8455880581145503,0.7563070196842091,0.004991700705417008,0.0010074437939956006,0.5720003080236108,0.9930863999399706,CALI
5378,89342,1157.6979999999999,452.06593181815407,253.86192987740827,1.7807551216382067,0.8274363419855831,90617,337.27402420840076,0.8220647773279353,0.9859297924230552,0.8376738696481528,0.7460726422181954,0.005059948644737683,0.0009670531239992352,0.5566243874664394,0.9912117288095914,CALI
5379,89384,1183.212,459.0266567952808,249.4321043760016,1.8402869908972501,0.839478110289157,90348,337.3532917678554,0.6886286594761171,0.9893301456590073,0.80231427364811,0.7349318101112156,0.0051354454577472565,0.0009241576552467051,0.5401247655133478,0.9939845794356416,CALI
5380,89440,1183.885,479.13437692794594,241.07753607386454,1.9874700261626301,0.864197790527971,91072,337.4589528833291,0.6906350382999753,0.9820801124385102,0.8019044407987813,0.7043096240495336,0.005357048042575424,0.0008131296459904207,0.49605204652879537,0.9858885738926112,CALI
5381,89559,1158.625,446.6269237753707,258.2008138189316,1.729765747712076,0.8159567409805045,91501,337.68337297968407,0.7345176291120242,0.9787761882383799,0.8383653286380046,0.7560748244311412,0.004986957466869557,0.0010052510515429225,0.571649140138581,0.9888191023207779,CALI
5382,89592,1155.357,452.2914051082352,254.9645327720396,1.773938516823526,0.8259677344281247,90627,337.74558071411195,0.7957720833148288,0.9885795623820716,0.8434254387521692,0.7467433095114598,0.005048345891466149,0.000968309576151176,0.5576255703001278,0.9891934771210816,CALI
5383,89597,1132.549,436.66561081142885,262.2302403970733,1.6651992926148511,0.7996031867538046,90416,337.75500512891944,0.8088780954616447,0.990941868695806,0.8777873754818187,0.7734866148522438,0.0048736633013541615,0.0010760847974103102,0.5982815433555831,0.9962580027802386,CALI
5384,89600,1151.504,440.56654806496516,261.6907208114687,1.6835390521254476,0.8044747747775661,90899,337.76065965158017,0.7476635514018691,0.9857094137449257,0.8491550013336628,0.7666507162994467,0.004917037366796486,0.001047788082677874,0.5877533208024548,0.989505668587349,CALI
5385,89673,1159.738,455.86392106583986,253.09817413214847,1.8011347676803968,0.8317131772170464,90645,337.89822387079255,0.8210008789277082,0.9892768492470627,0.8378220543605049,0.7412260726419504,0.005083625183342141,0.0009465771882502053,0.5494160907642099,0.989572422998467,CALI
5386,89673,1175.934,457.77851711636004,252.674293531883,1.8117336382642206,0.833872232237245,91361,337.89822387079255,0.7745588349615196,0.9815238449666707,0.8149025344633201,0.738125995949487,0.005104976047599167,0.0009347500030853132,0.5448299858964222,0.9870868125835691,CALI
5387,89832,1166.3980000000001,455.90640522291176,253.16469420338157,1.800829324394879,0.8316503069548984,90594,338.19765638254967,0.7845932136774532,0.9915888469435062,0.8297502658960456,0.741813785698384,0.005075100245156645,0.0009479905046254263,0.5502876926521679,0.9909742137816204,CALI
5388,89932,1174.522,459.70387031889436,252.1136975750955,1.8233990248862433,0.8361988889155653,91798,338.3858429915806,0.72111167239983,0.9796727597551145,0.8192223720429956,0.7360952666264131,0.005111682941765938,0.0009257202657010266,0.5418362415498104,0.9879836744899511,CALI
5389,89989,1149.4859999999999,446.87847939435227,258.82633674903826,1.7265572159592557,0.81519450421881,91153,338.4930625451171,0.812072481816377,0.9872302612091758,0.8558386930883763,0.7574610954724686,0.004965923383906392,0.0010083727572774846,0.5737473111543524,0.9906075602107673,CALI
5390,90004,1156.599,456.83638260363256,252.35355256767886,1.8103029577168854,0.8335833305890765,90790,338.5212725728526,0.7839386812995384,0.9913426588831369,0.8454852784012293,0.7410120679170284,0.0050757342185195386,0.0009440168779609675,0.549098884798671,0.9940353352300775,CALI
5391,90014,1145.9560000000001,443.96153894635427,260.4755611821613,1.7044268450039874,0.8097989370870612,91486,338.54007795206604,0.8020493629154415,0.983910106464377,0.8613586898465332,0.76254370762728,0.004932138766706893,0.0010286651261606579,0.5814729060419586,0.9910780307003955,CALI
5392,90045,1160.436,441.4573405877452,262.64081751022246,1.680840566872523,0.8037698001039061,91330,338.59836799027505,0.7907076809596151,0.9859301434358918,0.8402859068330132,0.7670013314071835,0.004902630246962576,0.0010466304708255127,0.5882910423803922,0.988823449160686,CALI
5393,90252,1192.1550000000002,453.40847071671215,255.90495632701314,1.7717846392053278,0.8254996147864914,91633,338.98733809898846,0.755152072961553,0.9849290102910524,0.7979969832932636,0.747642269592238,0.0050238052421742695,0.000968250982305517,0.5589689632810326,0.9903726229338605,CALI
5394,90343,1173.139,472.0359630850532,246.29454133376416,1.9165506491894893,0.8530857649515652,91713,339.15819345846387,0.7671790081521739,0.9850620958860794,0.8249078309860242,0.7185007499044158,0.0052249312407718716,0.0008589526923408249,0.516243327613208,0.9894064846768358,CALI
5395,90393,1165.547,458.4495325717706,253.37977022489352,1.8093375495796775,0.8333879386847765,91924,339.25203340178456,0.7556932182985554,0.9833449371219704,0.8361517103231428,0.7399986460858141,0.005071737109862164,0.000938123893572112,0.547597996208838,0.9907896166152406,CALI
5396,90548,1166.0620000000001,461.9894233915314,253.53837331366165,1.8221676559389581,0.8359557039544085,92762,339.5427724111934,0.7269545111514315,0.9761324680364805,0.8368458001428342,0.734957891283659,0.005102149394702604,0.0009182961486436613,0.5401631019601228,0.9842677333233933,CALI
5397,90795,1174.3319999999999,456.31734415607264,255.71398015980108,1.784483366419428,0.8282313772837205,92018,340.0055653430236,0.7280315604628227,0.9867091221282792,0.8273514002533692,0.7451076968635508,0.005025798162410625,0.0009555666946753789,0.5551854799253053,0.9907192542042945,CALI
5398,90861,1154.126,443.9256649852677,262.05642280138164,1.6940079553849698,0.807172237057953,92080,340.1291200032447,0.7537267003459174,0.9867615117289313,0.8571975607968666,0.7661848521745918,0.004885766885520385,0.0010385962507812021,0.5870392277018011,0.9944491218498998,CALI
5399,90988,1150.237,448.31955370097177,259.5863198098523,1.7270538525657557,0.8153128126495185,91581,340.36674293526823,0.8122913207277662,0.9935248577761763,0.8642100567225545,0.7592056606174536,0.0049272382479115025,0.001009766771303648,0.5763932351135842,0.9954621572957552,CALI
5400,91019,1196.401,482.88162071138015,243.52993638723856,1.9828429632714513,0.8635131205971258,92588,340.4247201985334,0.7796059957173448,0.9830539594763901,0.7990765557826212,0.7049858714792674,0.005305283739783783,0.0008083697111090389,0.49700507898538226,0.9854830235763371,CALI
5401,91088,1168.645,459.30072919119823,253.95048643323184,1.808623151867664,0.8332431185106426,91799,340.55373093072484,0.789050589050589,0.9922548175906055,0.838119258122995,0.7414613330364619,0.005042384608194254,0.0009400907116102584,0.549764908388207,0.9943175413953166,CALI
5402,91140,1176.273,449.18673194960843,262.05350572090975,1.714103120711531,0.8121882310652819,93504,340.65092412492106,0.7870194466512384,0.974717659137577,0.8277565604351755,0.7583726319038663,0.004928535571095111,0.001005606948138997,0.5751290488207972,0.9858304973955827,CALI
5403,91212,1167.0529999999999,462.27093884619154,254.92393570333334,1.8133681232042385,0.8342013302626096,92970,340.78545355455486,0.8033609892723141,0.9810906744111003,0.8415514718988362,0.7371985234571327,0.00506809343996614,0.0009233411753128314,0.5434616629873765,0.9854960558448734,CALI
5404,91235,1158.8069999999998,457.3964107949,256.6972405436442,1.7818516857688327,0.8276707779913716,92679,340.82841704281725,0.8022069814472874,0.9844193398720315,0.8537861794640359,0.7451488664952539,0.00501338752446868,0.0009534177198732607,0.5552468332391617,0.9893675058250062,CALI
5405,91401,1160.437,458.0396388418983,256.2176671122401,1.787697327839797,0.8289121481530074,92128,341.1383408946268,0.8096035289115646,0.9921088051406739,0.8529384174740446,0.7447790801624872,0.005011319775953199,0.0009511341095311594,0.5546958782476804,0.9916283393071276,CALI
5406,91565,1153.995,453.3610780878905,259.48460384119716,1.7471598367560353,0.8200042170347618,92497,341.4442544745411,0.7852915951972556,0.9899239975350552,0.8640353470635647,0.7531397620515347,0.00495124860031552,0.0009826453482758239,0.5672195011830423,0.991023131091804,CALI
5407,91615,1189.4329999999998,468.0945090701875,251.8671485608209,1.8584976712719323,0.8429007899364025,93439,341.5374663062779,0.7093689508323655,0.980479243142585,0.8137602705700614,0.7296335669151521,0.005109365377614883,0.0008932354399757292,0.5323651419693278,0.9893993766163474,CALI
5408,91623,1161.1670000000001,448.32833480581235,262.9726650735245,1.7048476680284022,0.8099038425842091,93063,341.55237783869956,0.7273687135315365,0.9845266110054479,0.8539353693948645,0.7618353588707226,0.0048931854971547796,0.0010167541295415519,0.580393114025683,0.9894818469864282,CALI
5409,91641,1147.6180000000002,448.7645627873682,261.33064232966905,1.7172290198607898,0.8129499891757395,92407,341.58592640662914,0.8091063198601472,0.9917105846959646,0.8743895947707314,0.7611695635791055,0.004896984567904848,0.0010139911266029472,0.5793791045192057,0.9949266117813378,CALI
5410,91657,1162.7889999999998,460.83659320572565,255.83197329423797,1.8013252498181975,0.8317523661035647,93537,341.61574459001565,0.7107728337236534,0.979901001742626,0.8518706843642586,0.7412947444421201,0.0050278384979404265,0.0009365366255942166,0.5495178981375081,0.9898604651421177,CALI
5411,91719,1152.316,442.6172248649123,265.25784369131,1.668630109879057,0.8005290194316296,92578,341.7312654756137,0.7974871750282584,0.9907213376828188,0.868012522781006,0.7720695135168109,0.004825796452915016,0.0010577289188183744,0.596091333702085,0.9946559476532638,CALI
5412,91751,1146.703,445.17612032070485,264.3705338208972,1.683909753052501,0.8045713069716497,92725,341.79087388196297,0.6708709894416659,0.9894958209760043,0.876836809108389,0.7677655163438165,0.0048520029244444735,0.0010399566238163988,0.5894638880866873,0.9926039902214207,CALI
5413,91776,1151.76,437.7224198437946,269.59212679743695,1.6236468959373043,0.7878263248436449,93709,341.8374357170587,0.7949690764513279,0.9793723121578504,0.8693907317931177,0.7809456866272617,0.004769465000041347,0.0010942908074584152,0.6098761654617255,0.9902235429580764,CALI
5414,91836,1164.6609999999998,431.45770212978834,276.5648982894737,1.5600595187542279,0.7675398888568373,94553,341.94915825353104,0.778198642499428,0.9712647932905355,0.8507927054103507,0.792543872934891,0.004698132563807095,0.0011434002448605974,0.6281257905266366,0.9799136184861037,CALI
5415,91893,1168.57,451.79716719333635,261.8717295327568,1.7252613254567533,0.8148852357168523,93253,342.05526086342877,0.6906340187590188,0.9854160187875993,0.8456347641717069,0.757099171268274,0.004916556943329049,0.000996441758368604,0.5731991551351073,0.9889183341390863,CALI
5416,92055,1155.5249999999999,435.52469817819514,271.33977202188447,1.6050897917872085,0.7822074157020059,93695,342.35663611298,0.8082089552238806,0.9824963978867602,0.8663603228071329,0.7860785795732408,0.004731135714281627,0.0011143176691997768,0.6179195332638838,0.9918163349877761,CALI
5417,92098,1199.087,464.87751976526346,254.1832113043743,1.8289072570123095,0.8372798558776607,93238,342.4365862331579,0.6400672745468697,0.9877732255089127,0.8049310380321016,0.7366167897429603,0.005047639685609497,0.0009167154757359267,0.5426042949312246,0.9923729326857641,CALI
5418,92147,1146.254,446.7414440668547,263.8188049863365,1.6933646715972048,0.8070081850223604,93190,342.52766943520203,0.8079030660108543,0.9888078119969954,0.8813112951556192,0.7667246322997131,0.004848138778982004,0.001033504732127968,0.5878666617751304,0.9954726366597887,CALI
5419,92222,1180.856,460.1372663642433,260.2161093439976,1.7682889330881364,0.8247356505707205,94510,342.66703561119823,0.7228845776993925,0.9757909215955983,0.8310947123888516,0.7447061141532144,0.004989452260461097,0.000946612668395374,0.5545871964571805,0.9806704019276082,CALI
5420,92281,1169.006,456.33232509029,259.58578021134025,1.7579249707698539,0.8224395677408722,93747,342.7766305157129,0.7150018595425526,0.9843621662559868,0.8485719575384558,0.7511557075162077,0.004945030126356346,0.0009711103671850721,0.5642348969341746,0.9918826147003404,CALI
5421,92312,1164.952,453.00848742581064,262.9812192154198,1.7225887414216106,0.8142448361957675,94180,342.83420023911316,0.7675524661589118,0.9801656402633255,0.8547752953654371,0.7567942097227466,0.004907362936842563,0.0009929768958926177,0.5727374758698766,0.9865911277236807,CALI
5422,92325,1190.336,440.0792858152135,274.8628246717683,1.6010869652552724,0.7809642785673666,96424,342.8583395043409,0.7082527846819479,0.9574898365552145,0.8188230196571622,0.7790831119652039,0.004766631852859068,0.001083244605345993,0.6069704953493864,0.9718125483984383,CALI
5423,92476,1191.233,457.2075215514683,260.1276327853852,1.757627656300095,0.8223730038335341,93866,343.1386019364899,0.688962562860868,0.98519165619074,0.8189275251375986,0.7505095296160006,0.004944066801672524,0.000967584576807052,0.5632645540444307,0.9900093580020306,CALI
5424,92544,1177.29,460.6734599889996,259.3480639752106,1.7762749138278988,0.8264733001734049,94340,343.2647381074422,0.7927359945177317,0.9809624761500954,0.8390565282622523,0.7451367789141554,0.004977885762329266,0.0009466047706472063,0.5552288192905629,0.9862390231401108,CALI
5425,92751,1148.629,436.2008928961415,273.8641725708502,1.5927636273170924,0.7783427899659474,94765,343.64842646770705,0.8151282659706294,0.9787474278478341,0.8834234248916817,0.7878214649815699,0.0047029238811025385,0.0011175293809130116,0.6206626606857071,0.9885689107740443,CALI
5426,92819,1169.482,453.5816889488898,262.1580846068384,1.7301838683675603,0.8160557076207431,94031,343.7743755761518,0.8226957269351107,0.9871106337271751,0.8528244947384664,0.757910612248919,0.00488673320062584,0.000994650130018125,0.5744284961595312,0.993866917585858,CALI
5427,92830,1186.9080000000001,467.3913065217281,254.32137861267992,1.837797943182528,0.8390012706718547,94277,343.7947453608987,0.7731967349658504,0.9846516117398729,0.8280643740252815,0.7355608471184013,0.005034916584312486,0.0009091728530993341,0.5410497598135401,0.9943401357447248,CALI
5428,92927,1179.4089999999999,465.3524346808941,257.4484328555524,1.807555903601057,0.8330264027549672,94179,343.97431760758604,0.7274186099304104,0.9867061659180921,0.839504263016052,0.739169480962229,0.005007720411515427,0.0009221380562466608,0.546371521585971,0.987597069402214,CALI
5429,93044,1161.4289999999999,437.2139216595607,272.0677743807688,1.6070037058033335,0.7827978374953752,94175,344.19079040604566,0.7556995849678777,0.9879904433235996,0.8667880294348365,0.7872365754035892,0.004699001780443239,0.0011132851754622826,0.619741425653171,0.9959267676644868,CALI
5430,93120,1153.5829999999999,445.33754778224124,269.9330958124838,1.64980713625278,0.7953644820048268,94679,344.3313323032604,0.7687989168125227,0.9835338353806018,0.8793365731704844,0.7731917823188573,0.0047824049375240684,0.0010543262686829112,0.5978255322454114,0.9862968293325962,CALI
5431,93156,1183.213,482.04964385413535,249.13896152445852,1.93486253978309,0.8560864929350662,94313,344.3978847631745,0.8009147809340394,0.9877323380658022,0.8361704795196726,0.7144448484799353,0.005174649446671555,0.0008316403130276933,0.5104314415195177,0.9876146753235977,CALI
5432,93186,1190.3419999999999,465.6438709459294,259.77843692369123,1.792465442706125,0.8299143586560388,95733,344.45333532380096,0.7551784498687154,0.9733947541600075,0.826450827970302,0.7397355722175906,0.004996929484535546,0.0009229730014483739,0.5472087168040862,0.9808527148188869,CALI
5433,93203,1181.392,455.6059166344389,263.4775624716761,1.7292019569348214,0.8158231623854602,95176,344.4847533461406,0.736776784373246,0.9792699840295873,0.8391733905811428,0.7561024577794108,0.004888318151072808,0.0009855117930570375,0.5716909266600658,0.9885690691424672,CALI
5434,93235,1160.0639999999999,450.5124199590907,264.5526283508861,1.7029217315564114,0.8094229842910853,93897,344.5438853809234,0.8152406767804835,0.9929497215033494,0.8706125833140445,0.7647822126906293,0.0048320096525885205,0.0010196677182544283,0.584891832847975,0.9960250127666765,CALI
5435,93299,1175.123,464.3282311904857,258.0063331419751,1.799677649521015,0.8314129236169018,94268,344.6621190154873,0.7864771683146616,0.9897207960283447,0.849024455290469,0.7422812051117635,0.004976776076812031,0.0009319695437631939,0.5509813874621722,0.9915888883177495,CALI
5436,93438,1196.46,465.4752174511838,259.2026572043782,1.7957964724264464,0.8306090658967413,95390,344.91876809034926,0.7023512432724976,0.9795366390606982,0.8202326075495056,0.741003506006251,0.004981647910391744,0.0009264752958896792,0.549086195913556,0.9860470536796204,CALI
5437,93494,1160.772,447.71119255118737,267.388569506235,1.6743841869453868,0.8020666767386684,94456,345.0221123282815,0.7100522510480588,0.9898153637672568,0.8719664148433589,0.7706354410356508,0.0047886622943845315,0.001041813272201533,0.5938789829802121,0.9943815780612758,CALI
5438,93503,1179.367,453.2093772591124,267.5462335754086,1.693947887819449,0.8071569277803985,95555,345.0387183366121,0.7911244606142651,0.978525456543352,0.8447680229239134,0.7613229903214114,0.004847003596238756,0.0010044512965570985,0.5796126955919358,0.9818337014512969,CALI
5439,93526,1168.211,449.6039135430275,266.62235323849137,1.6862948964405122,0.8051906117642278,94399,345.0811522829099,0.7761751427433276,0.9907520206781851,0.8611913160760467,0.7675225723983502,0.004807261227284685,0.0010290633518144402,0.5890908991409806,0.9933809767609881,CALI
5440,93615,1163.3990000000001,438.85973095262176,272.5946706857049,1.6099351093280048,0.7836972084984027,94533,345.245304067097,0.7438026378515811,0.990289105391768,0.8691564018059084,0.7866871342186755,0.004687921069835195,0.0011075625029034143,0.6188766471451924,0.9963512425822444,CALI
5441,94013,1186.7079999999999,460.5660539193641,261.52472050523073,1.76108037905408,0.8231436065878821,94873,345.97842319888514,0.8012904105619337,0.9909352502819558,0.838899692624842,0.7512026130772093,0.004898961355550446,0.0009623036569822627,0.5643053658940272,0.9937871076709048,CALI
5442,94073,1192.258,470.13025654035243,256.5516766608039,1.8324973068171697,0.8379784040613709,95211,346.0888089665295,0.7614287564347461,0.9880475995420697,0.8316380808787968,0.7361551488163448,0.004997504667017661,0.0009053372442985851,0.5419244031288148,0.9930750092320554,CALI
5443,94151,1158.189,444.1690204312746,271.54187856988744,1.6357293496331087,0.791361815518335,95228,346.2322578506519,0.7939068402590393,0.9886903011719242,0.8820149154706732,0.7795056429520251,0.00471762403406522,0.0010744349918570448,0.6076290473940501,0.9939166665120551,CALI
5444,94198,1183.792,456.70187341769497,268.2737270998728,1.7023727159375328,0.8092855573006328,96847,346.31866631032585,0.7616822052057475,0.9726475781387136,0.8446965971021095,0.7583035815436349,0.00484831815343951,0.0009888793379731135,0.5750243217819042,0.9789057164019981,CALI
5445,94239,1187.663,454.02847560810017,268.8702924689731,1.6886524406949637,0.80579970857837,96908,346.3940262999595,0.7705308084772371,0.9724584141660131,0.8395645245721027,0.7629345843033718,0.004817840550176681,0.001006888531103638,0.5820691799261587,0.9829125413356238,CALI
5446,94276,1160.8890000000001,445.5841933765365,271.7865437697356,1.639463776227445,0.7924356433498526,95109,346.462020024493,0.8272001403878213,0.9912416280267903,0.8790824697308397,0.7775455798803856,0.0047263799204096115,0.0010656432019878967,0.6045771287915254,0.9911823025893004,CALI
5447,94295,1181.4060000000002,462.0748325819748,261.9257519055326,1.7641443394562784,0.823823058238535,95545,346.49693053590266,0.792601433987005,0.9869171594536605,0.8489853272212489,0.7498718954238479,0.0049003110725062285,0.0009557663153477752,0.5623078595465544,0.99199222745083,CALI
5448,94354,1178.1950000000002,466.135209472753,259.70386378246866,1.7948720619081506,0.8304167201460428,95515,346.6053144484971,0.7353596757852077,0.9878448411244307,0.8541533125360097,0.7435724815564639,0.004940280321690156,0.0009315895119362535,0.5529000353280379,0.9923848264383247,CALI
5449,94415,1207.2939999999999,481.0232313753348,252.93640259303024,1.9017556446759931,0.850589739805815,96363,346.71733676897435,0.735176172863539,0.9797847721635897,0.8140006973110214,0.7207912511369671,0.00509477552693253,0.0008482870617550186,0.5195400277155944,0.9880381803432536,CALI
5450,94648,1191.049,464.300765057854,264.1201179414094,1.7579151814586549,0.8224373766956604,95984,347.14489255942345,0.6981588575475038,0.9860810135022504,0.8384208072544063,0.7476724543328452,0.00490555283849478,0.0009456125849547506,0.5590140989681008,0.9826993712254553,CALI
5451,94744,1186.03,460.9391592885661,263.34138989342665,1.7503483196283978,0.8207309754874109,95963,347.32089978345425,0.6722293174400454,0.9872971874576659,0.8463894306916889,0.7535070361987137,0.004865101318168603,0.0009674330059815148,0.5677728536009696,0.9938002602310776,CALI
5452,94904,1191.1589999999999,441.7569764880499,274.7645770337255,1.6077653868527133,0.7830320980878595,95752,347.614047117699,0.8082094954226102,0.9911437881193083,0.8405332701995535,0.7868897733799625,0.004654777211582756,0.0011008655131708994,0.6191955154499689,0.9955211174348846,CALI
5453,94940,1183.1019999999999,463.50500588985506,262.80778828932915,1.7636654107814158,0.8237171232668035,95985,347.67997120506715,0.6683656228880378,0.9891128822211804,0.8523436193275814,0.7501104988878762,0.0048820834831457246,0.000953423694071575,0.5626657605418185,0.9923541396986242,CALI
5454,95037,1190.6129999999998,461.3229293883324,264.9148116938478,1.741401042994403,0.818679815320763,96528,347.85753781252987,0.774863432531594,0.9845537046245649,0.8424833802661608,0.7540434599115934,0.004854140275769778,0.0009680049881899238,0.5685815394354469,0.9901284858002504,CALI
5455,95061,1209.008,472.1544763750648,261.74731620005116,1.8038560365379308,0.8322716860861843,97650,347.9014578326301,0.708569682242712,0.9734869431643626,0.8172480507532078,0.736838207070747,0.004966857874155172,0.0009031295327578427,0.5429305433992331,0.9793685381315255,CALI
5456,95103,1207.004,459.9861986373535,268.0488820299013,1.7160534121759228,0.8126640744924937,97761,347.9783045291016,0.8168676561533704,0.9728112437475067,0.8203263505366957,0.7564972722223839,0.004836715967291815,0.0009771467969594708,0.5722881228799078,0.9820769860158195,CALI
5457,95159,1187.8129999999999,456.64026755577515,269.94973081457886,1.691575191343417,0.8065506656857218,97517,348.08074040005914,0.7216723924798459,0.9758196006850087,0.8475465986877074,0.7622646646192754,0.004798708136442955,0.0009993721712605217,0.5810474189271363,0.9828853988512692,CALI
5458,95754,1182.3020000000001,452.7056001278119,272.5128473970316,1.6612266337236294,0.7985226041618846,97441,349.16726559998546,0.7488269519519519,0.9826869592881846,0.8608152269978726,0.771289918881952,0.004727798317854209,0.0010320704043449234,0.594888138968928,0.9882440205414671,CALI
5459,95806,1199.725,476.8790321747298,256.94308160120727,1.8559714828783664,0.8424328286057995,96482,349.2620618144733,0.8190927278012414,0.9929935117431231,0.8364483998380402,0.7323913157215576,0.004977548714848024,0.0008834216250433183,0.5363970393443543,0.9955376085235067,CALI
5460,95892,1194.897,470.86807446591905,261.5597391420107,1.800231472972478,0.8315271430855696,96906,349.4187837305605,0.7448732289336316,0.9895362516252864,0.8439783366155974,0.7420736352255096,0.004910399975659273,0.0009185115880082484,0.5506732800968028,0.9913393701552533,CALI
5461,96148,1185.141,464.03641743815,266.75718378968486,1.7395460952384432,0.8182499528003911,97828,349.88488928102686,0.742816968872888,0.9828270024941734,0.8602210647539686,0.7540030828025732,0.0048262721787052255,0.0009622414463625174,0.5685206488757841,0.9889678748142963,CALI
5462,96220,1184.057,467.1455145339471,264.2926466684935,1.767531259089078,0.8245693740572638,97317,350.0158696322459,0.7880813143971038,0.9887275604467873,0.8624421971397658,0.7492651834224355,0.004854973129639857,0.000943862654970061,0.5613983150890559,0.9922890707198461,CALI
5463,96243,1207.2140000000002,476.6116146477876,260.2091823247316,1.8316479472003935,0.8378135599304092,98057,350.0577002494678,0.7138894039980714,0.981500555799178,0.8298708109704861,0.7344716106177098,0.004952169141109354,0.0008889458101433161,0.539448546803373,0.9880798233726332,CALI
5464,96343,1198.882,464.95244140755915,264.9672883334067,1.754754122035292,0.8217276418214641,97272,350.23951441609177,0.7831108871295499,0.9904494613043836,0.8423200725568164,0.7532802997136765,0.00482601166050008,0.0009585054092619533,0.5674312099367264,0.9957022546079439,CALI
5465,96365,1195.2279999999998,463.1308996794645,267.22300436672396,1.7331251131503858,0.8167495226107365,97784,350.2795008680981,0.7786441499676794,0.9854884234639614,0.8476716772724414,0.7563293684583096,0.004806007364494002,0.0009700811207527244,0.5720341135925455,0.991406687845961,CALI
5466,96427,1184.426,463.27948083699573,268.94149777712295,1.722603185697004,0.8142483066757666,98705,350.3921654092419,0.734732286404401,0.9769211286155717,0.863759137815384,0.7563299906488345,0.0048044580961452265,0.0009697715957368454,0.5720350547548662,0.9853894076510926,CALI
5467,96668,1190.245,469.52839814387767,264.4105915600043,1.7757548794611153,0.8263609709031039,97524,350.8297597275047,0.7477876106194691,0.991222673393216,0.8574718390295795,0.74719603992941,0.004857123330821758,0.0009338930423829115,0.5583019220861926,0.9914073623570758,CALI
5468,96902,1207.7099999999998,477.89867195685395,260.24673526081165,1.8363291723061115,0.8387188528318668,97688,351.2541222020416,0.7363653634256621,0.9919539759233478,0.8348669714700092,0.7349970669802443,0.0049317730486146205,0.0008878207064605627,0.5402206884695617,0.9920230097199478,CALI
5469,96996,1203.309,469.69801565946045,265.45581309376263,1.7694018834447476,0.8249794469716724,98015,351.42444832585545,0.7316145966902503,0.989603632097128,0.8418008480645841,0.7481923206178596,0.004842447272665475,0.0009360469846630498,0.5597917486315379,0.9904965743654718,CALI
5470,97727,1184.262,452.1707560205335,277.52023232893123,1.6293253728780304,0.7894996947155881,99056,352.7461991125251,0.7616831899239307,0.9865833467937328,0.875646554131857,0.7801172331819411,0.004626876462190935,0.0010570782909183564,0.6085828975074472,0.9915795564085136,CALI
5471,97743,1183.5069999999998,464.4234944290969,269.7537726371508,1.7216570870865957,0.8140207747255194,98773,352.7750739792269,0.7349816147442984,0.9895720490417422,0.876907665896304,0.7595978201164945,0.004751475752013923,0.000975760242993094,0.5769888483257303,0.9933769398899264,CALI
5472,97770,1231.8659999999998,497.1008833675604,253.66019613141358,1.959711815053662,0.860008854801002,99373,352.8237949582721,0.7967890469011043,0.9838688577380174,0.809633634744938,0.7097629611279354,0.005084390747341316,0.0007959247514654424,0.5037634609890952,0.9872312064926544,CALI
5473,97818,1209.324,466.1825802134626,271.19773247942555,1.7189766888955444,0.8133737637816816,99498,352.9103934243141,0.6988148052894404,0.9831152384972562,0.8405108019214539,0.7570218373726412,0.004765815905185779,0.0009654963919247737,0.5730820622590495,0.9851147058474911,CALI
5474,98240,1198.223,472.2456559912784,267.69399429751167,1.7641249562977892,0.8238187727874329,99642,353.67082559179573,0.7845517417623664,0.9859296280684852,0.859850433408609,0.7489128192178172,0.004807060830530114,0.0009327911965920013,0.5608704107887788,0.9894454889214774,CALI
5475,98270,1195.813,465.20298258320315,271.94932402382705,1.7106237871819239,0.8113345793671172,99879,353.72482251196965,0.7199056437906581,0.983890507514092,0.8635833871949518,0.7603666265159956,0.0047339267587585545,0.0009760981386458923,0.5781574067193156,0.9890098126694756,CALI
5476,98399,1207.5229999999997,475.46007958498984,267.26614176827195,1.7789761038913359,0.8270549387501789,99895,353.9569154041142,0.7157852622390339,0.9850242754892637,0.848027089468625,0.7444513863562827,0.004831960483185701,0.0009154792574500187,0.5542078666477914,0.9859225513550168,CALI
5477,99044,1204.5439999999999,482.3869208417475,264.03255083881373,1.8269979186628185,0.836906421265097,100311,355.11510453478246,0.7661793146128258,0.9873692815344279,0.8578131472217257,0.7361623816730346,0.004870430524229105,0.0008823514408898428,0.5419350521905145,0.9901142124024962,CALI
5478,99804,1212.67,475.7429149319764,269.1308176003524,1.7677013698164958,0.8246067275023518,100799,356.4749633883818,0.8112563402262973,0.9901288703260945,0.8528497843848443,0.7493016757576979,0.004766772022483832,0.0009268958973625269,0.5614530012932945,0.9924812394737391,CALI
5479,100376,1201.8139999999999,465.4631658895847,276.10970302615567,1.685790686774567,0.8050599519778143,101303,357.49502450011346,0.7643153021442495,0.9908492344747934,0.873303561605489,0.7680414922131927,0.004637195802677779,0.0009953456613933803,0.5898877337610676,0.9944272478169629,CALI
5480,100635,1229.5909999999997,472.42379335890837,276.09630215856663,1.7110833780294081,0.811447689782721,103329,357.9559492233969,0.7779452690166976,0.9739279389135673,0.8364453354249509,0.7577009334740507,0.004694428313796476,0.0009544512772396201,0.5741107045874478,0.9823512837683338,CALI
5481,100725,1223.39,484.26933696710324,266.4382995241791,1.8175665354115356,0.8350420113299215,101676,358.1159772244869,0.7480393904286605,0.9906467602974153,0.845701863549052,0.7394975272795643,0.004807836554649821,0.0008869034871340338,0.54685659285259,0.9939482428380388,CALI
5482,100962,1216.408,470.01880330408153,274.16462241045804,1.714367080521446,0.8122527448798385,101690,358.5370425988806,0.7535602328705777,0.9928409873143869,0.8574509259802215,0.7628142535542836,0.004655403055645505,0.0009723267811586506,0.5818855854255788,0.997565492283562,CALI
5483,100983,1239.47,476.22925891347796,272.2853156794111,1.749008233239396,0.8204260890024274,102017,358.5743283421039,0.6740063407308526,0.9898644343589794,0.8260114992441524,0.7529447668969248,0.0047159349485901385,0.0009349751008479998,0.5669258219974644,0.9915579303095774,CALI
5484,101226,1268.518,503.6126663002771,263.34171832800894,1.912392269245374,0.8523908002563912,104908,359.00549599603846,0.7538764019840029,0.9649025813093377,0.7905123724354497,0.7128603389454522,0.004975131550197352,0.0007925052399925485,0.508169862841425,0.9718201171614231,CALI
5485,101496,1239.9,480.4816110942436,270.0436281691737,1.7792740171348802,0.8271189003373733,102579,359.483964638814,0.6683260242582276,0.9894422835083204,0.8296319538912876,0.7481742408832861,0.004733995537698467,0.0009149947740301665,0.5597646947212815,0.9959747770270143,CALI
5486,101815,1222.712,481.0602672825594,273.89505766537366,1.756367096883822,0.822090349342978,104098,360.0484470834593,0.7939905795745211,0.9780687429153297,0.855801967536745,0.7484476926712768,0.004724846705127529,0.0009145623124308796,0.5601739486649581,0.9838710919666197,CALI
5487,102108,1232.802,480.9413523744692,273.75787968301677,1.756812819164692,0.8221903740300762,103967,360.566142938876,0.7559467843314356,0.9821193263246992,0.8442731409291769,0.7497091717289741,0.004710124107557383,0.0009178747204342802,0.5620638421745446,0.9874409631212002,CALI
5488,102300,1232.892,491.1081828158212,267.18101166584574,1.8381103498104632,0.8390612412297112,102966,360.90498116042556,0.7932630795356735,0.9935318454635511,0.8457371904149235,0.7348787778104986,0.004800666498688379,0.0008636626183538724,0.5400468180762522,0.9926656456881676,CALI
5489,102525,1238.0069999999998,478.2714510167698,274.4962505555753,1.7423605970892402,0.818901553932679,103334,361.3016528110168,0.8092013354485829,0.9921710182514951,0.8406078500817719,0.7554321965965483,0.004664925150126991,0.0009371441634854434,0.570677803654686,0.9943265187213548,CALI
5490,103602,1260.637,484.9987515152966,275.53782312265713,1.760189385322235,0.8229452514204868,104732,363.1943877782975,0.7914591291061879,0.9892105564679372,0.8192150159137289,0.7488563354927369,0.00468136475661953,0.0009081263504405419,0.5607858112076106,0.9870892323269549,CALI
5491,103801,1235.37,470.03478562549947,282.90140511959527,1.661479148280633,0.7985915637697495,105041,363.54303456819883,0.7733358167256472,0.9881950857284298,0.854707077535143,0.7734385745182953,0.004528229840035255,0.0009995661448998748,0.5982072285528928,0.9939088365913782,CALI
5492,103899,1240.06,488.42097329760753,273.38222560222727,1.7865864257329696,0.8286773191159731,105229,363.7146071557185,0.8254141012909633,0.9873608986115995,0.8490550195225032,0.7446744244008904,0.004700920829821341,0.0008917198892981817,0.5545399983567975,0.9907336335902376,CALI
5493,105090,1256.75,484.58426800962303,279.666507816285,1.7327218471507144,0.8166546393069706,107776,365.79330742404,0.7790214974054855,0.9750779394299287,0.8361293497234721,0.7548600554584574,0.004611135864588667,0.0009235352148548022,0.5698137033267453,0.9873286525601074,CALI
5494,106064,1234.6039999999998,481.0983687022168,282.35270391405965,1.7038914876078177,0.8096653476915093,106961,367.48452902508734,0.810032228993875,0.991613765765092,0.8744248803826186,0.7638448868916192,0.00453592518387216,0.0009525029924217894,0.5834590112304708,0.9941508426036734,CALI
5495,106700,1255.058,469.42267432228306,291.87301689603794,1.608311310563821,0.7831997531695291,108228,368.58467062975075,0.6964661035756713,0.9858816572421185,0.8512295485410776,0.7851871901200457,0.0043994627396652585,0.0010315071186925819,0.6165189235286128,0.9915543578876995,CALI
5496,106806,1263.899,494.72700165509417,276.17646947147216,1.7913437832045185,0.8296794253131214,108109,368.767708476466,0.705451086848832,0.9879473494343671,0.8401963182682777,0.7453963645460321,0.0046320150708302355,0.000882061380336037,0.5556157402784411,0.9952988021983619,CALI
5497,107911,1298.822,498.59777940292696,279.3503372470756,1.7848476014615824,0.828308741351971,110337,370.6704095445388,0.7318977211068909,0.9780128152840842,0.8038523922959371,0.7434257127827931,0.004620453701688679,0.0008705920504982498,0.552681790426604,0.9864527680144171,CALI
5498,114858,1300.819,512.7366416870902,287.56171895113255,1.7830490218144206,0.8279261887585151,115826,382.4156738801265,0.6887127335523949,0.9916426363683456,0.8529770973072717,0.7458325440168265,0.004464091675695992,0.0008520757120303221,0.5562661837146116,0.991849874740779,CALI
5499,115608,1298.6229999999998,500.29830971344694,296.8988262478274,1.6850801198379879,0.8048755819985102,117222,383.66219163183473,0.7796495865985082,0.986231253518964,0.8614529671431054,0.7668668555997776,0.004327540565648112,0.0009232105978070736,0.5880847742174903,0.9909699618133045,CALI
5500,116272,1326.583,534.4844041837629,279.7834138801638,1.9103505700044539,0.8520477123508897,118144,384.76240505725974,0.7665510739573581,0.9841549295774648,0.8302638934872921,0.719875831821228,0.004596845364178503,0.0007615002157716795,0.518221213240305,0.9899841901020163,CALI
5501,33006,710.4960000000001,283.0203846998961,149.62371856555887,1.8915475929432164,0.84882891532034,33354,204.99888881047326,0.6354762317333795,0.9895664687893506,0.8216360477301875,0.7243255252721325,0.008574816236438711,0.0014559274841805731,0.5246474665607507,0.9923956525167446,HOROZ
5502,33263,719.325,271.3390351065366,158.5661121824373,1.7112044394097843,0.8114774665481199,34108,205.79544935815687,0.672740878569695,0.9752257534889176,0.8078318484446979,0.7584439491994023,0.008157383131603782,0.0016650396767670396,0.5752372240771857,0.9843484915546409,HOROZ
5503,33407,706.222,281.53529589269573,152.74190550526143,1.8432092683497248,0.840035139336338,33989,206.24042637409275,0.8098666666666666,0.9828768130865868,0.8417145920598622,0.7325561994638824,0.008427434247094792,0.00149705903845454,0.5366385853729675,0.9891372143135386,HOROZ
5504,33518,702.956,277.57139915259285,154.30558055601924,1.7988422593168825,0.8312404049981293,34023,206.58277532367788,0.8083833779514266,0.9851570996090879,0.8523769094593903,0.7442509421156555,0.008281263773273848,0.0015673065658132585,0.5539094648400409,0.9963957531898645,HOROZ
5506,33556,689.2940000000001,264.6307432221678,161.7054714405909,1.6364983872508647,0.7915836714735336,33892,206.69984558081586,0.7740715109573241,0.9900861560250207,0.8875055005878121,0.7810878020596546,0.007886242198777201,0.0018107116513477472,0.610098154526382,0.998424645947153,HOROZ
5507,33927,709.639,285.88330827614885,152.4196982266204,1.8756322942661408,0.8460184993972144,34358,207.83935631691574,0.7560502741008156,0.987455614412946,0.846604109703999,0.727007664666289,0.008426424625700736,0.0014520416083831232,0.5285401444835313,0.9913469638094035,HOROZ
5508,33954,716.75,277.3684803135001,156.35632588368082,1.773951125711694,0.8259704690209545,34420,207.92204188574553,0.7994819872851424,0.9864613596746078,0.8305492781343944,0.7496238997694994,0.00816894858672027,0.001591181142365034,0.5619359911056324,0.9968469839997529,HOROZ
5510,34165,693.307,272.149359170814,160.50251470860098,1.6956080698480802,0.8075793491429079,34437,208.56708524088077,0.7726142017186793,0.9921015187153353,0.8931823220738271,0.7663699296457797,0.007965735670154076,0.0016949600913653666,0.5873228690652774,0.9958693963934118,HOROZ
5511,34196,690.131,264.9295953071563,165.7880877171736,1.598001394159955,0.7799982606962843,34639,208.66168664075258,0.7515604395604396,0.9872109471982448,0.9022400484967813,0.7876118423041134,0.007747385521907717,0.0018390091080416123,0.6203324141376797,0.9912920626346226,HOROZ
5512,34232,744.3290000000001,296.97315394535167,148.16748383153208,2.0043071952481366,0.866644869762995,34936,208.77149253519767,0.6046026952083223,0.9798488664987406,0.7764477888688751,0.7029978628088899,0.008675308306419481,0.001307015384204949,0.49420599511386676,0.9905406319414886,HOROZ
5513,34377,736.4590000000001,298.06911867608557,148.89490014530665,2.001875943267363,0.8662957501904324,34990,209.2131827332128,0.7038553674167196,0.9824807087739355,0.7964906653903402,0.701894861374642,0.008670597163105727,0.0012981265239959232,0.492656396424128,0.9862369882982508,HOROZ
5514,34414,707.737,276.4939670902663,160.5266301053222,1.7224180617811353,0.8142038198106292,34773,209.32574063529762,0.6341957835765886,0.9896758979668133,0.8633784745253438,0.7570716382645685,0.008034345530605752,0.0016280891241524623,0.5731574654645977,0.9872167707609204,HOROZ
5515,34586,727.413,283.53926933480943,156.53584472639173,1.8113376513245665,0.8337923479228951,35278,209.8481901142117,0.6876081035408259,0.9803843755314927,0.8213874908169141,0.740102739936239,0.00819809371811743,0.00151726237912892,0.5477520656611283,0.9921639401228078,HOROZ
5516,34952,707.965,272.4792930738466,163.72762125429557,1.6642231224421322,0.7993385158112696,35404,210.95560804961647,0.6921736375158428,0.9872330810077957,0.8763111147388344,0.7742078514290768,0.0077958140613941,0.001727712677781727,0.5993977972144274,0.9975316736651304,HOROZ
5517,35139,733.9979999999999,292.6114960979988,154.7210778963213,1.891219348239533,0.8487717604265167,35769,211.51918202009216,0.6414099007009346,0.9823869831418267,0.8196142658312353,0.7228669578629682,0.008327257352172764,0.0014025399612475772,0.5225366387700622,0.9882314014059935,HOROZ
5518,35255,717.6719999999999,268.13346592937626,169.1690741721045,1.5850028572987882,0.7758530252905038,35860,211.86802531207525,0.6846561668576311,0.9831288343558282,0.8601586833805266,0.7901588284689507,0.007605544346316161,0.0018288060640184176,0.6243509742074247,0.9895980780760499,HOROZ
5519,35464,741.9879999999999,278.1389319953129,163.9807355229943,1.6961683401908552,0.8077215763077011,36088,212.4950992716957,0.8221820373719108,0.9827089337175793,0.8094757058115647,0.7639890530509286,0.007842852808349675,0.0016481713864413422,0.5836792731816546,0.9900183039963318,HOROZ
5520,35512,740.643,294.18267682222216,154.59569063834618,1.9029164112369674,0.8507879438602303,35978,212.63885513385154,0.7220968299477419,0.9870476402245817,0.8135179705395312,0.7228122927929966,0.008284035729393506,0.0013948382422129513,0.5224576106126686,0.9941931614105002,HOROZ
5521,35755,756.893,306.60878207437884,149.3572951008727,2.0528544110771545,0.8733313635838391,36384,213.36513286384385,0.7793156059285091,0.98271218117854,0.784291790123483,0.69588721960379,0.008575270090179802,0.0012404607077286496,0.4842590224078935,0.9941132702539548,HOROZ
5522,35798,743.1419999999999,295.1079192042044,156.38085496963473,1.887110281252184,0.8480534244831787,36549,213.4933938613309,0.7286086460962305,0.9794522421954089,0.8145636277354964,0.7234417647518327,0.008243698508414,0.0013928879200167071,0.5233679869872461,0.9876531091218913,HOROZ
5523,35869,705.5319999999999,264.8164877664744,172.849543465591,1.5320635649766188,0.7576040324070743,36265,213.7050051592277,0.7079221599431594,0.9890803805321936,0.9055151074725097,0.8069928234516923,0.007382879025522719,0.0019314532703079742,0.6512374171025345,0.9977371188922741,HOROZ
5524,36143,736.997,299.890316740987,154.19430302942192,1.944885841105068,0.8576888967962113,36592,214.51968875924416,0.761980056079101,0.9877295583734149,0.8361854795090448,0.7153271605782564,0.008297327746478903,0.0013400989565062955,0.5116929466609506,0.9951843669542138,HOROZ
5525,36458,731.111,283.69896195670066,164.9206881925432,1.720214516843909,0.8136729980860179,36979,215.45247114376426,0.679223489082644,0.985910922415425,0.857109025417281,0.7594404634326704,0.0077815283876433335,0.0015966863053680446,0.576749817498829,0.9921334086485608,HOROZ
5526,36500,742.992,295.80432384827407,158.52951942714265,1.8659258219994825,0.8442643346482497,37093,215.57653718072714,0.7455065359477124,0.984013156121101,0.8308726304816514,0.7287808858781324,0.008104228050637645,0.0014101954553892729,0.5311215796213155,0.9910334700365668,HOROZ
5527,36584,731.806,293.13925213521145,159.4393493024265,1.8385627727267084,0.8391480279775266,37023,215.82445529779795,0.7049755270358808,0.9881425060097777,0.8584383687167034,0.736252322832045,0.008012772035185094,0.001452343220455466,0.5420674828755819,0.9966250943207177,HOROZ
5528,36609,748.431,305.3024337618435,153.23880040895733,1.9923311390265719,0.8649113833019106,36969,215.89818547919657,0.6362356621480709,0.9902621114988234,0.8212855744207593,0.7071616915036182,0.008339545842875891,0.0012864623097007535,0.5000776579302586,0.9963202898259323,HOROZ
5529,36718,727.659,271.15850160928613,172.82446696551864,1.5689821376008455,0.7705695782533201,37285,216.21935529361312,0.7887862513426424,0.9847928121228376,0.871431131804683,0.7973910241072392,0.0073848930118548435,0.0018416595158345156,0.6358324453267916,0.9976097492248023,HOROZ
5530,36799,759.261,300.6202949119391,157.23371179875798,1.9119328258096477,0.8523137030702327,37393,216.45771413074945,0.7113529605072394,0.9841146738694408,0.8021649758183894,0.7200369296229869,0.008169251743578333,0.0013545066061333591,0.5184531800208982,0.991247653527354,HOROZ
5531,37039,747.615,301.80195157233493,156.98201819389732,1.9225256181861694,0.854075463615606,37726,217.16242653241304,0.7609294107979292,0.9817897471239994,0.8327470522883724,0.7195527576976726,0.008148220836748696,0.0013473893848571796,0.5177561711103257,0.9953995029335828,HOROZ
5532,37089,759.483,304.37693820970367,156.34331587269634,1.9468497038756987,0.8579996123083474,37537,217.30895396803706,0.6750327606290041,0.9880651090923622,0.8080139775741971,0.7139468425111754,0.00820666338293574,0.0013152547889318088,0.509720093931677,0.9923484139303788,HOROZ
5533,37430,748.5779999999999,299.056337402928,160.73454193098826,1.8605604856940368,0.8432813095309465,37902,218.30564848266556,0.6614009047215154,0.9875468313017782,0.8393741151968185,0.7299816829781323,0.007989749863823885,0.0013994609891424647,0.5328732574835864,0.991442926757025,HOROZ
5534,37454,772.6789999999999,297.62747526236166,162.1493177429066,1.8355148168693527,0.8385619338101027,38113,218.37562571979223,0.8016695205479452,0.982709311783381,0.78833326374959,0.7337213257186417,0.00794648035623329,0.001420623993082649,0.5383469838143211,0.988143865408112,HOROZ
5535,37471,763.6819999999999,314.36781546877273,152.43855788803515,2.0622591805130646,0.8745667734622439,38008,218.42517936531786,0.624017452704503,0.9858713954956851,0.8073838139536801,0.6948077017350232,0.0083896297261555,0.0012060937080147984,0.482757742390305,0.9955715862081675,HOROZ
5536,37503,766.505,308.16073012570973,155.36287582180725,1.9834901259111173,0.8636092027657538,38070,218.51842633105977,0.6769494584837545,0.9851063829787234,0.8021320874023219,0.7091053627823322,0.008216962113049881,0.0012815457851943503,0.5028304155266631,0.9973591642049204,HOROZ
5537,37600,749.282,299.1671654178888,161.11163635835618,1.8568935936598614,0.8426038956152411,38280,218.80083839428522,0.6782106782106783,0.9822361546499477,0.8416026796791812,0.7313664856524458,0.007956573548348106,0.0014042552792118304,0.5348969363356091,0.9932466943498792,HOROZ
5538,37736,791.577,297.38989356005965,165.75089750332072,1.794197787400226,0.830276205469853,38887,219.19618486672184,0.7968746700454018,0.9704014194975185,0.7567969854611334,0.7370666912809997,0.007880800656138956,0.0014347533480537132,0.5432673073959207,0.974729000896639,HOROZ
5539,37776,727.3069999999999,283.07185690301066,170.4841002688292,1.6604003332665425,0.7982966867596065,38194,219.3123276104549,0.7480544169191469,0.9890558726501545,0.8974087481027427,0.7747585012861177,0.00749343119713603,0.001665428101020954,0.6002507353151113,0.996656520960698,HOROZ
5540,37781,738.7919999999999,283.2345962051133,170.20641055416414,1.664065385568898,0.7992956963486217,38242,219.32684112903092,0.7293629343629343,0.9879451911510905,0.8698391381682736,0.7743645870513588,0.007496746941719735,0.0016627790688440657,0.5996405136792217,0.9978410225983461,HOROZ
5541,37789,766.3779999999999,313.5680677939905,154.340986665798,2.0316577894695893,0.8704771225709357,38251,219.3500607613252,0.7805870566606763,0.9879218843951793,0.8085170916158955,0.6995293312373724,0.008297866251924912,0.0012256597089833527,0.48934128526140536,0.9941740339103947,HOROZ
5542,37972,778.569,317.1403375090653,153.90938429316645,2.0605653057839324,0.8743456428762185,38615,219.88054027740517,0.6028067056134112,0.9833484397254952,0.787189189104726,0.6933225271954564,0.008351952425710137,0.0011904441359963146,0.4806961267166944,0.9905057613371374,HOROZ
5543,38060,755.921,304.4258079131475,159.34010037931927,1.910541082806164,0.8520797785804851,38480,220.1351790891685,0.7029403073286052,0.989085239085239,0.8370007111008374,0.7231160215955572,0.007998576140650223,0.001349038618027113,0.5228967806881863,0.9990157815718648,HOROZ
5544,38110,861.568,310.1777403411022,157.4886783356731,1.9695240548021236,0.8615121937629313,39200,220.2797290942974,0.6439240335225737,0.9721938775510204,0.6451633560497365,0.710172589599937,0.008139011816874894,0.0012770475416310392,0.5043451070190805,0.9933198201958304,HOROZ
5545,38253,754.503,292.31378522435125,167.55940872336308,1.7445381757520697,0.8194031815840144,38857,220.6926195067569,0.8085605580215599,0.9844558252052398,0.8444101065512019,0.7549853296770626,0.007641591122901505,0.0015315021480378835,0.5700028480275829,0.9943917286715237,HOROZ
5546,38294,771.0579999999999,306.0067702241351,160.38613577528702,1.9079377949031298,0.8516406688376692,38844,220.81085826129183,0.8271914286948633,0.9858407990938112,0.8094061539070273,0.7215881468882489,0.00799098475542213,0.0013364035715945992,0.5206894537296172,0.993443088178201,HOROZ
5547,38427,756.323,306.5338861157126,160.59178440352136,1.9087768857806597,0.8517824235182024,38773,221.1939781855241,0.7969761075161772,0.9910762644108013,0.8441735278886088,0.7215971486494195,0.00797704442490209,0.0013341387770005077,0.5207024449389722,0.9939047912689869,HOROZ
5549,38470,762.336,304.58894690580405,162.01164923211473,1.8800434928566048,0.8468055482465193,38914,221.31770215227183,0.8018258368418859,0.9885902245978311,0.8318388356748182,0.7266110750260273,0.00791757075398503,0.0013613812604818785,0.5279636543504791,0.9925946328264118,HOROZ
5550,38532,775.776,316.71277254214436,155.31484487330417,2.039166138951484,0.8714994220925059,39015,221.49597318627553,0.6750052554130754,0.9876201460976547,0.8045605537421696,0.6993591430127798,0.008219474009709965,0.0012128995003312232,0.48910321091556974,0.9973627061514758,HOROZ
5551,38637,771.6229999999999,315.0881849226493,156.74601676824517,2.010183042727771,0.8674828235447468,39096,221.7975569972142,0.6052161654135338,0.9882596685082873,0.8154605078366105,0.7039221640496075,0.00815508929064496,0.0012351139946711496,0.49550641304028253,0.9960585890564388,HOROZ
5552,38833,768.636,299.96108788305827,166.74586414641504,1.798911711655232,0.8312547583086728,39550,222.3594190510053,0.7904131894972521,0.9818710493046776,0.8259796815912962,0.741294214593906,0.007724386163393461,0.0014388190615984954,0.5495171125903959,0.9885327695938301,HOROZ
5553,38891,791.3430000000001,319.499996298874,156.86961853190869,2.036723230979776,0.8711681798766453,39651,222.525412333727,0.6500250710345981,0.9808327658823233,0.7804218931643873,0.6964801718669417,0.008215268218839167,0.0011924400054886069,0.48508462980380457,0.9879831345126333,HOROZ
5555,38970,770.8029999999999,314.18283976975533,158.67974890842456,1.9799806965353401,0.8630869096961403,39358,222.75130764673256,0.6302765647743813,0.9901417754967224,0.8242396022727287,0.7089862317431876,0.008062171921215174,0.0012565594001880836,0.502661476801405,0.9952600209587286,HOROZ
5556,39158,742.484,281.33414478281907,178.55978570946343,1.5755739382471086,0.7727673828416023,39590,223.2879622656347,0.694290780141844,0.9890881535741349,0.8925985301810895,0.7936753017946181,0.0071845892227084904,0.0017585437136863173,0.629920484678778,0.9924862988278698,HOROZ
5557,39202,792.773,321.83064693296336,158.0305092171628,2.03650958620091,0.8711391483547428,40240,223.4133761275449,0.6625316883555856,0.9742047713717694,0.7838273027506796,0.6941954666426825,0.008209546628563935,0.0011760506589732357,0.48190734590725176,0.9814089296007561,HOROZ
5558,39211,771.1959999999999,315.4782465539103,158.82065553529503,1.9863804584524016,0.864037045722027,39693,223.43902029101912,0.7025172444683329,0.9878568009472704,0.8284918597145035,0.7082549200514745,0.008045656743105515,0.0012488194763838115,0.5016250317771207,0.9964181605926377,HOROZ
5559,39377,777.438,312.40276237002894,161.88580033426837,1.9297724798899412,0.8552620122854713,39983,223.91148597835817,0.7414095008566963,0.9848435585123677,0.8186927806049056,0.716739776177599,0.00793363543108995,0.0012915107619811171,0.5137159067551148,0.9913548193377277,HOROZ
5560,39407,778.8770000000001,309.93893728282467,164.15391849508018,1.888099535632552,0.8482268476578279,40004,223.9967650198961,0.7323632173654475,0.9850764923507649,0.8162918849079814,0.7227125671386527,0.00786507314139175,0.001323564027274608,0.5223134547001418,0.9861797912739715,HOROZ
5561,39441,762.355,298.83609531232156,169.1584032229323,1.7666050850485284,0.8243657827794912,39892,224.09337536817003,0.6937974950745849,0.9886944750827233,0.8527923103176148,0.7498872421484563,0.007576787995038705,0.0014779126220379364,0.5623308759370174,0.9934165849101282,HOROZ
5562,39474,778.662,314.89929032330804,160.74370204406847,1.9590147938547369,0.8599011027889619,39998,224.18710442145377,0.6047430830039525,0.9868993449672484,0.8181313579838125,0.7119327077278587,0.007977384869111518,0.001264142670966168,0.5068481803327206,0.992923083510153,HOROZ
5563,39539,798.227,317.2686271601562,161.37470815286284,1.9660368764826657,0.8609807987982999,40420,224.37160773877696,0.5894305307096005,0.9782038594755071,0.7797990787919469,0.7071975875683254,0.00802419452085678,0.001238067413793626,0.5001284278624594,0.9832709321548958,HOROZ
5564,39557,765.521,303.6402702873372,167.2081587361308,1.8159417135051903,0.8347174524043302,40200,224.42267414655058,0.8126759116589625,0.9840049751243781,0.8482404788108634,0.7391070819894133,0.007676018663885968,0.0014130100126223445,0.5462792786469055,0.9920113293184409,HOROZ
5565,39596,789.504,318.047726952993,159.85252605536365,1.9896321616014983,0.86451590235274,40203,224.53327818685028,0.6584627664881764,0.9849016242568962,0.7982749664853178,0.7059735352865326,0.008032319601803036,0.0012307629876026807,0.4983986325249651,0.9916299485698771,HOROZ
5566,39623,764.0579999999999,289.4156803999735,176.08360987028,1.643626460254789,0.7936223061163425,40333,224.60981830953284,0.6955064068808144,0.9823965487318077,0.8529126659278978,0.7760803353816949,0.007304234419402203,0.0016344859155609521,0.6023006869661639,0.9899573461272237,HOROZ
5567,39649,791.745,308.2641444678956,165.55349033200642,1.862021415855942,0.8435499337406894,40470,224.68349896956045,0.6836741731903301,0.9797133679268594,0.7948248623604173,0.7288667949280759,0.007774827724984126,0.0013535153933670215,0.5312468047487259,0.9891929275471678,HOROZ
5568,39657,798.4250000000001,331.2468658387676,152.89654003343523,2.166477186248498,0.8870991972505563,40152,224.70616508133983,0.7896654719235364,0.9876718469814704,0.7817384392509973,0.6783646526355791,0.008352796879208401,0.0010910999199570852,0.4601786019453899,0.9969664427144157,HOROZ
5569,39709,810.463,330.61228536384243,153.5966996735773,2.1524699818840998,0.8855298138437141,40385,224.8534391151013,0.6122263336416898,0.9832611117989353,0.7596830361454113,0.6801121708700196,0.008325877895787918,0.0010988337429714825,0.46255256496553093,0.9956305111318002,HOROZ
5570,39762,776.76,304.8109482746533,167.26560569296265,1.8223169492129343,0.8359852181491493,40364,225.003446146408,0.6349931329649622,0.9850857199484689,0.828141176256755,0.7381737677731515,0.007665885726941635,0.0014040304763744329,0.5449005114284108,0.9929814376107888,HOROZ
5571,39767,799.8299999999999,334.2726535651146,153.24585528473548,2.1812834868781654,0.8887224284783871,40598,225.01759259107547,0.6131016619900712,0.979531011379871,0.7811551747708976,0.6731558510431461,0.008405780007672557,0.0010646829087761695,0.45313879979362237,0.9884241812536194,HOROZ
5572,39768,785.134,314.38086386042437,162.3928932914316,1.9359274749556554,0.8562580676258297,40336,225.02042177328696,0.7973054252375797,0.985918286394288,0.8106922935459102,0.7157573747020087,0.007905372758509967,0.001279868767647835,0.5123086194403117,0.9917923320311005,HOROZ
5573,39788,764.43,296.2335581487228,174.58378519304165,1.696798805348217,0.8078814244114879,40559,225.07699794941874,0.7728826728826729,0.9809906555881556,0.8556310339344596,0.7597957481792789,0.007445299038622771,0.0015305564227440316,0.5772895789513102,0.9795442679045583,HOROZ
5574,39815,787.8040000000001,319.7313151757237,161.0789039173637,1.984935999687156,0.8638234890845622,40483,225.15335323647858,0.6281553704404897,0.9834992465973371,0.8061580980784175,0.7041954996267249,0.008030423588489858,0.001218123152502603,0.4958913016945327,0.9843124966652024,HOROZ
5575,39817,772.0039999999999,312.16851310195347,163.0038188483377,1.9150993842199604,0.8528438023661516,40310,225.1590081536157,0.6286729296597457,0.9877697841726619,0.8395359502343654,0.72127392322902,0.00784008119903442,0.001308884267926733,0.5202360723301821,0.9963037817685426,HOROZ
5576,39845,839.384,316.9631892828163,161.95892296032494,1.9570591325830362,0.8595980912179678,40836,225.23816208620724,0.8085430194805194,0.975732197081007,0.710660737029759,0.7106129976665344,0.007954904988902405,0.0012512593821224149,0.504970832452618,0.9882577793394541,HOROZ
5577,39889,774.6759999999999,318.6391544632527,159.82244338699908,1.993707189744871,0.8651123286980353,40193,225.36249066768167,0.7299260723173767,0.9924364939168512,0.8352621659328592,0.707265530651136,0.00798814596663874,0.0012329791311289572,0.500224530847233,0.9973012436368831,HOROZ
5578,39931,785.747,320.9856849464773,159.58216382422023,2.0114132886432285,0.8676572378211796,40451,225.48110399946995,0.8052553037025086,0.9871449407925639,0.8127455258345807,0.7024646723328729,0.008038508550912257,0.0012074056196298673,0.4934566158757304,0.9925451945413615,HOROZ
5579,40022,814.562,303.9554132805197,170.8870494629805,1.778691915131731,0.8269938892237513,40845,225.73788574227117,0.6695553250577174,0.9798506549149223,0.7579845606689551,0.7426677594122604,0.007594708242479628,0.0014251781015519745,0.5515554008704272,0.98104713227547,HOROZ
5580,40074,783.0279999999999,325.4723144287723,157.62638825031107,2.064833928135951,0.8749017512829018,40557,225.8844871072755,0.8207680491551459,0.9880908351209409,0.8213305436147608,0.6940205882141445,0.008121782562977797,0.0011623061540807415,0.48166457686510705,0.9945573602923197,HOROZ
5581,40079,808.5319999999999,309.36934717475225,168.77794288727097,1.8329963138689525,0.8380751296523001,41384,225.8985783785294,0.7334028692724345,0.9684660738449642,0.7704284555661922,0.7301905649072821,0.00771898867673226,0.001353583445934718,0.5331782610796156,0.9773137871939932,HOROZ
5582,40090,774.1600000000001,310.97538671106366,164.78189265289154,1.8871939246754779,0.8480680996860431,40565,225.9295760816469,0.6582922824302134,0.9882903981264637,0.840590474266832,0.7265191579022447,0.007756931571740176,0.0013330855060340093,0.5278300867989869,0.996117733067978,HOROZ
5583,40101,782.797,312.09990658701463,164.07280395279247,1.9022037721547866,0.8506663072698584,40619,225.96056953244022,0.7106326422115896,0.9872473473005244,0.8223690583199379,0.7240007598959071,0.007782845978579453,0.001319089571016212,0.524177100329851,0.9970916575246008,HOROZ
5584,40110,788.776,324.19507828932115,158.7281501960757,2.0424548379657006,0.8719432749060824,40762,225.9859246486988,0.6245328849028401,0.9840047102693685,0.810130812054889,0.6970677218209413,0.008082649670638773,0.001177154344468937,0.4859034088046373,0.992435768097057,HOROZ
5585,40307,792.925,321.5996430843925,161.19161110557044,1.995138834326588,0.8653209019658337,40880,226.54020907918354,0.6133140596469873,0.9859833659491194,0.805612354334592,0.7044168547778396,0.007978754139092279,0.001211807960460385,0.4962031052951041,0.9899940850877069,HOROZ
5586,40324,798.228,323.20980763688726,160.24517125186293,2.016970652606356,0.868440710189762,40810,226.58797717862416,0.7169985775248933,0.9880911541288899,0.7952790729962712,0.7010553882485716,0.008015321090092432,0.001194290599308366,0.4914786573923555,0.991298028342755,HOROZ
5587,40351,798.577,323.5465970484891,159.40251852702414,2.029745828599546,0.8702147920577774,40826,226.66382346904976,0.6759980566584577,0.9883652574339882,0.7951161422483487,0.7005600600864309,0.008018304305927712,0.001191362135047547,0.4907843977883036,0.9961675841525497,HOROZ
5588,40418,780.1209999999999,316.1365416054769,163.81260419605954,1.9298670157707039,0.8552773918255855,40814,226.85192509455547,0.6513989169675091,0.9902974469544764,0.8345661120528856,0.7175757789419221,0.007821677015326758,0.001279236155658719,0.5149149985241064,0.9937174715772935,HOROZ
5589,40485,803.0729999999999,334.39014275940366,156.0020136325528,2.1434988880786263,0.8845069837526411,41117,227.03987087866983,0.5984478935698447,0.9846292287861469,0.7888491429597476,0.6789669964704277,0.008259605848077155,0.0010827638396299277,0.4609961822960737,0.9881448041601258,HOROZ
5590,40487,793.4939999999999,320.57111832783625,162.28525969780912,1.9753557342470334,0.8623938526929635,41041,227.045478809186,0.6304618642748139,0.9865013035744743,0.8080498748064922,0.7082530703124508,0.00791787779602925,0.0012289732239454125,0.5016224116070134,0.9908827071947396,HOROZ
5591,40555,794.798,332.46826087717096,156.30966849785642,2.126984620159503,0.8825869825231453,40985,227.23606610028816,0.6921829663765148,0.9895083567158717,0.8067532777411025,0.6834819826131903,0.008197959829297767,0.0011035546137632437,0.4671476205568572,0.9936158042685426,HOROZ
5592,40587,799.0019999999998,325.52663025817685,160.21150500536947,2.0318555165390078,0.8705042049581069,41240,227.3256989479325,0.6239162516140934,0.9841658583899127,0.7989159333811776,0.698332111162885,0.008020465426323129,0.0011765960439616351,0.48766773748121195,0.9908703826392973,HOROZ
5593,40669,796.4639999999999,321.7839797873935,162.7094507608757,1.9776600454530453,0.8627398342986881,41539,227.55522196784307,0.625436370626682,0.9790558270540938,0.8056400665620832,0.7071676536482379,0.007912266831920959,0.0012205912089652523,0.5000860903663542,0.9890002802043598,HOROZ
5594,40669,803.675,324.5929153224649,160.2976461613704,2.0249387504773444,0.8695515986191279,41155,227.55522196784307,0.6191237364511022,0.9881909852994776,0.7912476624468355,0.7010480242360795,0.007981335054278808,0.0011891766804627336,0.4914683322853108,0.9951932706770015,HOROZ
5595,40704,788.385,318.93027686104847,163.65930839749464,1.948745109483371,0.8582985001767601,41333,227.65311864523196,0.6360695701092307,0.9847821353398011,0.8229439338245056,0.7138021541442297,0.007835354679172771,0.0012547287233142452,0.5095135152609426,0.9929119710804428,HOROZ
5596,40711,781.5719999999999,318.9250428833781,163.1323745177973,1.9550076667864862,0.8592791425027955,41251,227.6726929293744,0.8030891839109936,0.9869094082567695,0.8374977514534658,0.7138752443865873,0.007833878875079909,0.001255006289979234,0.5096178645480098,0.9963068323227161,HOROZ
5597,40769,812.5779999999999,329.6831124790027,158.28404971361084,2.082857452001705,0.8772084738463013,41473,227.83481516069452,0.7044197940424356,0.9830251006679044,0.7759072380421572,0.691072143330378,0.00808661268314167,0.0011377319498017786,0.4775807072872427,0.9947325351054785,HOROZ
5598,40804,790.802,323.4756481286228,163.28771662504926,1.9810164218990605,0.863241373842444,41636,227.93259175329354,0.7875699671878016,0.9800172927274474,0.8199305815253904,0.7046360153289228,0.007927547498495805,0.001205529837235076,0.4965119140986221,0.9835982554979059,HOROZ
5600,41043,797.806,331.23746019717885,158.54521967613763,2.089230194854199,0.8780084137190667,41600,228.599148367979,0.6196105072463768,0.986610576923077,0.8103159086327795,0.6901367624057334,0.008070498262728817,0.0011293297259351365,0.4762887508238679,0.9950768396906126,HOROZ
5601,41086,807.202,333.0298565238554,158.27653828356856,2.1041012150973284,0.8798441557928445,41693,228.7188665916935,0.6129311373672276,0.9854412011608663,0.7923905130521031,0.6867818668843886,0.008105677275078018,0.0011123574068866813,0.47166933268120614,0.9924400160186718,HOROZ
5602,41102,792.1629999999999,326.2319590748612,161.0403660532639,2.02577755546681,0.8696676983451992,41550,228.76339691415814,0.6671319590975491,0.9892178098676294,0.8230831510145137,0.7012292650998772,0.007937131017343712,0.0011838139204443457,0.4917224822325138,0.9961203680250539,HOROZ
5603,41114,803.231,339.5572131893606,154.6684699306607,2.1953874202129704,0.8902355432981973,41547,228.79678896838016,0.7914452914452914,0.9895780682119046,0.8007900584625463,0.673809243571531,0.008258919423781695,0.0010501488225923281,0.45401889672243884,0.996747374403414,HOROZ
5604,41122,780.3069999999999,308.8866826086131,170.78878565967995,1.8085887865267227,0.8332361471289993,41692,228.81904763065367,0.7296568366514071,0.9863283123860692,0.848697820602423,0.7407863806177353,0.007511470322664586,0.001395329176136528,0.5487644617087242,0.992489251890772,HOROZ
5605,41127,783.797,310.508152341805,169.27696286983956,1.8343201997342125,0.838331310193354,41668,228.8329581951058,0.8100969114402773,0.9870164154747048,0.8412589573362421,0.7369628026487633,0.007549983036491964,0.0013737509639282597,0.5431141724879203,0.9962452973565235,HOROZ
5606,41155,781.3419999999999,311.2890886010904,169.203208203288,1.839735143952438,0.8393725804494971,41661,228.91084173445265,0.7528996377739563,0.987854348191354,0.8471301333109621,0.7353641682821607,0.007563821858852883,0.001364366075358866,0.5407604599933138,0.9948560227095857,HOROZ
5607,41210,802.191,303.2337569681139,178.93344425489346,1.694673448168542,0.8073417213074298,42802,229.06375016256078,0.7830730057386083,0.9628054763796084,0.8047424449249931,0.7554031993431644,0.0073582566602308636,0.0014779848226968743,0.5706339935778884,0.9670382775388258,HOROZ
5608,41237,799.829,325.41264847372526,162.9457237983788,1.997061603631742,0.8656002419265459,41914,229.138776958951,0.6375541125541125,0.9838478789903135,0.810032853635802,0.7041483422161826,0.007891278426503511,0.0011966958202372351,0.49582488784579826,0.9901928456418584,HOROZ
5609,41239,815.069,336.21661915280873,157.19660263850164,2.138828788342149,0.8839689514761556,41825,229.14433352220033,0.6198743386243386,0.9859892408846384,0.7800622085213436,0.6815377957805691,0.008152880020194687,0.0010850521086418262,0.4644937670774366,0.9934726410307141,HOROZ
5610,41240,798.716,315.68981015123836,167.50373860508887,1.884673218521509,0.847624872683855,41796,229.14711175329728,0.6148158086974671,0.9866972916068524,0.8123510607310748,0.7258616033362596,0.007654942050224015,0.0013108016059146252,0.5268750671978855,0.9929873286545751,HOROZ
5611,41244,790.991,328.2986160215083,160.480202821689,2.0457265771671778,0.872382493928725,41710,229.15822434086246,0.81315431478086,0.988827619275953,0.8283760957586735,0.6980176374726151,0.007959912133195333,0.0011656109601857908,0.4872286222228512,0.9967365416378333,HOROZ
5612,41246,818.3259999999999,315.13930436447714,167.63721123612825,1.8798887313902062,0.846778041695806,42065,229.16378043256861,0.6990847457627118,0.9805301319386663,0.7739965087198054,0.7271824785382125,0.007640481607052251,0.0013178747021521126,0.528794357092978,0.9940745531218179,HOROZ
5613,41360,797.728,318.65755090895715,165.88011252800325,1.9210111812238047,0.8538255928309768,41858,229.48025529497374,0.6647700789173377,0.988102632710593,0.8167341635508609,0.7201469246229724,0.007704486240545386,0.0012782267093042995,0.518611593043925,0.9962586689496696,HOROZ
5614,41384,812.2009999999999,316.06216669600786,167.59399132854796,1.885880061633032,0.8478373279642761,42028,229.54682598398082,0.6339655013940378,0.9846768820786143,0.7883431342903273,0.7262711269228295,0.007637303467427215,0.0013107350907344264,0.5274697498017568,0.994744684265697,HOROZ
5615,41469,792.8309999999999,316.88847310817005,167.51762742730585,1.891672404718623,0.8488506390823455,41936,229.78244206340582,0.6641415759128764,0.9888639832125143,0.8290336925805504,0.7251208597447767,0.007641574986331236,0.0013031794922640707,0.5258002612370042,0.9946418445758841,HOROZ
5616,41486,753.173,278.3072460518261,190.358134697867,1.4620191907929247,0.7294955570086368,41862,229.82953629349504,0.8053657400217425,0.9910181071138503,0.9190136061953433,0.8258122616422873,0.006708461795589502,0.0019245447837436896,0.6819658914787496,0.9970472208081371,HOROZ
5617,41548,813.415,321.64185747495634,165.86412510174594,1.9391888226441478,0.8567815427771643,42304,230.00121000694003,0.6585617144034618,0.9821293494704992,0.7891065226827325,0.7150848207772471,0.007741452235365273,0.0012486261854862696,0.5113463009060277,0.9915970312174002,HOROZ
5618,41774,797.024,308.94845713480987,172.91367322692668,1.7867208033303141,0.8287057514742625,42522,230.62590648443353,0.65271875,0.9824091058746061,0.8263673091226268,0.7464866749077169,0.007395711618107193,0.0014166023901948902,0.5572423558147794,0.9956365096310597,HOROZ
5619,41856,821.1319999999998,324.393371991629,164.88716467021695,1.9673658203804578,0.8611836823633328,42439,230.85214832103028,0.631788679245283,0.986262635783124,0.7800844699566788,0.7116426174298883,0.007750223910350464,0.0012261449278497159,0.5064352149424625,0.9963433321148311,HOROZ
5620,41857,799.2969999999999,317.5037187004956,169.3315803337595,1.8750413719324106,0.8459125886821055,42538,230.85490599937378,0.7046632996632997,0.9839907847101416,0.8233065987217866,0.7270935500983581,0.00758543896362605,0.0013077407275130378,0.5286650305946337,0.9912688042588516,HOROZ
5621,41898,797.5619999999999,315.9442125070362,169.89223345040338,1.859674254028038,0.8431180058978587,42521,230.96794246239855,0.6686242280133412,0.985348416076762,0.8277024656941656,0.7310402701466001,0.007540794608502463,0.001328501592782127,0.5344198765760141,0.9938468853092549,HOROZ
5622,41978,821.864,337.17146388446935,160.03606740709287,2.106846721163093,0.8801784161756437,42593,231.1883422858788,0.6848854662925015,0.9855610076773179,0.7809652182561599,0.6856699544570436,0.008032099287352169,0.0010951391599206127,0.4701432864451242,0.9905198415237507,HOROZ
5624,41981,811.4369999999999,327.09129965949285,165.03294890443414,1.9819757317001108,0.8633842011036058,42648,231.19660319201677,0.6019558079178675,0.9843603451510036,0.8012223027203179,0.7068259028372079,0.007791412773861815,0.0011996258129239475,0.49960285692163425,0.9902007379067219,HOROZ
5625,41981,844.4889999999999,334.47734065360373,161.08889136491732,2.076352613886371,0.8763835811383921,42857,231.19660319201677,0.6091972370559554,0.9795599318664395,0.7397324142955868,0.6912175358134408,0.007967350483637925,0.0011218961938347127,0.4777816818160054,0.9920432439056891,HOROZ
5626,41994,775.1510000000001,298.28047502978075,179.8725301046617,1.6582880935528148,0.797717354932948,42467,231.23239704160926,0.6917830785450712,0.9888619398591848,0.8782627931694281,0.7752180125719683,0.007102930776534284,0.0015823872163176235,0.6009629670160325,0.9965697328688594,HOROZ
5627,42002,785.5559999999999,303.6558341352881,177.20143756107862,1.7136194734911367,0.8120699332739933,42673,231.25442127225656,0.6640422437235186,0.9842757715651583,0.8553139089109124,0.7615675224248303,0.007229556548147424,0.0015001168238153776,0.5799850912122944,0.9938737466359208,HOROZ
5628,42045,842.549,347.5452863486959,156.89018610079168,2.2152136789832144,0.8923097135202771,42836,231.37276559351128,0.6682507390571856,0.9815342235502849,0.7442757788678855,0.6657341494235445,0.008266031308091233,0.0010015673273995045,0.44320195770869025,0.9817870392684308,HOROZ
5629,42072,806.716,328.71120658523614,165.75535965075437,1.9831105749933446,0.8635528647570778,42898,231.44704389146509,0.6777826107969649,0.9807450230779989,0.8123845972366484,0.7041045125775167,0.00781306347654583,0.0011845397150496344,0.49576316463202236,0.9831531744739301,HOROZ
5630,42156,815.245,335.1982428883482,160.93693838491424,2.0827924667403064,0.877200274943052,42586,231.6779796352159,0.834045584045584,0.9899027849528014,0.7970635920504315,0.6911670468164892,0.007951376859482594,0.0011193198244111692,0.4777118866050271,0.9949747186932497,HOROZ
5632,42186,821.0179999999999,317.68748191415045,170.1770033990098,1.8668061816159525,0.8444247145804387,42921,231.76040091913367,0.8175106098482646,0.982875515481932,0.7864531476175994,0.7295232393883335,0.00753063769767578,0.0013157338299598766,0.5322041568076479,0.9935220098102227,HOROZ
5633,42193,811.097,318.94303983450425,169.09670299051768,1.8861576494036634,0.847886129918186,42842,231.77962833478426,0.746514508138712,0.9848513141309929,0.8059436530228289,0.7267116675599881,0.007559145825954643,0.0013004720363992681,0.5281098477678184,0.996098429092675,HOROZ
5634,42260,823.1469999999999,333.4548277112609,162.24383609116848,2.0552696222239537,0.8736504118365734,42828,231.9635815392321,0.7106581912353277,0.9867376482674886,0.7837626389108627,0.6956371965923065,0.007890554370829648,0.0011397732613049245,0.48391110928280323,0.9945678027656416,HOROZ
5635,42373,836.822,333.01763453264795,162.74379931137673,2.046269264584928,0.8724551227814242,43049,232.27350091877258,0.8074123475609756,0.9842969639248298,0.7603838751847357,0.6974810845820276,0.007859194169226818,0.0011473278036489537,0.4864798633497216,0.9954687922120111,HOROZ
5636,42389,805.9430000000001,327.98027686669815,167.20154056207454,1.9615864528768117,0.8602980173200931,43060,232.31734989401633,0.7813640552995391,0.9844170924291686,0.8200765247292952,0.7083271961150203,0.007737391230430021,0.001201461854386434,0.5017274167561664,0.9841817037457742,HOROZ
5637,42402,800.7449999999999,318.2932119824841,171.8010822757311,1.8526845568507033,0.8418206847933258,43064,232.35297109324935,0.7032190656251555,0.9846275311164778,0.8310128410166623,0.729996626839896,0.00750656129386548,0.0013149347758217135,0.5328950751976265,0.9872864762404366,HOROZ
5638,42450,828.116,347.9515245337426,156.46936565295704,2.2237677201650166,0.8931860799599202,42820,232.48444824118377,0.6093884582256676,0.991359177954227,0.7778667486721087,0.6681518310710508,0.008196737915989225,0.0010076772727444705,0.44642686936359804,0.9927496615050939,HOROZ
5640,42505,805.2099999999999,323.50705427529107,167.79712919262812,1.9279653700386656,0.854967534739658,43079,232.635007788957,0.6817379867838583,0.9866756424243831,0.8238185464794939,0.7191033540523487,0.007611035272915918,0.0012554191672227804,0.5171096338093376,0.9969694664977783,HOROZ
5641,42552,793.7379999999999,313.31128894619314,174.18928387743233,1.7986829153431363,0.8312074670860246,43067,232.76359059692012,0.6453237082758307,0.9880418882206794,0.848741613997528,0.7429147905260893,0.0073630214548362745,0.001383540407198595,0.5519223859824232,0.9927333662620047,HOROZ
5642,42614,804.8369999999999,327.29217922532774,166.78576219561987,1.9623508320899294,0.8604156570722881,43188,232.93310189697002,0.7263089719116443,0.9867092710938223,0.8266968796850866,0.7116977327362435,0.007680390933151728,0.001215473285754092,0.5065136627819096,0.9939575076249981,HOROZ
5643,42642,806.488,324.3603410749253,168.62067124661178,1.9236095947011178,0.8542539046259701,43163,233.0096149659855,0.8061326729304119,0.987929476635081,0.8238565717197346,0.7183665370242093,0.007606593055553804,0.0012495519614388788,0.5160504815161546,0.992679657594607,HOROZ
5644,42670,791.457,293.8811774777808,185.53675291416567,1.5839512811444867,0.7755122258398601,43350,233.08610291874845,0.707135991515031,0.984313725490196,0.8560080676280591,0.7931304240686567,0.0068873020266646545,0.0016811533453260504,0.6290558695833272,0.9963938505379702,HOROZ
5645,42678,822.714,340.9463386883849,160.8639615119885,2.1194699887020727,0.8816969980303186,43227,233.10795200980868,0.8364135227829496,0.987299604413908,0.7923483314605186,0.6837086237868728,0.00798880778594088,0.0010768270732294642,0.4674574822405396,0.990762104603056,HOROZ
5646,42693,787.181,309.57524713157386,177.28524222076635,1.746198630262027,0.8197842186624185,43246,233.1489135367744,0.8104983388704319,0.9872126901910003,0.8657995010911342,0.7531251794097181,0.007251194508035834,0.0014389907044454087,0.5671975358609201,0.9904395602083358,HOROZ
5647,42708,834.5899999999999,350.36860757402616,155.8022835110498,2.248802775404619,0.895688983759346,43198,233.18986786854467,0.8095996360327571,0.9886568822630677,0.7705001802149444,0.66555582557229,0.008203816792498505,0.0009929643865360062,0.4429645569532126,0.9961399250822619,HOROZ
5648,42710,816.687,335.8384995812495,163.6708303965771,2.0519141912306997,0.8732068246001455,43315,233.19532790268076,0.8062293534686172,0.9860325522336373,0.8046891588287712,0.6943674658904428,0.007863228742244193,0.0011275560214708104,0.4821461776871153,0.9893225842438303,HOROZ
5649,42757,832.736,339.13825998739867,162.04597801722346,2.0928520666606887,0.8784594752409,43391,233.32360192282596,0.5998456790123456,0.9853886750708672,0.7748228319419088,0.6879896179555074,0.00793175994544516,0.001096167351912613,0.473329714414565,0.9906090710244361,HOROZ
5650,42774,780.8219999999999,292.5546328410719,187.0444542541758,1.5640914562669561,0.7689168410081758,43284,233.36998154540322,0.7171070278969958,0.988217355142778,0.8816285519912943,0.7976970977321002,0.006839543480644128,0.0017082794848627737,0.6363206597302159,0.9952637073301838,HOROZ
5651,42780,801.2139999999999,322.59410495120557,169.39453601039025,1.9043949855113298,0.8510398231485056,43293,233.38634862341513,0.800763701707098,0.9881505093202134,0.8374397775671012,0.723467493799108,0.007540769166694847,0.0012742994615759335,0.5234052145839624,0.9967702660441795,HOROZ
5652,42818,828.9879999999999,334.97612466499413,163.3724469685343,2.050383224837851,0.8730036320663278,43434,233.48998014148316,0.6204428215382832,0.9858175622783995,0.7829603219706781,0.6970346927709964,0.007823254814914152,0.001139160233873724,0.48585736292635723,0.9961937866081585,HOROZ
5653,42857,816.2489999999999,338.998904720313,161.41747767598878,2.100137541492137,0.8793590454675682,43328,233.59629099948242,0.7275613275613275,0.9891294313146234,0.8083255503672673,0.6890768310658946,0.007910000810143338,0.0011000866185507056,0.47482687911181537,0.9972017545322722,HOROZ
5654,43000,968.539,348.5200766261717,158.31931420367385,2.2013743451276535,0.8908683008840428,44715,233.98568422792877,0.6682102842224674,0.9616459800961646,0.5760286618659178,0.6713693124740863,0.00810511806107376,0.0010157458416276495,0.45073675373192734,0.9922403260715859,HOROZ
5655,43015,825.521,341.43991683468676,161.42968188218617,2.115099979468923,0.8811746564145851,43627,234.02649212596216,0.7099590678022051,0.9859719898228162,0.7931832605095396,0.6854104648791535,0.00793769421910233,0.0010806300778243678,0.4697875053658573,0.9936475429540813,HOROZ
5656,43029,812.609,323.96674552523064,170.3234322950375,1.902067972444621,0.850643110851884,43500,234.06457307847617,0.7405004474426929,0.9891724137931035,0.8188566138072687,0.7224956768294206,0.007529032641363514,0.001265493601863998,0.5220000030372026,0.992879487393058,HOROZ
5657,43077,830.696,349.04104400106024,158.7692155665252,2.19841763880738,0.8905565091224711,43755,234.19508933484622,0.7724045185583647,0.9845046280425094,0.7844604916184356,0.6709671924260426,0.008102724052303091,0.001013015179972154,0.45019697331208625,0.9897209670669856,HOROZ
5658,43099,815.39,328.2340776827754,168.61011613939908,1.9467045346876257,0.8579766801748451,43710,234.25488498330355,0.6976657601657602,0.986021505376344,0.8146035450840556,0.7136824020134227,0.007615816554508815,0.001218754379750585,0.5093425709436488,0.9915394925654547,HOROZ
5660,43114,823.478,336.2022064617094,165.3148179773299,2.033708838537473,0.8707576270335238,43778,234.2956459939275,0.600481900862129,0.9848325643017041,0.798958422301569,0.6968890789258154,0.007797982243858362,0.0011345317112921732,0.48565438832607155,0.9876796220132419,HOROZ
5661,43126,816.9329999999999,337.6078692973129,163.38813962031534,2.066293612754591,0.8750910453716523,43547,234.32824969740338,0.8166565671867899,0.9903322846579558,0.8120376451551009,0.6940840869175452,0.007828406745288525,0.0011207312852664882,0.4817527197121625,0.995442567668394,HOROZ
5662,43136,819.644,324.5970054920219,172.25218164749245,1.8844289946718777,0.8475818228326671,44239,234.35541598541303,0.6534965458732275,0.9750672483555234,0.8068618959129354,0.7219888416104724,0.007524967671829142,0.0012612649977757399,0.5212678874100317,0.9822923210268197,HOROZ
5663,43185,810.945,325.51852507005447,170.7169845503349,1.9067729313955708,0.8514435291097657,43737,234.48848530234486,0.8661946405648266,0.987379106934632,0.8252014588359032,0.7203537348661827,0.0075377683239563386,0.0012520042317149226,0.5189095033356586,0.9894425948043536,HOROZ
5664,43192,800.2119999999999,314.05495373822845,176.5426954982966,1.7789178580954579,0.8270424291193049,43717,234.50748904075783,0.8027059173357122,0.9879909417389117,0.8476236367846991,0.7467084542032885,0.007271137102663189,0.0013943967763665815,0.5575735155786645,0.9918774840639523,HOROZ
5665,43204,839.531,346.3371444850115,159.81347436352266,2.1671335653288493,0.8871719258206743,43959,234.5400632956723,0.6470764438054157,0.9828249050251371,0.7703007964713662,0.6772015853062002,0.008016321277775473,0.0010399842008477686,0.4586019871412308,0.9938517594602705,HOROZ
5666,43279,843.066,336.28044573031264,164.66713469732116,2.0421831372024433,0.871906695132363,43813,234.74354997868016,0.6145664707051773,0.9878118366694817,0.7651805662894474,0.6980588760338977,0.0077700604387881565,0.0011380789070478468,0.4872861944097085,0.9951276492150583,HOROZ
5667,43409,831.016,338.5345279503023,163.72877179989501,2.067654476539104,0.875267126474873,44050,235.0958430032498,0.6135114126210162,0.9854483541430193,0.789897745218254,0.694451595311904,0.007798717499834188,0.0011188474365868434,0.4822630182312486,0.9971532885151005,HOROZ
5668,43418,814.8699999999999,322.25230700781265,172.50322486352817,1.8680943922222608,0.8446589317154753,44045,235.12021298329776,0.7013310073011566,0.9857645589737768,0.8216805744462647,0.7296152979211954,0.007422090078027838,0.0012974233472684807,0.5323384829606348,0.9944585347828673,HOROZ
5669,43493,834.832,335.0625119719637,166.83901498176147,2.0082983108512846,0.8672149313497073,44332,235.32319800471527,0.599324789858068,0.9810746187855274,0.7842076120111495,0.7023262513605398,0.007703826178280728,0.0011562236398474644,0.4932621633501482,0.990617569462953,HOROZ
5670,43518,905.7739999999999,348.71851051214065,159.60084708862053,2.1849414766483664,0.8891179334910766,44595,235.39082078064303,0.5740403640680649,0.975849310460814,0.6665597592827553,0.6750167074152145,0.008013201675447876,0.0010262281533477435,0.4556475552896772,0.9955632422858456,HOROZ
5671,43533,820.623,333.7998456295427,167.4809878422525,1.9930611225194297,0.8650180408132868,44179,235.43138512304563,0.8169688098187141,0.9853776681228638,0.8123460833128827,0.7053070521318688,0.007667742761342951,0.001170469772112404,0.4974580377869468,0.9914642751979651,HOROZ
5672,43548,846.5459999999998,347.44475773946755,163.9564002959164,2.119128970338349,0.8816563638575357,45022,235.47194247749957,0.6560310932345099,0.9672604504464484,0.7636194018684574,0.6777248389341619,0.007978432023042792,0.0010382714784512423,0.4593109573083358,0.973339156025935,HOROZ
5673,43554,828.293,339.2236126818191,164.7713618591318,2.058753468165372,0.8741084459883288,44186,235.4881634634643,0.6517913262099309,0.9856968270492916,0.7977557232845062,0.6941974398590722,0.0077885753933466285,0.0011157575178436401,0.4819100855068902,0.992134059881181,HOROZ
5674,43693,817.6460000000001,328.2848724774755,170.72427867792433,1.922895062258797,0.8541363184952765,44262,235.86363735877867,0.8029144768275203,0.9871447291130089,0.8212797143019324,0.7184724522296162,0.007513443171159579,0.001234978089816214,0.5162026646128383,0.9926035549088604,HOROZ
5675,43717,819.231,330.96039835893964,169.31077463358625,1.9547509547173667,0.8592391515017034,44186,235.92840688901177,0.8305690130141541,0.9893857783008193,0.8185542354945347,0.7128599314566273,0.007570519440010514,0.0012059304456354541,0.5081692818763475,0.9933443889058289,HOROZ
5676,43743,829.88,345.6438071034569,162.24038195793648,2.1304425133384535,0.8829930545262473,44261,235.9985538204635,0.6969219003919319,0.9882966946069903,0.7981560908459312,0.6827796389530719,0.007901694147714078,0.0010593079327673185,0.4661880353688873,0.993186809759608,HOROZ
5677,43743,830.3539999999999,338.5687658892219,165.8895801985746,2.040928462679484,0.8717375655763776,44514,235.9985538204635,0.6623311731572891,0.982679606415959,0.7972451106974812,0.6970476239904574,0.007739953041383122,0.001127114127113117,0.48587539011074216,0.9916369129925116,HOROZ
5678,43746,836.6929999999999,339.3525674123439,165.41144190617334,2.051566466634367,0.8731607180553758,44442,236.00664635553045,0.7137775747291476,0.9843391386526259,0.7852644584978052,0.6954615023400166,0.007757339354737436,0.001119399041960071,0.4836667012370331,0.9922743852855599,HOROZ
5680,43779,837.559,349.46613011613357,159.99802018236628,2.184190340091777,0.889036896391111,44241,236.09564593393222,0.8024010263929618,0.9895571980741846,0.7842325822035097,0.6755894937671745,0.007982505998678216,0.0010257713498351764,0.4564211640885872,0.9969106976157358,HOROZ
5681,43832,836.567,340.0483181818805,165.02899438122716,2.060536813284749,0.8743419181172238,44421,236.23851448235882,0.8225028616464318,0.9867405056167128,0.7870452341566412,0.6947204319240382,0.007757992292888313,0.0011147292415822638,0.4826364785327222,0.9944902314507884,HOROZ
5682,43844,826.3380000000001,338.90453861901534,165.75817548965603,2.04457208591901,0.8722277736596342,44434,236.2708500838994,0.8226199857405531,0.9867218796417158,0.8068718863616375,0.6971604778344584,0.007729781466540812,0.0011263620620277194,0.4860327318543705,0.993728956392405,HOROZ
5684,43848,845.054,343.30730316732166,164.02696632744698,2.0929930660424296,0.8784769830445753,44478,236.2816276343707,0.6713826366559486,0.9858356940509915,0.7715973536976223,0.6882510958970522,0.00782948602370283,0.0010836790119356883,0.47368957100349346,0.9914289875669251,HOROZ
5685,43871,814.5949999999999,328.48325157859387,170.89771767060282,1.922104379484632,0.8540060290023554,44373,236.34358901200667,0.6435056839017235,0.9886868140535912,0.8308142134838066,0.7194996636090544,0.007487480376070613,0.0012377639816894728,0.5176797659335425,0.9950345452714412,HOROZ
5686,43886,773.7919999999999,289.89605711219764,193.32189901224172,1.4995510523815025,0.7451774238631388,44317,236.38398985601233,0.7618700414908945,0.9902746124512039,0.9210588759258952,0.8154094685203853,0.006605661420776504,0.0018013540203372013,0.6648926013526972,0.9970404000791121,HOROZ
5687,43900,839.1809999999999,347.17920975514534,162.2413926274797,2.139892934427029,0.8840918882909775,44449,236.42169108157916,0.7451033639974202,0.9876487660014849,0.7833630802868381,0.6809788271835747,0.00790841024499192,0.0010490673950268874,0.46373216307231685,0.992337179225014,HOROZ
5688,43912,844.203,354.3024895923935,159.68340772141795,2.2187808655142556,0.8926765107376372,44602,236.4540016333208,0.7040564373897708,0.984529841711134,0.7742822430142837,0.6673788883203975,0.008068466241400835,0.000987326072627451,0.4453945805757696,0.988232972985265,HOROZ
5689,43914,833.3539999999999,341.72897732423104,164.6392877767902,2.075622300963366,0.8762904352511061,44402,236.45938629604012,0.5919605305726302,0.989009504076393,0.794609609663559,0.6919500598033524,0.007781777504309128,0.0011004177242246848,0.47879488526186303,0.9937973414367188,HOROZ
5690,43918,824.223,340.0897249934545,164.97460399690337,2.061467139510989,0.8744634495454219,44470,236.47015525363634,0.6934129089301503,0.9875871373959973,0.8123869897815842,0.6953169645398358,0.007743743453560147,0.0011165084686675989,0.4834656811768913,0.9966486148274579,HOROZ
5691,43924,834.163,345.42435273331404,162.9959754558203,2.119220132689353,0.881667228446603,44618,236.48630777054998,0.7126817237798546,0.9844457393876911,0.7932496734914717,0.684625464010437,0.00786413698054171,0.0010657197775645266,0.46871202597150613,0.9933039618724309,HOROZ
5692,43955,805.0619999999999,313.75605877776485,180.41116008485608,1.7391166856318103,0.8181502137462753,44903,236.56974487206531,0.7065811471193416,0.9788878248669354,0.8522352485716644,0.7539925947362469,0.007138119867541004,0.001423088540170383,0.5685048329170984,0.98869624078845,HOROZ
5693,43978,836.8779999999999,331.88585730129506,169.55114650563416,1.957438001106448,0.8596568726674472,44747,236.6316308069633,0.6402853607046662,0.9828144903568954,0.7890800012048881,0.7129910045915052,0.007546633710066285,0.0012030099974149955,0.5083561726284038,0.9950756903998671,HOROZ
5694,43991,808.658,320.68968167875244,177.04972040086915,1.811297306500452,0.8337842056002426,45031,236.6666026553906,0.7468380218325043,0.9769047989163021,0.8453643394514145,0.7379925709379976,0.007289892970806584,0.0013338557791651236,0.5446330347596756,0.9864923488913675,HOROZ
5695,44020,822.5169999999999,335.11881137904555,168.15873009485748,1.9928719204171366,0.8649904091059145,44553,236.74459816274975,0.7988530778164924,0.9880367203106413,0.8176550748549923,0.7064497429688396,0.007612876223967413,0.0011696437844527828,0.4990712393407396,0.99458505916994,HOROZ
5696,44029,823.817,327.6936099978072,172.19761708392923,1.9030089704324369,0.8508037309978252,44653,236.76879844089356,0.7009201477330617,0.9860255749893624,0.815243202681653,0.7225310204934358,0.007442676644888759,0.0012512235315154162,0.5220510755752856,0.9934678798436708,HOROZ
5697,44049,812.8229999999999,322.7544974556985,176.27629273649302,1.8309580513936083,0.8376794718153523,44699,236.82256798295046,0.8172356215213358,0.985458287657442,0.8378262233272297,0.7337545095415963,0.007327169685025733,0.0013101443412892595,0.5383956802726285,0.9857799056307078,HOROZ
5698,44074,841.2839999999999,338.6638548929486,167.2181202245887,2.025282035452218,0.8695991323021947,44765,236.88976274769146,0.6341947737999309,0.9845638333519491,0.7825409489577945,0.6994834533569345,0.007683982731155526,0.0011346865966780448,0.48927710152014287,0.9909241240668764,HOROZ
5699,44120,809.203,324.54287618825055,174.76841867901004,1.8569881139928668,0.8426214143627352,44690,237.01335134062674,0.7973686112918383,0.9872454687849631,0.8467016369830833,0.730299041298776,0.007355912878246839,0.0012906820248215595,0.5333366897219115,0.9903998935698911,HOROZ
5700,44154,819.8040000000001,340.64832243766045,166.25028143753977,2.049008997110432,0.8728208137106152,44617,237.10465802728626,0.8260495397740029,0.9896227895196898,0.8255813076240422,0.6960394119383254,0.007715004811289135,0.0011169951558090724,0.48447086297145,0.9926851570663565,HOROZ
5701,44171,826.19,343.4056346100498,163.97255769563853,2.09428723584022,0.8786374978755735,44634,237.15029818766172,0.7710071565718275,0.989626741945602,0.8131810085596706,0.6905835964426004,0.0077744591385762105,0.0010907242806481882,0.4769057036755965,0.9987775279071999,HOROZ
5702,44258,832.579,334.9047440833062,169.4686685022235,1.976204492802232,0.8625214467940645,44909,237.3837310577303,0.6585619903577168,0.9855040192389053,0.8023257733010878,0.7088096996281488,0.007567100729434366,0.001178224056520204,0.5024111902869466,0.992867251479181,HOROZ
5703,44362,845.277,350.7674002093026,161.6311911175598,2.1701714736122786,0.8875075979071405,44851,237.66247638939828,0.5849111333790412,0.9890972330605784,0.7802304177898839,0.6775500694978647,0.007906933867032654,0.0010279061058067833,0.4590740966765612,0.9962695088817984,HOROZ
5704,44375,843.947,350.6837626526769,161.736345994715,2.1682433870747646,0.8872947333042877,44978,237.69729657196953,0.5938440950150552,0.9865934456845569,0.7829208927356068,0.6778109564410855,0.007902732679496944,0.0010289431803421174,0.4594276926715792,0.9961510564741688,HOROZ
5705,44389,825.9219999999999,316.66128693366755,180.1679484051713,1.757589458817296,0.8223644491946309,45118,237.73478952658388,0.6513426265590609,0.9838423688993306,0.8177247755592039,0.7507541948958959,0.0071337783444922745,0.0013979461552406228,0.5636318611537848,0.9906334178174664,HOROZ
5706,44392,848.6759999999999,359.51365313138797,158.17287326512476,2.272915991914629,0.8980156723055057,45043,237.742822961879,0.8143826820766832,0.9855471438403304,0.7745166070349107,0.6612901092660128,0.008098613559456388,0.0009553412880384079,0.43730460861305526,0.9939566382545811,HOROZ
5707,44399,828.051,341.5438095040235,166.35864613151895,2.0530571596141,0.8733581943586753,44950,237.76156658866563,0.7961090191859422,0.987741935483871,0.8137085524472151,0.6961378305580582,0.007692601398770772,0.0011143816039076977,0.48460787913407993,0.994927675861627,HOROZ
5708,44492,822.871,336.97933520847687,168.64675588477323,1.9981370732011932,0.8657560954293928,44949,238.01044898146145,0.6485903379107263,0.9898329217557676,0.8257113961413038,0.7063057704538857,0.007573930936089114,0.0011627119097754773,0.49886784137645696,0.9968063284821508,HOROZ
5709,44535,856.0429999999999,346.8856797726459,165.677612486849,2.0937390065310164,0.8785695413556949,45306,238.12543569467852,0.60396267867314,0.9829823864388822,0.763695374186265,0.6864666072429093,0.007789057590044817,0.0010669457602704067,0.4712364028595907,0.986646037964489,HOROZ
5710,44562,850.137,343.5160880589167,168.01758371401232,2.0445246293008568,0.8722214075179632,45393,238.19760828456762,0.6118800461361015,0.9816932126098737,0.7748126490085271,0.6934103425272885,0.007708722410549721,0.0010993182304093007,0.48081790312381156,0.9830440451454261,HOROZ
5711,44594,846.7159999999999,353.8563543686323,161.58758756233084,2.1898733665550623,0.8896477636596407,45211,238.28311786175672,0.7458936874853644,0.9863528787242043,0.7816471712226712,0.6733893991727604,0.007935066474607174,0.0010064574825171158,0.4534532829182514,0.9930052672396361,HOROZ
5712,44606,829.6149999999999,339.27921686852005,168.27955949136714,2.016164160959343,0.8683274571616022,45224,238.31517604310613,0.7112833269549688,0.9863346895453742,0.8144228546271882,0.7024160755931589,0.007606134082153075,0.001142145699958273,0.49338834325169434,0.9947518950991725,HOROZ
5713,44608,859.4809999999999,329.8557791882727,175.16730233634027,1.8830899076981489,0.8473454424170135,45446,238.32051865407254,0.8519480519480519,0.9815605333802755,0.7588397201255679,0.7224991456585809,0.007394543113080002,0.0012429122250005625,0.5220050154773792,0.9829823764132688,HOROZ
5714,44614,850.425,351.268986185962,162.3080890856007,2.1642112119298256,0.88684756644263,45243,238.33654576840402,0.633955722283798,0.9860972968193975,0.7751914778232972,0.6785015334152743,0.007873514730487335,0.001029323151658538,0.46036433084687867,0.9963256463913865,HOROZ
5716,44648,808.7249999999999,310.63235629757986,183.91063473382175,1.689039661829048,0.8058994636278882,45229,238.42734573310912,0.7455249799625968,0.9871542594353181,0.8578475916047508,0.7675547665894157,0.006957363292814457,0.0014895734964698848,0.5891403197141324,0.9950813663798153,HOROZ
5717,44648,833.6229999999999,350.29376251988276,162.91045136543303,2.1502227732100523,0.8852749126062498,45149,238.42734573310912,0.8053391053391054,0.9889034087133712,0.8073697928424153,0.6806497038883926,0.007845676458517352,0.0010387350758212003,0.4632840194033565,0.996163848985385,HOROZ
5718,44701,850.1999999999999,349.4830759114364,164.4361869446136,2.1253416441063027,0.882393281570855,45295,238.56881793144407,0.577532299741602,0.9868859697538359,0.7771143015714368,0.6826333930742344,0.007818238426689255,0.0010472220801588214,0.46598834934004224,0.9903844445207474,HOROZ
5719,44704,847.5439999999999,360.1876427065493,158.39201139445223,2.2740265720191815,0.8981209102023432,45127,238.57682328306893,0.738298926507019,0.9906264542291754,0.7820449951038206,0.662368152028584,0.008057168099198042,0.0009566651587151386,0.43873156882176145,0.9976872454843476,HOROZ
5720,44710,832.1199999999999,332.0685295345016,171.95830894787787,1.9310990644549464,0.8554775955566579,45234,238.59283318052354,0.6941037662619928,0.988415793429721,0.8114142174970591,0.7185048023520518,0.007427164606005403,0.0012210164438695792,0.516249151002961,0.9969282525274783,HOROZ
5722,44737,847.583,345.09181053571865,166.10023160023152,2.0776118564740016,0.8765439341698554,45395,238.66486442879895,0.6160763468106203,0.9855050115651504,0.7825502718543719,0.6915981693633845,0.0077137897162464775,0.0010885863852916479,0.47830802786678467,0.993738429742729,HOROZ
5723,44738,810.865,324.98621932496013,175.67741987998733,1.8499031893055577,0.8412997929304256,45116,238.66753183531625,0.8009811293730082,0.991621597659367,0.855045683983657,0.7343927761954357,0.007264209828891773,0.0013034120399823507,0.5393327497280396,0.9977133738188364,HOROZ
5724,44785,839.911,334.7521645010247,174.6694204554466,1.9164898104554644,0.8530756340095703,46109,238.7928663318154,0.7396733116421953,0.9712854323450953,0.7977667002862705,0.7133422622905383,0.0074746492017645355,0.0011938847286883587,0.5088571831697832,0.9752196065219595,HOROZ
5725,44787,861.814,344.33390287255463,166.17973211464977,2.072057154569209,0.8758341699445336,45406,238.79819825545945,0.812919737176462,0.9863674404263754,0.7577653578527845,0.693507657141283,0.007688255584713302,0.001097015129880821,0.4809528705135915,0.9965618363582857,HOROZ
5726,44799,1005.548,362.4496440785758,157.9861583470235,2.2941860721901937,0.9000026440361711,46552,238.8301872975662,0.6525234870002184,0.9623431861144527,0.5567658261246129,0.6589334303382293,0.008090574434218973,0.0009408606104230129,0.43419326561730603,0.9961201426180007,HOROZ
5727,44805,841.088,311.84085115443963,185.32691743381926,1.682652770965118,0.8042436774437033,45487,238.84618021199117,0.6465367965367965,0.9850067052124782,0.79589077699491,0.7659233205905478,0.00695995650383751,0.0014774999000608572,0.5866385330244511,0.9871089531485047,HOROZ
5728,44846,832.162,342.3914569675659,168.04326029818023,2.037519721766989,0.8712763235329425,45356,238.95543647967733,0.6856138205167406,0.9887556221889056,0.8138002448770439,0.6979012811710227,0.007634827118752305,0.001117261805988169,0.4870661982601549,0.992406984761136,HOROZ
5729,44870,846.28,354.60218058091766,161.64416150421837,2.193720931712487,0.8900584093488014,45511,239.0193681948531,0.7169334995046815,0.9859154929577465,0.7872955175208418,0.6740493468012123,0.007902878996677461,0.001006310174650411,0.454342521923141,0.9967007005098341,HOROZ
5730,44875,853.492,351.00778834144893,164.52554244676753,2.133454678959761,0.8833450242098053,45627,239.03268514994016,0.6464368544634754,0.9835185306945449,0.774132706020191,0.6809896905119864,0.007821900575854015,0.00103765791429794,0.4637469585836112,0.9893831186435637,HOROZ
5731,44904,826.44,317.42945207713535,181.16303295506304,1.7521756337335819,0.8211454040012757,45676,239.1099088636599,0.6802811780390255,0.9830983448638234,0.8261753539306242,0.7532694502637273,0.0070690685034102835,0.0014039232645368547,0.567414864700618,0.9942105001466597,HOROZ
5732,44963,878.7179999999998,365.083663476189,157.33286906363148,2.3204538609699865,0.9023757231473326,45613,239.26694224218923,0.8044621770557504,0.9857496766272773,0.731755674378399,0.6553756472255692,0.008119646453221293,0.0009240129986302633,0.42951723897633365,0.9966749355358019,HOROZ
5733,45005,837.6049999999999,341.7588228627329,170.37033737036734,2.0059760879605757,0.8668837016948729,45807,239.37866594750253,0.6536673928830792,0.9824917589014779,0.8061059147023123,0.7004315614805612,0.007593796752865969,0.0011274610842399659,0.49060437231809706,0.98414063951901,HOROZ
5734,45030,842.585,343.63252959241765,168.2153509954854,2.042813141362111,0.8719914895572554,45623,239.4451434032947,0.6307606107297941,0.9870021699581352,0.797047794148905,0.6968058108098801,0.007631190974737234,0.001109734632398174,0.4855383379784145,0.9918640974574233,HOROZ
5735,45032,836.4039999999999,338.1600975157933,171.5685992533836,1.9709906065991516,0.8617347353356841,45647,239.45046080246712,0.675963313769345,0.9865270444936141,0.8089075658257318,0.7080979174110982,0.007509328866490347,0.0011645393163880829,0.5014026606419344,0.988259934249075,HOROZ
5736,45102,865.765,347.7792409021206,167.21410254081263,2.0798439582405237,0.8768273847819866,45917,239.63649543974995,0.667189349112426,0.9822505825729033,0.7561459235001144,0.6890477269952796,0.007710949423575908,0.0010722222989989064,0.4747867700773614,0.9874823951979329,HOROZ
5737,45104,820.4659999999999,331.2336697209128,174.04672642738626,1.9031307081728208,0.8508244909512032,45620,239.64180859302238,0.6303491069681639,0.9886891714160456,0.8419838186119604,0.7234826362758868,0.007343775933862026,0.0012411138728380415,0.5234271249927072,0.9961502350642344,HOROZ
5738,45131,840.0749999999999,347.602554723643,167.3656562389643,2.0769049190554174,0.8764539516741494,45781,239.71352463605933,0.7270398711236408,0.9858019702496669,0.8036162302030854,0.6896195709109231,0.007702079606559637,0.0010745486370012318,0.4755751525833657,0.9877243737809229,HOROZ
5739,45149,855.291,358.1055863509357,165.27411508803743,2.166737278612454,0.8871280248047155,47022,239.76132341403158,0.7999468462083629,0.960167581132236,0.7755864185664318,0.6695269008707132,0.007931639379630461,0.0009831388265560052,0.44826627098954197,0.971275240097633,HOROZ
5740,45200,873.2109999999999,357.13084985297314,162.86010436902697,2.1928688504567417,0.8899676704313284,45850,239.8967015655475,0.751279835117346,0.9858233369683751,0.74492046023358,0.67173334833524,0.007901124996747194,0.0009923304843132501,0.4512256912656728,0.9894787629023045,HOROZ
5741,45210,841.526,341.7080553700135,169.51973610422672,2.0157420205038505,0.8682681172325352,45836,239.9232373436902,0.663360380320749,0.9863426127934375,0.8022492021854539,0.7021292988949087,0.007558240552311734,0.0011331016091820996,0.4929855523666561,0.99373169340677,HOROZ
5742,45226,827.4809999999999,338.22532749837154,170.76771235534596,1.980616375504097,0.8631817444403964,45753,239.9656884852342,0.630872670460886,0.9884816296199156,0.8300074321177475,0.7094846807011801,0.007478559401635598,0.001168879657471391,0.5033685121496556,0.9969799180767408,HOROZ
5743,45236,824.0559999999999,334.3255056969277,172.7937101946734,1.9348245102224428,0.8560803600097862,45823,239.99221663553968,0.7926128399215027,0.9871898391637387,0.8371062948031323,0.7178399869171128,0.0073906955897278205,0.001210530301048427,0.5152942468171609,0.9970039387184556,HOROZ
5744,45257,888.846,361.56494620494135,159.95722608469748,2.2603851983122816,0.8968166214648361,45957,240.04791620857546,0.615909090909091,0.9847683704332311,0.7198509487284802,0.6639136861251812,0.007989149660935134,0.0009574735936284801,0.44078138262432565,0.9963357129756479,HOROZ
5745,45280,846.1529999999999,353.4912173189554,164.31932017944618,2.1512456169665417,0.88539104208747,45912,240.10890567741995,0.6200701139351447,0.9862345356333856,0.7947279463118996,0.6792499895712246,0.007806784834782584,0.0010251101513526308,0.46138054833250886,0.9925428823539293,HOROZ
5746,45297,854.1809999999999,341.5499689442742,169.67061715658426,2.0130177792013764,0.8678841766587285,46087,240.15397489500077,0.6267312348668281,0.9828585067372578,0.7801524738015915,0.7031298396463425,0.007540233767010491,0.0011368592226133328,0.49439157140109136,0.9952190231177036,HOROZ
5747,45369,834.2949999999998,338.992460273724,171.60097783971574,1.9754692807774128,0.8624109327972628,45987,240.34476259134416,0.7604847631499547,0.9865614195316068,0.8190865399752072,0.7089973694319766,0.007471896234735701,0.0011646329957074807,0.5026772698614628,0.9930235047563774,HOROZ
5748,45401,838.238,346.70100003336535,167.57691915729308,2.0689066356921186,0.875428804329566,45999,240.42950852697163,0.7857291197950919,0.9869997173851606,0.811971139269864,0.6934779781536065,0.007636417700785563,0.0010894320199737195,0.4809117061840138,0.9949614201061246,HOROZ
5749,45407,835.028,341.1195799971403,170.14080754496285,2.0049251259548253,0.8667333778123898,46053,240.44539506463732,0.6390851513019,0.9859726836471022,0.8183340020032261,0.7048712802315629,0.0075124888232462024,0.0011439389947615042,0.4968435216952827,0.9961340603147533,HOROZ
5750,45413,851.184,356.4810557975757,162.73888624982177,2.1905093737113255,0.8897158062958443,46013,240.46128055272837,0.6867335057236613,0.9869602068980505,0.7876679121651189,0.6745415405447855,0.007849757906273,0.0010024687108220335,0.45500628992053255,0.9966955431685396,HOROZ
5751,45469,848.018,357.5147115363154,162.4187859479893,2.2011906409077633,0.8908489686073877,45920,240.6094945332854,0.6578079337982119,0.9901785714285715,0.7945388282161117,0.6730058561767602,0.007862823275997173,0.0009950242161535737,0.4529368824482141,0.9970004265669488,HOROZ
5752,45470,842.2810000000001,339.40603814127326,173.56499955643295,1.9554981650025511,0.8593555041085309,46378,240.61214038179338,0.6250171821305842,0.9804217516926129,0.8054170334128361,0.7089212133628624,0.007464394944826771,0.0011629639736513246,0.5025692867558731,0.9827733180377508,HOROZ
5753,45471,848.858,346.40467276541625,168.71875751877047,2.0531485524179356,0.8733702859782356,46192,240.61478620120707,0.7844696708301705,0.9843912365777624,0.7930019904014444,0.6946060637125133,0.007618145032337451,0.001093914251010443,0.4824775837461921,0.9905981526425977,HOROZ
5754,45473,834.56,335.927630893239,173.66605057542708,1.9343310323472696,0.8560007413647345,46244,240.6200777527554,0.7840713152631216,0.9833275668194793,0.820442860659083,0.7162854603919937,0.007387408591763002,0.0011995446706191948,0.5130648607689703,0.9924372817923505,HOROZ
5755,45478,838.0419999999999,331.8432700719611,176.27676680745157,1.8825128012158063,0.8472433935654781,46206,240.63330612254347,0.6080109093826038,0.9842444704150977,0.8137287344161518,0.7251414382167868,0.007296786799594553,0.001244521243313744,0.52583010541911,0.9898819047161316,HOROZ
5757,45518,859.9399999999999,322.28668637044865,189.2917773203085,1.7025921090333147,0.8093404934894984,47963,240.73910691297152,0.6644769495781145,0.9490232053874862,0.7734936173352257,0.7469719262193064,0.007080422829879359,0.0013597406332988091,0.557967058559781,0.9499903110044127,HOROZ
5758,45525,840.6959999999999,348.6462683950556,166.79824997458758,2.0902273761755494,0.8781328580036513,46054,240.75761727112246,0.7416911045943304,0.988513484170756,0.8094347707296327,0.6905498182424741,0.0076583474661187385,0.001074224098114572,0.47685905147471397,0.9967438439695526,HOROZ
5759,45525,853.65,358.8287582028944,162.03358641286107,2.2145332097297397,0.8922395254602131,46116,240.75761727112246,0.6737357742226695,0.9871844912828519,0.78505508171671,0.6709540742411444,0.007882015556351332,0.0009853447977932616,0.45017936974079115,0.9969371646261855,HOROZ
5760,45554,854.4509999999999,358.5586783175395,162.20782867881616,2.2104893533068184,0.8918209628870841,46189,240.83428788456513,0.7023435090965156,0.9862521379549243,0.7840830340338948,0.6716732921223073,0.007871069023961442,0.0009882021682006156,0.4511450113504185,0.9972512443875837,HOROZ
5761,45606,855.1919999999999,342.0626725979427,171.38518266705637,1.9958707472538928,0.8654273400917679,46331,240.97170513815897,0.7844169246646027,0.9843517299432345,0.783618332861548,0.7044665333051259,0.007500387505984798,0.0011394753353566503,0.496273096546942,0.9904969560471484,HOROZ
5762,45609,834.651,341.0878230562628,172.5859990998488,1.9763354202268055,0.8625411128362661,46157,240.97963066580135,0.7873802330599914,0.988127477955673,0.822717202351574,0.7065031771188487,0.007478520095951737,0.0011493489529554605,0.49914673927902736,0.9864813807278564,HOROZ
5763,45631,840.9559999999999,321.92354138238545,182.72589285907074,1.7617839286229258,0.8232999861942537,46505,241.03774323912472,0.6487758409872892,0.9812063219008709,0.8108178544904434,0.7487422081779865,0.007054930669553274,0.0013677344206373678,0.5606148943072473,0.9876823109371484,HOROZ
5764,45654,857.771,343.3268987594268,169.90969218852308,2.0206434037823393,0.8689545635029452,46271,241.09848231654033,0.7996847083552285,0.9866655140368698,0.779733116781685,0.702241750319368,0.007520193165098935,0.0011281201142590914,0.49314347589160973,0.996467111678676,HOROZ
5765,45654,828.5169999999999,340.1323580949491,171.85687821959735,1.9791605760482318,0.8629644083162556,46355,241.09848231654033,0.7058987243911867,0.9848775752346025,0.8357682151383,0.7088372410872972,0.007450220311362621,0.0011602056724891638,0.5024502343522512,0.9944296952561704,HOROZ
5766,45666,870.0169999999999,350.5392580923784,166.3937946217825,2.106684680694755,0.8801587278440113,46356,241.13016619634288,0.6130158133540956,0.9851151954439554,0.7581364177315209,0.6878834841739675,0.007676154208653668,0.001060188240739862,0.47318368779931697,0.9968488262414704,HOROZ
5767,45720,860.356,342.4952940081822,171.55492947983973,1.9964176782715564,0.8655067923566858,46478,241.27269216654346,0.6369018597199972,0.9836912087439219,0.7761750927344397,0.7044554958491764,0.007491148162908622,0.0011380003513340898,0.496257545632109,0.9907373370755961,HOROZ
5768,45805,859.2819999999999,350.59896546305265,167.08557236074148,2.0983198040947646,0.8791355642594644,46453,241.4968681921033,0.6363573214781884,0.9860504165500613,0.779563187481343,0.6888122669533464,0.007654163638534061,0.001062872074486812,0.47446233910540825,0.9955737224420041,HOROZ
5769,45816,859.1290000000001,338.7357704630703,173.16610984327608,1.9561320097197021,0.8594540870447276,46674,241.52586400132432,0.7931034482758621,0.981617174444016,0.7800281504582315,0.713021431634295,0.007393394675726172,0.0011787833381083548,0.5083995619698196,0.9944966568966395,HOROZ
5770,45817,862.1229999999999,333.458920449638,175.9104730961955,1.8956172113032075,0.8495347473574221,46654,241.52849981136995,0.7579321753515302,0.9820594161272346,0.7746366668247677,0.7243126064394723,0.007278060991545453,0.0012356618248827785,0.5246287518471421,0.9944952915459618,HOROZ
5771,45864,844.252,334.580063747085,175.9128079742536,1.9019653406706676,0.8506255762473431,46714,241.65235045356687,0.7395510835913313,0.981804170056086,0.8086071859583739,0.722255677003625,0.0072950476135331625,0.001224536543133328,0.5216532629639647,0.9921664260052223,HOROZ
5772,45887,839.116,339.7362095159521,173.00625861056707,1.9637220771341581,0.8606263105423837,46394,241.7129350888413,0.6245678508234653,0.9890718627408717,0.8189464884060572,0.7114723962842466,0.007403757262753113,0.0011702109411853626,0.506192970674448,0.9940223118035372,HOROZ
5773,45908,827.0089999999999,336.11927086602446,174.79198555878392,1.9229672904710204,0.8541482113313128,46390,241.76823823592264,0.7638348141492796,0.9896098297046777,0.8434857799075036,0.7192929986221774,0.007321583838677888,0.0012089494295278041,0.5173824178668838,0.994909466222827,HOROZ
5774,45915,817.8879999999999,324.0965544422036,181.54982959015624,1.7851658422034475,0.8283762914936792,46477,241.78666980732208,0.7595533498759305,0.9879079975041418,0.8625351055575987,0.7460328303195216,0.00705862037334648,0.001348749655577642,0.5565649839145561,0.9935607982507767,HOROZ
5775,45918,842.448,350.362556192169,167.59180447627887,2.090570939832322,0.8781756880691113,46281,241.79456862210367,0.7854064039408867,0.9921566085434628,0.8130300928858399,0.6901267397121132,0.007630178931838691,0.0010676524599089882,0.4762749168656709,0.9956865005704265,HOROZ
5776,45928,858.3739999999999,353.569189707064,167.9840509648103,2.1047783267301403,0.8799267262451461,46692,241.8208961413313,0.8017456576765296,0.983637453953568,0.7833111147372083,0.6839422188954942,0.007698336302627244,0.0010390927009671996,0.4677769587876922,0.9845668046000726,HOROZ
5777,45942,847.435,349.2138731929008,167.9959347384104,2.0787043075576097,0.8766827881178418,46485,241.85774985355098,0.7879598662207358,0.9883188125201678,0.8039091425353444,0.6925777250549041,0.007601190048167271,0.0010787863230656749,0.47966390524222635,0.9970794260069211,HOROZ
5778,45968,841.0369999999999,346.6311767616388,169.43910611152018,2.045756642114812,0.8723865192465077,46394,241.92617756742644,0.6927064496684749,0.990817778160969,0.8166486869695151,0.6979354247000903,0.007540706072955944,0.0011037043241976323,0.48711385705129545,0.9965164085288527,HOROZ
5779,45968,838.333,339.3334067129474,174.23352538010298,1.9475781481931629,0.8581145967810566,46698,241.92617756742644,0.7050306748466257,0.9843676388710437,0.8219252997152193,0.7129453592881271,0.007381948457904355,0.0011764561843672435,0.5082910853304766,0.9899366107110228,HOROZ
5780,46056,859.402,359.39396079205704,163.4603511603398,2.1986613771527024,0.890582263631558,46532,242.15763558542326,0.7810337810337811,0.9897704805295281,0.7836161181519119,0.6737943927931891,0.0078034123847502395,0.0009921421292205439,0.4539988837595423,0.998189810992545,HOROZ
5781,46062,856.6719999999999,346.96692153919315,171.96970806591017,2.0176048761227907,0.8685296664227177,47106,242.1734087582513,0.8112363508277562,0.9778372181887658,0.7887211925259618,0.6979726127318899,0.007532606520324631,0.0011027538240739878,0.4871657681237808,0.982908029246645,HOROZ
5782,46067,855.704,350.69833104508655,167.97414174072077,2.08781141794082,0.8778310180583637,46689,242.18655228421486,0.804130009775171,0.9866778041937073,0.7905924645926391,0.6905837035565442,0.007612788569802386,0.0010680432349306477,0.47690585161787297,0.9956894822905858,HOROZ
5783,46068,863.075,344.1589628500392,171.7840633595639,2.0034394117786976,0.8665204209817233,46892,242.1891809038122,0.7655034895314058,0.9824277062185447,0.7771630577171373,0.7037131298229231,0.007470672980160614,0.0011301136104975864,0.49521216908517424,0.9921275767376544,HOROZ
5784,46100,847.1199999999999,336.2745067969851,175.75508282716888,1.9133131252179214,0.8525451369198435,46735,242.2732816723524,0.7673357967974966,0.9864127527548946,0.80727391356404,0.7204628265758399,0.007294457848090783,0.0012123250868840561,0.5190666844776488,0.9931371002744349,HOROZ
5785,46127,862.115,358.66096697006986,166.12435582136763,2.158990866792197,0.8862645676495716,47134,242.34421899438587,0.727635543356522,0.9786353799804812,0.7798923691643542,0.6756916456275807,0.0077755103728850755,0.0009997763630891089,0.45655919997090805,0.9857071428871429,HOROZ
5786,46143,832.9789999999999,334.31093200692965,177.27982637809433,1.8857810210955788,0.8478199100189957,46616,242.38624612942584,0.7729663629053873,0.9898532692637722,0.8356945801135541,0.7250323663493051,0.007245106126756597,0.0012349634146375415,0.525671932254073,0.9913021531673718,HOROZ
5787,46144,856.5500000000001,351.32576786588106,167.88750952410408,2.092626002147231,0.8784313968393247,46630,242.38887258341572,0.7664607002856954,0.9895775251983702,0.7903503753528812,0.6899262586282823,0.007613682556039378,0.0010641068191182368,0.4759982423448195,0.9960862989071483,HOROZ
5788,46180,850.826,344.08145568244004,172.36687520527678,1.9962156607681336,0.8654774538785145,46881,242.48340598042952,0.6190846448776041,0.9850472472856807,0.801645366925226,0.7047267499479034,0.007450876043361629,0.0011336268611326957,0.4966397920921349,0.9914001307349495,HOROZ
5789,46229,832.722,335.53620296995194,176.09172158326658,1.9054626756618458,0.8512212964983865,46809,242.61201724886143,0.6365000688420763,0.987609220449059,0.8377689996840078,0.723057646541312,0.007258132405415474,0.0012237602496697093,0.5228123602218608,0.9961994387774318,HOROZ
5790,46230,855.563,350.63308211729134,169.7982097956127,2.064998697803415,0.8749231410130816,46861,242.6146412587389,0.8239466742710487,0.9865346450139775,0.7936513661765131,0.6919331165037678,0.007584535628753868,0.00107242079269186,0.47877143771461655,0.9886623954261522,HOROZ
5791,46261,848.8069999999999,350.4626602721089,169.04345276879368,2.0732104942949094,0.875982057293907,46904,242.69597149312833,0.7956828345373237,0.9862911478765137,0.806876330089959,0.6925016528285566,0.007575769228337237,0.0010747062058293635,0.47955853917028274,0.9942257960365665,HOROZ
5792,46267,854.5229999999998,341.6146656085285,174.9660702133783,1.952462355655102,0.8588818499645264,47026,242.71170968097476,0.6852238562817494,0.9838599923446604,0.7962211165545662,0.7104838700312385,0.007383549087006474,0.0011605445593149283,0.5047873295745657,0.9855782586060047,HOROZ
5793,46275,832.69,337.7416294642853,175.5197553678824,1.9242371250825434,0.8543570520259192,46788,242.73269234410853,0.8016040742793792,0.9890356501667095,0.8386670743891368,0.7186934365453355,0.007298576541637717,0.0012011372742353843,0.5165202557333441,0.9939074519392302,HOROZ
5794,46298,842.976,329.6366159190325,179.98286958074524,1.8314888338367585,0.8377826500115285,46971,242.79300739961306,0.6397313841179478,0.9856720103893892,0.8187318287885179,0.736547445503595,0.007119888891939879,0.0012925754100380734,0.5425021394778712,0.9935866107862728,HOROZ
5795,46316,879.449,345.6580349551312,172.37151981025355,2.0053082744506248,0.866788211684052,47252,242.8402000368839,0.7169659442724459,0.980191314653348,0.7525226747121019,0.7025446408859156,0.007463037286361759,0.00112147881796734,0.4935689724375202,0.9897579444410514,HOROZ
5796,46415,844.864,349.76697807939445,169.77885061391083,2.060132795190076,0.8742890834167489,46946,243.09959578099378,0.777080194207266,0.9886891321944362,0.8171364974675989,0.6950330105943049,0.00753564533188397,0.0010847307215616365,0.4830708858157833,0.9951901742706154,HOROZ
5797,46428,872.732,365.98568894777287,161.95565216353023,2.2597895415112093,0.8967590866503212,46913,243.13363729225978,0.8082869080779944,0.9896617142369919,0.7659987116505492,0.6643255313924463,0.007882865704914553,0.0009470821795499972,0.44132841165985615,0.9973093290406967,HOROZ
5798,46481,849.522,343.26370456924747,173.97563279066577,1.9730562209379958,0.8620472431896719,47264,243.27237261726845,0.7330000630795434,0.983433480027082,0.8093494324587528,0.7087040353495704,0.007385032692266678,0.001149189918681087,0.502261409720765,0.9909899989866431,HOROZ
5799,46519,863.421,356.7518401737977,167.51662705741234,2.129650330480505,0.8829002169467284,47189,243.37179454804337,0.7595930897096763,0.9858017758375893,0.7841425483351043,0.6821879164785266,0.007668949035314553,0.0010245465717994846,0.4653803533893133,0.9910974233946851,HOROZ
5800,46522,853.266,351.1710870976473,170.44603555326555,2.060306571271961,0.8743118128551495,47247,243.3796419180726,0.738092971600825,0.9846551103773784,0.8029700736229721,0.6930514807740935,0.007548495058201437,0.0010742419821054298,0.48032035500316367,0.9896071837286992,HOROZ
5801,46562,840.9759999999999,337.6311551817453,176.10206619119958,1.9172469834349843,0.8532016421602929,47115,243.4842493508741,0.8115239821528165,0.9882627613286639,0.827321454106238,0.7211545664967074,0.00725121676864708,0.0012097735429199255,0.5200639087790541,0.9970909603000483,HOROZ
5802,46563,852.7800000000001,352.4131900168591,168.93977003524301,2.0860285884332694,0.8776075389504369,47203,243.48686396087857,0.6909277065527065,0.9864415397326441,0.8045940281176954,0.6909130272599342,0.007568524150438312,0.0010638600229631082,0.4773608112374866,0.9957882992390946,HOROZ
5803,46581,974.0229999999999,364.78152617769723,164.43532473888922,2.218389064253332,0.8926363174704852,47874,243.53392214085622,0.743511572226656,0.9729916029577641,0.6169930150083178,0.667615832119258,0.007831122693323398,0.0009596443256915493,0.4457108992962892,0.9887601848174061,HOROZ
5804,46634,864.954,351.29268522198527,169.71586010845317,2.0698871926141695,0.8755551875120493,47345,243.67242956309107,0.6558931082981716,0.9849825747174992,0.7832970835704227,0.6936450424782176,0.007532973479049305,0.001075710351780535,0.4811434449546082,0.9959126545218041,HOROZ
5805,46642,875.771,362.17277169290884,164.8783189942972,2.1966064058758126,0.8903648339197693,47195,243.69332950562568,0.6478595438508764,0.9882826570611294,0.7641980208909294,0.6728648549876536,0.007764949438122483,0.0009818152519652037,0.4527471130775562,0.9945072088279406,HOROZ
5806,46680,844.0279999999999,341.04106339725604,175.21407156581822,1.9464250807569745,0.857932519132274,47312,243.79257976451495,0.757398753894081,0.9866418667568482,0.8234306015823482,0.714848169120729,0.007305935376976351,0.0011768221280697047,0.5110079048952586,0.9946386025532058,HOROZ
5807,46696,862.8829999999999,354.9810265810516,168.05445272430046,2.112297656066341,0.8808378267470393,47259,243.8343572611398,0.7782277552789028,0.9880869252417529,0.7881079684023652,0.6868940563094178,0.007601957910336037,0.0010439128828953078,0.4718234445932057,0.9966315560913754,HOROZ
5809,46708,875.9,364.87184036334446,163.44821337069277,2.2323391173192726,0.8940532920174135,47371,243.86568568679354,0.7881610475515507,0.9860040953325875,0.7650539871764319,0.668359842305037,0.007811763303146023,0.0009615463639110942,0.4467048788060139,0.99719677485603,HOROZ
5810,46749,854.757,333.322240395416,179.21342544849696,1.8599178022586673,0.8431629103193234,47417,243.97269412133835,0.6716038386392369,0.9859122255731066,0.8040755512939353,0.731942440540171,0.00713004000931391,0.0012623490242401729,0.5357397362639018,0.9964318728545941,HOROZ
5811,46755,864.8489999999999,353.6335069222191,171.294792249757,2.0644731942965464,0.8748549025699883,47547,243.98834995567418,0.8136964845109641,0.9833427976528487,0.7855201865776433,0.6899469229575547,0.0075635441540416876,0.001057226006483246,0.4760267564985979,0.9827444785592845,HOROZ
5812,46777,845.2030000000001,349.18776876777963,171.16712573921285,2.0400399157242135,0.8716175811582338,47247,244.04574608887714,0.821412892689694,0.9900522784515419,0.8228490451975166,0.6988954594545804,0.007464945780357433,0.0010986397199704515,0.4884548632462292,0.9964674180519197,HOROZ
5814,46794,864.0649999999998,356.4369676217366,168.45205211691328,2.1159550337466553,0.8812771390861217,47586,244.0900884024937,0.6088212334113974,0.9833564493758669,0.7876027194563032,0.6848057597143814,0.007617151079662704,0.0010333369280973322,0.46895892853799126,0.9922960054604006,HOROZ
5815,46798,881.1759999999999,331.32990255761564,182.40054915490663,1.8164961898016454,0.834828321386654,47864,244.10052071742115,0.7179369170348552,0.9777285642654187,0.7573765198238123,0.7367295219451978,0.0070800013367583155,0.0012866054738439698,0.5427703885055997,0.9859403426575806,HOROZ
5816,46808,866.842,362.2608792470492,165.68506715098502,2.1864425411188635,0.8892796050781586,47280,244.12659955433676,0.6414339353742429,0.9900169204737733,0.7827986322561798,0.6738972203174359,0.007739294121668288,0.0009845908024756207,0.4541374635515667,0.9929454698249628,HOROZ
5817,46826,851.033,348.05768982767444,172.3589987683958,2.0193763732369465,0.8687776447664924,47442,244.17353444173415,0.8101384083044982,0.9870157244635555,0.8124639936295905,0.7015317907862516,0.007433000679700902,0.001110537839400578,0.492146853483765,0.9938297280880203,HOROZ
5818,46831,878.182,367.56923840050877,163.98697498277548,2.2414538620467677,0.8949636788901091,47446,244.18657030945087,0.774040527585865,0.9870378957130211,0.7630873132195554,0.6643280905987613,0.007848844534614012,0.0009430092574380935,0.44133181195859605,0.9892248943586929,HOROZ
5819,46851,854.5300000000001,328.91760379241856,183.15548032989645,1.7958381763951476,0.8306177353554378,47631,244.23870682262282,0.7172864644732612,0.9836241103483025,0.8062581186702211,0.7425528582433764,0.00702050337863479,0.0013166110991025873,0.551384747285408,0.9901977790571261,HOROZ
5820,46863,867.433,347.4427551422017,172.1287908504922,2.018504594295232,0.8686557015326586,47538,244.26998338912605,0.7007027511961722,0.9858008330177963,0.782650867410212,0.7030510199850073,0.007414010096284952,0.001117327033195931,0.4942807367019593,0.997707937904537,HOROZ
5822,46867,846.6590000000001,340.16925837496234,177.00785054078162,1.9217749796729453,0.8539516968422184,47529,244.28040802140245,0.7790392287234043,0.986071661511919,0.821599110213583,0.7181142975363654,0.007258182908548922,0.001190644102804692,0.5156881443261475,0.9910365730799611,HOROZ
5823,46892,834.7589999999999,330.6503749133176,181.54364819420485,1.8213271475056347,0.8357893865937586,47506,244.3455518967375,0.7122546934807704,0.9870753168020882,0.8456417184628257,0.7389846509649187,0.007051317387045074,0.0012971544739563523,0.5460983143617428,0.9946236851541084,HOROZ
5824,46907,857.564,335.5606651716836,181.23514002324643,1.851520986099287,0.8416030971771601,47888,244.38462988676736,0.6365622625122137,0.9795147009689275,0.801520139770576,0.7282874760119228,0.007153743901159392,0.0012414365228535123,0.5304026477158171,0.9820516333284625,HOROZ
5825,46955,873.0169999999999,360.90784573557164,166.76391163500867,2.164184338188709,0.8868445770081188,47609,244.5096374849866,0.6577896698093384,0.9862631015144195,0.7741877720596441,0.6774849601472306,0.00768624950986203,0.0009988329833931016,0.4589858712256947,0.9933300339565481,HOROZ
5826,46958,859.393,356.5890039750902,168.6491233546355,2.1143839759264837,0.881088734842671,47618,244.51744833789215,0.8199406320935918,0.9861396950732916,0.7989798591913712,0.6857122502716688,0.007593786021020703,0.0010356326908905367,0.4702012901726359,0.9941860734009801,HOROZ
5827,46970,860.88,351.44427706154755,170.9235130561272,2.056149389734001,0.8737663205892718,47495,244.54868925473838,0.7832902526473776,0.9889462048636699,0.7964255560881621,0.6958391563505562,0.007482313754770014,0.0010820594775352258,0.48419213151065377,0.9955713557196361,HOROZ
5828,46987,855.4979999999999,359.2125934063292,167.09383872539766,2.149765641548638,0.8852229532178518,47402,244.59294038968312,0.7941285830178475,0.9912450951436649,0.8067697096890017,0.6809141574638722,0.007644935692985915,0.0010137317658414431,0.46364408983473504,0.9967261342338034,HOROZ
5829,47002,847.6529999999999,346.969276514646,173.4072481734853,2.0008925818805485,0.8661541411188168,47610,244.63197886139523,0.7017737697085523,0.9872295736189876,0.8220344063561356,0.705053719219053,0.007382010904102933,0.001125235114840894,0.49710074698461937,0.9946451970888043,HOROZ
5830,47044,855.838,354.30443482278,170.3573014004642,2.079772524629899,0.8768183291064052,47566,244.74125345458413,0.6216994846042024,0.9890257747130303,0.8071067399607654,0.6907654248725438,0.007531341612592042,0.0010577291567498666,0.477156872199346,0.9923777527385397,HOROZ
5831,47057,902.5860000000001,374.11297422060574,161.22263732465632,2.3204742238972877,0.902377529189326,47847,244.77506665631316,0.7726929392446634,0.9834890379752127,0.7258667693867014,0.6542811490733679,0.007950208772777818,0.0008987024529291947,0.4280838220327666,0.9933574746944687,HOROZ
5832,47074,877.067,365.9280671614067,166.18814915642255,2.2018902612422826,0.8909225656589946,47846,244.81927687349915,0.6054689509697999,0.9838648998871379,0.7689983808913516,0.6690366190618336,0.007773464484883518,0.0009607135981569701,0.44760999764568926,0.9855880946507243,HOROZ
5833,47089,844.194,343.8945066342456,176.17055690181107,1.9520543766340919,0.8588180076418147,47624,244.85827925972623,0.8176025280411154,0.9887661683184948,0.8303186817601973,0.7120156749701998,0.007303075169025582,0.0011578272116977097,0.5069663214032691,0.9896258265013373,HOROZ
5834,47091,874.3619999999999,353.0329178114848,171.26969052290542,2.0612690823089364,0.8744375919139841,47849,244.86347910850964,0.7068067542213884,0.9841584986102113,0.7740432493963475,0.6935995675034011,0.0074968235503914725,0.0010702674231202196,0.4810803600409052,0.9916360722583695,HOROZ
5835,47122,888.6780000000001,356.27850671259046,169.2101942951122,2.1055380746813666,0.8800192697631899,47831,244.94406264902673,0.7612355012762108,0.9851769772741528,0.7497987654860728,0.6875072675844094,0.007560767936687544,0.0010419691116450656,0.4726662429813807,0.9952167712138914,HOROZ
5836,47134,880.5219999999999,358.8188160021759,168.07838213706933,2.134830258596588,0.8835052180671635,47959,244.97524916110842,0.6057264759554836,0.9827978064596843,0.7639478953553798,0.6827268756151932,0.00761273849030797,0.0010202548571816312,0.46611598668728355,0.9950785123956174,HOROZ
5837,47134,870.142,360.77500048954437,167.48845377692695,2.1540290829244277,0.88570615141871,47862,244.97524916110842,0.6236883543064322,0.9847896034432326,0.7822830100107506,0.679025012344801,0.007654241110229227,0.0010037486857048094,0.46107496738985715,0.9931688891661843,HOROZ
5839,47142,845.7500000000001,329.7456357584033,186.27718032943412,1.770188034708508,0.8251513363053116,48742,244.99603796368837,0.6937748344370861,0.9671741003651881,0.8281973844840973,0.7429849295812699,0.006994731571812891,0.0013148337238056897,0.5520266055848847,0.9771908920471158,HOROZ
5840,47171,860.8489999999999,348.0271959560044,174.35264981032867,1.99611073496508,0.8654622118687897,47961,245.07138259026158,0.8089970501474927,0.9835282833969267,0.7998913282566801,0.7041730802590557,0.007377990628903445,0.0011190140408095428,0.4958597269615264,0.9897909240247564,HOROZ
5841,47180,850.406,348.6152375693272,172.90463285693187,2.0162284365034058,0.8683364886957793,47729,245.09476069594996,0.7100395804174756,0.988497559135955,0.8198136955543031,0.7030523462050603,0.007389047002317236,0.0011135733771352981,0.49428260150444,0.9965866368221331,HOROZ
5843,47186,868.831,356.7470104415423,168.96037515139085,2.11142411421549,0.8807325293012289,47855,245.11034486098987,0.7223268274014543,0.9860202695643089,0.7855112529783879,0.6870704944594187,0.0075604418777082665,0.0010392789624487772,0.4720658643567102,0.9967312495007363,HOROZ
5844,47186,871.0469999999999,346.22413942759414,177.45631227229435,1.951038737333487,0.858658881365127,48835,245.11034486098987,0.7463659227155534,0.966233234360602,0.7815195539798308,0.7079527882319996,0.007337433548671092,0.0011369493821195295,0.5011971503654625,0.9778550554041738,HOROZ
5845,47223,841.0349999999999,339.08775462112067,177.80688179847118,1.9070564153160703,0.8514915429628364,47634,245.2064253257418,0.6322363840839715,0.991371709283285,0.8389484937335308,0.723135595385103,0.007180563594458646,0.0012112038820150004,0.5229250893129673,0.9972476463040235,HOROZ
5846,47225,983.2520000000001,352.85775772545867,171.10266992383015,2.0622574614559817,0.874566549348657,48501,245.2116177918943,0.7936974789915966,0.9736912640976475,0.6138357152218693,0.6949304993959675,0.0074718424081621744,0.0010749121120780243,0.48292839899072887,0.9959226941676219,HOROZ
5847,47225,910.43,358.03087280257324,169.34579901655175,2.1141999085999146,0.8810666310071005,48275,245.2116177918943,0.6034681046820691,0.9782496116002072,0.7159599198754116,0.6848895903094643,0.007581384283802504,0.0010289885326988726,0.4690737509142659,0.9917156813095601,HOROZ
5848,47248,862.6519999999999,355.81415302651817,170.26060426756695,2.0898208047432463,0.8780821431349847,47697,245.2713232517144,0.6039549539185234,0.9905864100467535,0.7978514277966002,0.6893242474068613,0.007530777028160306,0.0010488509436112389,0.47516791806303554,0.993015800914666,HOROZ
5849,47264,848.0129999999999,347.830766441408,174.39024428399372,1.994554040964397,0.8652357649907979,47768,245.31284891412176,0.6503474372205023,0.9894490035169988,0.8259149313660967,0.70526495233263,0.007359317164044686,0.0011231208571066192,0.4973986529887468,0.9920884932889529,HOROZ
5850,47286,979.365,373.8836862320812,162.79482583950085,2.296655832297106,0.9002295100704832,48605,245.36993522505338,0.6580111881105453,0.9728628741898981,0.6195170783230891,0.6562734461560451,0.007906857975554734,0.0009047384139433306,0.43069483612953147,0.9891578073371347,HOROZ
5851,47291,861.0469999999999,354.5429252588579,170.40297705169462,2.080614619492835,0.8769250166615516,47849,245.38290753447066,0.772123171368861,0.9883383142803402,0.801557432885007,0.6921105740731178,0.007497048598229217,0.0010611383895870504,0.4790170467438208,0.9966498704414762,HOROZ
5852,47301,882.93,358.6190043684785,168.9438553496027,2.1227111434527934,0.8820821289919156,48105,245.40885009615675,0.7279316712834718,0.9832865606485812,0.7624785655484833,0.6843163555381491,0.007581636844220598,0.0010255820730573786,0.46828887445701434,0.9940420121648708,HOROZ
5853,47328,874.4359999999999,363.4143173199344,166.18967428508043,2.186744266051911,0.8893120585262455,47999,245.47888131818138,0.7935613682092555,0.986020542094627,0.7778071989870138,0.6754793898284207,0.007678632465346822,0.0009860797791051885,0.45627240608297565,0.9977510677596563,HOROZ
5854,47338,842.469,340.316287697935,178.33231619294128,1.9083265162649492,0.8517063649882033,47798,245.50481373829135,0.7002766313111141,0.9903761663667936,0.8381310126679459,0.721401891749012,0.007189071944271728,0.0012010516934956518,0.5204206894190533,0.9931326012312651,HOROZ
5855,47341,869.4749999999999,356.6856770918091,169.31150149133208,2.1066830897490427,0.88015853451533,47978,245.5125929301944,0.5997390290868552,0.986723081412314,0.7869245474069964,0.6883163768501999,0.00753439253695125,0.0010432308380190598,0.4737794346401864,0.9981031232273426,HOROZ
5856,47344,828.2579999999999,324.69229839767667,187.27015190378575,1.7338176698040735,0.8169122921531453,48123,245.52037187561754,0.7476116032655897,0.983812314277996,0.8672484516444764,0.7561632138712113,0.006858150946216557,0.0013830853639591857,0.5717828060120393,0.9913671323538287,HOROZ
5857,47347,853.387,330.27751466379897,183.56962096922302,1.7991948391023411,0.8313132508487838,47903,245.52815057458432,0.8240136445117388,0.9883932112811307,0.8169778553680349,0.7433995342508133,0.006975679867020064,0.0013141817831896136,0.5526428675243262,0.9943121951164864,HOROZ
5858,47360,860.079,346.1425130213354,175.00211062147642,1.9779333620154433,0.8627807821248415,48026,245.56185542273724,0.8029023836164514,0.9861325115562404,0.804534866248408,0.7094241423260291,0.007308752386430224,0.0011419494156653385,0.503282613715022,0.9954594721892732,HOROZ
5859,47361,861.3380000000001,354.3227483974535,171.96747314395074,2.0604056215959896,0.8743247655303937,48037,245.56444791174889,0.7344612617083307,0.9859275142077981,0.802201579102242,0.6930530117594723,0.007481318983920388,0.0010646914234720777,0.4803224771088754,0.9896591320140379,HOROZ
5860,47371,855.6139999999999,354.01886278863435,170.87943454860255,2.0717464551765135,0.8757942839057354,47842,245.5903712966968,0.6188728051839465,0.9901550938505915,0.8131424848682078,0.6937211462749814,0.007473324666750424,0.0010676609160608808,0.4812490287890742,0.9970259694509044,HOROZ
5861,47394,880.1059999999999,365.54027207477316,165.75142778433883,2.2053521768173363,0.891285625097873,48081,245.64998470013856,0.6249208860759494,0.9857116116553316,0.7688883218651632,0.6720189359871396,0.007712796389306097,0.0009703260077069082,0.4516094503252871,0.9959578843461526,HOROZ
5862,47448,871.679,349.35003822515694,175.10649200171687,1.995071880154687,0.8653111586812072,48047,245.78988978107705,0.6347558528428093,0.9875330405644474,0.7847197955593895,0.7035633687913464,0.007362797973047482,0.001112847169948165,0.49500141390502805,0.9875634015187327,HOROZ
5863,47464,850.356,341.6656556546027,178.09125511752757,1.9184864266868558,0.8534075473983026,48004,245.83132784759098,0.7235365853658536,0.9887509374218815,0.8248455553940388,0.7195084544760544,0.007198416813892691,0.0011900367100149123,0.5176924160625205,0.9931858734146701,HOROZ
5864,47468,880.6349999999999,357.74134307911334,170.04927612734662,2.10375104926179,0.8798014204583859,48071,245.84168627287093,0.6421536796536796,0.987456054585925,0.7691639366743875,0.687205130267831,0.007536473899871774,0.0010367965282233414,0.47225089106642676,0.9934983075958107,HOROZ
5865,47472,879.075,363.3302434030217,167.71524519772026,2.1663519197356806,0.8870853091929741,48044,245.85204426172186,0.6023448205856976,0.9880942469403047,0.7719613097983142,0.6766627571628054,0.007653569333565507,0.0009897667943570153,0.4578724869311698,0.9919129410574902,HOROZ
5866,47473,862.249,351.2467638743755,173.18418492730856,2.028168819351525,0.86999780025755,48078,245.854633690749,0.6000884843888257,0.987416281875286,0.8024004112635315,0.6999484663684465,0.007398874389113296,0.0010954931903678943,0.48992785557154034,0.9936564004019551,HOROZ
5867,47476,874.832,354.5281331074704,171.33714826829765,2.0691842760935484,0.8754646092619738,48173,245.86240181419888,0.6084326541073946,0.9855313142216594,0.7795332859713884,0.6934919371819471,0.0074675232350549835,0.0010654228576497727,0.4809310669363698,0.9951350015896301,HOROZ
5868,47482,877.165,369.2996106278221,165.11136814825974,2.23666979911531,0.8944873468508604,48071,245.877937324834,0.8303081173713847,0.9877472904661855,0.7754901372821107,0.6657952790874406,0.007777675974639276,0.0009427411288994359,0.443283353655123,0.991478489570965,HOROZ
5869,47502,868.421,344.33086031916196,177.14296571821214,1.9438020523315713,0.8575169717379622,48109,245.92971527249344,0.8220899241978471,0.9873828181837079,0.7915186010997997,0.714225019054464,0.007248765532380993,0.0011635473256853275,0.5101173778433495,0.9915672059819025,HOROZ
5870,47512,839.433,312.7322860345718,200.95973196881252,1.5561937855445864,0.7662072846924475,49837,245.95560015876248,0.787927031509121,0.953347914200293,0.8473075957380352,0.7864733228457668,0.006582174735531483,0.0015534066277182305,0.6185402875480618,0.9625685515912553,HOROZ
5871,47542,876.316,338.4535058273738,186.82246590418097,1.8116317231406345,0.8338516781555337,50332,246.03323847764779,0.7063350567540263,0.9445680680282922,0.7779753367589265,0.7269336385693566,0.007119042232707371,0.0012262538857577196,0.5284325148836839,0.9573251075022674,HOROZ
5872,47577,862.8169999999999,342.74643931239615,177.46269337076242,1.931371787513199,0.8555218540199196,48314,246.12378556300655,0.780334590782352,0.9847456223868858,0.8030998246822585,0.7180929028957092,0.007204036389692418,0.0011816209942695421,0.5156574171891865,0.9959261875811183,HOROZ
5873,47601,853.375,345.54266223124057,176.64758834103438,1.9561131033622647,0.8594511480572037,48195,246.1858557450823,0.7111738604275918,0.9876750700280112,0.8213837539810684,0.7124615355898726,0.007259147123615903,0.0011537482402321205,0.5076014396950792,0.9929258274730949,HOROZ
5874,47605,877.296,373.1439466976739,163.59286902770793,2.280930390886867,0.8987713940006813,48131,246.19619925400437,0.6303962074262408,0.989071492385365,0.7772668310428412,0.6597888065258519,0.007838335189532064,0.0009162697890627699,0.43532126921680797,0.9929375127560611,HOROZ
5875,47634,870.581,355.08143664487307,174.08112335245625,2.0397469283671357,0.8715779797767453,48581,246.2711767014458,0.6181096231703519,0.9805067824869805,0.7897843924036451,0.6935625219623872,0.007454369497520113,0.0010639792229582476,0.4810289718708269,0.9811773678291205,HOROZ
5876,47650,843.3919999999999,332.0364935400072,183.7246546557407,1.8072506064151816,0.8329643279959823,48256,246.3125337992984,0.759168976834592,0.987441976127321,0.8418094846095747,0.7418236808045924,0.006968237010283467,0.0013016836456004883,0.5503023734024737,0.9945342980433343,HOROZ
5877,47665,842.141,339.72163506439875,179.34299280034483,1.8942565291223665,0.8492993228856106,48157,246.35129977290867,0.6564070784273222,0.9897834167410761,0.8445781429378646,0.7251563466842773,0.007127276514515866,0.001215709975710212,0.5258517271364879,0.9960980674785652,HOROZ
5878,47667,852.1809999999999,346.3471141047802,176.08197350862585,1.966965199238941,0.8611225697597165,48256,246.35646810849315,0.628421135896219,0.9877942639257294,0.8248291288561481,0.7112993239318953,0.007265972561830621,0.0011473161315425594,0.5059467282259713,0.9951796070892881,HOROZ
5879,47701,856.9530000000001,352.2382779146585,173.657824626537,2.028346713844717,0.8700223060523268,48228,246.44431323001143,0.8252768166089965,0.9890727378286472,0.8162502751887722,0.6996522771148705,0.007384295463714776,0.00109148516175702,0.48951330887202366,0.992902711433823,HOROZ
5880,47706,856.321,348.82498322006694,174.9631018011394,1.993705985028412,0.8651121529750166,48306,246.4572289894043,0.6842512908777969,0.9875791827102224,0.817541257499575,0.7065354858310685,0.0073119729849508855,0.0011239584528023442,0.499192392738544,0.9952428610834887,HOROZ
5881,47728,863.8999999999999,349.65671520796707,174.1742676005686,2.0075107535966787,0.8671027413011868,48248,246.5140502914993,0.7804814233385662,0.9892223511855414,0.8036300206744673,0.7050173486440233,0.007326029064866893,0.0011164714347132137,0.4970494618890484,0.9978321398117072,HOROZ
5882,47751,867.449,350.2488936999073,174.0812385945272,2.0119853036875077,0.8677382126088438,48360,246.57344037963364,0.7825467059980334,0.9874069478908188,0.7974517833758538,0.7039949156581702,0.007334901754935128,0.0011113533281635732,0.49560884127255417,0.9971577050179738,HOROZ
5883,47769,853.234,350.9656259186897,174.07896185504103,2.0161289002340537,0.8683225021729069,48407,246.6199096027204,0.7828416912487709,0.986820088003801,0.8245551484581642,0.7026896407793973,0.007347141994152896,0.0011049748682685917,0.49377273125867854,0.9955094736381246,HOROZ
5884,47772,872.2869999999999,355.9094486271537,171.772620019863,2.071980089644077,0.8758242785763937,48346,246.62765362198985,0.6035476046088538,0.9881272494104993,0.7889772625287215,0.6929505653005406,0.007450168480012428,0.0010596315248707258,0.48018048595033863,0.994924406324719,HOROZ
5885,47775,852.11,341.6923548439595,178.60414074241558,1.9131267249663104,0.8525139162381481,48428,246.63539739810747,0.7940795159896283,0.9865160650863137,0.8268357303541508,0.7218054308260375,0.0071521162709358346,0.0011975534609771667,0.5210030799699616,0.9967449160802935,HOROZ
5886,47791,873.5600000000001,368.7403750466364,165.771130256232,2.224394407377662,0.8932498536523394,48367,246.67669343178363,0.8061229653369317,0.9880910538176856,0.786992335423739,0.668971206097475,0.007715686531912628,0.0009532000111885171,0.4475224745875103,0.9954664896482698,HOROZ
5887,47793,865.333,338.7699924338194,181.10857371994385,1.870535367131069,0.8451012360790201,48460,246.68185494990837,0.6854991394148021,0.9862360709863806,0.802061415044521,0.7281691426612971,0.007088276367539586,0.0012292762445114457,0.5302303003240884,0.9918145294807356,HOROZ
5888,47795,889.1819999999999,376.44599100752777,162.52419742882807,2.3162458080888504,0.9020013991451973,48380,246.68701636003686,0.7697448946724216,0.9879082265398925,0.7596455618483696,0.6553052024801717,0.007876263019301763,0.0008959307375538807,0.42942490839757885,0.9946536439648306,HOROZ
5889,47801,863.3299999999999,358.60602989603467,170.2636530036402,2.1061807588984816,0.8800974681965307,48372,246.70249994251276,0.7918267956533263,0.9881956503762507,0.8059223151605044,0.6879485546130821,0.007502061251773701,0.0010365355903439743,0.4732732137942288,0.9967989365954524,HOROZ
5890,47803,869.3669999999998,362.5282646938748,168.32502875189604,2.1537395085090174,0.8856734315581741,48426,246.7076609207241,0.8184043828111625,0.9871350101185313,0.7948015673831598,0.6805197965158616,0.0075837973494105974,0.001003297051883398,0.4631071934499898,0.9974122592079714,HOROZ
5891,47803,847.4799999999999,342.9915304177657,178.37334566438804,1.9228855586030724,0.8541347535456189,48298,246.7076609207241,0.6184888083840083,0.9897511284111143,0.8363847409422134,0.7192820785406354,0.007175104709281127,0.0011846906603542285,0.5173667085097369,0.9948369722953784,HOROZ
5892,47806,849.3530000000001,347.6649853882975,175.9699974520628,1.9757060318365198,0.8624465352406046,48423,246.71540218561384,0.8106146672318779,0.9872581211407802,0.8327522618758479,0.7096354610173474,0.007272413198935228,0.001137626098256738,0.5035824875333031,0.994930958146786,HOROZ
5893,47855,851.869,342.4300512822302,179.84806003448995,1.9039963579065653,0.8509719809229371,48436,246.84180847923878,0.7810255908081996,0.9880047898257495,0.8286889654756776,0.7208532298930512,0.007155575201801905,0.00119182285089428,0.5196293790472442,0.9893724451672031,HOROZ
5894,47875,872.0300000000001,354.3563628032672,172.9323452514479,2.0491040139889636,0.8728334672118799,48469,246.8933842860029,0.6041619343277554,0.9877447440632157,0.79114447407038,0.6967375506759957,0.0074016994841413514,0.0010759400680805439,0.4854432145219858,0.9947236394407066,HOROZ
5895,47877,885.569,362.5842765620805,169.51011144335757,2.139012672900279,0.8839902093076346,48644,246.89854127411402,0.6788656504785537,0.9842323822054108,0.7671706558665677,0.6809411142014616,0.007573245536731218,0.0010043845612083583,0.46368080100992815,0.9918191095407888,HOROZ
5896,47894,858.5809999999999,346.9975704469929,177.5266606436404,1.954622303990392,0.8592191034659673,48717,246.9423713248617,0.6750387596899224,0.9831065131268346,0.8164478070176954,0.7116544678014812,0.007245115681442203,0.0011463092787057842,0.5064520815418095,0.9899225344839815,HOROZ
5897,47905,865.459,344.60489609343387,177.9479682539788,1.9365486410139372,0.8563579989091036,48616,246.97072780096423,0.6648024535450118,0.9853751851242389,0.8037069269212294,0.7166779421903577,0.007193505815539795,0.0011706215475128503,0.5136272728222058,0.9946641971715374,HOROZ
5898,47929,896.1220000000001,363.04553110503116,169.80658459262784,2.1379944245153424,0.8838724201452277,48814,247.03258517776882,0.6863472333600642,0.981869955340681,0.7500219143879586,0.6804451894115201,0.007574652738530559,0.0010016478941245212,0.4630056557932794,0.9899035106051012,HOROZ
5899,47930,856.1219999999998,344.96074457694965,177.85052494990512,1.9396104941164172,0.8568490087963504,48588,247.03516223233555,0.7096955697701967,0.9864575615378283,0.8217618553571472,0.7161254319974659,0.007197178063362187,0.001167611595458514,0.5128356343535572,0.9947013781490092,HOROZ
5900,47937,853.1419999999999,337.1537578658592,184.1836671306315,1.830530161106708,0.837596220095401,48712,247.053200861615,0.8054743421715899,0.984090162588274,0.8276335168715675,0.7327612256954532,0.007033267786174754,0.0012507970192273366,0.5369390138827029,0.982883059587181,HOROZ
5901,47959,949.132,328.4505389341714,190.11766078315324,1.7276171902241084,0.815446866324987,50202,247.10988512391336,0.6415748073630136,0.955320505159157,0.6690009758027194,0.7523503719183714,0.006848569380808011,0.0013535059914043975,0.5660310821257117,0.977885027681534,HOROZ
5902,47977,871.4699999999999,361.12272454367303,169.52871996342512,2.130156616658129,0.8829595627617005,48578,247.15625348705805,0.719737769843532,0.9876281444275187,0.7938493060919838,0.684410691128267,0.007526996780617234,0.0010187523722231294,0.46841799413067214,0.99780368955918,HOROZ
5903,48009,871.5759999999999,358.6658391062633,171.71807868245273,2.0886900311150183,0.8779409216078532,48629,247.23866466066838,0.8260892009085278,0.9872504061362561,0.7941855816834018,0.689328722458617,0.007470804205591938,0.0010405252327071435,0.47517408760642904,0.9924913798277226,HOROZ
5904,48012,869.0459999999999,358.353908809396,171.50200290043756,2.089502762352181,0.8780424485116504,48670,247.24638929987356,0.6107153760048845,0.9864803780562975,0.7988663562852943,0.6899503067270318,0.00746384047341073,0.0010433099746220943,0.47603142575272533,0.9946689790767667,HOROZ
5905,48016,863.6709999999999,356.24398502447787,173.15881054193895,2.0573252028558824,0.873920977086193,48678,247.25668844341413,0.7467960681846461,0.9864004272977526,0.8089080689060917,0.6940655809990024,0.0074192765958113515,0.0010620460726270915,0.48172703072748285,0.9910691612125806,HOROZ
5906,48017,862.741,363.00841820419595,168.84640196544274,2.1499328027048614,0.8852419576121849,48462,247.2592631622692,0.64565012773968,0.9908175477693864,0.81066983237351,0.6811391988799096,0.007559997880004914,0.0010037947809306974,0.46395060825076506,0.9974626315131926,HOROZ
5907,48044,859.196,342.7250560883126,180.02138429088544,1.9038019146354543,0.8509388712951574,48842,247.3287704397856,0.7386384601193039,0.9836616027189714,0.8178328093177503,0.7216535997182957,0.007133566232793119,0.0011934427479035252,0.5207839179863741,0.9914694201738127,HOROZ
5908,48067,852.256,342.9475375850854,179.0488306203496,1.9153855202342107,0.8528915574479032,48686,247.387964939253,0.6381704726500266,0.9872858727354886,0.831604338933569,0.7213580440940649,0.007134781400650871,0.0011916917991767766,0.5203574277792148,0.9966850825146271,HOROZ
5909,48095,874.205,366.31375557403567,168.40599508388945,2.175182394139596,0.8880579321030475,48787,247.4600086964309,0.8273981557941096,0.9858158935782073,0.7908301548749656,0.6755411308773982,0.007616462326105326,0.0009784536262771718,0.45635581950711407,0.9926571440550217,HOROZ
5910,48096,861.4720000000001,346.1250998947951,177.66469165770212,1.9481929508067781,0.858211530662086,48665,247.46258129984497,0.7088055412276177,0.9883078187609164,0.8143976095197702,0.7149512744815715,0.007196546488165234,0.0011598709642722227,0.5111553248828233,0.995829200704065,HOROZ
5911,48100,854.7779999999999,349.86591955291755,175.7418299597263,1.9907947904781362,0.8646864816660923,48563,247.47287144606642,0.8273703041144902,0.9904659926281325,0.8272718918436307,0.7073363183310455,0.007273719741224897,0.001123156194370454,0.5003246672301181,0.9960437410694263,HOROZ
5912,48148,880.0769999999999,356.7759131930471,173.1598253866633,2.0603850367507115,0.8743220738479278,48911,247.59631984322507,0.5914987714987715,0.9844002371654638,0.7811721891187066,0.6939827232934689,0.007409984073960436,0.0010602094540893645,0.48161202022981947,0.992306200000801,HOROZ
5913,48166,864.0780000000001,358.8214896840641,171.40305255385854,2.0934369857346304,0.878532078894102,48828,247.64259712681468,0.7196473927984461,0.9864422052920455,0.8106708363087027,0.6901554233690395,0.007449684210523276,0.0010425700546273832,0.47631450840569817,0.9971344087384971,HOROZ
5914,48166,866.5219999999999,345.0454140634465,181.61350305042293,1.8998885450034437,0.8502700676757489,49256,247.64259712681468,0.7500155714730613,0.9778707162579178,0.8061043383930936,0.7177101536010517,0.007163671761480017,0.0011724971679233187,0.5151078645820453,0.978647531360613,HOROZ
5915,48176,862.859,336.06774628617944,185.81250978091666,1.8086389699080117,0.8332463272183104,49336,247.66830299245237,0.7366360856269113,0.9764877574185179,0.8131317807003734,0.7369594545426853,0.006975833325435475,0.0012692589588864994,0.5431092376398524,0.9822885321124681,HOROZ
5916,48178,863.1159999999999,359.84077154239503,171.01699832952374,2.1041228360764266,0.8798467937174377,48750,247.6734438454205,0.7957518498942917,0.9882666666666666,0.8126813558469992,0.688286218328766,0.00746898525348489,0.0010339931448072775,0.4737379183413138,0.9968027722972678,HOROZ
5917,48186,863.853,353.62683290211953,175.21326300485856,2.0182652091372426,0.8686221860127523,48932,247.69400619031651,0.6983781903561025,0.9847543529796452,0.8114299783075738,0.7004389462121948,0.00733878788241646,0.0010896455305626617,0.49061471737085,0.9901906151602875,HOROZ
5918,48207,872.2549999999999,361.31206088827724,170.74796717589416,2.1160548313648477,0.8812890914746,48804,247.74797422592175,0.7048631418879401,0.9877673961150726,0.796219911929998,0.6856897431456873,0.007495012361032158,0.0010220278461555608,0.47017042385519864,0.9949063969636512,HOROZ
5919,48216,862.09,355.38468956942427,173.897886181992,2.0436400773583765,0.8721026582236644,48852,247.77109978556942,0.6347718475999895,0.9869810857283223,0.8152594237839834,0.6971912607877482,0.0073706796409786016,0.0010742244593588478,0.48607565411881004,0.9933636873853883,HOROZ
5920,48217,852.6189999999999,333.81969867184137,186.4692433975201,1.790213187920732,0.8294421058003922,49133,247.77366915896314,0.6733277475212959,0.9813567256222905,0.833489315427092,0.742238010952538,0.006923278069391322,0.0012961769774525523,0.5509172649027803,0.9862593530821765,HOROZ
5921,48228,892.189,371.17724790649186,167.7097784156952,2.2132117245213356,0.8921030180109967,48904,247.80193050799147,0.6505868069607447,0.9861769998364142,0.7613693460076494,0.6676107759989064,0.0076963018973727265,0.0009430944957233602,0.4457041482298619,0.9864376465301256,HOROZ
5922,48230,860.795,346.1525086251064,178.6763362279586,1.937315908377921,0.8564812857808414,48932,247.80706858880538,0.6644165863066538,0.9856535600425079,0.8179516909443324,0.7158898532126136,0.007177120228594369,0.0011628262090981614,0.5124982819327775,0.9928710746047226,HOROZ
5923,48233,876.7099999999999,364.1886070787016,169.55307153326726,2.1479328200034744,0.8850142635093834,48680,247.81477551028127,0.828105416773972,0.9908175842235004,0.7885735726475163,0.6804572430150958,0.007550610724580714,0.0009985394054941824,0.4630220595717051,0.9945402781396694,HOROZ
5924,48233,879.325,359.19631768719853,171.88367800608955,2.08976397208857,0.8780750513571468,48857,247.81477551028127,0.7676258076837381,0.9872280328305053,0.7838903129831949,0.6899145768139181,0.007447107119341499,0.0010407553391893205,0.47598212330032774,0.9946902926312445,HOROZ
5925,48234,852.7280000000001,333.6436452307683,184.74570900744723,1.8059615404508198,0.8327018294583713,48884,247.81734443084454,0.8065886287625418,0.9867032157761231,0.8335700379104521,0.7427605709661844,0.006917187984217944,0.001298687638436023,0.5516932657820123,0.9963368201280266,HOROZ
5926,48269,877.25,356.6748722026385,173.22571234392524,2.0590180717195734,0.8741431296537723,48781,247.90723987980175,0.5990567793980763,0.9895041102068428,0.7881908915365736,0.69505103723415,0.007389315548336168,0.0010637773978923524,0.48309594436026776,0.9947032798122248,HOROZ
5927,48282,871.582,361.7297474683384,172.17740005035535,2.100913054573633,0.8794541969759224,48832,247.94062131668363,0.8479749903403703,0.9887368938401049,0.7986906688727592,0.6854305543073574,0.007492020783487395,0.0010200761089948793,0.4698150447780914,0.9870405608093881,HOROZ
5928,48287,869.9409999999999,343.72551523711877,180.00464573683146,1.9095369112842167,0.8519106394454585,49001,247.953459134223,0.6651101928374655,0.9854288687985959,0.8017897302130205,0.7213705359148928,0.007118386216520363,0.001189035741186778,0.5203754500861396,0.9936761296656211,HOROZ
5929,48290,856.955,325.49907037690684,189.9201556251099,1.7138732290185195,0.8121320152961956,49146,247.9611615057104,0.7461141497481536,0.9825825092581288,0.8263252720915027,0.7617876180678103,0.006740506737976949,0.001400257629651259,0.580320375041428,0.9945955550374905,HOROZ
5930,48300,851.044,317.31459464280465,199.6160777262133,1.589624434350537,0.7773410428694604,49648,247.98683434954435,0.7046568627450981,0.9728488559458588,0.8380172653920334,0.7815172656293944,0.006569660344571525,0.0015117395943560759,0.6107692364768454,0.9708937020532148,HOROZ
5931,48324,876.469,358.5532487399021,172.2287514805717,2.081843162988665,0.877080409191563,48993,248.04843833368918,0.6517235798672925,0.9863449880595188,0.7904958960121535,0.6918036280676009,0.007419775861681609,0.001048339355981438,0.47859225980749537,0.996354023939529,HOROZ
5932,48335,869.5789999999998,344.7699023434985,178.9406185187722,1.9267280128873008,0.8547653644369717,48996,248.0766683805111,0.6422231670697032,0.9865091027839007,0.8032551166315867,0.7195427057126039,0.007132924430402368,0.001179434114543083,0.517741705344215,0.9975474471267417,HOROZ
5933,48343,895.913,383.71755534152976,160.726471176,2.387394886069192,0.9080477762541989,48920,248.09719730607998,0.6134120035528486,0.9882052330335241,0.7568534326158177,0.6465620189966544,0.00793739642433299,0.0008556547999707769,0.41804244440903016,0.9980323939419831,HOROZ
5934,48377,867.509,356.93192164061827,173.26972074738777,2.0599786281239183,0.8742689134739571,48946,248.18442629555335,0.6064104492579222,0.9883749438156335,0.8077943641241787,0.6953270672871932,0.007378132617578979,0.001063855792530259,0.483479730502209,0.9959579119656623,HOROZ
5935,48382,870.4649999999999,354.0441969995883,175.26878375571917,2.020007153658562,0.8688657683766114,49171,248.19725150246254,0.7816533919252953,0.9839539566004352,0.8024002477533027,0.7010346550115921,0.007317684200727301,0.0010902130488718688,0.491449587527222,0.9927316824675382,HOROZ
5936,48388,866.233,349.8009530297003,177.54102532752663,1.9702542124243654,0.8616230606688037,48990,248.21264087601392,0.6218258455844556,0.98771177791386,0.8103601699102883,0.7095825175037163,0.007229084753031749,0.0011305107772062752,0.5035073491469118,0.9920374756433287,HOROZ
5937,48396,859.9050000000001,351.8895493053758,177.2036478829665,1.9857917910232863,0.863950076559476,48870,248.23315855663387,0.8179697799411825,0.9903007980356047,0.8224668143688904,0.7054291866486005,0.007271046146486813,0.0011106836045493248,0.4976303373757061,0.9881902389248257,HOROZ
5938,48396,861.023,341.81548863384484,181.4293033053107,1.8840147782446972,0.8475087647484137,48942,248.23315855663387,0.7044131346064276,0.9888439377222018,0.8203323280149724,0.7262197495753124,0.00706288719385579,0.0012118092247915455,0.5273951246732297,0.9936202088585692,HOROZ
5940,48401,887.573,366.9005056895202,172.5478749350628,2.1263693095472815,0.8825144971866858,49563,248.24598124587357,0.6934240687679083,0.9765550914997074,0.7720688551247332,0.676602995625046,0.0075804323400243834,0.0009799623795399867,0.4577916136887859,0.9734340375159597,HOROZ
5941,48404,864.977,355.68653389180383,174.15914872687154,2.0423074899706597,0.8719234390682105,49075,248.25367454150765,0.7902951933124347,0.9863270504330107,0.812983997354576,0.6979563488816921,0.007348288031811499,0.0010756698161516875,0.48714306494426246,0.9948959302229308,HOROZ
5942,48416,870.972,358.1162752374881,173.27009194625623,2.066809518105215,0.8751578430689602,49103,248.28444534021384,0.6197644649257552,0.9860090014866709,0.8020295750303162,0.6933067903031264,0.0073966514217921366,0.0010541847517717875,0.4806743054804233,0.9934622296755524,HOROZ
5943,48421,892.167,351.7582399615572,175.89472482660497,1.9998225660736357,0.8659997896158439,49144,248.2972653808763,0.7996862097440132,0.9852881328341201,0.7644539126726049,0.7058747661689805,0.007264580243315033,0.001112502294875766,0.49825918551411286,0.9964299629445927,HOROZ
5944,48423,858.834,351.44477988996863,176.19369191313254,1.9946501834086026,0.8652497675803377,49003,248.3023932118069,0.7314763062886146,0.9881639899597984,0.8249793879333771,0.7065189395885924,0.007257806825061822,0.0011155278088649128,0.4991690119973892,0.9956675613324832,HOROZ
5945,48429,864.145,355.5471430650199,173.81989215900526,2.045491679052337,0.872351037279223,48948,248.31777606925203,0.675382813153711,0.9893969110075999,0.8149709392006258,0.6984102696722878,0.007341616450164568,0.001077491670618671,0.4877769047837177,0.9977435999689989,HOROZ
5946,48436,834.9609999999999,326.2953345412175,189.4371574332099,1.722446319203559,0.8142106113965129,49032,248.3357215319462,0.7024596820976912,0.9878446728666993,0.8730633416251737,0.7610765317288853,0.006736628428053876,0.0013942340279459123,0.5792374871484691,0.9977054776835995,HOROZ
5947,48452,876.448,362.6321292533699,170.92500729104293,2.121586156412427,0.8819486711777038,49090,248.37673486361018,0.6097582461836625,0.9870034630270931,0.7926277334525684,0.6849275473053028,0.007484358318611614,0.0010160448257283588,0.4691257450576577,0.9952906863309923,HOROZ
5948,48480,884.3309999999999,363.9755183728197,170.005575688728,2.1409622413751968,0.8842152195389855,49042,248.44849190276983,0.701115015835828,0.9885404347294156,0.7790095404219013,0.6825967114861949,0.007507745841023508,0.0010054166927716125,0.4659382705317676,0.997556244020176,HOROZ
5949,48487,926.765,376.12311596516463,165.3173306080865,2.27515841552529,0.8982279918229077,49454,248.46642792452633,0.586441702951137,0.9804464755125976,0.7094077526362268,0.6605986640489774,0.007757195041251565,0.0009112451674576846,0.43639059494329363,0.9928577345413225,HOROZ
5950,48492,875.858,351.4417653042514,176.1853442545741,1.994727579590533,0.8652610382498858,49121,248.4792385759774,0.617543680912842,0.9871948860975958,0.7943512042130538,0.7070281995677522,0.0072474174153314246,0.0011171461194299731,0.4998888749840173,0.9971421256611034,HOROZ
5951,48519,896.274,360.7446402631263,174.13883455736044,2.071592136125724,0.8757744658491629,50026,248.54840468408835,0.6206539258577021,0.9698756646543797,0.7589970867721191,0.6889871031841186,0.0074351210920077975,0.0010335040416294557,0.4747032283540434,0.9833914748517298,HOROZ
5952,48545,890.521,360.9889612288507,171.89477461818706,2.1000577942562826,0.8793492543256921,49372,248.6149908979112,0.6011169172094406,0.9832496151664911,0.7692474031209133,0.6887052447576105,0.007436171824675058,0.001031959706420161,0.47431491415664023,0.9960887324066517,HOROZ
5953,48563,875.4140000000001,352.9331426102426,176.5345294872779,1.9992300862346424,0.8659142049635947,49298,248.66107860092157,0.6804971694411748,0.9850906730496166,0.7963214168715693,0.7045557602265973,0.007267531713655306,0.0011046588543164218,0.49639881926847856,0.9924154542528951,HOROZ
5954,48566,890.032,366.7458829452612,169.20214673257445,2.167501358744026,0.8872126468369604,49318,248.66875905430481,0.6056819315574179,0.9847520175189586,0.7704260459543918,0.6780410377269864,0.007551494521790166,0.000984547319090969,0.4597396488418887,0.9964863135332954,HOROZ
5955,48604,862.3620000000001,346.63567057910143,179.08022292602763,1.935644622925702,0.8562125275121457,49119,248.7660242724232,0.6234159355600021,0.9895152588611331,0.8213015719906349,0.7176584679148172,0.007131834223090721,0.0011669500227429203,0.5150336765698427,0.9969221666780712,HOROZ
5956,48609,868.202,340.99867048672695,182.5553282349258,1.8679195714731724,0.8446271787509795,49294,248.77881949641838,0.7677327647476901,0.986103785450562,0.8103730449129807,0.7295594998693752,0.007015134450137361,0.001225910118083898,0.5322570638496529,0.9942133866196126,HOROZ
5957,48618,888.6619999999998,373.8354779202597,166.3130426631213,2.2477820857230637,0.8955887065006825,49190,248.80184924138754,0.7832390894591852,0.9883716202480178,0.7736307682413176,0.6655383556037391,0.007689240156326046,0.0009305839232580204,0.44294130277972915,0.9956355254151105,HOROZ
5958,48623,896.5989999999999,360.6307342402396,173.7178725292888,2.0759564286019985,0.8763330641313223,49603,248.81464262309365,0.5910245657538077,0.9802431304558192,0.7600726661983255,0.6899429776757242,0.007416875434264434,0.0010367010602111886,0.47602131244404494,0.9881995037197755,HOROZ
5960,48633,863.612,350.3032667084278,178.15640786803988,1.9662681286653287,0.8610161359762813,49198,248.84022741330463,0.7476938687657586,0.9885157933249319,0.8194143928188179,0.7103565711832909,0.007202995223581268,0.0011313539529647836,0.5046064582232819,0.9921915963231317,HOROZ
5961,48641,861.054,343.0666474690053,182.6998014693966,1.8777614683203212,0.8463991718866842,49333,248.86069335164814,0.7966620807127882,0.9859728781951229,0.8244258141094296,0.7254004292974346,0.007053034425053048,0.0012046669603378837,0.5262057828249025,0.9880889433959331,HOROZ
5962,48650,890.44,372.9335252367727,167.2397493741605,2.2299335333397305,0.8938110006733769,49301,248.88371552065368,0.5869224273133068,0.9867953996876331,0.7710515005400584,0.6673675029957129,0.0076656428620097165,0.0009379691730036564,0.4453793840547328,0.9931664235618431,HOROZ
5963,48686,874.5009999999999,351.8705180522029,176.9531072226595,1.9884958426270831,0.864348861372729,49362,248.97578290865184,0.6481614612455734,0.9863052550544954,0.8000061726283777,0.7075778450745743,0.00722734498731058,0.0011175203838728399,0.5006664068403784,0.9955730685451323,HOROZ
5964,48701,900.3459999999999,380.85046054787205,163.67063615593878,2.3269321210740155,0.9029477267933629,49472,249.01413427383426,0.7998850291533218,0.9844154269081501,0.7549685561621146,0.6538370307222819,0.007820177420337818,0.0008816057692645824,0.42750286274373034,0.9947701431694821,HOROZ
5965,48733,863.324,353.4646148855749,177.24239124442235,1.994244223426985,0.8651906265411099,49160,249.09593078486586,0.6942813995896968,0.9913140764849471,0.8216472061258322,0.704726641068454,0.007253085483872836,0.001103532980742423,0.4966396386316256,0.9904207304659847,HOROZ
5966,48744,866.0229999999999,332.2931056558615,188.05840749537325,1.7669675612032225,0.8244455062889884,49426,249.1240421327712,0.8176328502415459,0.9862015943025938,0.8167180928112243,0.7497117391017311,0.006817107862626405,0.0013284865839506008,0.5620676917469423,0.9931553785172191,HOROZ
5967,48745,869.3009999999999,359.0541560656649,174.44566718037788,2.058257805247755,0.8740434358494924,49367,249.1265975525606,0.8167180483881777,0.9874004902060081,0.8105868991482712,0.6938412864576328,0.007365968941751255,0.0010530529292256893,0.48141573079318295,0.9908776854741207,HOROZ
5968,48746,865.973,345.3820687868911,181.06086702396044,1.9075467518952367,0.8515745346696132,49435,249.12915294613805,0.6674060078315397,0.9860625063214322,0.8168459221004601,0.7213146699282081,0.007085341746746218,0.0011831495000558748,0.5202948530536399,0.9924867569702801,HOROZ
5969,48761,883.692,368.37329661948877,169.43017112308706,2.1741894857196016,0.8879492132440283,49263,249.16748070490914,0.7188707061772077,0.9898097963989201,0.7846583865340738,0.6763994105747755,0.007554670671632837,0.0009754571168664418,0.4575161626259037,0.9947268303280193,HOROZ
5970,48761,878.828,363.7837934689624,171.3952952552662,2.1224841261083855,0.8820552165183899,49402,249.16748070490914,0.6058922935460623,0.9870248168090361,0.7933680318644375,0.6849328782046685,0.007460548255141659,0.0010128440041170805,0.4691330476457313,0.9957274466609137,HOROZ
5971,48762,873.6199999999999,347.8634023277225,181.53332055886693,1.9162509739633098,0.8530358521647529,49613,249.17003567920443,0.6132427843803056,0.9828472376191724,0.8028718634559365,0.7162870080953818,0.0071339034971437286,0.0011583913054318497,0.5130670779662335,0.9831652878613045,HOROZ
5972,48767,864.4739999999999,349.03720667183876,179.01706651691003,1.9497426332749594,0.8584554087733369,49323,249.1828101577227,0.6166325266165946,0.9887273685704439,0.8200343261756422,0.7139147500455499,0.007157241714106645,0.001146861217653836,0.5096742703326,0.9937336539507772,HOROZ
5973,48773,882.996,371.1083603238929,168.29703767404155,2.2050795750942283,0.8912571040606584,49313,249.1981386675432,0.8233814467797754,0.9890495406890678,0.7860892572501031,0.6714969677590936,0.007608889351155207,0.0009542831487950567,0.4509081777096572,0.9942884129105237,HOROZ
5974,48788,864.7149999999999,356.6781639932045,175.20747132384193,2.0357474558487527,0.8710355024774964,49393,249.2364558176414,0.763720609874456,0.9877513007916101,0.8199302208960354,0.6987712761199194,0.007310776502279342,0.0010751856213054253,0.4882812963302607,0.994017406742859,HOROZ
5975,48797,879.9110000000001,368.4560318607411,169.1747737353776,2.1779608373354664,0.8883612985337201,49261,249.25944328037352,0.8001606978879706,0.9905807839873327,0.7920005676192663,0.6764971169601635,0.007550792709812922,0.0009755198501484303,0.4576483492554131,0.9967401819495135,HOROZ
5976,48841,880.9749999999999,347.35057690005897,179.52770297995065,1.9348021009261758,0.8560767459327515,49511,249.37179592810827,0.6268900012835322,0.9864676536527236,0.790801059919727,0.7179253829189939,0.007111864558466431,0.00116541465184511,0.5154168554393841,0.9972296147568832,HOROZ
5977,48842,874.559,349.78820216038986,178.4917690488319,1.9596881358977094,0.8600051963650421,49513,249.37434880908424,0.6186838938501489,0.986448003554622,0.8024631097307917,0.7129295592843854,0.00716162733222206,0.0011412425814346077,0.508268556501428,0.9960478600257031,HOROZ
5978,48859,863.9019999999999,352.65010910873264,177.4103631301048,1.9877649923421603,0.8642412565317209,49441,249.41774378783742,0.8025987252776136,0.988228393438644,0.8226696567917514,0.707266883932636,0.007217710331949746,0.0011140700686678357,0.5002264451077808,0.994332615829014,HOROZ
5979,48864,871.1360000000001,357.7541309719288,174.65845494871542,2.0483069718953795,0.8727272639812909,49592,249.43050558008935,0.625571302377386,0.9853202129375705,0.8091461209034106,0.6972120906122001,0.007321425404631811,0.0010671735278320919,0.48610469929583483,0.9956916446387655,HOROZ
5980,48877,869.699,351.71302307740456,177.7134330440892,1.9791020692855985,0.8629556626772322,49474,249.4636831845881,0.7346500127759992,0.9879330557464527,0.812038208267615,0.7092819054632686,0.007195879924655862,0.0011234123482965531,0.5030808214176052,0.9956482946854811,HOROZ
5981,48884,887.627,373.13194157788195,167.4730844346836,2.2280114015778314,0.8936167910733173,49392,249.4815462210255,0.6000319139795505,0.9897149335924846,0.7796785583785768,0.6686148207147055,0.007633007560303616,0.0009409779604702778,0.4470457784793579,0.9960230914792468,HOROZ
5982,48885,897.492,363.8021624951195,171.94224373309314,2.115839334165323,0.8812632798588403,49642,249.48409797896625,0.5990808823529412,0.9847508158414247,0.762648308518834,0.6857685954033139,0.007441999846478868,0.0010152658792214908,0.470278566441434,0.9950338888916663,HOROZ
5983,48918,873.66,356.6948346377816,175.3600489391278,2.0340712539467867,0.8708070939257074,49448,249.5682913539993,0.6153207547169811,0.9892816696327456,0.8053666696321534,0.699668924579276,0.007291688839236714,0.0010778994041365229,0.48953660402192056,0.9957523339957195,HOROZ
5984,48922,869.4409999999999,353.32578554977516,177.90197477315664,1.9860700590890121,0.8639911983460105,49410,249.57849468160038,0.6344278452121589,0.9901234567901235,0.8132682819287811,0.706369319446233,0.007222226923465418,0.0011091191495738405,0.4989576154549345,0.9909647808094946,HOROZ
5985,48924,872.8329999999999,364.51090080163397,171.26642041417153,2.128326731650849,0.8827448484071783,49469,249.58359618897853,0.76384074941452,0.9889829994542036,0.8069925142882575,0.6847081819503702,0.007450553936751573,0.00101016053124787,0.4688252944297813,0.9978134066089835,HOROZ
5986,48955,897.999,356.744210057867,176.2208933047168,2.02441494517335,0.8694790171885536,49899,249.66265622337252,0.6909668313338038,0.9810817852061163,0.762878214337309,0.6998366033267227,0.007287186396851537,0.001078266853848445,0.48977127135588466,0.991500281449405,HOROZ
5987,48959,885.222,358.52531227551674,174.56401161802964,2.0538329117918077,0.8734607727498264,49648,249.67285569458454,0.7095507246376812,0.9861223009990332,0.7851235516818076,0.6963883640737697,0.007322970491135782,0.0010623633271548475,0.48495675361734125,0.9960201413750062,HOROZ
5988,48960,875.826,341.21629016555596,188.7558858930421,1.8077120538583102,0.8330581381696571,51176,249.67540549728474,0.7873787812997539,0.9566984523995623,0.8020761560270061,0.731721821886475,0.006969286972335701,0.0012324012740084279,0.5354168246248624,0.9678794477129048,HOROZ
5989,48973,871.9409999999999,362.00823611102595,172.78358382743914,2.0951541118198334,0.8787448331298415,49545,249.70855056308167,0.7838815526210484,0.9884549399535776,0.8094543742327458,0.6897869320478593,0.007391996326772425,0.0010322891315333008,0.4758060116239982,0.9968869216826151,HOROZ
5990,48991,868.685,352.64329649418397,177.5916364425016,1.985697657605393,0.8639361613923698,49643,249.75443646934553,0.6524564838121113,0.9868662248453961,0.8158334794460859,0.7082353158341255,0.0071981240736907585,0.0011171446408411556,0.5015972625946634,0.9960205093955005,HOROZ
5991,48992,883.881,366.7142971121415,170.93237649449992,2.1453764619246445,0.8847222137525212,49645,249.75698543917665,0.8120265857822418,0.9868466109376574,0.7880385011767919,0.6810669434107195,0.007485187318585514,0.0009934400001137963,0.4638521814068202,0.9951375518025922,HOROZ
5992,48997,877.2819999999998,355.21044605366046,176.28419220596646,2.014987513109744,0.8681619537289511,49611,249.76972989813788,0.7863424811426737,0.9876237124831186,0.8000201331798972,0.7031598667016847,0.00724963663190931,0.0010932319172901332,0.4944337981399312,0.9962779293113851,HOROZ
5993,49010,875.3299999999999,353.29474362205195,177.31467698416432,1.9924732099509401,0.8649321514302569,49635,249.80286244851223,0.7834079283887468,0.9874080789765287,0.8038054382168303,0.7070664564309131,0.007208625660519321,0.00111140711975524,0.49994297380976843,0.996122981819168,HOROZ
5994,49022,880.2210000000001,363.49379003799254,172.40667514496724,2.1083510237196483,0.8803609551833999,49606,249.83344244117347,0.599833590289504,0.9882272305769464,0.795092100207548,0.6873114459948841,0.007414911469095356,0.001020704521099766,0.47239702379557863,0.9959787487215233,HOROZ
5995,49035,872.7439999999999,344.8079747676863,184.59938975119846,1.8678716935761037,0.8446184808505665,50287,249.86656654320262,0.6924087096500889,0.9751029093006145,0.808988410703569,0.7246542563626892,0.007031874676612344,0.0011961186845906532,0.5251237912645621,0.980863865326442,HOROZ
5996,49099,888.0269999999999,367.92319786839477,171.15977222943692,2.149589200055721,0.88520288849819,49674,250.02957506453464,0.581852009859689,0.9884245279220518,0.7824023928461925,0.6795700203550895,0.007493496769147941,0.00098582796344158,0.46181541256541664,0.9927134232698969,HOROZ
5997,49102,869.585,351.23849348947533,179.34333512458304,1.958469732067173,0.8598167524822321,49660,250.0372134814855,0.6196930688071078,0.9887635924285139,0.8159902443225916,0.7118730381668082,0.007153242097867202,0.001133164250450605,0.5067632224688421,0.9924804325300504,HOROZ
5998,49106,891.917,369.02604171043777,170.85773627075596,2.159843913217059,0.8863601496493301,49927,250.0473976744507,0.7619357941938587,0.983555991747952,0.7757031233759316,0.6775874041720189,0.007514887014019422,0.0009771551266540637,0.459124690292575,0.9916376677360853,HOROZ
5999,49158,884.74,368.01084091812544,170.96001255106222,2.152613558145407,0.8855460701062458,50011,250.17975445685272,0.6231997971602434,0.9829437523744776,0.7891739553343594,0.6798162625663312,0.007486285872454645,0.0009863075739443403,0.46215015084965516,0.9948306806179125,HOROZ
6000,49182,865.13,352.5693884832879,178.61017961612802,1.9739602145915531,0.86218366480245,49791,250.24081859114187,0.6554978008796482,0.9877688738928722,0.8257589794588603,0.7097633168541616,0.007168667164476596,0.0011222054624380109,0.5037639659518209,0.9944100263337483,HOROZ
6001,49204,897.1529999999999,365.46964261807136,172.4948702611846,2.118727600795852,0.881608510977011,49971,250.29678096042096,0.606244301520416,0.9846510976366293,0.7682052067829778,0.6848633970455104,0.007427640895416457,0.0010079673952532503,0.46903787261271634,0.9937634865231307,HOROZ
6002,49226,892.285,360.82268574456134,175.57969306012274,2.0550365446931664,0.8736196765098724,49991,250.3527308202032,0.6920081535109299,0.9846972455041908,0.7769574349422055,0.6938386656692546,0.0073299208902726475,0.0010478835987465288,0.48141209397769164,0.9893194461814171,HOROZ
6003,49241,884.8199999999999,367.9592518557647,171.0191744026905,2.1515672329779174,0.8854275196837715,49773,250.39087128388715,0.6593334493793769,0.9893114740923794,0.79036348382627,0.6804853255382668,0.007472619399601241,0.0009883884975405485,0.46306027827292107,0.9963053216256531,HOROZ
6004,49253,869.3769999999998,355.0271231352479,176.96776387637135,2.0061683289577403,0.8669111704267303,49835,250.42137947236247,0.7819425922397917,0.9883214608207084,0.8188913047770826,0.7053584449010231,0.007208233470758084,0.0011006470874543837,0.49753053579318957,0.9981300035976723,HOROZ
6005,49263,897.95,372.1063543733354,169.2170240927957,2.1989888805116835,0.8906168544798776,49987,250.44680012387522,0.7477232712039342,0.9855162342208974,0.7677616413747541,0.6730516616563909,0.00755346516398383,0.0009561358374394691,0.4529985392584289,0.9961387507173207,HOROZ
6006,49269,895.218,364.3993881482872,172.88337162215734,2.107775807060813,0.8802912063595245,49821,250.4620512763495,0.6097044847044847,0.9889203347985789,0.7725489379703151,0.6873284078469075,0.007396119023083221,0.0010182181409698027,0.472420340233365,0.9957561639073247,HOROZ
6007,49283,876.1879999999999,351.07680048013015,179.28464593103254,1.9582089623847814,0.8597763695780549,49825,250.4976336877916,0.6259271489534648,0.9891219267436027,0.8067006352127408,0.7135123521269785,0.00712368972019013,0.0011389135014058121,0.5090998766377733,0.9969239411810744,HOROZ
6008,49286,891.7239999999999,371.8962781615925,170.12014350085786,2.1860802048977646,0.8892406129714305,50023,250.5052578326795,0.6680130116562755,0.98526677728245,0.7788835394837255,0.6735890422754717,0.007545677842827425,0.000958204213992511,0.45372219787358714,0.9918731152941556,HOROZ
6009,49304,897.953,362.0029881480687,174.94789498529175,2.069204594765219,0.8754672289656108,50009,250.55099783002754,0.6864079967701068,0.9859025375432422,0.7683954901923815,0.6921241150847783,0.007342264078940222,0.0010393113938863658,0.4790357906818874,0.9912230591359512,HOROZ
6010,49321,874.398,351.67813917418846,179.67524132563042,1.9572988274819256,0.85963528431375,49963,250.5941890505104,0.7112408969644531,0.9871504913636091,0.810631407650879,0.7125668648013105,0.00713039352758842,0.0011339548298663483,0.5077515368127692,0.9938214876557789,HOROZ
6011,49386,856.83,344.49569016939165,183.15729036162216,1.880873480325168,0.8469529351311025,49901,250.7592633509094,0.8007977817774967,0.9896795655397688,0.8453263138926645,0.727902468758343,0.006975573850269138,0.0012079597763531961,0.5298420040244906,0.9965657741320052,HOROZ
6012,49387,893.018,364.8307482098277,174.0505503744032,2.096119474629835,0.878864190787567,50004,250.76180210677117,0.7151731927710844,0.9876609871210303,0.778219456140941,0.6873373566707945,0.007387181813226713,0.0010170407266340924,0.4724326418751952,0.9902752610854191,HOROZ
6013,49389,869.202,358.4586958807435,176.7220517187355,2.028375589772201,0.8700262831724654,50103,250.76687954138788,0.8203607733705401,0.9857493563259685,0.8214831562173289,0.6995698037824032,0.00725786502826021,0.0010722915202995393,0.48939791036415026,0.9926827750681659,HOROZ
6014,49391,881.8059999999999,366.8439924344643,172.08588990668522,2.1317493992876932,0.8831459638141267,50001,250.77195687320065,0.770770911360799,0.9878002439951201,0.7981997440577497,0.6835929224546328,0.007427344909689302,0.0010004688823834651,0.4672992836300657,0.9961649671659618,HOROZ
6015,49392,883.3770000000001,361.2987547959572,175.7403321090703,2.0558670309768345,0.8737291379107465,50089,250.77449550055755,0.6372339053025416,0.9860847691109824,0.7953793308566656,0.6940917790934041,0.0073149245787973195,0.001047266515053132,0.481763397805047,0.9904414862787737,HOROZ
6016,49416,888.3989999999999,370.566434396672,171.1617601988925,2.1650071485948046,0.8869360513923658,50013,250.83541484932468,0.5954308849045691,0.9880631035930658,0.7867945270470176,0.6768972890318999,0.007498916027130322,0.0009711120702811445,0.45818993989873547,0.9919844952949863,HOROZ
6017,49417,889.713,369.5672343138439,171.40160978802027,2.1561479776701256,0.8859451338633564,49965,250.83795283444957,0.7169365134633241,0.9890323226258381,0.7844881146705547,0.6787342857928604,0.007478544515325575,0.0009790299937858364,0.46068023071074427,0.9932947477995783,HOROZ
6018,49421,867.5209999999998,344.4473359435852,184.2552715767259,1.869402883271937,0.8448962743748991,50025,250.84810451816548,0.6502592037051657,0.9879260369815093,0.825204143152587,0.7282625770090156,0.006969655327564906,0.0012093250205592431,0.5303663810718124,0.9914684419661489,HOROZ
6019,49426,893.226,361.0223466195185,175.09760482610187,2.0618348662054387,0.8745114368258635,49964,250.8607935451057,0.6014871064704952,0.989232247217997,0.778471319388002,0.6948622319201972,0.007304300299832446,0.0010503963658902709,0.482833521349118,0.9955229888903596,HOROZ
6020,49434,888.0609999999999,366.9251070225222,172.06971284409406,2.1324212202003228,0.8832244490595541,49997,250.8810946532999,0.595877531340405,0.9887393243594615,0.7876803677143649,0.683739242291481,0.007422525124863903,0.001000675955366727,0.46749935144932864,0.9969055374604369,HOROZ
6021,49450,886.617,361.2951222657979,175.23465030384514,2.061779001124129,0.874504148416385,50056,250.92169194223484,0.6155703829109197,0.9878935592136807,0.7905039630634876,0.6945061709347866,0.007306271431057591,0.001048527924039842,0.4823388214664989,0.9944760535265877,HOROZ
6022,49466,869.5989999999999,361.50447858106173,175.00481980705345,2.065682985072229,0.8750119120615689,49943,250.96228266388866,0.819285489507594,0.9904491119876659,0.8220128258138325,0.6942162477459164,0.007308140512292519,0.001047045964044248,0.48193619863441955,0.9955274054095106,HOROZ
6023,49468,884.88,375.0361608078145,168.52727220260837,2.22537370899195,0.8933493935543391,49944,250.96735604249218,0.8281935375858028,0.9904693256447221,0.7938993703536427,0.6691817543724783,0.0075813891972146535,0.0009377885361626673,0.4478042203850278,0.9965317388204779,HOROZ
6024,49468,884.308,352.356274371066,179.97096829475197,1.957850633964394,0.8597208492670935,50140,250.96735604249218,0.6419746677740864,0.9865975269246111,0.7949267438632229,0.7122545397849188,0.007122913284771286,0.0011307805351734271,0.5073065294442265,0.9932304102866553,HOROZ
6025,49470,863.893,338.2378071783871,187.69623250604334,1.8020489951363123,0.8319011359093764,50100,250.9724293185379,0.8261798991282274,0.9874251497005988,0.8329748028988454,0.7419999302034699,0.006837230789941117,0.0012784256044289309,0.5505638964219541,0.9921431163055152,HOROZ
6026,49482,873.311,357.0094308568737,177.61393553426308,2.010030518061483,0.8674611750734648,50075,251.0028668214475,0.6375396191408766,0.9881577633549675,0.8153033899119687,0.7030706898106437,0.007214935347335873,0.0010874471986683193,0.4943083948708145,0.9935749590243235,HOROZ
6027,49491,873.331,352.2892903698504,180.18439099691327,1.9551598694022583,0.8593028445439398,49949,251.02569252665737,0.7266120507399577,0.9908306472602054,0.8154143322118464,0.7125555598443496,0.007118249588204934,0.0011319517279325003,0.5077354258650946,0.9927039289252982,HOROZ
6028,49498,876.898,362.73772725949516,174.9620049887751,2.0732371424456812,0.8759854710497084,50137,251.04344441809485,0.6838251547303271,0.9872549215150488,0.8089084203577508,0.6920797743172259,0.007328330988312561,0.0010370733365039867,0.47897441401898244,0.9930275454253098,HOROZ
6029,49513,866.9190000000001,352.20087017359066,180.34960754838102,1.95287849505915,0.8589469231591297,50023,251.08147995914018,0.8278658373461745,0.9898046898426723,0.8278889049929536,0.7128928438915799,0.007113300954771286,0.0011333080332516412,0.5082162068718246,0.9924845012405186,HOROZ
6030,49518,864.968,347.11347165814465,182.34242805096432,1.9036352393044103,0.8509104808654178,50133,251.0941571924679,0.8070209749181049,0.9877326312010053,0.831711828389835,0.7233777357963175,0.007009844332528468,0.0011839917817489094,0.523275348645807,0.9961253935414595,HOROZ
6031,49521,893.459,372.4432141718905,170.58109507187322,2.183379195771747,0.8889492830426166,50160,251.10176322525095,0.6065182245737801,0.9872607655502392,0.7795608386844198,0.6742014719842959,0.007520914645744037,0.0009585377210016381,0.45454762482579136,0.9924498275320942,HOROZ
6032,49531,885.953,370.3006484050798,171.13707482438986,2.163766377245019,0.8867980674032501,50060,251.1271150040898,0.6510212665282196,0.9894326807830603,0.7929861352228594,0.6781708757079369,0.007476139153360114,0.0009754694636505303,0.45991573665846996,0.9951502073474717,HOROZ
6033,49543,872.8349999999999,358.25763399069257,176.72677195327057,2.0271837143351528,0.8698619681379096,50101,251.15753376081346,0.7526586047642198,0.9888624977545358,0.8171990620705208,0.7010528455824572,0.007231246270728308,0.0010774470610651634,0.4914750922992607,0.9963103031104275,HOROZ
6034,49561,873.189,354.13360961982596,179.55810237219717,1.9722507920347687,0.8619255196940594,50090,251.20315498938186,0.7353700516351118,0.9894390097823917,0.8168332588914994,0.7093457050265765,0.00714540888238385,0.0011159342889914452,0.5031713292396508,0.9923800526220888,HOROZ
6035,49564,865.194,330.4906274591785,191.599075089123,1.7249072173519082,0.8148005849223677,50308,251.2107577219845,0.7091918498168498,0.9852110996263019,0.8320495964843562,0.7601146200523146,0.006667957135404295,0.001373058071270788,0.5777742356172747,0.9966069490162189,HOROZ
6036,49573,880.556,350.3127351824745,181.41934819934096,1.930955758905913,0.8554543309905428,50084,251.23356453936685,0.6170247193248861,0.9897971408034502,0.8034171619350159,0.7171693726992303,0.007066603497518297,0.001153127751987438,0.5143319091378077,0.9931521619387226,HOROZ
6037,49574,888.8509999999999,362.94795765969053,174.20022931856278,2.083510217405981,0.8772907835744091,50172,251.23609850238668,0.6167147691082803,0.9880810013553376,0.788507622025514,0.6922097044501134,0.007321336943956319,0.0010368618408669239,0.4791542749349135,0.998322827540647,HOROZ
6038,49605,922.8969999999999,377.1350827996319,169.75289019791992,2.221671055850177,0.8929722910287637,50498,251.31463868343948,0.577816864494636,0.982316131331934,0.7318614124254543,0.6663783088484516,0.007602763487544238,0.0009247719557533089,0.4440600505037224,0.986555361263488,HOROZ
6039,49606,861.2629999999998,349.7413317297837,181.22511958599475,1.9298722634520036,0.8552782454686596,50112,251.31717182901068,0.817259217766648,0.9899026181353767,0.8403737774183219,0.7185801305954388,0.007050383657819291,0.001159560280795147,0.516357404086558,0.9965038321747265,HOROZ
6040,49613,870.384,329.67357513656935,196.45138327185458,1.6781433128437604,0.8030611229157097,51012,251.33490313314152,0.6428053173019616,0.9725750803732455,0.8229691489917722,0.7623750342411413,0.0066449030523566275,0.001384659772930358,0.5812156928341814,0.9753632282495345,HOROZ
6041,49640,880.815,344.1826432654886,184.78918379922587,1.8625692055626173,0.8436504720462423,50388,251.40328359162987,0.6711100896345668,0.9851551956815114,0.8040299621156108,0.7304356814928274,0.006933574602447393,0.0012174885235654734,0.5335362847978913,0.9937482541148388,HOROZ
6042,49667,905.454,371.17869058287016,171.10452432822575,2.1693096196033186,0.8874125239635356,50274,251.47164545602615,0.6552115351635159,0.987926164617894,0.7612810321001897,0.6774948342566073,0.0074733462980020975,0.0009712226952838561,0.4589992504443879,0.9957114893797235,HOROZ
6043,49718,891.9749999999999,372.26849190227983,171.27371527312067,2.1735296119935508,0.8878768703334576,50426,251.60072274368136,0.6619005777884283,0.9859596240034902,0.7852684508622045,0.6758582265665566,0.00748759990149,0.0009637065489220589,0.4567843424176909,0.9928342945398528,HOROZ
6044,49730,883.827,365.6410471723916,174.01841932590992,2.101162903264865,0.8794848275110698,50401,251.63108424771298,0.6747259307500272,0.9866867720878554,0.8000070126194944,0.6881915643597709,0.007352524576159091,0.0010173107342985647,0.47360762925594885,0.9951267812958194,HOROZ
6045,49730,879.912,365.82569020324274,173.56919394958615,2.1076648561812084,0.880277745625202,50263,251.63108424771298,0.7893650793650794,0.9893957782066332,0.8071418059458683,0.6878442137508539,0.007356237486491911,0.0010157711113288118,0.4731296623905306,0.9971987618374013,HOROZ
6047,49734,880.74,357.08284629372736,177.80512750788333,2.008282051809194,0.867212616678053,50404,251.6412039350046,0.7486452312138728,0.9867074041742718,0.8056897012808761,0.7047137843412699,0.007179853747812912,0.0010923112999239783,0.4966215178405939,0.9973560808215043,HOROZ
6048,49739,874.4639999999999,362.46646782846426,176.02799108856453,2.0591410808414974,0.8741592484043026,50222,251.65385297185946,0.7458239616134353,0.9903827008084106,0.8173781863143057,0.6942817482663075,0.007287369424967616,0.001044464160850894,0.48202714597572033,0.992561898359387,HOROZ
6049,49763,888.391,366.2054774064544,173.33079803681892,2.112754810767473,0.8808928754816988,50347,251.7145595007486,0.6882278095870329,0.9884005005263472,0.7923336815241772,0.6873588054538261,0.007358991166257147,0.001013286010330139,0.4724621274349107,0.9981966326435424,HOROZ
6050,49783,911.0959999999999,374.9938875491967,171.01595133385445,2.192742166004971,0.8899541698633389,50523,251.76513709318573,0.8507442281730095,0.9853532054707757,0.7536377571621112,0.6713846423967532,0.007532569100881761,0.0009440793495413319,0.45075733804621626,0.9883946217700951,HOROZ
6051,49803,893.2959999999999,368.7324593963075,172.60086308178347,2.136330333537156,0.8836795244898865,50423,251.81570452703164,0.5854492876287205,0.987704023957321,0.784286229426589,0.682922531255607,0.007403820239670451,0.0009933936830905574,0.4663831836965655,0.9963485423826046,HOROZ
6052,49815,909.749,384.3427183251655,165.54710453111744,2.3216517100298883,0.9024818766076178,50364,251.846040113761,0.7668683323327021,0.9890993566833453,0.7563569901017676,0.6552642423179504,0.007715401351503874,0.0008774131971997308,0.42937122726051774,0.9968504440070128,HOROZ
6053,49820,892.3720000000001,370.2374381871031,171.85656432616312,2.1543398102875893,0.8857412453952612,50333,251.85867886317874,0.6301861971260878,0.9898078795223809,0.7861795038575748,0.6802625906672882,0.0074315021715596775,0.0009816636877153628,0.4627571922613706,0.9969362417855784,HOROZ
6054,49825,907.2439999999999,368.7045400321423,173.3752709685923,2.126627044170185,0.8825448674391143,50720,251.87131697839175,0.7474609580101712,0.9823541009463722,0.760692198050375,0.6831250761285298,0.007399990768332008,0.0009940582899010384,0.46665986963560946,0.99241149919602,HOROZ
6055,49825,902.2959999999999,374.12263714427894,171.16974573148573,2.185682028944331,0.8891977397022276,50472,251.87131697839175,0.8118787681277497,0.9871810112537645,0.7690580230668345,0.6732319618533495,0.007508733309468719,0.0009514924497878944,0.45324127446090995,0.9906413083650358,HOROZ
6056,49839,878.701,363.46619263921923,174.9727241453516,2.0772734402722346,0.8765008714950082,50305,251.90670032783123,0.6602941176470588,0.9907365073054368,0.8111420994842223,0.6930677609894705,0.007292806690327239,0.0010379519632036018,0.4803429213229579,0.997803592686956,HOROZ
6057,49870,882.155,334.71312645720855,195.85233824017178,1.7090075587800906,0.810935956909577,51337,251.98503149183793,0.6712520526556653,0.971424119056431,0.8053032136635485,0.7528388090392176,0.00671171298289971,0.001329906580380322,0.5667662723955877,0.9686078435856753,HOROZ
6058,49900,882.443,369.3796516837489,173.08569499669872,2.134085382912748,0.8834185152350484,50428,252.06081266687332,0.7852702809032969,0.9895296263980329,0.8052617764703982,0.6823895456013905,0.007402397829333645,0.0009901058883002647,0.4656554919460724,0.9937485788351579,HOROZ
6059,49914,898.4289999999999,362.1192665135709,177.686291567006,2.0379696335607,0.8713373484172006,50702,252.09616941935255,0.6027387335168816,0.984458206776853,0.7770781810675749,0.696168894426679,0.0072548636958282425,0.0010511567382630914,0.4846511295672645,0.9877042849289773,HOROZ
6060,49925,895.969,354.3854291648607,180.0151336639289,1.9686424244000758,0.8613781437886393,50708,252.12394624649002,0.6196090598820975,0.9845586495227577,0.7815233719273096,0.711439933748522,0.0070983561174734235,0.001121735596843729,0.5061467793321015,0.9964220227666383,HOROZ
6061,49932,912.0730000000001,359.85143484162495,178.45646266124987,2.0164662544314975,0.8683698968241104,50696,252.1416208159933,0.8463624652518815,0.9849297774972384,0.7542748493429609,0.7006825495275958,0.007206829985612933,0.0010715421171920282,0.49095603521249176,0.9899962774154718,HOROZ
6062,49949,878.2579999999999,357.20094793061645,178.76674907998245,1.9981397534437477,0.8657564834919452,50449,252.18453961330906,0.6185021917333268,0.990089000773058,0.8137526821478344,0.7060018767427626,0.007151313298176469,0.0010959455805372269,0.49843864996430304,0.9959500811465068,HOROZ
6063,50024,891.2679999999999,374.26807551485894,170.73585070734728,2.192088386617639,0.8898844571233618,50626,252.3738001176663,0.7146285714285714,0.9881088768616916,0.791355548699184,0.6743129233517721,0.007481770260572104,0.0009541794599424393,0.4546979185992128,0.9967380267805467,HOROZ
6064,50040,915.891,370.00770541363204,174.37671909554052,2.1218870691729546,0.8819843913950152,50860,252.41415732590661,0.5959271168274384,0.9838773102634684,0.7496172677500581,0.6821862183754593,0.007394238717298802,0.0009878363337772471,0.46537803654140997,0.9874796380143165,HOROZ
6065,50043,894.418,357.31904411141,179.9018515024984,1.9861888086596358,0.8640087410154028,50848,252.42172358412765,0.6224253731343283,0.9841685022026432,0.7860897612163763,0.7064323263593643,0.007140240275591191,0.001096919726127682,0.49904663172550334,0.9912008349324813,HOROZ
6066,50058,889.7809999999998,370.26908931139957,173.25435159413587,2.1371416412026907,0.8837736300103192,50675,252.459551473801,0.5911640705268255,0.9878243709916132,0.794542444946889,0.6818272406786846,0.007396801496492061,0.0009861003664430104,0.46488838613150896,0.9935323285131631,HOROZ
6067,50075,891.018,362.41882322252945,176.77141298928478,2.0502117231166666,0.8729808387523174,50735,252.50241623123782,0.610477165776705,0.9869912289346605,0.7926069330255381,0.6967144089980071,0.007237520184174328,0.001051934552236946,0.48541096770544234,0.9951952565191035,HOROZ
6068,50079,969.8910000000001,367.5363942980362,175.27641550574666,2.096895884352371,0.8789600549246914,51359,252.51250099904405,0.621929410595862,0.9750773963667517,0.6689900421750882,0.6870408071595789,0.007339132057310174,0.0010086827572962987,0.47202507070248556,0.9897874280671789,HOROZ
6069,50105,892.4039999999999,371.83349730749626,172.34470007503083,2.1574988795455696,0.8860970962272396,50705,252.5780421749985,0.5908608490566037,0.9881668474509417,0.7906202142359967,0.6792772679275941,0.0074210856662507985,0.0009746204779929681,0.4614176067231766,0.9955079695078518,HOROZ
6070,50107,912.9609999999999,387.3094391051129,165.28423862349374,2.3432932403638165,0.9043697140376412,50690,252.58308309949183,0.5825040688212044,0.988498717695798,0.7554466752052786,0.6521480180888198,0.007729647336801503,0.0008624306005049489,0.4252970374971756,0.9965956731138883,HOROZ
6071,50108,915.587,381.3487274412908,168.24193656396224,2.266668675061937,0.8974205629007671,50914,252.5856035240123,0.6291023226616447,0.984169383666575,0.7511344784956355,0.6623480959770561,0.0076105357915161416,0.0009035249803430873,0.43870500024443154,0.9943988816470924,HOROZ
6072,50122,891.9019999999999,375.6114541370225,171.13233805436056,2.19485959467058,0.890179487275927,50540,252.62088682691268,0.8245377377113904,0.9917293233082707,0.7917790029903525,0.6725590608180892,0.007493943859722727,0.0009458274407737134,0.45233569028851034,0.9928133298416768,HOROZ
6073,50131,883.262,362.1542449192295,177.48727085829103,2.040451933076259,0.8716732392241678,50698,252.6435663481626,0.6157086710881847,0.98881612686891,0.8074899744485818,0.6976131576326247,0.007224157605458289,0.0010554207484713147,0.4866641177021613,0.9930147397242269,HOROZ
6074,50146,883.56,358.76188237543084,179.94642836686046,1.9937149385594677,0.8651134589514504,50997,252.68136102666827,0.7769514424715689,0.9833127438868953,0.8071868298854822,0.7043149605348729,0.007154346954401764,0.0010859689653584205,0.4960595636332395,0.9890013624308804,HOROZ
6075,50151,866.4559999999999,348.2090249682472,184.36522038156264,1.8886915018331174,0.848330476227954,50630,252.69395799665085,0.8366866866866867,0.9905392060043452,0.8394530943014707,0.7256961763690465,0.006943211999127579,0.0011878443271427968,0.5266349403966543,0.9946509364955513,HOROZ
6076,50157,895.924,364.3883505073818,176.46334960220673,2.0649520216453205,0.8749170822763573,50878,252.70907353176213,0.6745702988406811,0.9858288454734856,0.7852339626424261,0.6935157866048265,0.0072649550512865965,0.0010366641980035381,0.48096414627011125,0.993167886179382,HOROZ
6077,50169,935.271,382.9921816466902,173.3579023398771,2.2092571291951506,0.8916929242092032,52625,252.7393018899482,0.7615209471766848,0.9533301662707838,0.7207263026709604,0.6599072096022573,0.0076340405757876414,0.0008930293226592557,0.4354775252850376,0.962081827340231,HOROZ
6078,50170,872.199,355.32501426745006,180.19315220338828,1.9719118619246212,0.8618742478574869,50757,252.74182075660354,0.7690538966214974,0.9884350926965739,0.8287485780035346,0.7112975743564368,0.007082420057154675,0.0011183217064958406,0.5059442392853509,0.9976774469192123,HOROZ
6079,50173,881.682,370.29818563462186,173.29481985776766,2.1368104709566356,0.883735230937009,50545,252.74937720595338,0.8102874677002584,0.9926402215847265,0.8110656049810648,0.6825563478600042,0.007380427433771587,0.0009881328040563465,0.46588316800398727,0.9955040316333693,HOROZ
6080,50181,880.9399999999999,365.2980956211274,175.48638357810967,2.081632136766508,0.8770537390311184,50724,252.76952663316675,0.7439733135656041,0.9892950082801041,0.8125620134611216,0.6919541318806359,0.0072796097252172615,0.0010294306322471583,0.47880052062668454,0.9966865508370417,HOROZ
6082,50186,891.424,339.7589455457313,189.5681590992904,1.7922785512084614,0.8298752491752036,51060,252.78211920956528,0.7229120451729999,0.9828828828828828,0.793640462031596,0.7440043081236282,0.006769994531258345,0.001279587184602617,0.5535424105065186,0.9921021895350627,HOROZ
6083,50189,883.4100000000001,367.12876520512884,174.3932591713445,2.105177499116627,0.8799753624139982,50787,252.78967445430416,0.6427153632393807,0.9882253332545731,0.8081533629300003,0.6885586159751359,0.007314924888025839,0.0010142693499221814,0.47411296763359484,0.9980919515016534,HOROZ
6084,50190,880.335,361.2338058220919,178.202779405695,2.0270941173128953,0.8698496030904662,50882,252.79219281903823,0.7719638242894057,0.9863999056640855,0.8138251788193753,0.6998021468221574,0.007197326276590792,0.0010647607551652616,0.4897230446969004,0.9927147030176469,HOROZ
6085,50206,901.06,374.21082488596414,172.71335633173985,2.1666582876613045,0.8871192709734652,50896,252.8324832433,0.7188717067583047,0.9864429424709211,0.7770662808505934,0.6756418212122736,0.0074535080445756316,0.0009580906080459203,0.45649187057103785,0.9890618946227507,HOROZ
6086,50217,889.242,360.01061465157295,182.06190518664982,1.977407708012778,0.8627020127272255,51848,252.8601791859795,0.7079996616286939,0.968542663169264,0.7980327133930377,0.7023686771866539,0.007169098405949637,0.001076229387337409,0.4933217586929301,0.9754982481698197,HOROZ
6087,50221,877.944,354.9210188212287,180.88475896657448,1.9621388825070343,0.8603830529214258,50810,252.87024968577185,0.6307902934083601,0.9884077937413895,0.8187693745898098,0.7124690741777141,0.007067183425683055,0.0011232856158188578,0.5076121816596492,0.9960055988686217,HOROZ
6088,50232,884.495,364.2169783892979,176.88398239598112,2.0590726953102174,0.8741502877603627,50868,252.89794149248564,0.6057960178005041,0.9874970511913187,0.806862570831243,0.6943606599859617,0.007250696336783283,0.001039680524747635,0.48213672613614045,0.9927545681931866,HOROZ
6089,50247,890.069,355.58288911363525,181.44636069886434,1.959713535967662,0.8600091206769016,51108,252.93569816122778,0.7230304338441614,0.9831533223761446,0.7970262968000129,0.7113269673682076,0.007076698889757304,0.0011176030401905707,0.5059860545052509,0.9915877200248114,HOROZ
6090,50253,872.982,354.0748473761619,181.35563339170648,1.952378543496372,0.8588687383288423,50859,252.95079925071622,0.6416041060211429,0.9880847047720167,0.8286311955536778,0.7143992326062812,0.007045844971965095,0.0011320790759958175,0.5103662635484435,0.9964281422763955,HOROZ
6091,50274,886.381,364.55576245072626,176.25995749986865,2.0682846383359528,0.8753485329319446,50886,253.00364596585473,0.7146268656716418,0.9879731163777856,0.80410438135036,0.6940053402668431,0.0072513776992227845,0.0010376515485717237,0.4816434123188969,0.9961756708548839,HOROZ
6092,50278,882.9000000000001,361.9586919702984,178.6243330851722,2.0263683324584236,0.8697493724960581,50965,253.01371075535513,0.757609547344946,0.9865201608947317,0.8105220310074991,0.6990126673795056,0.007199146584396722,0.0010602321350112495,0.48861870915701144,0.9901214788824807,HOROZ
6093,50299,895.206,366.70647764363156,176.34505369726756,2.0794826390376584,0.8767815696218897,50964,253.06654433297567,0.667990278755362,0.9869515736598383,0.7887207130685845,0.690106555954836,0.007290532170493083,0.0010200080662040093,0.47624705857184535,0.9903474901929034,HOROZ
6094,50300,891.2439999999999,362.9934356727358,177.62209120430535,2.043627756049847,0.8721010029098889,50981,253.0690599424961,0.6876187611926016,0.9866420823444029,0.7957645915635935,0.6971725520972112,0.007216569297668704,0.0010516510769590774,0.4860495673977387,0.9933043867500397,HOROZ
6095,50303,896.8519999999999,369.095848872421,174.68592957502804,2.1129111530067077,0.8809116925989023,50789,253.07660662102472,0.5961201175578309,0.9904309988383312,0.7858907708344103,0.6856663584653355,0.0073374520182180195,0.001000406267886001,0.4701383551311139,0.9933605740127589,HOROZ
6096,50344,905.848,372.4275151385018,173.29944051183827,2.1490404933711305,0.8851404557226846,51023,253.1797220160948,0.5806020066889632,0.9866922760323775,0.7709867655114107,0.6798093903506027,0.007397654440221313,0.0009745910988286372,0.46214080720885814,0.9931593083310571,HOROZ
6097,50362,875.0329999999999,363.32252233965625,177.22063690466675,2.050114076359517,0.8729678582579697,50827,253.22497892576132,0.8152488870902469,0.9908513191807504,0.826540177351853,0.6969702216506992,0.007214219497630282,0.001050088752889668,0.4857674898678247,0.9958787688158568,HOROZ
6098,50362,898.2040000000001,360.9807059813413,178.65004112473804,2.020602423087579,0.8689488470338929,51020,253.22497892576132,0.7472993827160493,0.9871030968247746,0.7844456573840545,0.7014917272028667,0.007167719828071588,0.0010706585728701454,0.4920906433340612,0.9943195462995297,HOROZ
6099,50367,878.371,339.08224801797,192.00076276662458,1.7660463590455724,0.8242427845192324,51272,253.2375488541854,0.6628108961705488,0.9823490404119207,0.8203514880493056,0.7468322223720919,0.0067322303893019245,0.0012919060219179707,0.5577583683732378,0.9850271356927557,HOROZ
6100,50394,1025.661,373.3573764816539,172.6985857609591,2.161901759858282,0.8865902191182703,52528,253.30541568901322,0.6434536121964299,0.9593740481267133,0.6019785429609137,0.6784529559213361,0.007408766450007023,0.000968288163755152,0.46029841339839855,0.9951199499859726,HOROZ
6101,50396,883.245,351.8973253443152,183.35089619496313,1.9192560966275891,0.8535351848396353,51170,253.31044213863996,0.7079084141031043,0.984873949579832,0.8117897362773756,0.7198419081213175,0.006982643966670276,0.0011565067436475846,0.5181723726877394,0.9945054853849271,HOROZ
6102,50399,902.429,340.15580248350597,193.36720663109708,1.7591183552258158,0.8227063536448307,52174,253.31798162607302,0.7551090734747693,0.965979223367961,0.7776885362722828,0.7447116285436769,0.006749256978977876,0.0012805256091989476,0.5545954096881753,0.9755989649064505,HOROZ
6103,50424,882.28,354.89737975989306,182.51179094582935,1.9445175455279426,0.8576305089401238,51218,253.38080196361727,0.6868257600523047,0.9844976375492991,0.8140185262428112,0.7139551217172774,0.007038263123907129,0.001128051468810272,0.5097319158263325,0.9911826538398758,HOROZ
6104,50426,882.8899999999999,357.80899182436076,181.12115863625675,1.9755228738512205,0.8624189933322747,51061,253.38582691779607,0.7350943176185895,0.9875638941658017,0.8129263255365484,0.7081594725326988,0.007095724265743084,0.0011007806040363671,0.5014898385377903,0.9907046470353602,HOROZ
6105,50483,885.0609999999999,361.0962883946786,178.63999860187923,2.0213630274338796,0.8690548822977057,51102,253.52899624473963,0.6947839251307459,0.9878869711557278,0.8098575050546057,0.702109117132858,0.007152829435546196,0.0010722006890271454,0.4929572123610813,0.9964454831735611,HOROZ
6106,50485,869.893,343.17914319155267,190.4651760971569,1.8017946914164293,0.831848885849915,51182,253.53401826176045,0.6218206899949501,0.9863819311476691,0.8383793107773796,0.7387803813014507,0.006797645700535856,0.0012491071772100302,0.5457964517959171,0.9834131494398064,HOROZ
6107,50501,909.9859999999999,359.92190786323835,179.63262350031698,2.0036555768646513,0.8665514380004352,51274,253.57419081734332,0.6223627132012225,0.9849241330888949,0.7663733962561046,0.7045255797924238,0.007127025363126242,0.0010831163984957564,0.49635629258185093,0.9945270537434883,HOROZ
6108,50513,929.206,382.8639226168956,169.20976342095727,2.262658577592908,0.8970357571094639,51406,253.6043160579237,0.6000950400950401,0.982628486947049,0.7351720972647625,0.6623876032103639,0.007579512652523025,0.000900056615971207,0.4387573368867706,0.9927580517886725,HOROZ
6109,50523,885.288,360.76241734872167,179.34514361937863,2.0115538679673537,0.8676771454164074,51122,253.6294176917469,0.8063295987742986,0.9882829310277376,0.8100835994025508,0.7030372497104724,0.007140558109152696,0.0010760321948392426,0.4942613744804652,0.9942333796230405,HOROZ
6110,50541,887.768,364.41102058123084,177.0794623102775,2.0578954545429564,0.8739958778811336,51102,253.67459437330308,0.6165641926511491,0.9890219560878244,0.8058509483607261,0.6961221808514336,0.0072102059828897495,0.0010444059156492092,0.4845860906733561,0.9972275133314406,HOROZ
6111,50542,914.947,376.1730738305985,172.35779221780754,2.182512719559733,0.8888555756977212,51326,253.67710395304618,0.6579447525319586,0.984725090597358,0.758700573714827,0.6743627377946892,0.0074427817227374965,0.0009494876184248576,0.4547651021259487,0.992530619801764,HOROZ
6112,50543,905.492,375.3220976091339,172.91521274385232,2.170555682484205,0.8875499414778472,51187,253.6796135079627,0.8219977881863128,0.9874186805243519,0.7746430784092898,0.6758984219792689,0.007425797788202795,0.0009559795707207617,0.45683867683406576,0.9915937859807468,HOROZ
6113,50547,893.526,369.29406054040226,176.16698552645335,2.0962728029705024,0.8788831316712679,51305,253.68965147937797,0.8049013519323556,0.9852256115388364,0.7955928301077889,0.6869583851636935,0.007305954073246726,0.0010036410509432984,0.4719118229467094,0.989255919843418,HOROZ
6114,50563,864.552,335.62936665896063,197.84134638554323,1.6964571500888548,0.8077948272013878,52100,253.72979939385132,0.6827302187415609,0.9704990403071018,0.8500812907383491,0.7559821177735946,0.006637845196269221,0.0013373743003993253,0.571508962393449,0.969540465592229,HOROZ
6115,50571,960.277,390.9626181434209,166.3335789940636,2.350473190728219,0.9049836960243702,51734,253.74987096903502,0.5733673469387756,0.977519619592531,0.6891572852103321,0.6490387039406138,0.007730964745475093,0.0008462444598356738,0.42125123921291174,0.9901397443309887,HOROZ
6116,50573,883.651,366.36028005887647,177.76689482625977,2.0609027367943744,0.8743897415037232,51154,253.7548886147642,0.8026441086846114,0.9886421394221371,0.8138924771836807,0.6926375549608821,0.0072441872156857705,0.001028474598403291,0.47974678254218894,0.9887114571094928,HOROZ
6117,50580,871.252,348.51647961207857,186.66645682163664,1.8670546682369007,0.8444699361935003,51298,253.7724495935375,0.7934864457831325,0.9860033529572303,0.8373386018566609,0.7281505020250482,0.006890400941322233,0.0011948375684499967,0.5302031535993298,0.9899182730415552,HOROZ
6118,50583,1054.3499999999997,350.2291098235915,185.15161206077755,1.8915801268239885,0.8488345783812566,52449,253.77997535530403,0.7716704805491991,0.9644225819367386,0.5718009102658749,0.7246113136715895,0.006923850104256202,0.0011774646084754695,0.5250615559008668,0.9931960045013624,HOROZ
6119,50590,920.82,372.2516308578462,173.8599814620239,2.1411001412027457,0.8842311098666572,51320,253.7975345982539,0.630404984423676,0.9857755261106781,0.7497648157898211,0.6817902557293912,0.007358205788848511,0.0009807421758533403,0.4648379528075487,0.9952646063926379,HOROZ
6120,50590,883.694,350.7994657330192,184.29735534605877,1.9034427546413575,0.8508776837766905,51232,253.7975345982539,0.7209325524061961,0.9874687695190506,0.814086833605822,0.7234832415378022,0.00693416615404268,0.0011718928637167066,0.5234280007860459,0.9963152356726098,HOROZ
6121,50634,900.818,367.92639411102306,176.39341482434548,2.085828399418472,0.8775824057457723,51393,253.90787917691767,0.6281744308665715,0.98523145175413,0.7841118009921689,0.6901050950432768,0.007266390056306494,0.0010166217685427467,0.4762450422046901,0.9933654341127912,HOROZ
6122,50634,892.3919999999999,366.27511568599556,177.02682915237227,2.0690373173364116,0.8754456592129956,51401,253.90787917691767,0.718895972058552,0.9850781113207914,0.7989889344975298,0.6932162964480248,0.007233778008571228,0.0010304335599576658,0.48054883366111584,0.9942734696473365,HOROZ
6123,50641,888.5949999999999,359.82038799101065,179.7825674185678,2.0014197881226203,0.866230090348924,51236,253.92542957516753,0.6233659125040006,0.988387071590288,0.8059431467561736,0.7057005051684601,0.007105317588337723,0.0010870386115801225,0.4980132029950199,0.9967334792205602,HOROZ
6124,50643,908.066,385.09213287192273,168.1999762211396,2.2894898175587484,0.8995690715961587,51253,253.93044375187242,0.7038148843026891,0.9880982576629661,0.7717816678442352,0.6594017952486367,0.00760405451635809,0.000886799593431739,0.43481072757712513,0.995494733353139,HOROZ
6125,50647,899.0830000000001,370.0809653802829,175.93652415326298,2.1034913993065794,0.8797697168430753,51431,253.94047180826016,0.731343499104719,0.9847562753981062,0.7873430851031861,0.6861754468980034,0.007307065875180818,0.0009992254358698813,0.47083674392567476,0.9904010413251713,HOROZ
6126,50654,879.938,357.2338985495091,181.40774336803466,1.9692318085053488,0.8614677806119427,51251,253.9580199541155,0.6348573720358951,0.988351446801038,0.8220901864937825,0.7109012358157255,0.007052432158358848,0.0011111066749724492,0.5053805670843258,0.9952114881029255,HOROZ
6127,50665,882.366,351.32390633636675,184.97557955295662,1.8992988543970817,0.8501688838677082,51397,253.98559316230325,0.635903808017672,0.9857579236142188,0.8177496758260787,0.7229385435533976,0.006934252567578541,0.0011683822162607007,0.5226401377551078,0.9926498149002091,HOROZ
6128,50698,854.9369999999999,328.92753141695897,197.1141752839721,1.6687157630499698,0.8005520469136949,51211,254.0682948322818,0.8017141863149738,0.9899826209212864,0.8716305936337769,0.7724141963362038,0.006487978449188508,0.001424590848014268,0.5966236907017037,0.9955953572829827,HOROZ
6129,50701,917.3349999999999,373.33530626603704,174.5116722210236,2.139314244798469,0.8840250593206144,51402,254.07581183107038,0.5780197229664253,0.9863623983502587,0.7571300117397138,0.6805566137642957,0.0073634702721058175,0.0009743597517918572,0.4631573045383247,0.9908390191813006,HOROZ
6130,50702,892.127,363.65026156091875,178.54477615614147,2.0367454561812455,0.8711711994097137,51307,254.07831744791255,0.6155770047957263,0.988208236692849,0.8005373296211398,0.6986886695951112,0.007172306054217166,0.0010543222652765285,0.48816585702058646,0.9942695911495033,HOROZ
6131,50702,910.362,379.56642183252814,171.5962550605878,2.21197380851062,0.8919749021320416,51298,254.07831744791255,0.7234874429223744,0.988381613318258,0.768788206402911,0.6693909229937539,0.0074862218814352125,0.0009271750439456372,0.44808420778642977,0.991150531630813,HOROZ
6132,50709,895.149,361.2876601618736,179.433515488428,2.0134903960301314,0.8679509087843257,51399,254.095856073993,0.6684198038595381,0.9865756143115625,0.7952510451258391,0.7033062130052997,0.007124724608291892,0.0010752901335848043,0.494639629251856,0.995952142994517,HOROZ
6133,50709,894.442,366.50373024187655,177.5857532463046,2.0638126850950145,0.8747690516667523,51402,254.095856073993,0.6262225844694724,0.9865180343177308,0.7965087336009353,0.6932967801072605,0.007227587415288737,0.0010300299399541957,0.4806604253070951,0.9919930829719477,HOROZ
6134,50714,896.4929999999998,373.6079891053603,173.91284733120926,2.148248360248168,0.8850502332982888,51216,254.10838292291547,0.7250243037685138,0.9901983755076539,0.7929465695840169,0.6801470801826323,0.007366959599033014,0.0009724771439240612,0.46260005068096005,0.9937798003260917,HOROZ
6135,50759,901.471,375.8414823421361,172.83301447318192,2.174593109353274,0.8879934277271528,51308,254.22109678626617,0.8107430360337337,0.9892999142433928,0.7849091667947921,0.6764051035613029,0.00740443039346985,0.0009560903185939576,0.45752386412377705,0.9949282422882492,HOROZ
6136,50761,901.8219999999999,380.1711847560381,170.39553066963856,2.2311100723240846,0.893929608256011,51229,254.22610513143923,0.696940989098498,0.9908645493763298,0.7843291962941187,0.6687148193374524,0.007489434502000317,0.00092383110459933,0.44717950960152153,0.9977067080088996,HOROZ
6137,50764,885.2989999999999,365.93434845975383,177.44224644781838,2.062272969291823,0.8745685710838977,51219,254.23361746420514,0.6039666393023283,0.991116577832445,0.8139275562205154,0.6947519918102638,0.007208540470801234,0.0010359679171506246,0.482680330124329,0.9954185976242573,HOROZ
6138,50769,881.294,352.3135316748478,184.59664348978265,1.9085587094889307,0.8517455854169711,51334,254.24613752554723,0.7498449177325496,0.9889936494331243,0.8214229761845513,0.7216473812881886,0.006939540500597763,0.001160942305475626,0.5207749429201003,0.9939295529937583,HOROZ
6139,50771,903.481,375.04739127338615,172.787356873238,2.1705719565380712,0.8875517344966007,51292,254.25114537745733,0.7860261332672777,0.9898424705607112,0.7816053685787386,0.6779173813586777,0.00738703967369928,0.0009624036701952424,0.45957197594820687,0.9975340430039669,HOROZ
6141,50781,907.117,366.984978187995,178.10331497321752,2.060517392633488,0.8743393792024301,51606,254.27618315759793,0.6304830959859951,0.98401348680386,0.7755048191392481,0.6928789957918663,0.007226816687107285,0.001027439802494906,0.4800813028095452,0.9892158743172118,HOROZ
6142,50789,877.9699999999999,361.39872644601604,179.84009927839398,2.009555865994979,0.8673937706958468,51342,254.29621160676808,0.7185258541416142,0.9892290911923961,0.8279806227742609,0.7036444597010875,0.0071156889571760825,0.0010759938983551554,0.4951155256680354,0.9949623089513884,HOROZ
6143,50797,974.217,375.3968402865835,173.4610731877658,2.1641561036592285,0.8868414360687095,51745,254.31623847861553,0.5861778485540862,0.981679389312977,0.6725684964755816,0.6774597204506749,0.007390138005917347,0.0009602100024500162,0.45895167283310684,0.9932430640463813,HOROZ
6144,50797,889.827,367.62189505669875,176.9150755812647,2.0779568606511107,0.8765878113170819,51321,254.31623847861553,0.8017203282828282,0.9897897546813196,0.8061888167572403,0.6917875183669135,0.007237078864041159,0.001022430875297855,0.47856997056825284,0.994447753643901,HOROZ
6145,50824,899.867,366.82019274649207,178.41433889044754,2.0560017486696074,0.8737468804451199,51974,254.3838175309505,0.7387209302325581,0.9778735521606957,0.78871854984368,0.6934836809999555,0.007217460112279476,0.0010296962666462791,0.480919615813248,0.9887715710815536,HOROZ
6146,50832,887.371,366.18856547553156,178.01813340291758,2.0570295760079573,0.8738821203658809,51485,254.4038375063902,0.8044310808672258,0.9873166941827717,0.8112161692261133,0.694734520658836,0.007203898439477722,0.0010351966561959484,0.48265605419506263,0.9928377785185435,HOROZ
6147,50833,898.973,362.35392346371293,179.72461259861527,2.0161619392273753,0.8683271449627844,51604,254.40633989254775,0.8090046789954484,0.9850592977288583,0.7904279863307795,0.7020935152590522,0.007128320647290401,0.0010684318769539096,0.49293530416881287,0.9938373987666298,HOROZ
6148,50836,923.6179999999999,358.51514720747525,181.3888992004192,1.9764999335011495,0.8625658174879495,51671,254.41384690334118,0.8047618293783343,0.9838400650268042,0.7488528014692669,0.7096320724103466,0.00705238703295844,0.0011031862577124713,0.5035776781934036,0.9953212474619255,HOROZ
6149,50855,893.0150000000001,364.23689153070364,179.32220228070608,2.031186807311998,0.87041257757756,51595,254.46138616203973,0.7208260690847755,0.9856575249539684,0.8013569633417088,0.698615082872762,0.007162263131072729,0.0010524024870969826,0.48806303401731604,0.9913471958326392,HOROZ
6150,50861,902.832,378.0390217162064,172.06585434667997,2.1970600916235807,0.8904128939619064,51490,254.47639671445975,0.5904457859298816,0.9877840357350942,0.7841170027036247,0.6731484902251572,0.00743278782792722,0.0009414017534173658,0.45312888989240874,0.9955514003443068,HOROZ
6151,50887,933.584,372.7356360530158,176.78780019504927,2.1083787209398954,0.8803643120746205,52212,254.54143221278972,0.5788402038402038,0.9746226921014326,0.733685459434595,0.6829007145873897,0.0073247712785783365,0.0009826618584810945,0.4663533859839675,0.9832495554468668,HOROZ
6152,50901,914.398,375.11597240500873,173.73670323273382,2.1591060807831246,0.8862774843471247,51573,254.57644444560165,0.6029495380241648,0.9869699261241347,0.765007413140446,0.6786606361051941,0.007369520685350165,0.0009643388075305407,0.46058025899870675,0.9944416378927741,HOROZ
6153,50908,876.799,354.3159469143846,183.89848408725277,1.9266931354707377,0.8547596595190675,51591,254.59394875640243,0.6819923371647509,0.986761256808358,0.8321388681262412,0.7185506353117136,0.006959926669961197,0.0011444950994870262,0.5163150155068671,0.9947805961175485,HOROZ
6154,50937,891.9459999999999,369.6152964244475,176.41762593809787,2.095115465130109,0.8787400510723463,51596,254.6664537982476,0.6087263079901527,0.9872276920691526,0.8045742010417795,0.6890040976707889,0.0072563224458536526,0.0010087500164844753,0.47472664660713804,0.994607139015971,HOROZ
6155,50954,895.158,358.93667149569063,184.39796668229695,1.9465326974787633,0.8579495279149015,52105,254.70894715819364,0.6810757344881974,0.9779099894443911,0.799077223951082,0.7096208534414173,0.007044327658195444,0.0011018558688583456,0.5035617556389256,0.9801994225509795,HOROZ
6156,50973,901.106,347.36297021307337,189.50359760955556,1.8330151754098303,0.8380787839320503,51881,254.75643134921137,0.7746892002796437,0.9824984098224784,0.7888570219852515,0.7334012350048225,0.006814646385597736,0.0012161569768222532,0.5378773715065989,0.9859373844811468,HOROZ
6157,50975,894.8419999999999,369.4690258875749,177.71134952154796,2.0790401225487054,0.8767254228619404,51620,254.76142917026297,0.6023135457037527,0.9875048430840759,0.7999712492933452,0.6895339292874415,0.007248043666259439,0.001010702006235715,0.4754570396385784,0.9884942619568349,HOROZ
6158,50979,888.6979999999999,360.2478844430416,181.12847676710962,1.9889080440191584,0.8644094925600521,51682,254.77142451824116,0.6819933110367893,0.9863975852327697,0.8111343074572459,0.7072114383464834,0.007066593782597571,0.0010904028924032495,0.5001480185281019,0.994748417250785,HOROZ
6159,50994,889.65,350.48721192112777,186.18098037436337,1.8825081445826832,0.8472425697084702,51788,254.80890358114428,0.662621169988825,0.9846682629180505,0.8096374296764739,0.7270134113722969,0.006873106873771968,0.0011844113202836026,0.5285485003151847,0.9949968566502982,HOROZ
6160,51005,878.96,351.1326394878443,186.72945952649673,1.8804351513587438,0.8468751253970892,51834,254.83638472403618,0.793728602552132,0.9840066365705907,0.8296298946498742,0.7257553302243162,0.006884278786155167,0.0011781460961172378,0.5267207993490061,0.9904643060476469,HOROZ
6161,51008,896.113,370.0013414409089,178.28145182374666,2.0753776551399254,0.876259208322063,52037,254.84387906687337,0.7893897890647972,0.9802256087015009,0.7982199977928796,0.6887647435937019,0.007253790414070516,0.001006997516693325,0.474396872017698,0.9845526678538052,HOROZ
6162,51010,883.5269999999999,362.04135275810813,180.73949415141084,2.0031114641430574,0.8664733432524562,51651,254.84887517299472,0.7961107469488404,0.9875897852897331,0.8211557455704753,0.7039220056811237,0.007097458395571616,0.0010749314924325612,0.4955061900821361,0.9925541299073757,HOROZ
6163,51025,900.15,374.2706979643754,175.10923684790018,2.137355542754531,0.8837984214466096,51785,254.8863428473791,0.7489468508271074,0.9853239355025587,0.7913399765418038,0.6810213683135841,0.007335045526004418,0.0009732525093281345,0.4637901040997063,0.9912843496722082,HOROZ
6164,51028,893.291,362.10198245635496,179.73225412747104,2.014674462378591,0.8681178668717372,51763,254.8938357213565,0.6275580480125935,0.9858006684311188,0.8035862443825059,0.7039283076890624,0.007096142950073586,0.001074770751814171,0.49551506236598725,0.9983015418726894,HOROZ
6165,51032,899.9159999999999,362.68245556521686,180.39561780074945,2.0104837356182723,0.8675254861471583,51665,254.90382587737835,0.7749028182701652,0.9877479918707055,0.7918601837832098,0.7028292159325089,0.007106961427441935,0.0010697023420850576,0.49396890676830524,0.9931164529588163,HOROZ
6166,51032,891.2299999999999,362.9962930086578,179.36450072103898,2.0237911713266867,0.8693925021071611,51685,254.90382587737835,0.6828302290730036,0.9873657734352327,0.8073704668867518,0.7022215675114309,0.007113111244095034,0.0010669302271376197,0.4931151298782111,0.9979620462951362,HOROZ
6167,51043,901.195,373.84656958392196,174.8966601646253,2.1375283509246588,0.8838184441699953,51637,254.93129678781477,0.6384604800680451,0.9884966206402386,0.789784322665339,0.6819142330810855,0.007324149630388534,0.0009769132317719947,0.46500702127856497,0.9939656913619587,HOROZ
6168,51045,914.8119999999999,377.041745469296,176.8853690764423,2.131559820000459,0.8831238015903525,52947,254.93629118077004,0.6804185550519861,0.9640772848320018,0.7664774222125761,0.6761487136217665,0.007386457938471858,0.0009523243661933618,0.4571770829323698,0.974500300603657,HOROZ
6169,51054,899.0179999999999,352.70200024874816,186.3083671021803,1.8931087515533305,0.8491002893156977,51971,254.95876473835722,0.6782241351825283,0.9823555444382444,0.7937849557622407,0.722873033208045,0.0069084107072658,0.0011636061449909092,0.5225454221393994,0.9892353117362264,HOROZ
6170,51088,926.529,376.867985109588,173.54160436675036,2.1716290251249624,0.8876681045664043,51759,255.04364697327787,0.5880226977129637,0.9870360710214648,0.7478435132836286,0.676745324756399,0.0073768396709518475,0.0009544455642716448,0.457984234579644,0.9945718568627944,HOROZ
6171,51105,905.3789999999999,364.60767625244154,179.48918894857715,2.031362882568376,0.8704367133432406,51797,255.08607749873468,0.6433886014276542,0.9866401529046084,0.7834520526691845,0.699617956814826,0.007134481484246972,0.0010543528326885235,0.48946528549775176,0.9942816132658662,HOROZ
6172,51106,887.937,369.488626761458,176.5441168634963,2.0928968539186505,0.8784650368675717,51520,255.0885731922056,0.6898013173523377,0.9919642857142857,0.8145494375608247,0.690382747171514,0.007229848291031543,0.0010131381424351115,0.4766283375920866,0.9975339482349547,HOROZ
6173,51110,890.593,354.6064910687608,184.74495652684396,1.919438006510535,0.853565326465161,51765,255.0985557219291,0.6385557221389305,0.9873466628030523,0.8097616229825898,0.7193849017063357,0.006938103914473896,0.0011462143404407845,0.5175146368030342,0.9933372628052396,HOROZ
6174,51115,894.887,362.4449754337326,180.95203756828673,2.002989191525158,0.8664557841294303,51725,255.11103333477726,0.6302401854409153,0.9882068632189464,0.8020876526707876,0.7038614151830622,0.007090775221240978,0.0010735496003216926,0.49542089178350324,0.9923226914981116,HOROZ
6175,51119,898.5810000000001,369.8619266055911,177.11102068396173,2.088305545173135,0.8778928459747388,51708,255.12101498566673,0.6442380400262137,0.9886091127098321,0.7955688140418706,0.6897736604766016,0.007235312244089108,0.0010103305070818277,0.4757877026872899,0.9935900978470547,HOROZ
6176,51137,898.62,369.4750024086897,177.1087493335148,2.0861476567311117,0.877622483889604,51776,255.16592758266535,0.7057759988958664,0.9876583745364648,0.7957798713874374,0.6906175679523159,0.00722519902240432,0.0010138648444132981,0.47695262516437176,0.9949936013584062,HOROZ
6177,51142,898.882,357.5199985481491,182.73764031901587,1.9564661003830703,0.8595060056253699,51746,255.17840190119085,0.7836293152322142,0.9883276002009818,0.7953938052734353,0.7137458126466865,0.006990731659851963,0.0011191200800324537,0.509433085070679,0.9966885613543481,HOROZ
6179,51145,891.169,368.17038782899687,178.01338271643021,2.068217468882555,0.875339859655378,51971,255.1858861996092,0.8164910600255428,0.9841065209443728,0.809269001429604,0.6931189868483794,0.007198560716179429,0.0010248412982431564,0.4804139299297238,0.9936004821751746,HOROZ
6180,51184,919.251,373.21062525954517,175.28734467542986,2.1291361675345084,0.8828399004122671,51869,255.28316211165313,0.8059203275074791,0.9867936532418208,0.7611598376131081,0.6840190091965342,0.007291548633548475,0.0009846280960322895,0.46788200494220844,0.9961844988610156,HOROZ
6181,51192,882.1049999999999,363.28054483796734,179.90037074356033,2.019342947079342,0.868772972388622,51665,255.3031115636518,0.8010891507440965,0.9908448659634181,0.8267446508028976,0.7027712196300622,0.007096431958860122,0.0010677649885109833,0.4938873871403252,0.9973280118732603,HOROZ
6182,51207,882.1129999999999,355.70014065882526,184.5363072624472,1.9275347270981704,0.8548972220988257,51845,255.3405125851624,0.7354157690650581,0.9876940881473624,0.8269718989609813,0.717853279765992,0.006946318680235618,0.001137829586473229,0.5153133312707916,0.9932843413610943,HOROZ
6183,51213,898.6859999999999,375.0041677642055,174.8401080436812,2.1448406315930453,0.884660853432407,51952,255.35547145992757,0.8017690802348336,0.9857753310748383,0.7968455079485304,0.6809403558962299,0.0073224409381251925,0.0009711178427408839,0.46367976828808427,0.9945192070719315,HOROZ
6184,51219,894.249,345.89684341110075,189.10688709831322,1.8291075947502393,0.8373189611736731,51953,255.37042945844433,0.6496575342465754,0.9858718457066964,0.8048668356038777,0.7382849376134226,0.006753291618561486,0.0012376313415286293,0.5450646491068555,0.9969818893112233,HOROZ
6185,51258,904.151,379.0807370355634,172.98125758501664,2.1914555503173703,0.8898169129086021,51801,255.46763510087723,0.6029785431959345,0.9895175768807551,0.7879335387775023,0.6739135232738311,0.007395542881805053,0.0009409499157938096,0.45415943685134863,0.9952702186168991,HOROZ
6186,51262,930.0859999999999,398.82433953299756,164.10454741299048,2.430306446836626,0.9114229684680053,51784,255.47760281913932,0.797380537580886,0.989919666306195,0.7446620057709755,0.6405767589768725,0.007780116646502235,0.0008080729745157218,0.41033858414131424,0.9972485064244493,HOROZ
6187,51270,919.228,372.7167070443931,177.5728540580695,2.0989509293042508,0.8792132300116906,52106,255.49753708905257,0.5911585647080527,0.9839557824434806,0.7624769023681907,0.685500628923031,0.007269684163144005,0.0009902086961727852,0.46991111225387105,0.9863203657556567,HOROZ
6188,51275,893.525,364.31115365354515,180.0380199043271,2.023523441588291,0.8693553418166542,51890,255.50999521798647,0.6220278532608695,0.9881480053960301,0.8070531124327449,0.7013510090360092,0.007105044439854611,0.001060445286236545,0.4918932378758282,0.9953574976005037,HOROZ
6189,51280,900.4289999999999,359.57330167440017,182.85783034208566,1.9664091004564574,0.8610376707629432,51960,255.52245273951786,0.7910284295123945,0.9869130100076983,0.7948019663577389,0.7106268778845484,0.007011959861045245,0.0011030258814376523,0.504990559571941,0.9930180319868636,HOROZ
6190,51292,914.188,364.0980517785586,181.2771439373976,2.008516042730111,0.8672459221093846,52134,255.55234831352257,0.6318305001231831,0.98384931138988,0.7712380805382859,0.7018778240234786,0.007098534893912474,0.0010626605745863685,0.49263247985593334,0.9894602389605605,HOROZ
6191,51303,888.972,367.8533094055449,178.61993519374607,2.0594191180650725,0.8741956698411887,51970,255.57974951773477,0.6696820175438597,0.9871656725033673,0.8157864008410147,0.6947871420016705,0.007170210502417888,0.001030667921032024,0.48272917269084953,0.9941416870872714,HOROZ
6192,51305,907.517,368.19328674282025,179.60709207268795,2.049993029194028,0.8729517642298343,52095,255.58473123924583,0.7398514673011752,0.9848353968711009,0.7828165839768257,0.6941591290277096,0.007176557581967065,0.0010278555723019528,0.48185689641250834,0.9878032787147107,HOROZ
6193,51316,891.313,364.45402409568624,180.8641253808227,2.015070834684886,0.8681736840466208,51913,255.61212897206113,0.6769652916111499,0.9884999903685011,0.8117123968794386,0.7013563085393482,0.0071021518453442635,0.001060045598208527,0.4919006715279413,0.9912146967578643,HOROZ
6194,51317,885.452,359.458454756722,182.96823275273508,1.9645948881328346,0.8607601370943982,51864,255.6146195294282,0.7697742443561089,0.9894531852537406,0.8225097922574373,0.7111103276244419,0.007004666187749128,0.0011048800971205353,0.5056778980541411,0.9934522135589222,HOROZ
6195,51319,886.079,348.04385128200016,188.12682504181288,1.8500490358280606,0.8413271733354792,51923,255.6196005713643,0.8227363088367321,0.9883673901739114,0.8213781794346653,0.7344465349116317,0.0067819686915567366,0.0012172402036839153,0.5394117126437026,0.997938118890845,HOROZ
6196,51320,902.11,364.20120151980376,182.0640951604911,2.000401019205666,0.8660832665837622,52237,255.62209105593465,0.7421869350803361,0.9824453931121618,0.7924603056488047,0.7018705319730665,0.007096671892435771,0.0010623375315583488,0.4926222436521554,0.9854420382851536,HOROZ
6197,51322,906.2529999999998,362.3812628643299,181.44157663867816,1.9972338731710546,0.8656252254840215,52010,255.6270719522837,0.7269405099150141,0.9867717746587195,0.7852618916394476,0.7054091868099335,0.007060934158145239,0.0010784657813653804,0.4976021208358515,0.9938278110951189,HOROZ
6198,51336,905.853,366.96344003756957,179.87187989656582,2.0401379039824876,0.8716308214475028,51907,255.66193550961847,0.8194094173982442,0.9889995568998401,0.786169944107457,0.696695931026382,0.0071482671037394726,0.001038851882715355,0.48538522030871734,0.9902527859847047,HOROZ
6199,51339,889.001,360.44126566246393,181.9405006558506,1.9810941728925782,0.8632529584410782,51958,255.6694056533916,0.6375931445603576,0.9880865314292313,0.8163055892206226,0.7093233489331209,0.007020808073052921,0.0010963365349546989,0.503139613341698,0.9967669561426628,HOROZ
6200,51349,920.997,377.66860818373885,174.083291543602,2.169470744922959,0.8874303076124851,52164,255.69430455644857,0.725719373622025,0.9843761981443141,0.7607210314218511,0.6770335130211595,0.007354935990647118,0.0009532335667705672,0.4583743777537726,0.9944298027590749,HOROZ
6201,51380,899.321,368.2354517351806,179.59447010337183,2.0503718824038955,0.8730021248032277,52117,255.7714757522673,0.7830884594281534,0.9858587409098759,0.7983153767445825,0.6945867774192674,0.007166902525013247,0.0010290045775949712,0.482450791365683,0.9892035372597044,HOROZ
6202,51396,888.765,361.00725475802426,182.6451156934357,1.976550281059604,0.8625733767127715,52078,255.81129693820878,0.6952922077922078,0.9869042589961212,0.8176459640503857,0.7086043107628788,0.0070240340640910625,0.0010923995985729928,0.5021200692317345,0.9924655639656527,HOROZ
6203,51403,894.8789999999999,370.6961584646249,177.52414975472522,2.088144959301561,0.8778727578792733,52090,255.8287167579542,0.6230440105208296,0.9868112881551161,0.8066213201734007,0.6901304772554518,0.007211566610210005,0.0010091000085280552,0.47628007563683794,0.9945418391568291,HOROZ
6204,51418,910.1519999999999,369.89691399235244,177.52157216617525,2.083673040288859,0.8773113012889893,51952,255.8660409495418,0.6424680127948821,0.9897212811826301,0.7800046440564677,0.6917225618022641,0.00719391874425984,0.0010159516868487046,0.4784801025062871,0.9969960899070002,HOROZ
6205,51419,908.405,376.99808879506696,174.9337367302745,2.155090812336273,0.8858259961958626,52169,255.86852903539608,0.7224306287319986,0.9856236462266863,0.7830228906402179,0.6786998041639518,0.0073318829381175624,0.0009596352238829893,0.4606334241721866,0.9927068602884767,HOROZ
6206,51426,902.8729999999999,373.5488404086699,175.8841789730347,2.1238342333561437,0.8822151301735687,52047,255.88594495898064,0.7211206775668172,0.9880684765692547,0.7927555256571326,0.6850133564302765,0.007263812865256288,0.0009865987655476134,0.46924329848787305,0.9965949811014998,HOROZ
6207,51440,905.4319999999999,359.2756954217686,183.5025867922194,1.9578780969915028,0.8597251056634774,52233,255.92077325058386,0.8008344620366479,0.9848180269178489,0.7884953657752448,0.7123242025880651,0.006984364218930183,0.001109219367225939,0.5074057695927229,0.9934386425727092,HOROZ
6208,51453,891.79,360.1785289927544,182.84377287048508,1.9698703616659783,0.8615647940375288,52164,255.95310956356505,0.7088752342113964,0.9863699102829537,0.8130090302816628,0.7106284493951996,0.007000146327575738,0.0011011772781982666,0.5049927930898258,0.9947703359625677,HOROZ
6209,51453,910.3969999999999,378.8176307163587,174.85000196644336,2.166529176185312,0.887104960503749,52043,255.95310956356505,0.6687853382725677,0.9886632207981861,0.7801155410992952,0.6756631392249297,0.007362401234453942,0.0009464989819672029,0.4565206777072866,0.989065367784728,HOROZ
6210,51478,899.728,372.08218566783745,176.88090993625926,2.1035745790878217,0.8797798746107667,52176,256.0152833013621,0.7879084717226601,0.9866222017785955,0.7991145850186583,0.6880611143525969,0.00722798449177974,0.0009993210432346993,0.4734280970841375,0.995891310052113,HOROZ
6211,51480,897.6039999999999,357.92715378284623,188.485646460872,1.8989623905242505,0.8501111030758699,53556,256.02025654812195,0.804953560371517,0.9612368362088282,0.8029321425753311,0.7152859285536324,0.006952741914973703,0.0011226764103934278,0.5116339595868321,0.9715736469703984,HOROZ
6212,51484,908.819,362.4071223078907,181.45222961357084,1.9972591302939064,0.8656288878188465,52533,256.03020275183377,0.6886294022444257,0.980031599185274,0.7832985990461202,0.7064712225338603,0.007039218442776216,0.0010816384299472813,0.4991015882684872,0.9968352041134262,HOROZ
6213,51484,918.664,386.55800684505107,171.62592703772256,2.2523287332926536,0.8960342559533169,52017,256.03020275183377,0.8215881526873484,0.9897533498663899,0.7665998852913722,0.6623332028263008,0.007508313395327695,0.0008913089381063293,0.4386852715661457,0.9880634420207209,HOROZ
6214,51487,909.858,377.61429242158005,174.9837575832769,2.157996248548205,0.8861529666319365,52007,256.037662151058,0.7624879674194742,0.9900013459726575,0.7815562051054932,0.6780401782706089,0.00733416770100375,0.0009562078758992064,0.4597384833492392,0.9921139223808995,HOROZ
6215,51492,867.948,347.57266807845025,189.29100083208985,1.8361816808542515,0.8386904502039979,51991,256.05009400018383,0.704019688269073,0.9904021849935566,0.8589387801205842,0.7366807505772894,0.006750032394905039,0.0012263174482017383,0.5426985282711188,0.9964930958379914,HOROZ
6216,51501,905.4069999999999,355.09412941881226,185.85387977417258,1.9106091831404337,0.8520912382924504,52413,256.0724698076808,0.6308304752572268,0.9825997367065422,0.789473997039327,0.7211396883040515,0.00689489775769038,0.0011502313085950797,0.5200424500472647,0.9935978806831542,HOROZ
6217,51510,889.324,354.60979649315215,185.44048206961426,1.912256657961188,0.8523680504277904,52176,256.0948436601335,0.7706924411993537,0.9872355105795768,0.8184297139870601,0.7221877291398489,0.006884290360961991,0.0011551526053771505,0.5215551161201719,0.9973472432945192,HOROZ
6218,51511,936.4389999999999,396.8239284368588,166.11341666638384,2.3888734359959956,0.9081673188354097,52077,256.0973295230799,0.6576655941984577,0.9891314783877719,0.738160599034393,0.6453676584773521,0.007703673553937194,0.0008243400960678448,0.4164994146085401,0.9949643876662239,HOROZ
6219,51515,896.279,375.9801826883436,174.90735482018735,2.149596185219702,0.885203682945424,52000,256.1072727335792,0.8042935206869634,0.9906730769230769,0.805855410893714,0.6811722652570519,0.007298460306480512,0.0009692567640684954,0.46399565495542333,0.9974032898506952,HOROZ
6221,51531,894.4399999999999,349.84205728281665,189.1468940601754,1.8495786516669817,0.8412388396173183,52439,256.14704171578416,0.6471142254370102,0.9826846431091363,0.8094238716421467,0.7321790973482405,0.006788963095667009,0.0012035177937184543,0.5360862305936843,0.9915336475587013,HOROZ
6222,51550,913.589,380.70340981307834,173.67758305623934,2.192012366327098,0.8898763466483393,52297,256.19425936405685,0.7782306763285024,0.9857161978698586,0.776134180536852,0.6729497366200259,0.007385129191330326,0.0009342613221690041,0.4528613480169622,0.9926776750847411,HOROZ
6223,51551,908.7019999999999,376.54540053959454,175.17366663205524,2.1495548262428734,0.885198978920501,52247,256.1967442623781,0.6118813056379822,0.9866786609757499,0.7845199472540513,0.6803873952390463,0.007304327763566071,0.0009655728659418907,0.4629270076001743,0.9950869833851258,HOROZ
6224,51552,916.781,386.7688482379283,170.07376356243577,2.2741241220074584,0.8981301460259715,52084,256.1992291365981,0.5849805959648685,0.9897857307426465,0.770768885291994,0.662409163260719,0.007502499383882842,0.0008910273958681429,0.43878589957176595,0.997853598612895,HOROZ
6225,51552,890.5279999999999,363.84369012877517,181.07211520620453,2.009385540752262,0.8673695702291624,52178,256.1992291365981,0.7055056041384407,0.9880026064624938,0.8168836891944065,0.7041464125595294,0.00705779969989089,0.0010702887874834263,0.4958221703204551,0.9962978998263279,HOROZ
6226,51558,918.055,384.9665214043684,172.05744620258196,2.23743017172942,0.8945632756958185,52268,256.21413787583134,0.7075922266139657,0.9864161628529885,0.7687206112587579,0.6655491416270567,0.007466669021381132,0.000903706017081534,0.44295565992051206,0.99108235824447,HOROZ
6227,51559,897.0740000000001,364.93401632051155,180.91352774157318,2.0171737341930744,0.8684692045509088,52296,256.2166225813623,0.6055577087957906,0.985907143949824,0.8051148002029808,0.7020902714542627,0.007077988640596434,0.001060868233284483,0.49293074927072034,0.9943269602050092,HOROZ
6228,51581,911.9579999999999,365.73043384354344,180.14796326532777,2.030166909546925,0.8702726368939033,52388,256.2712800080891,0.7917510898262418,0.9845957089409788,0.7793812376431758,0.7007108413562321,0.007090409915347578,0.0010544025657480173,0.49099568319415876,0.9968031887511662,HOROZ
6229,51604,920.0719999999999,352.49045522435785,189.03257847090785,1.864707438663046,0.8440419498404219,52966,256.3284094019103,0.6760821716801174,0.97428539062795,0.7660367446412174,0.727192483095064,0.0068306808624207,0.001178260399847621,0.5288089074699651,0.9860739033905225,HOROZ
6230,51610,900.8040000000001,375.6367421444591,175.69085782888607,2.1380551429164867,0.8838794491010248,52247,256.343310628114,0.7423335826477188,0.9878079124160238,0.7992508579221596,0.6824234210015903,0.007278371287433813,0.0009737100738212987,0.46570172553151373,0.9956959693377349,HOROZ
6231,51617,904.819,367.36921397887295,179.86156455328458,2.042510943854481,0.87195082657692,52444,256.3606942973023,0.6230551029030117,0.9842307985660895,0.7922809257343083,0.6978284639606338,0.007117213592011797,0.00104108090859758,0.4869645651136576,0.9946304535139837,HOROZ
6232,51639,918.7810000000001,376.8641030406848,174.8460506779835,2.1554052927095326,0.885861456679378,52345,256.4153210137395,0.610483880501732,0.9865125608940682,0.7687120276563705,0.6803920005776137,0.007298051918911769,0.0009647693706963414,0.46293327445000737,0.9978088299209008,HOROZ
6233,51641,893.9139999999999,360.5070253913579,184.194273546852,1.957210821212955,0.8596216302882614,52251,256.4202865018065,0.6265438839144889,0.9883255822855065,0.8121065804023306,0.7112768086098814,0.0069810233223864355,0.0011021823349484658,0.5059146984662578,0.9901817224488489,HOROZ
6234,51650,906.338,368.4880378580818,179.68219103473697,2.0507766280902264,0.873055893196757,52390,256.4426300082947,0.6680463040807088,0.9858751670166063,0.7901322928091031,0.6959320348604102,0.00713432793529684,0.0010322862528260174,0.48432139714495126,0.9932350017488705,HOROZ
6235,51653,889.077,361.06501760934714,183.09605475460336,1.971997802428178,0.8618872513443804,52258,256.45007741119,0.7264123082115684,0.9884228252133644,0.8211578776654671,0.7102601052552124,0.0069902042012922215,0.0010973352010597284,0.5044694171171454,0.9948125819472345,HOROZ
6236,51659,908.268,363.0639090570297,182.54780429340562,1.9888703151613043,0.864403944722071,52433,256.4649715681925,0.6183892360362948,0.9852383041214502,0.7869150150315366,0.706390707449545,0.007028086278422534,0.0010794356494741332,0.4989878315710686,0.992422085838407,HOROZ
6237,51712,899.975,368.87241407604074,179.98958242673476,2.0494097997376666,0.8728741758436304,52345,256.59649907460687,0.7361557953477779,0.987907154456013,0.8023064944451235,0.6956239861886531,0.0071332072647749215,0.001030297867358211,0.48389273016099144,0.9916945032137503,HOROZ
6238,51723,900.2489999999999,364.1938837619258,182.1644269932829,1.999259074744352,0.8659183943671033,52482,256.62378878883544,0.7227112676056338,0.9855378987081285,0.801988748401681,0.7046350865040635,0.007041236659937084,0.0010707442787078977,0.4965106051325891,0.9926533330181384,HOROZ
6239,51730,910.4779999999998,373.294417153537,177.99552003104182,2.0972124303377733,0.8789991056486373,52366,256.64115345974807,0.7775673400673401,0.9878547148913417,0.7841757893243552,0.6875033262396498,0.0072162075614447515,0.0009944615448274495,0.4726608235905824,0.9912701545678589,HOROZ
6240,51734,920.2460000000001,385.14042069248546,172.06812112344534,2.2383020060768697,0.8946502316948999,52451,256.6510756013481,0.7558146330060777,0.9863300985681874,0.7676761460017031,0.666383121096164,0.007444628690850997,0.000905563183135144,0.4440664640818649,0.9939548573859003,HOROZ
6241,51735,915.7199999999999,377.8562180503707,175.4282945135686,2.153906923042823,0.8856923499729249,52307,256.65355607681266,0.6210684273709484,0.9890645611486034,0.7752984545080395,0.6792360263411069,0.007303686441487788,0.0009589693642071137,0.4613615794796571,0.9937299000672052,HOROZ
6242,51739,907.654,382.58496301113047,172.97951754581544,2.2117356345949966,0.8919502259607215,52348,256.6634777389502,0.6618271592304543,0.9883663177198747,0.789200301889851,0.6708666114812336,0.007394517926730909,0.0009239199408187013,0.4500620104003125,0.995418186179835,HOROZ
6243,51774,922.2419999999998,379.92471677446656,173.91270898360926,2.1845713231358688,0.8890780104881266,52512,256.7502759280276,0.6500188323917138,0.9859460694698354,0.7649477827735411,0.6757925046514975,0.007338137226686494,0.0009441023403668009,0.45669550934314446,0.9976839131159624,HOROZ
6244,51777,915.6589999999999,368.0685742787028,179.4390997376623,2.0512172364708383,0.8731143858248471,52587,256.75771440747894,0.6873539719626168,0.9845969536197159,0.7760312507111318,0.6975811909795405,0.007108727316737215,0.0010383664958795967,0.48661951800843417,0.9981623429420315,HOROZ
6245,51815,911.612,376.57005638743306,176.0775332444495,2.138660449454608,0.8839494855336946,52523,256.85191650142,0.6053649247017864,0.9865201911543514,0.7835113638624717,0.6820826885851982,0.007267587694440472,0.0009703270809978661,0.4652367940676126,0.9949835311034609,HOROZ
6246,51828,932.413,379.14105304982775,174.63560986792834,2.1710409081891187,0.8876033830862503,52624,256.8841356030652,0.6532474571144078,0.9848738218303436,0.749130836279627,0.6775423909826637,0.007315371093806972,0.0009509594842023771,0.45906369157850474,0.9966460538812465,HOROZ
6247,51846,904.763,380.20722193403583,174.6331134776404,2.1771771364696915,0.8882758576283302,52443,256.9287399967922,0.8050621118012422,0.9886162118871918,0.7958944122505364,0.6757597572446116,0.0073333954776460255,0.0009433094165200961,0.45665124951129626,0.9942106597763106,HOROZ
6248,51860,903.986,373.09723433428576,179.99499514722135,2.072820047185881,0.8759320225238791,53096,256.9634269501509,0.6287737336016878,0.976721410275727,0.7974784704159049,0.6887304522871861,0.007194316126769876,0.0009985421990996771,0.474349635907712,0.9832414346848289,HOROZ
6249,51870,932.88,378.48355424055404,174.7860993737618,2.165409924454041,0.886980787787704,52550,256.9882004789576,0.5916370106761566,0.9870599429115129,0.7489874613622218,0.6789943647475439,0.007296771818788395,0.0009566987527562065,0.4610333473589207,0.9983261858752741,HOROZ
6250,51872,911.459,373.70610973821096,178.22592547382794,2.096811161141025,0.8789495997432786,52603,256.9931548981458,0.6296903261832794,0.9861034541756174,0.784636635476187,0.6876878600624832,0.007204389839185128,0.000993899331616197,0.4729145928773174,0.9916125966116232,HOROZ
6251,51887,909.0409999999999,369.9334599794481,181.48197342062994,2.0384033356416875,0.871396132369801,52740,257.0303099980105,0.6743475774589311,0.9838263177853621,0.7890444739064248,0.6948014651399471,0.007129598164847613,0.0010249146905023077,0.48274907596061717,0.9840373267160641,HOROZ
6252,51894,901.802,367.3547664434548,182.16246109505963,2.0166326488735486,0.8683932637501813,52605,257.0476472066736,0.6530586562299435,0.9864841745081266,0.801871214015261,0.6997259071803543,0.0070789448962010025,0.0010467913129213178,0.48961634517936975,0.9873763071108581,HOROZ
6254,51896,905.698,363.2816718448152,182.4213716707007,1.9914424966642386,0.8647813681063472,52526,257.05260048008853,0.7514189737055484,0.9880059399154705,0.7950179448681947,0.707584831281813,0.007000186369755188,0.0010824389772908546,0.5006762934601118,0.997068047868802,HOROZ
6255,51903,908.476,366.54471417149233,181.1892678728445,2.022993516529506,0.8692817412053383,52611,257.0699361854457,0.7088249754178958,0.9865427382106403,0.7902698396136466,0.7013330877421206,0.0070621103630135506,0.0010539295409485174,0.491868099961897,0.9950459772106046,HOROZ
6257,51916,880.6229999999999,353.1858623633636,187.83169679145993,1.8803315329440273,0.8468567226312361,52500,257.1021279656602,0.6540186444948349,0.9888761904761905,0.8412615493716581,0.727951357523901,0.006803025317115409,0.0011783960849950004,0.5299131789208903,0.9964124600475605,HOROZ
6258,51939,887.04,362.2827752122603,183.3290538987196,1.9761339924461943,0.8625108554355868,52530,257.15907278180873,0.8177052174186845,0.9887492861222159,0.8295012393778262,0.7098296976198775,0.006975158844264623,0.001092321610832566,0.5038581996231267,0.995691315648001,HOROZ
6259,51944,884.45,344.1916084786729,193.3508518211208,1.780140119564112,0.827304641015461,52613,257.1714504211603,0.6536796536796536,0.9872845114325357,0.8344468534379283,0.7471752479900897,0.006626205307228417,0.0012738977081862475,0.558270851209052,0.9938003398204402,HOROZ
6260,51950,901.1379999999999,362.64856361889105,186.42834343862515,1.9452437163251417,0.857745597086634,53086,257.1863028020577,0.6343101343101343,0.9786007610292733,0.8039199539143804,0.7091888086790712,0.006980723072548432,0.0010892502466764357,0.5029487663556402,0.9783579273867908,HOROZ
6261,51967,949.7749999999999,356.8420504539437,187.0040994141167,1.9082044274533492,0.8516857361458411,53127,257.2283798908126,0.8189583169175005,0.978165527886009,0.7239291133112826,0.7208466030379235,0.0068667048406477905,0.0011436669411247033,0.5196198251113134,0.9915408508699433,HOROZ
6262,51967,904.803,354.40393371313894,187.65782752632597,1.888564619897993,0.8483082737680553,52697,257.2283798908126,0.6287598306110103,0.9861472190067746,0.7976813650419952,0.7258056568272123,0.006819788206229702,0.0011674332141533772,0.526793851482381,0.9948842298894226,HOROZ
6263,51968,900.011,367.6661611393397,180.64002773399903,2.035352661043351,0.8709817617405508,52607,257.2308547993357,0.6826218310784185,0.9878533275039444,0.806213808587723,0.6996315733877104,0.00707485685689924,0.0010456227444577547,0.48948433848096323,0.996273250866273,HOROZ
6264,51977,917.804,383.54626390610366,174.25461694658935,2.201068015452722,0.8908360610811634,52622,257.2531279045982,0.7911022495510031,0.9877427691839915,0.7753917593566245,0.6707225493078368,0.007379153546878498,0.0009212085058908002,0.4498687381500035,0.9901916906940484,HOROZ
6265,51978,913.367,364.47518672205103,182.65103785055385,1.9954728481765691,0.8653694919404369,52780,257.25560257503486,0.6820185797512203,0.9848048503220918,0.7829585947877412,0.7058247363522667,0.007012104865944266,0.0010735336535490547,0.4981885584467469,0.9941217416527092,HOROZ
6266,51988,895.263,359.6862608813747,185.44599173295236,1.9395741990440722,0.8568432036462479,52690,257.28034797024753,0.7353323903818954,0.9866767887644714,0.8151015184017101,0.7152910076126013,0.0069186400877389925,0.0011172016353851366,0.5116412255714504,0.9923661202856736,HOROZ
6267,51994,921.338,383.4577493326026,173.0682517135982,2.2156446692901666,0.8923541323865558,52783,257.29519406502726,0.5859139057922019,0.9850520053805203,0.7697064509156394,0.6709870761846444,0.007375038453140797,0.0009221480944783036,0.4502236564068178,0.9975356443060934,HOROZ
6268,52000,897.6879999999999,357.7416468981086,186.37903516886576,1.9194307266049666,0.8535641204035651,52644,257.3100393032274,0.7048267075104707,0.9877668870146645,0.8108907908290964,0.7192621869281941,0.0068796470557328585,0.0011357816235505103,0.5173380935447286,0.9929946327929865,HOROZ
6269,52004,905.1419999999999,367.79771728579635,181.82818884359403,2.0227761142259992,0.8692515279396061,52771,257.3199356528899,0.6391838741396264,0.9854655018855053,0.7976514867802053,0.6996235255395564,0.0070724889871124595,0.001045224692879656,0.4894730774883984,0.990094449700224,HOROZ
6270,52025,908.4099999999999,371.866748108512,181.52219726765318,2.048602064684118,0.8727666000807165,53596,257.37188524554665,0.6182412358882947,0.9706881110530636,0.792242506592601,0.6921078223709441,0.007147847152494224,0.0010116960419683273,0.47901323778705046,0.9813075079415756,HOROZ
6271,52033,934.3839999999999,393.4337671428876,169.98766603435195,2.3144841994793937,0.9018440436812685,52820,257.3916728085909,0.6290560471976401,0.9851003407800075,0.7489243374599496,0.6542185605413762,0.007561235507137539,0.0008544053761140008,0.42800192495683037,0.990603692659349,HOROZ
6272,52045,906.761,374.84066941327836,177.53867759274624,2.1113183588824556,0.8807197717422813,52714,257.42135130121113,0.6725029073523711,0.9873088743028418,0.7954322799537601,0.6867487236754258,0.007202241702628079,0.0009881864589344055,0.4716238094698263,0.9957480074197255,HOROZ
6273,52058,930.0350000000001,379.4983989320102,176.18382559166807,2.1539911377083705,0.8857018646978154,52903,257.4534991407635,0.820224365034348,0.9840273708485341,0.7563081105998755,0.6784047043816068,0.00728991507418668,0.0009524838816901107,0.46023294292709527,0.9913376803464057,HOROZ
6274,52085,888.2969999999999,366.106571906438,181.5337376975729,2.016741221493248,0.8684085072470358,52484,257.5202549073198,0.8062818309880958,0.992397683103422,0.82948042541989,0.703402437072699,0.007029021251923548,0.001061426909720559,0.49477498847981216,0.997833114631084,HOROZ
6275,52086,919.908,377.75457395143866,176.7768064839151,2.1369012228751316,0.8837457555317948,53129,257.5227270107935,0.7060019518542615,0.9803685369572174,0.7734675163682108,0.6817196793066461,0.007252516491023282,0.0009662551281123843,0.4647417211539566,0.993107152254983,HOROZ
6276,52096,927.3280000000001,394.24485882773826,168.87047895946324,2.3345990445279385,0.9036180803179101,52770,257.54744674044633,0.6467535692116698,0.9872275914345272,0.7612853922549719,0.6532677369750544,0.007567660834377654,0.0008501709536563835,0.4267587361725087,0.9963105377122896,HOROZ
6277,52097,891.9159999999999,350.5119925794319,196.48881928242093,1.7838775450913953,0.8281025789214302,54156,257.5499185829181,0.7199695964621338,0.9619802053327424,0.8229523120704166,0.7347820446530171,0.0067280648133180776,0.001209773508372349,0.5399046531444686,0.9631237872347759,HOROZ
6278,52103,895.765,366.92864583803737,181.63938783901045,2.0200940456992256,0.8688779005199736,52684,257.5647491395827,0.8222548369788214,0.9889719839040316,0.8159892085265449,0.70194778211258,0.0070423708008759064,0.0010546731154207213,0.4927306888127702,0.9953623306039554,HOROZ
6279,52107,1038.993,393.2451958175284,169.43952130335796,2.320858751208801,0.9024116243333047,53645,257.574635702965,0.62120886981402,0.9713300400782925,0.6065696700065228,0.6549975395566776,0.007546878458125173,0.0008568519568957503,0.42902177682530146,0.99569894520415,HOROZ
6280,52108,911.035,381.86365852421835,174.45808008393345,2.188856247532359,0.8895388139875274,52662,257.5771072845175,0.6923731065639118,0.9894800805134633,0.7889403067077676,0.6745263696471436,0.0073283115553123964,0.0009357921919343786,0.4549858233493551,0.9958985619768902,HOROZ
6281,52130,895.706,364.9182506829353,182.88905043348376,1.9952985146896756,0.865344134521454,52581,257.63147607977567,0.827617958976313,0.9914227572697362,0.816519615050029,0.7059977833326364,0.007000158271301272,0.0010727560487800826,0.4984328700705964,0.994522365324373,HOROZ
6282,52141,916.9079999999999,377.0679333962755,177.55798346035476,2.1236326638079186,0.882191276445038,52815,257.6586561752508,0.5842914453483942,0.9872384739183944,0.779359253522086,0.6833215804231945,0.007231697385862863,0.0009725692942688023,0.46692838227205224,0.9915843642519203,HOROZ
6283,52148,919.481,384.81070181270735,173.00232011775944,2.22430948643217,0.8932412152494706,52885,257.67595110690723,0.6413479276841717,0.9860641013519902,0.7751076119789415,0.6696174246014646,0.0073792034557932686,0.0009151583198273067,0.44838749532989824,0.9973525594598528,HOROZ
6284,52150,912.208,378.8536482258705,175.52533173842716,2.158398702191026,0.8861981441703344,52747,257.6808923027447,0.6093642280412709,0.9886818207670578,0.7875468948076417,0.6801594586971399,0.007264691241148044,0.000959047001075845,0.4626168892551865,0.9985116933800441,HOROZ
6285,52151,904.977,371.84857033847453,178.99045249768295,2.077477123218559,0.8765267924511639,52608,257.6833628651323,0.8116760828625236,0.9913131082725061,0.8001979252474205,0.6929793023826244,0.0071302289570377275,0.0010142950178075245,0.4802203135307089,0.9976467154648915,HOROZ
6286,52153,909.7769999999999,361.5588772822521,184.55222771482252,1.9591141313175984,0.8599164671498158,53049,257.6883039188487,0.7580818652247223,0.9831099549473129,0.791806847001371,0.7127146368409687,0.006932657321386155,0.001103423446510397,0.507962153567354,0.9951558332283232,HOROZ
6287,52161,914.1049999999999,378.93270298935084,177.70634095922364,2.1323533023298276,0.8832165182651801,52893,257.70806718636265,0.5829933721541058,0.9861607396063752,0.7844469954497677,0.680089274832542,0.007264674814312434,0.0009586490485054569,0.46252142174225297,0.9862590810503802,HOROZ
6288,52169,894.1139999999999,368.86572683605965,180.48845741813588,2.0437081246780893,0.8721117994868683,52592,257.7278289383758,0.700631211388665,0.991956951627624,0.8200429246603088,0.6987036479345274,0.007070592245127559,0.0010394595607832711,0.4881867876370161,0.9977113042542669,HOROZ
6289,52196,913.614,373.00850892175254,179.04707452677852,2.083298539825988,0.8772641016478893,52904,257.7945136673714,0.6743059413231361,0.9866172690155753,0.7858173159652885,0.6911223403792378,0.007146304485434757,0.0010057290757877113,0.47765008937127507,0.99508773373493,HOROZ
6290,52199,919.891,383.7124412860893,174.27001265078002,2.201827127051464,0.8909159273426509,52840,257.80192201694456,0.6962094536918481,0.9878690386071158,0.7751741959189785,0.6718622965491284,0.007350953874328805,0.0009239416412614461,0.45139894552426896,0.9939024433777615,HOROZ
6291,52203,889.797,360.359348638313,185.3790152450241,1.9439058307759873,0.8575334484052454,52821,257.8117994852247,0.7528120673742501,0.988300107911626,0.8285590235511588,0.7154297521610472,0.006903039071285424,0.00111554753784687,0.5118397302772174,0.9949682361086917,HOROZ
6292,52203,905.5609999999999,379.57897443934746,176.00990296906386,2.1565773745472927,0.8859934703185252,52663,257.8117994852247,0.603307599852071,0.9912652146668439,0.7999630084281261,0.6792046368374921,0.007271209977191875,0.0009545287584271917,0.46131893870154955,0.994869985653931,HOROZ
6293,52204,897.4749999999999,365.39635805189056,183.2433689081079,1.994049554039404,0.8651622524770638,52929,257.8142687931652,0.6439611679228293,0.9863024051087306,0.8144584351334909,0.7055742705474709,0.006999393878857761,0.0010700674112297782,0.4978350512585958,0.9927077619473866,HOROZ
6294,52213,900.059,368.2535373994859,181.3328719865859,2.0308151156770267,0.8703616046043609,52846,257.8364915004411,0.6208516153580899,0.9880217991900996,0.809928261341754,0.7001602573086406,0.0070529089958341,0.0010455332895613597,0.4902243859145018,0.9955550929886582,HOROZ
6295,52238,892.863,366.3339732240203,182.36417379565475,2.0088045014505425,0.8672869625169254,52775,257.89821119557115,0.7725229222123632,0.989824727617243,0.8234301268522913,0.7039975269720927,0.007012787113289566,0.0010625636436467163,0.4956125179828225,0.9955886570991319,HOROZ
6296,52266,903.64,366.5211214342326,182.94563022206938,2.003442886224335,0.8665209196099104,53045,257.96731972311534,0.7339905628581058,0.9853143557356961,0.8043373470176836,0.7038266136305167,0.007012610902579738,0.0010615054885512144,0.49537190205460074,0.9924493132067078,HOROZ
6297,52266,886.5279999999999,359.58038383331865,186.13171885732996,1.9318597928434604,0.8556009967711213,52802,257.96731972311534,0.818600426011778,0.989848869361009,0.8356880931910841,0.7174121040003522,0.006879814484240589,0.0011241681822215482,0.5146801269662121,0.9942898434615923,HOROZ
6298,52266,901.2099999999999,374.4981636743252,178.0553306862564,2.103268474080185,0.8797424870870643,52856,257.96731972311534,0.7615730959215492,0.9888375964885727,0.8086807849271459,0.6888346719570337,0.007165234830947944,0.0009951079287628688,0.4744932052901543,0.9979865998520389,HOROZ
6299,52268,905.317,381.4871705154586,175.1868450348502,2.177601694006013,0.8883221563568025,52860,257.97225533808376,0.8075021628970461,0.9888006053726826,0.8013908790277433,0.6762278662989276,0.0072986754900791805,0.0009414474230846716,0.4572841271592004,0.9957826899439357,HOROZ
6300,52271,895.6030000000001,365.2392709082928,182.76092453499652,1.9984538370966374,0.8658019465042097,52915,257.9796585834854,0.7230537265534223,0.9878295379382028,0.818916446768365,0.7063305595313736,0.006987416940718425,0.0010728238189048856,0.4989028593279033,0.9970343335623323,HOROZ
6301,52271,912.1049999999999,352.1450670925015,197.89333700180174,1.7794690434134999,0.8271607521518297,54321,257.9796585834854,0.6423076923076924,0.9622613722133245,0.7895524759879856,0.7325948385803152,0.006736910850997714,0.0011970050465634052,0.5366951975145181,0.9550324897257788,HOROZ
6302,52272,922.249,383.083111942704,174.76553914432597,2.1919831210336262,0.8898732262734538,52913,257.9821262847417,0.6588021778584392,0.9878857747623457,0.7722938833109483,0.6734364377914077,0.007328648453143251,0.0009298011885152701,0.4535166357451807,0.9941008106613916,HOROZ
6303,52286,966.8299999999999,362.5583241275339,185.4161605826757,1.95537607395269,0.8593365027696918,53563,258.0166716241854,0.7087032544017783,0.9761589156693986,0.7029024337690616,0.7116556273947945,0.006934137706604711,0.0010971140489406275,0.5064537320026785,0.9903075101220853,HOROZ
6304,52288,909.031,381.0590166336729,175.17330742878647,2.175325808634318,0.8880736219217527,52904,258.02160629511667,0.6059145267451562,0.9883562679570543,0.7951599665175294,0.6771171787890353,0.007287695391555862,0.0009449858453234721,0.4584876738112224,0.9973600697822647,HOROZ
6305,52293,924.2520000000001,364.8771251562022,191.83041490164646,1.9020817180804133,0.8506454590462281,55421,258.03394255957073,0.6611667425276893,0.9435593006261165,0.7692590665647587,0.7071803759939941,0.006977551969789498,0.0010764742488667443,0.500104084191007,0.9512388356770621,HOROZ
6306,52313,896.732,352.48208888573305,189.30095144458997,1.8620196369636717,0.8435496070885223,53085,258.08328172070844,0.7851975264169068,0.985457285485542,0.8175120343894056,0.7321883575320429,0.006737944466685777,0.0011945338627160954,0.5360997909054708,0.998228338038105,HOROZ
6308,52319,892.41,362.4719117793443,184.52357036748305,1.9643664549600515,0.8607251310870635,52908,258.09808162983114,0.7575437275570486,0.9888674680577606,0.8255444122063806,0.7120498809489796,0.006928112383251673,0.001098591815698161,0.507015032959456,0.9959633229060203,HOROZ
6309,52319,897.233,366.0443157775412,182.45297354844305,2.006239244329733,0.8669213010953998,53079,258.09808162983114,0.7435478369620829,0.9856817197008233,0.8166929782502036,0.7051006408379442,0.006996393581252341,0.0010667396380693416,0.4971669137100796,0.997435773267456,HOROZ
6310,52323,910.584,380.3986606247324,176.215496073088,2.1587128777083056,0.8862333928648165,52911,258.1079477644536,0.822171590194846,0.9888869989227193,0.7929804325108967,0.6785196018844032,0.007270199732903931,0.0009505516048764575,0.46038885014136904,0.9938473395534927,HOROZ
6311,52348,905.2679999999999,377.9053847413873,177.24237237280914,2.1321390572820045,0.883191495360084,52753,258.1696025635015,0.8131096613855234,0.992322711504559,0.80270435632352,0.6831593647181693,0.007219098814498879,0.0009699533630641666,0.46670671760213256,0.9950836208953897,HOROZ
6312,52353,916.8559999999999,368.67002820081586,185.97179405562704,1.9823975462135992,0.8634469300540706,54198,258.1819317565038,0.6833881578947368,0.9659581534373962,0.782616814484958,0.7003062684983743,0.0070420038622584355,0.0010447877616136935,0.49042886969811716,0.9722249878818563,HOROZ
6313,52379,908.583,380.6054978847659,176.26254170614877,2.1593101642621373,0.8863003587104237,52862,258.2460340715479,0.8349912322652638,0.990863001778215,0.7973295380984105,0.678513672310997,0.00726637579726161,0.0009500184299807223,0.4603808035129551,0.9941049484566936,HOROZ
6314,52388,894.6909999999998,353.8191065737613,189.78925657036444,1.8642736315402697,0.8439626499639067,53003,258.2682196275525,0.7904401225161066,0.9883968831952908,0.822423564704095,0.7299442422104214,0.006753819702484563,0.0011827364309206258,0.5328185967361463,0.9933196602894862,HOROZ
6315,52398,904.8059999999999,358.823553039389,186.34521558569372,1.9255850058268789,0.8545782208710208,53028,258.2928680103906,0.6738425925925926,0.9881194840461643,0.8042917813216445,0.7198325355806202,0.006848039105297703,0.0011341536214325727,0.518158879280425,0.9977589685784461,HOROZ
6316,52403,931.3119999999999,374.2966613292213,179.71921515136222,2.0826746934877445,0.877185413861008,53217,258.3051913197966,0.7390905757242391,0.984704135896424,0.7592339445276439,0.6901081895908184,0.00714265712514973,0.0009993285397963533,0.47624931334031706,0.9918723926847934,HOROZ
6317,52417,903.773,369.66672867205216,181.15195921678406,2.0406443864605017,0.8716992243497739,53096,258.3396934587928,0.7241517462422635,0.987211842700015,0.8064237314747057,0.6988448605770455,0.007052420563405997,0.0010376265326951539,0.4883841391549502,0.9966183520028936,HOROZ
6318,52423,914.2339999999999,382.90340015857646,175.42880822483627,2.1826711589343573,0.8888727196161083,53020,258.3544786792972,0.7323079931830246,0.9887400980761977,0.7881647320783519,0.6747249530098236,0.007304110794089931,0.0009338007146832878,0.45525376221410874,0.9936692567810951,HOROZ
6319,52425,902.449,372.7634140748859,180.40264848073463,2.0662857070787055,0.8750900213422832,53067,258.3594068981056,0.797945205479452,0.9879020860421731,0.80891514587831,0.6930921789610038,0.007110413239387427,0.0010121353585196464,0.4803767685369123,0.9925956508404776,HOROZ
6320,52425,902.771,363.5620573912397,184.36988466978676,1.9719167153702608,0.8618749822732306,53064,258.3594068981056,0.8136990128515552,0.9879579375848032,0.8083382017259519,0.7106335813807917,0.0069348985673102475,0.0010909448133296432,0.5050000869860904,0.9958181127913074,HOROZ
6321,52437,915.7009999999999,376.5203919315843,177.77577437437154,2.117951072111117,0.8815158454947707,52928,258.3889742370555,0.6413762735912522,0.9907232466747279,0.7858512063472126,0.6862549274197242,0.007180433509384295,0.0009823637557517218,0.47094582540785096,0.9974402158288131,HOROZ
6322,52443,901.3079999999999,370.8749132474051,181.23639507320348,2.046360021107264,0.8724672626641679,53048,258.4037566378363,0.721203036470653,0.9885952345045996,0.8112429577564504,0.6967409965134498,0.007071962192235477,0.0010280284989559,0.48544801622255523,0.9934014127236676,HOROZ
6323,52452,878.0319999999999,342.1508561543768,198.78423470581532,1.721217261825278,0.8139148494943925,53647,258.42592865354817,0.6753621322345973,0.9777247562771451,0.8549706934839342,0.7552982083930476,0.0065231231631658814,0.0013095110255755408,0.5704753836017475,0.9819120777017248,HOROZ
6324,52461,899.967,370.10901977817275,181.31829611781174,2.0412116576348924,0.8717757702507599,53069,258.4480987671439,0.7489293056190041,0.9885432173208465,0.813941624748178,0.6983026215412055,0.007054936424737858,0.0010347788821957397,0.4876265512513201,0.9953490009864927,HOROZ
6325,52462,903.657,364.97696535693905,183.83068265754815,1.9853974324669297,0.863891766225557,53123,258.4505619957057,0.8096237538195623,0.9875571786231953,0.8073232742314271,0.7081284204962004,0.0069569777240085975,0.0010790671598545868,0.5014458599144436,0.9955693227953079,HOROZ
6327,52481,909.971,365.4412629444219,185.19517129175733,1.97327641101778,0.862080491320149,53276,258.49735887866643,0.8364305750350631,0.985077708536677,0.7964469653582942,0.7073567905165103,0.006963306014451362,0.0010753487938666556,0.5003536290898184,0.9873360134500784,HOROZ
6328,52487,925.347,377.13975849704457,178.26791882571453,2.11557840009205,0.8812320143783043,53280,258.51213508172975,0.6202377576101342,0.9851163663663663,0.7702866514775847,0.6854544747865812,0.007185393687904521,0.0009784638716706434,0.4698478370049478,0.9939999352976379,HOROZ
6329,52489,919.205,387.71269296313636,172.94867117823242,2.2417789643701784,0.8949959283874012,53125,258.51706029506823,0.5937669683257919,0.9880282352941177,0.7806446843506735,0.6667748180213641,0.007386551333863026,0.0009006130615704202,0.4445886579474232,0.9966695011841018,HOROZ
6330,52502,895.9849999999999,349.7622227314796,192.65073808153014,1.8155249557541773,0.8346340440213339,53247,258.5490718948446,0.6620764448479804,0.9860086014235544,0.8218342443532028,0.7392138289712854,0.006661883789788572,0.0012270355545386947,0.5464370849423887,0.9920701644624719,HOROZ
6331,52546,907.5779999999999,357.7144635969991,187.84227173974543,1.904334207012843,0.8510294823892868,53222,258.65738945109194,0.7010620130216672,0.9872984855886663,0.8016441095169033,0.7230833968807456,0.006807644037548037,0.0011479689988948068,0.522849598844598,0.9956803762027107,HOROZ
6332,52559,919.4849999999999,376.56070975776015,178.64338241741015,2.1078906179569823,0.8803051329427495,53180,258.68938368579296,0.6012239762068177,0.9883226776983829,0.7812097593238194,0.6869792226921568,0.007164533376924222,0.000984333083488145,0.47194045241072013,0.9947988518709305,HOROZ
6333,52563,908.526,378.3836273726799,177.41244654284858,2.132790763816522,0.8832675862789744,53213,258.69922726965063,0.8115581768774703,0.9877849397703569,0.8002308456045102,0.6836956161817516,0.007198668785508435,0.0009702488476089066,0.467439695586145,0.9969510653873366,HOROZ
6334,52569,923.9399999999999,376.8764673883235,181.6248029271265,2.0750275365173447,0.8762144975471938,54253,258.71399194319343,0.6036862655029858,0.9689602418299449,0.7738415434385065,0.6864689475998018,0.007169177031869038,0.000982047861746475,0.4712396160187795,0.9778351795368274,HOROZ
6335,52593,903.642,363.870728951151,185.05809457657324,1.9662513535747488,0.8610135730768292,53257,258.77304221316484,0.7014644686299616,0.9875321553974126,0.8093660666300593,0.7111675153400554,0.006918615195009812,0.0010916579504404414,0.5057592348749481,0.9944497801557961,HOROZ
6336,52612,889.871,347.9376739206413,196.36836933454907,1.7718621135355384,0.8255164871232866,53606,258.81978078888477,0.6901744719926538,0.9814572995560199,0.8349117400614208,0.7438682275260516,0.006613275943143034,0.0012490517846276835,0.5533399399227499,0.9804420754551513,HOROZ
6337,52614,909.269,374.95683731681873,180.28045152699664,2.079852996489027,0.8768285304922389,53287,258.82470014798787,0.8030219780219781,0.9873702779289508,0.7996987457812272,0.6902786518046466,0.007126560180119716,0.0009980619259131432,0.47648461713724083,0.9910179587338172,HOROZ
6338,52617,936.3229999999999,395.0671806131346,170.38253265663764,2.318707055548302,0.9022206036970256,53242,258.83207901133517,0.5799933862433863,0.988261147214605,0.7541965885459094,0.6551596581868281,0.007508356246329791,0.0008533225521845462,0.4292341777154815,0.9952683163513607,HOROZ
6339,52645,909.8499999999999,373.0269821704978,180.42838023995208,2.0674518148109984,0.8752409285084863,53307,258.90093826130226,0.7419804938550005,0.9875813683005984,0.7991483281073236,0.6940541854502299,0.007085705806258862,0.001014229853452375,0.48171121234098213,0.9959147201691696,HOROZ
6340,52647,918.2429999999999,384.4328459571877,174.92860899247904,2.1976556503328517,0.890475933845287,53197,258.90585607836704,0.7671246848999694,0.9896610711130327,0.7846360179750995,0.673474857315392,0.00730208456240978,0.0009266424008042382,0.4535683834359876,0.9967871206704356,HOROZ
6341,52687,907.204,375.6454923931909,179.4649915382495,2.093140780123288,0.8784953204393218,53290,259.0041928105827,0.7866549211657907,0.9886845562019141,0.804458086667211,0.6894910176094462,0.007129756721642738,0.0009939600403308631,0.47539786336410983,0.9950746545908974,HOROZ
6342,52692,908.7439999999999,376.8417352806018,178.81241158151474,2.107469677007359,0.8802540605229984,53308,259.0164822770651,0.703497997329773,0.9884445111427929,0.8018099370838685,0.6873349155029171,0.007151782723764553,0.0009846178352240912,0.47242928606940227,0.9956303949215004,HOROZ
6343,52736,907.64,380.96951140292657,176.64709444549726,2.1566701258167087,0.886003907028921,53205,259.1246044495843,0.8096290837632032,0.991185039000094,0.8044328466520984,0.6801715011139701,0.0072240881258139895,0.0009537543305632741,0.46263327092763146,0.9977473546184903,HOROZ
6344,52741,917.035,385.0091890504162,175.14511595171803,2.19822966206235,0.8905366402788121,53339,259.1368882055915,0.6305714968914395,0.9887886912015599,0.7881092068947183,0.6730667619770967,0.007299997896331434,0.0009241342687946249,0.4530188660783337,0.9958395088872444,HOROZ
6345,52743,915.6739999999999,374.71689830504516,180.51219160227163,2.0758536859974037,0.8763199583728365,53447,259.1418015449585,0.6784887310898425,0.9868280726701218,0.7904837144045452,0.6915668941463093,0.007104580670516375,0.001002432163992508,0.4782647690791728,0.9928076837756981,HOROZ
6346,52744,914.9029999999999,362.14576555743184,190.06945569975886,1.9053338382232832,0.8511994164693887,54355,259.1442581797085,0.7093633160287275,0.970361512280379,0.7918315891890637,0.7155799758719295,0.006866103548411797,0.0011105109065345695,0.5120547018688711,0.9756351504920954,HOROZ
6347,52744,918.914,390.0784989364601,173.99859767766856,2.241848521440836,0.8950028263362446,53485,259.1442581797085,0.813009633911368,0.986145648312611,0.7849340886447653,0.66433873921854,0.00739569427681746,0.0008886219252968945,0.44134596042647933,0.9894307888259884,HOROZ
6348,52751,916.801,359.75827331705176,187.66628209797597,1.9170107133535623,0.853162340296405,53584,259.1614539709263,0.6372817879794624,0.9844543147208121,0.7886610712267789,0.7203766339586848,0.006819932765578885,0.0011329176075103333,0.5189424947536452,0.9948183220571626,HOROZ
6349,52762,914.255,366.468075964036,183.9484185476154,1.9922328164467207,0.8648970074747344,53405,259.18847362357116,0.6330325862648174,0.9879599288456137,0.7932250583515593,0.707260715525483,0.006945682043213601,0.0010720444811949052,0.5002177197256183,0.9965501566055247,HOROZ
6350,52764,908.2509999999999,374.2011816110282,180.10602410468417,2.0776716574095757,0.8765515412923514,53332,259.19338598507125,0.821127330449127,0.9893497337433436,0.8037774285413284,0.6926578501681366,0.007091979031366617,0.0010069832533385471,0.4797748973995449,0.9968147062636215,HOROZ
6351,52772,903.5469999999999,361.5211963798326,186.68336670275383,1.9365474426838676,0.8563578062292441,53505,259.213034500127,0.642957223095386,0.9863003457620783,0.8122915234456125,0.7170064635097759,0.006850625263015095,0.0011168690524861647,0.5140982687147956,0.9955756875678411,HOROZ
6352,52784,914.54,383.43845055086945,175.84282895360326,2.180574851033823,0.8886455595020238,53295,259.24250448045905,0.7315869715869716,0.9904118585233136,0.7930612890079164,0.6760993951128702,0.007264293167453574,0.0009363006289208822,0.457110392071989,0.9967634250983899,HOROZ
6353,52794,931.724,389.1208357424275,173.28243865877045,2.2455872548555726,0.8953725746862986,53422,259.26706023856593,0.7980952380952381,0.9882445434465201,0.7642225830808735,0.6662893282080216,0.007370550360693024,0.0008960476599823483,0.4439414688838967,0.9969093044275402,HOROZ
6354,52801,913.848,381.57573259246794,176.73445316235606,2.1590342220480103,0.8862694284935143,53390,259.284247885523,0.6644644115574349,0.9889679715302491,0.7945186213703203,0.6795092710008495,0.007226676248413249,0.0009503857318609327,0.4617328493761059,0.996897023246752,HOROZ
6355,52812,918.4439999999998,377.20807137936225,182.57558838663195,2.0660378241836255,0.8750579062748334,54026,259.31125474331697,0.7166877010137198,0.9775293377262799,0.7867506600483645,0.6874488496364247,0.007142468972569913,0.0009839877310650355,0.47258592086644363,0.9763803876867221,HOROZ
6356,52831,899.3879999999999,366.4237206041619,184.36196064490304,1.9875234528988626,0.8642056650506803,53378,259.3578963284198,0.8019277474195508,0.9897523324215969,0.8207379548837443,0.7078086972666202,0.006935771054951863,0.0010738363246484708,0.5009931519262701,0.9957356391951847,HOROZ
6357,52856,915.191,380.01572837279554,177.64216985695805,2.139220257660632,0.8840141997816577,53359,259.419254058988,0.8094829698603283,0.990573286605821,0.79301367516827,0.682653992164497,0.00718964220472218,0.0009631403510286753,0.46601647301812515,0.9969118794839327,HOROZ
6358,52864,902.3179999999999,368.1267437985083,183.2687353252066,2.008671818165139,0.8672680874658335,53386,259.4388854680031,0.704928525709409,0.990222155621324,0.8159257573546026,0.704754245211821,0.006963656624517787,0.0010596633483222052,0.4966785461440835,0.997664198326854,HOROZ
6359,52874,937.5189999999999,372.68421844936347,181.3120030732543,2.055485638746103,0.8736788870725478,53584,259.4634226405082,0.7767820414879238,0.986749776052553,0.755947917023216,0.6962017971140934,0.007048534600169525,0.0010214548119974794,0.48469694230489324,0.9962876040518567,HOROZ
6360,52875,911.09,380.04175864238664,177.9162954443718,2.136070547631273,0.8836493665128209,53456,259.46587623013494,0.7514496049116025,0.9891312481293026,0.8004564059821252,0.6827299114629355,0.00718755099087256,0.0009632886051996225,0.466120132006188,0.9956654856364191,HOROZ
6361,52881,899.466,375.8818234992631,179.60278782299233,2.0928507182734477,0.878459307793746,53316,259.4805972806833,0.7008840408752932,0.991841098356966,0.8213722385610003,0.6903249400704049,0.0071080695051013235,0.0009957393820160933,0.4765485228832081,0.9973449184082724,HOROZ
6362,52881,905.4239999999999,374.01846843692994,180.81335571957587,2.068533416397606,0.8753806483688207,53366,259.4805972806833,0.8116059917735895,0.9909118165123861,0.8105979834747739,0.6937641297903957,0.00707283274591876,0.0010106959297611086,0.48130866778382503,0.9956030629126561,HOROZ
6363,52887,905.99,377.48415359591223,178.8823400687723,2.1102371170389786,0.8805892178482769,53460,259.4953174961131,0.7685276679841897,0.9892817059483726,0.8096773459669833,0.6874336711201303,0.007137560338002009,0.000983224648081303,0.4725650521896995,0.9972243133461663,HOROZ
6364,52889,923.455,378.66679432955544,178.50707720147915,2.1212984956454024,0.8819145084884222,53587,259.5002240490324,0.7565731124653106,0.9869744527590647,0.7793701091733553,0.6852996564129364,0.00715965123805622,0.0009740778917366556,0.46963561907968876,0.9962373322552409,HOROZ
6365,52907,930.8299999999999,364.1839110359063,186.4900848053003,1.952832567029621,0.8589397435144489,53810,259.5443788512925,0.6028875518483067,0.9832187325775879,0.7673301389890124,0.7126739292601616,0.006883473094976209,0.0010953448473741514,0.5079041294471179,0.9918517249131603,HOROZ
6366,52912,913.542,367.015246148141,185.46077462970166,1.978937308338856,0.8629310294308216,53708,259.5566427410921,0.6927286533476473,0.9851791167051464,0.796722356704693,0.7072094292135357,0.0069363328951493235,0.0010702909685325322,0.500145176768535,0.9897559498929861,HOROZ
6367,52921,901.0409999999998,364.5229899311599,185.50503349985203,1.965030183029781,0.8608268056830222,53640,259.57871628261347,0.6416533294534168,0.9865958240119314,0.8191223951494995,0.7121051989934432,0.006888059370215224,0.0010925800608666241,0.5070938144334913,0.9964546509895131,HOROZ
6368,52922,931.369,380.9248102597431,178.99371556274278,2.128146281907966,0.882723642022839,53803,259.5811687824721,0.5822002200220022,0.9836254483950709,0.7666595593793958,0.6814498866730949,0.007197853638557558,0.0009574552145261055,0.46437394804677395,0.988255690950665,HOROZ
6369,52923,910.9429999999999,379.9482538382652,178.15838249389193,2.132643148863857,0.8832503579708909,53539,259.58362125916,0.7300126903553299,0.9884943685911205,0.8014416581118061,0.6832078280050695,0.007179265231341103,0.0009648750932499343,0.4667729362474047,0.9954601045630936,HOROZ
6370,52936,905.8629999999999,374.8499052735632,180.33279905009096,2.0786562802113515,0.8766766887542304,53513,259.6155013478598,0.6283950617283951,0.9892175732999459,0.8106547712448904,0.6925852126290227,0.007081190593803143,0.0010050297217372541,0.47967427675238855,0.9970779478271903,HOROZ
6371,52942,918.137,365.4608678601615,190.78479594040212,1.9155659970636505,0.8529216660084754,55205,259.63021391465395,0.772785660068897,0.9590073362920025,0.7892148146627708,0.7104186432731775,0.006903042345588786,0.0010846202289573352,0.5046946487101024,0.9667759079690562,HOROZ
6372,52948,942.553,370.43302034366303,182.8715928463974,2.0256455066523507,0.8696494319467002,53826,259.64492564777265,0.626099706744868,0.9836881804332479,0.7489414446766333,0.700922734714339,0.006996166433928817,0.001041646795514075,0.49129268003942766,0.9951848097730577,HOROZ
6373,52961,909.1059999999999,364.0186631448697,189.9490931421415,1.916401163718479,0.853060870501559,54429,259.6767982102347,0.6159258483939246,0.9730290837604954,0.8052616055623598,0.713361221556078,0.006873334399744524,0.0010979567313160303,0.5088842324199797,0.9752263352076339,HOROZ
6374,52964,919.8040000000001,374.4025122102873,181.0813373403145,2.067593036971311,0.8752591851134046,53536,259.68415286141965,0.8244707347447073,0.9893156007172743,0.7866835214353205,0.6935961816291585,0.007068999928447384,0.001009170424842509,0.48107566317054856,0.994668691427782,HOROZ
6375,52968,924.79,387.70888903399236,174.719386511581,2.2190376052418985,0.8927028360755738,53585,259.6939587389974,0.6770977143733702,0.9884855836521415,0.7782823632750993,0.6698168808717428,0.007319681487577261,0.000908858556354825,0.44865465390075054,0.9955815487725542,HOROZ
6376,52974,900.713,371.1746809623813,182.40513273912222,2.0348916468992093,0.8709189632202162,53513,259.7086668611591,0.7455876143560872,0.9899276811242128,0.820540023113935,0.6996939182052686,0.007006733132525036,0.0010359236199448077,0.48957157917344113,0.9962251170192902,HOROZ
6377,52983,917.3589999999999,368.48937169972737,184.0945033393407,2.0016315806045135,0.8662605823642976,53699,259.73072748272034,0.7955405405405406,0.9866664183690571,0.7911662581897302,0.7048526970660318,0.00695486045901001,0.001058916333067024,0.49681732456125915,0.9944452466332586,HOROZ
6378,52990,916.034,368.56695825775154,183.6924603468862,2.006434872513259,0.8669492415242052,53678,259.74788444858655,0.64300448974639,0.9871828309549536,0.7935615126738073,0.7047508699001063,0.006955405892767532,0.0010583875538861848,0.4966737886249565,0.996543609760392,HOROZ
6379,52994,915.63,382.6446236214361,176.8480715989079,2.1636912416510574,0.8867897033930957,53608,259.75768792029083,0.7978620897320085,0.9885464855991642,0.7943219031310185,0.6788483932215871,0.007220527297834398,0.0009458883021244449,0.46083514097953054,0.9971049583824404,HOROZ
6380,52995,917.0289999999999,386.789932848892,175.04640767938992,2.2096422198924848,0.8917329634304089,53658,259.7601387304063,0.7459881756756757,0.9876439673487644,0.7919150937231777,0.6715793682042064,0.007298611809583772,0.000915818496383217,0.4510188477975611,0.9965902880607536,HOROZ
6381,52999,900.505,365.59969098145325,185.04858906202028,1.9756956420722562,0.862444973135132,53586,259.7699417396456,0.7937071315182556,0.9890456462508864,0.8213065420863759,0.7105310757848088,0.006898237532433692,0.0010845515899163484,0.5048544096559178,0.9974386570381581,HOROZ
6382,53002,931.496,382.7761911918989,177.34688807379322,2.158347379812086,0.886192384497292,53702,259.7772937538096,0.6230618218580648,0.9869651037205318,0.767609132746363,0.6786662800131534,0.007221919761365588,0.0009450559216643058,0.46058791962689205,0.9941087294998021,HOROZ
6383,53008,901.15,358.1807514407849,189.73749634613122,1.8877699892664799,0.8481691101079002,53677,259.79199715796,0.619585291161138,0.9875365612832312,0.8202705292871009,0.725309766404098,0.006757107444928782,0.0011535453923357938,0.5260742572411674,0.9931071949455299,HOROZ
6384,53009,903.591,375.4326141488928,180.61141548191713,2.078675997013496,0.8766791927994948,53622,259.79444764441416,0.7632465587744054,0.9885681250233114,0.8158600775093876,0.6919868915314381,0.007082431552168364,0.0010017367785603412,0.4788458580513423,0.9953653914006567,HOROZ
6385,53012,927.448,386.119019260351,175.94230767622165,2.1945774405261735,0.8901495039583235,53660,259.8017989650965,0.783274231678487,0.987923965710026,0.7744705630964686,0.6728541874543564,0.007283615393879707,0.0009208960413043081,0.4527327575748625,0.9935570963609982,HOROZ
6386,53027,910.442,375.74257922802803,180.63542429150112,2.08011568440569,0.8768618222699758,53644,259.8385524487686,0.625318396226415,0.9884982477071061,0.8039006010323541,0.6915334242464962,0.007085872842665586,0.0009995990185420133,0.4782184768500844,0.99474975426846,HOROZ
6387,53032,941.666,368.55431673951676,188.27218681418046,1.9575611404740834,0.8596759695259395,55428,259.85080245478395,0.7592377843634125,0.9567727502345384,0.7515434430541668,0.7050542909213536,0.006949659012285352,0.0010593354334235293,0.4971015531466127,0.9731066833091213,HOROZ
6388,53037,905.773,362.72164612984756,188.79735842794713,1.921222040128687,0.85386042277221,53893,259.8630518833311,0.7412371422182469,0.9841166756350547,0.812362884625767,0.7164255418886828,0.006839030226631362,0.0011113696415957063,0.5132655570704928,0.9860971006827592,HOROZ
6389,53042,896.923,359.64976806850217,189.19271886588177,1.9009704507891605,0.8504554336410899,53863,259.8753007344917,0.8115361077111383,0.9847576258284908,0.8285513580408064,0.7225788080725065,0.006780471476726032,0.001140198689466495,0.5221201338754842,0.9925349462593759,HOROZ
6390,53053,899.8520000000001,367.3485324778837,184.92153679348763,1.986510272668362,0.8640562127687115,53506,259.9022461750467,0.6976068376068376,0.9915336597764737,0.8233370112951014,0.7075086006793675,0.0069241802061689945,0.0010702248219111598,0.5005684200352769,0.9943843085734492,HOROZ
6391,53054,924.223,372.24060600893694,184.98152474150905,2.0123123459442853,0.8677844744889918,54176,259.90469562202856,0.7102846279486974,0.9792897223862965,0.7805027775949792,0.6982169366438992,0.007016259019281052,0.001028600884355216,0.4875068906163908,0.9810161347202735,HOROZ
6392,53069,908.672,373.347705589673,181.8319054165227,2.053257401303939,0.8733846847796282,53741,259.9414345569985,0.5970053548125815,0.9874955806553656,0.8076746952816871,0.6962448962862693,0.007035137379443234,0.001019765802563924,0.484756955604678,0.9953308069288702,HOROZ
6393,53081,902.8640000000001,368.9348248012591,184.49432561844785,1.9997082488284874,0.8659832828896019,53738,259.9708219667876,0.6083921694480102,0.9877740146637389,0.8182844280525365,0.7046524331413573,0.006950412102282532,0.0010570368838067649,0.49653505153203503,0.9929252383810886,HOROZ
6394,53119,931.513,385.88488110135086,176.38253203599263,2.187772658930915,0.88942256243235,53819,260.06386018973706,0.6568930550059359,0.9869934409780933,0.7692755230327861,0.673941563731367,0.007264535874194749,0.0009244354696781125,0.4541972313246803,0.9936802844542556,HOROZ
6395,53121,930.2409999999999,390.52683818980046,174.23993675342038,2.241316459741738,0.8949500442888991,53903,260.0687560163208,0.6781692837993106,0.9854924586757694,0.7714098004901763,0.6659433631291799,0.00735164696052033,0.0008918947061752207,0.4434805628958028,0.9939802851938937,HOROZ
6396,53160,917.0409999999999,378.1561498617105,179.5575752047412,2.1060439774290587,0.880080831925643,53646,260.1642062200741,0.6526062510741731,0.9909406106699474,0.7943599326703494,0.6879808944406025,0.007113546837127737,0.000983040633212968,0.4733177111152915,0.9968279149048667,HOROZ
6397,53164,918.957,387.98861154490424,175.42958071102044,2.2116487423180105,0.8919412212721247,53706,260.17399400458953,0.7080225868314511,0.9899080177261386,0.7911104710068229,0.6705712133369617,0.007297957481470624,0.0009102500572889662,0.449665752156205,0.9945026952197528,HOROZ
6398,53171,907.2869999999999,366.22127066679406,186.29463359923454,1.9658176061830415,0.8609472796883031,53900,260.1911217415255,0.752650576827801,0.9864749536178108,0.8116995701330777,0.71047517602619,0.006887612997062196,0.0010825404492774947,0.5047749757494457,0.9922955344888782,HOROZ
6399,53174,876.6329999999999,330.7512978338277,205.72732368490725,1.6077169133858353,0.7830172017242274,53778,260.1984618550762,0.714589044777724,0.9887686414518948,0.8695079653259727,0.7866891636077634,0.006220169591037494,0.0014695848300259838,0.6188798401378824,0.9949835863431954,HOROZ
6400,53174,904.614,361.91457410463613,189.0746054570207,1.9141363443802313,0.8526828973951599,53848,260.1984618550762,0.7621545694301112,0.9874832862873273,0.8165496290701165,0.7189499414296813,0.00680623188221003,0.0011217113503735796,0.5168890182817422,0.9893960559041005,HOROZ
6401,53179,911.324,371.4769263225287,183.45344318727908,2.024911170205212,0.8695477784961688,53744,260.2106949175441,0.6706983314204997,0.9894871985710033,0.8046451817121679,0.7004760631932775,0.006985406388283508,0.0010373961599717567,0.49066671510675264,0.9935565122675619,HOROZ
6402,53181,961.4139999999999,390.322181423514,175.6367647642246,2.2223261852237135,0.8930391625944969,54343,260.2155879815056,0.6533613445378151,0.978617301216348,0.7230119567641506,0.6666687171927903,0.007339504361022057,0.0008943073551060933,0.4444471784834805,0.9877066026926362,HOROZ
6403,53196,904.656,364.1615729213125,186.65096062585613,1.9510297278955788,0.8586574685585147,53781,260.2522830288559,0.7745937445395772,0.9891225525743292,0.8168116164074003,0.7146615743696023,0.0068456570592020545,0.0011015307585477852,0.5107411658804386,0.9964711978927828,HOROZ
6404,53218,909.5260000000001,377.9358534710987,180.15756889369126,2.097807246134155,0.8790724326531317,53831,260.3060930745108,0.8099905634531673,0.9886125095205365,0.8084220979318523,0.6887573398601008,0.007101654580613678,0.0009858350787794851,0.47438667321116246,0.9951718005318518,HOROZ
6405,53221,899.204,358.79297933647615,193.0317976533767,1.858724747415726,0.842942748304386,54412,260.31342994619024,0.6776292335115864,0.9781114460045578,0.8271350685271379,0.7255254281385151,0.006741567789716017,0.001152261951046682,0.5263871468755755,0.9784088166191888,HOROZ
6406,53226,919.697,372.830274923197,183.61025918694799,2.030552522359817,0.8703255744590723,53942,260.3256576061487,0.6272656563037688,0.9867264840013348,0.7907590190091737,0.6982417338821955,0.007004664542201123,0.0010270469951247547,0.4875415189348147,0.9899786610282244,HOROZ
6407,53228,920.083,380.32530432176327,178.96993973271742,2.1250792445354785,0.882362300050187,53905,260.33054850931967,0.6539387684898521,0.9874408681940451,0.7901253564195465,0.6844944197798485,0.007145211248248352,0.000967552376246645,0.4685326107097515,0.9956689264073143,HOROZ
6408,53240,920.9509999999999,381.45761445057605,178.49072888739667,2.137128448230069,0.8837721006630912,53846,260.35989199894067,0.6008486818345973,0.9887456821305204,0.7888144600768845,0.6825395067128079,0.007164868791333134,0.0009591779388227629,0.46586017822376335,0.9956030397795349,HOROZ
6409,53256,900.4949999999999,358.4249511805533,191.00517425363313,1.8765195894882187,0.8461773161556877,53850,260.3990115081388,0.8121759287500763,0.9889693593314763,0.8253075089220868,0.7265091636351098,0.006730226663297156,0.001156575104152401,0.5278155648457867,0.9904562470699081,HOROZ
6410,53279,925.993,384.78744437525177,177.20923580593637,2.1713735326788295,0.8876399950055966,53983,260.4552355088005,0.7600753241936175,0.9869588574180761,0.7808192677872847,0.676880806055615,0.007222122118944646,0.0009351760743227045,0.458167625606499,0.994853055772255,HOROZ
6411,53281,913.484,367.84150662093606,185.6711399550802,1.981145301902755,0.863260575638637,54004,260.4601239787661,0.6595652496843356,0.9866121028071995,0.8023804552867728,0.7080770366873593,0.006903802605449148,0.0010705086209250195,0.5013730898839521,0.9932929415240596,HOROZ
6412,53290,904.9200000000001,362.9207993038769,187.74642387048948,1.9330370817301188,0.8557916480468007,53948,260.48212095830456,0.8093372213109775,0.9878030696225996,0.8177776001977134,0.7177381992377916,0.00681029835436061,0.0011148338430290378,0.5151481226451079,0.9958004236566486,HOROZ
6413,53306,913.4969999999998,374.4862022415856,183.10416029990157,2.045208593994939,0.8723131117092449,53951,260.52122211377053,0.7073419938695081,0.9880447072343422,0.8027340926033685,0.6956764242697121,0.0070252167155964735,0.0010150060527345428,0.48396568728469275,0.9898107828333208,HOROZ
6414,53316,935.0559999999999,378.81403957853456,179.78001544582511,2.1070976028071726,0.8802088891092125,54000,260.5456573560571,0.5995951417004048,0.9873333333333333,0.7662882754026635,0.6877930333467527,0.007105072390624476,0.000980797522234602,0.4730592567203274,0.9967820258211447,HOROZ
6415,53325,917.3199999999999,376.75339358524167,182.11708511978583,2.068742717562362,0.875407657739736,54155,260.5676471149144,0.7039696893688365,0.9846736220108947,0.796340866556268,0.6916132715761726,0.007065230071922019,0.000997147363867851,0.47832891742029665,0.989539464512727,HOROZ
6416,53361,922.495,370.017876052538,185.76161694215403,1.9918962923743344,0.8648477860838522,54294,260.6555875990634,0.6967097532314923,0.982815780749254,0.7879629218834469,0.7044405269816032,0.006934238040001837,0.0010533091140181151,0.49623645605411887,0.9884515569551788,HOROZ
6417,53367,912.2460000000001,376.35298606458167,181.1850524978176,2.077174584085047,0.8764882879032897,54010,260.6702414620461,0.6320558069024327,0.9880947972597667,0.8058583649985724,0.6926216905777796,0.0070521668084130955,0.0010011212763626673,0.47972480625882163,0.9964721749159474,HOROZ
6418,53370,892.301,344.28012992595876,200.1156996505428,1.7204053981130256,0.8137190747477321,54303,260.6775680846276,0.8086363636363636,0.9828186288050383,0.8423339544278312,0.7571670434209757,0.006450817499081108,0.0013078602133714443,0.5733019316428617,0.986311737947004,HOROZ
6419,53382,897.04,345.2883089910031,201.84381823301518,1.710670715673793,0.8113461338929366,54762,260.7068725159589,0.7617620617320947,0.9748000438260107,0.833644878997591,0.7550411228164459,0.006468253512251379,0.0012967289868047159,0.5700870971439196,0.975231302467584,HOROZ
6420,53388,919.291,380.34701621046736,179.95861019914264,2.1135249699337777,0.8809855264230573,54005,260.721523496471,0.5906013540422143,0.9885751319322285,0.7938665428105727,0.6854832886402851,0.0071242042445955524,0.0009702945923837737,0.4698873390051003,0.9931186240430177,HOROZ
6421,53404,926.9679999999998,380.7954808973252,179.6087196750039,2.1201391646595007,0.8817766715292992,54169,260.7605887534323,0.8223084503572309,0.9858775314294154,0.7810056346193116,0.6847785801947103,0.00713046739752313,0.0009671602303348943,0.4689217038934833,0.9941792695834394,HOROZ
6422,53408,904.541,372.3549933756336,183.33142594051296,2.031048367542042,0.8703935958713512,54003,260.7703541532579,0.8174985841331068,0.9889820935873933,0.8202753585304177,0.700327265089719,0.0069718954721321455,0.0010345101792546257,0.49045827822804555,0.9961444853425526,HOROZ
6423,53434,918.473,367.62905790402084,185.54558829364217,1.981340873070049,0.8632897057605454,54145,260.83382034042035,0.8157364435759649,0.9868685935912827,0.7959664490100075,0.7095027303541327,0.0068800587248572225,0.0010754449689238516,0.5033941243799693,0.9973953538973411,HOROZ
6425,53444,944.0569999999999,393.20352263042474,174.8887391063187,2.2483066928133533,0.8956402647795565,54336,260.8582263008511,0.6643793043435021,0.9835836277974087,0.7535505406251639,0.6634178263607111,0.0073572996525414405,0.000879117156231475,0.44012321233317075,0.9895319639511801,HOROZ
6426,53447,936.4929999999998,372.02537696358047,184.08163305251347,2.020980424795839,0.8690015605415239,54285,260.86554764372437,0.6133604168101173,0.9845629547757208,0.7658154541005177,0.7012036377003977,0.006960640952038103,0.0010380197980908426,0.49168654152427066,0.9936888755561177,HOROZ
6427,53473,899.3369999999999,349.47821733225976,196.1545286584426,1.7816474578611166,0.827627153645805,54218,260.9289906768187,0.8245898100172712,0.9862591759194363,0.8308057459783059,0.7466244753925406,0.006535601468633885,0.001252778278914475,0.5574481072551865,0.9931760031806939,HOROZ
6428,53480,916.9229999999999,375.19139219187133,182.9081849584442,2.051255345828908,0.87311944304846,54215,260.9460688579855,0.5991686926515567,0.986442866365397,0.7993473311554908,0.6955012142830258,0.007015545852503203,0.0010125880562464682,0.48372193906916344,0.9922372134103469,HOROZ
6429,53491,918.605,381.2313209299884,180.76765318158522,2.108957627209072,0.8804344420703616,54208,260.9729037418034,0.681631092704683,0.9867731700118064,0.7965865533085674,0.6845526309464223,0.007127018020414432,0.0009654171184831645,0.46861230453566866,0.9882834938545187,HOROZ
6430,53495,917.24,375.5473573929146,182.1339280304439,2.061929709933788,0.8745238090690786,54205,260.98266119726713,0.6321343322383192,0.9869015773452634,0.7990189594660572,0.6949394159208936,0.007020232870229266,0.0010099946210324656,0.4829407918004728,0.9957899667523427,HOROZ
6431,53505,921.8249999999999,375.3165391476961,183.018671261122,2.0507008195476026,0.8730458250947456,54350,261.0070532400511,0.753061224489796,0.9844526218951242,0.7912382400676714,0.6954317916092115,0.007014606843242615,0.0010120483460670567,0.483625376780798,0.9917709565184003,HOROZ
6432,53508,913.333,374.4842851193443,182.99246755351325,2.046446447364465,0.8724788216584433,54140,261.01437040839164,0.625531914893617,0.9883265607683783,0.8060654066193987,0.6969968588273578,0.00699865973535442,0.001018868007106942,0.4858046212152039,0.9941731411990935,HOROZ
6433,53527,946.749,392.3779286352567,174.08389710746764,2.25395878168461,0.8961932829125794,54321,261.06070771190184,0.6131666972140762,0.9853831851401852,0.7504349586962274,0.6653297462981829,0.007330467402156981,0.0008860519643861071,0.4426636713092045,0.9977456692801311,HOROZ
6434,53533,920.493,375.5002367487007,182.42007500609387,2.0584370263862506,0.8740669481076244,54205,261.0753388359526,0.6056043259876013,0.987602619684531,0.7939450870316421,0.6952734333711602,0.00701436939362077,0.0010110926108521253,0.4834051471517211,0.9950590536427968,HOROZ
6435,53544,905.381,361.84302291104666,190.05541914918868,1.9038816390024063,0.8509524480724735,54466,261.10216043399475,0.6496796738497379,0.9830720082253149,0.8208388880874696,0.721589595215665,0.006757863120257109,0.0011301867284992208,0.5206915439235074,0.9913350700597806,HOROZ
6436,53562,906.8779999999999,366.84849642485676,187.3973369168603,1.9575971700580292,0.8596815563507505,54407,261.14604437958616,0.6854269041769042,0.9844689102505192,0.8184062103117365,0.7118634720452722,0.006849044031680235,0.0010849171013256104,0.50674960283235,0.9920115884326388,HOROZ
6437,53566,921.082,358.4235329782361,192.97127579878793,1.857393187118512,0.8426964577009272,54665,261.1557953660683,0.6915846825212384,0.9798957285283088,0.7934188064991041,0.7286234617354937,0.006691250662327523,0.0011633212677620132,0.5308921489914143,0.9860754606313593,HOROZ
6438,53574,927.9010000000001,377.7799429109951,181.84343225946097,2.0775011679935993,0.8765298518667486,54126,261.1752962468725,0.8247356024569343,0.9898015741048665,0.7819169935648773,0.6913424101723827,0.00705155379308984,0.0009936590296122894,0.47795432810295907,0.9929506748814934,HOROZ
6439,53576,935.254,397.76318625135355,172.24059012695503,2.309346397142337,0.9013828935705002,54159,261.1801712395699,0.6151302570697039,0.9892353994719253,0.7696991400148394,0.6566222824716754,0.007424279271527429,0.0008513272372105699,0.4311528218383129,0.9956812157300595,HOROZ
6440,53606,917.8979999999999,363.36523069049133,189.29727805277153,1.91954810142169,0.85358356400304,54298,261.25328521393396,0.715892094017094,0.9872555158569376,0.7995293646534475,0.7189826189959967,0.0067784432841564626,0.0011173347247987041,0.5169360064183426,0.99228352967684,HOROZ
6441,53607,929.6819999999999,385.1188504070685,177.72407062468778,2.1669481745123353,0.8871513913199286,54178,261.2557219940223,0.7175920968087385,0.9894606666912769,0.7794038067651141,0.6783768743541803,0.007184114955268314,0.000938506260256381,0.4601951836585474,0.9972191131482582,HOROZ
6443,53611,939.045,388.4942697807448,177.2443309627089,2.1918572383704706,0.8898597934639578,54416,261.2654688871011,0.651251214771623,0.9852065568950309,0.7639957857139248,0.6725079086354401,0.0072465402581698675,0.0009143238657160495,0.4522668871772134,0.9913044503346563,HOROZ
6444,53624,933.4140000000001,383.66313975271237,179.53602092748685,2.136970273545668,0.883753762428009,54374,261.29714377864593,0.5867728804657066,0.9862066428807886,0.7734289954272789,0.6810587640685611,0.007154690805473526,0.0009495306253532018,0.46384104011459604,0.9912145143753955,HOROZ
6445,53639,905.9409999999999,364.9454311233606,190.46029377186585,1.9161234286475153,0.8530146007016949,54561,261.33368695988923,0.6854386301194811,0.9831014827440846,0.8212789787701831,0.7160897621199482,0.006803732939155476,0.001103562361411312,0.512784547413004,0.9825584851464698,HOROZ
6446,53645,913.5129999999999,375.6954572831699,183.80185444720078,2.0440243022199365,0.8721542605531138,54346,261.3483028016784,0.8232811540822591,0.9871011665991978,0.8078107894526427,0.6956387087871932,0.007003363916174292,0.0010116293436457612,0.48391321316311353,0.9891303678707405,HOROZ
6447,53651,921.453,388.8616731813317,176.21314601544609,2.2067688022960885,0.8914336551604787,54216,261.36291782612585,0.7881970970206265,0.9895787221484432,0.7940380397809698,0.6721231117684582,0.007247985558169125,0.000912414964792144,0.4517494773733153,0.9969066531209948,HOROZ
6448,53663,914.0229999999999,378.6001395228766,181.6477771082889,2.084254184388808,0.8773844895817347,54314,261.39214542354375,0.6380249203405146,0.9880141400007365,0.8071803177918937,0.6904174566680247,0.0070551430133029575,0.000988855057272897,0.4766762644719437,0.9935144988244746,HOROZ
6449,53679,913.6650000000001,377.9587502734131,181.22606910942594,2.0855650190436905,0.8775493269093556,54238,261.4311104705001,0.6044728218641262,0.9896935727718573,0.8080538493607992,0.6916921761472181,0.0070410914933849945,0.0009941941507920849,0.4784380665432741,0.9978136953615498,HOROZ
6450,53679,949.6030000000001,354.39712936031316,195.98016057464176,1.808331661333322,0.8331839720340988,54804,261.4311104705001,0.71538615312854,0.9794723012918765,0.7480491343722624,0.7376784088019653,0.006602155952240413,0.001205962574951669,0.5441694348125994,0.9840388181014826,HOROZ
6452,53684,902.2399999999999,364.9581305982521,189.89629229679556,1.9218812868017785,0.8539692348793027,54390,261.4432858567274,0.6637487636003957,0.9870196727339584,0.828725261229764,0.7163651496903506,0.00679826634748253,0.0011043728911637363,0.5131790276908783,0.986269170098231,HOROZ
6453,53706,916.002,368.4550792730539,186.39510716089902,1.9767422272248705,0.862602189765757,54483,261.49685082147096,0.6196321849689642,0.9857386707780409,0.804340298035774,0.7097116189506548,0.006860594333464676,0.0010736659102696118,0.5036905820735595,0.9956664430402795,HOROZ
6454,53709,915.9039999999999,360.8947204035148,195.82438807148299,1.8429508395643506,0.8399860006499642,55433,261.5041542847472,0.7283070038646688,0.9688993920588819,0.8045573728405404,0.7245995563259018,0.006719445910434281,0.001142629625931859,0.5250445170276937,0.967631233464847,HOROZ
6455,53715,962.0269999999999,386.5679917594916,177.45028902981,2.178457943759966,0.8884154421980401,54528,261.5187605994057,0.6683214512336232,0.9850902288732394,0.7293414935822206,0.6765142644353056,0.007196648827319959,0.000929860729443642,0.4576715499844425,0.9970182236965451,HOROZ
6456,53726,909.0419999999999,371.23265661274775,185.68810883797988,1.9992268699158475,0.8659137401304877,54515,261.5455367243749,0.742482034273079,0.9855269191965514,0.8170083091580278,0.7045326753061135,0.006909739355484268,0.0010501370664593322,0.4963662905739895,0.9923488254359772,HOROZ
6457,53743,946.9919999999998,395.32246679466783,174.2350635710868,2.268903047941201,0.8976340158057959,54333,261.58691261739733,0.5722088541555759,0.9891410376750778,0.753076593227598,0.6617051510843341,0.007355794555470811,0.0008698961637078692,0.4378537069715413,0.9934476103000838,HOROZ
6458,53746,912.8599999999999,383.5636250187341,179.44552169258915,2.137493437567212,0.8838143993002806,54488,261.59421356623324,0.8160643789857273,0.986382322713258,0.8104899928086408,0.6820099626325525,0.007136598537914154,0.0009524318376436758,0.46513758913005576,0.9942285443313283,HOROZ
6459,53759,899.51,354.13127940301143,194.45971555690323,1.8211035555041977,0.8357450984973095,54419,261.6258486568512,0.7908061194468962,0.9878718829820468,0.8349280542406782,0.7387820954361773,0.006587385914972589,0.0012104819454588996,0.5457989845370692,0.9939564713310374,HOROZ
6460,53763,922.9139999999999,368.98860222465794,187.07033059387274,1.9724592406143089,0.8619570382270704,54620,261.6355817613433,0.6309174548783064,0.9843097766385939,0.7931784213319439,0.7090614186560891,0.006863244279981733,0.0010701499623082006,0.5027680954265855,0.9916895757102254,HOROZ
6461,53775,888.483,356.13367867730744,193.15111116018048,1.8438085938939555,0.8401490069414822,54244,261.6647789025748,0.6438192158036516,0.9913538824570459,0.8560360176973119,0.7347375285437948,0.0066226625509494645,0.0011905325717626203,0.5398392358506438,0.9953602223825628,HOROZ
6462,53791,913.8609999999999,373.1675803350972,184.40926277337385,2.0235837111593153,0.8693637085236741,54510,261.70370335715376,0.7837940229349109,0.9868097596771235,0.8093925350932349,0.7013034281331431,0.006937360903033913,0.0010351371577804818,0.4918264983112986,0.9952520906992683,HOROZ
6463,53795,928.116,383.5121874704409,180.62486876147167,2.1232524076011745,0.8821462566925358,54602,261.713433566235,0.6198294734416407,0.9852203215999414,0.7847787893240492,0.6824122990521819,0.007129141880666249,0.0009536837936737878,0.46568654589768455,0.9887700797647335,HOROZ
6464,53799,927.7709999999998,376.5134285942044,183.73092077306612,2.0492654530330916,0.8728549617692406,54615,261.7231634135714,0.7347883688214486,0.9850590497116177,0.7854209486554915,0.6951230514958585,0.006998520950095809,0.0010079356184623924,0.48319605672091415,0.9901969860799875,HOROZ
6465,53802,929.21,374.296400407504,184.60691029512702,2.027531904461889,0.8699100037037945,54493,261.73046056170307,0.6068351003834875,0.9873194722257904,0.7830338455717565,0.6992598920982191,0.006956923542015241,0.0010260097043803507,0.4889643966972132,0.9913909144495593,HOROZ
6466,53811,903.4580000000001,368.70203752495405,186.52427677713976,1.9766973173442794,0.8625954491787029,54433,261.75235078551606,0.6387138126268561,0.98857310822479,0.828447498934855,0.7099292223678054,0.006851796798516178,0.0010736048135686744,0.5039995007717568,0.9962544611183881,HOROZ
6467,53816,920.9970000000001,380.09111926910197,181.14682397969918,2.0982488730340543,0.8791268307308943,54501,261.76451122997463,0.8057252365552761,0.9874314232766371,0.7972689444195278,0.6886888379116459,0.007062790234671881,0.0009800500316748749,0.4742923154640933,0.9951833164112458,HOROZ
6468,53855,923.149,387.44422945498195,177.68536920372964,2.1805072144727236,0.8886382183883874,54371,261.85934331566665,0.8052482057416268,0.9905096466866528,0.794131251346764,0.6758633202100451,0.007194210926654571,0.0009259732470966896,0.4567912276053461,0.9960365673013089,HOROZ
6469,53862,939.408,382.722432219074,182.9623653239465,2.0918095999766924,0.8783299120994379,55223,261.8763608241976,0.6784652592331335,0.9753544718686055,0.7669796320542724,0.6842461762844804,0.007105611232762875,0.0009607949721609727,0.46819282975993226,0.9793702559320796,HOROZ
6470,53866,961.8059999999999,387.1179248974523,177.923686007155,2.1757526138587573,0.8881202952323066,54788,261.8860846183017,0.6051679586563308,0.9831714974081915,0.7317279206635025,0.6765020883175984,0.007186684084532958,0.0009285063611066891,0.45765507549807166,0.9957442267606564,HOROZ
6471,53870,928.6080000000001,383.5232583874265,179.61128245477,2.1352960301032646,0.8835593830144739,54437,261.89580805137604,0.6992925293697669,0.9895842900968091,0.7850403834067814,0.6828681242242024,0.007119421911776991,0.0009549307012169776,0.4663088750814809,0.9957074897634052,HOROZ
6472,53929,918.4329999999999,381.0084046307347,181.17516774718848,2.1029835896848357,0.8797076753420119,54506,262.0391867794254,0.8234692319438082,0.9894140094668477,0.8034100712279699,0.6877517230450291,0.0070650003640107305,0.0009750316194952321,0.47300243255140634,0.9947163535366158,HOROZ
6473,53931,915.7939999999999,364.5795436706616,189.29700409992438,1.925965735190456,0.8546405989257102,54651,262.0440457005502,0.6473998847594353,0.9868254926716803,0.8080770069092413,0.7187568536134448,0.006760110950486021,0.0011129139395608112,0.5166114146162989,0.9949758829592615,HOROZ
6474,53933,915.6800000000001,366.77756121597207,191.27922146499787,1.9174981914232048,0.8532434109214242,54931,262.0489045315808,0.8258632570247301,0.9818317525623055,0.8083082013279446,0.714462748655654,0.006800614859473274,0.0010930657918573588,0.5104570192165921,0.9788004111470954,HOROZ
6475,53937,922.703,377.53917882382035,186.63622101312555,2.022861247267052,0.8692633605035982,55245,262.05862192337895,0.621644672390941,0.9763236491990225,0.7961094623715473,0.6941229854337033,0.006999632512446379,0.0010023068687104561,0.48180671890739707,0.9746281403506633,HOROZ
6476,53945,915.1869999999999,378.881900330161,181.8273363886105,2.0837455349419827,0.8773204348179339,54488,262.0780556260641,0.6151504093780646,0.990034503009837,0.8093593282969129,0.6917143716754139,0.007023485037170469,0.000991835435871905,0.4784687719823127,0.9970071672273176,HOROZ
6477,53957,927.9909999999999,379.40518508387794,182.48425733582792,2.0791118676371854,0.876734528601572,54461,262.1072034784148,0.6409717272511285,0.9907456712142634,0.787354167215382,0.6908371677115294,0.007031621199916191,0.0009879569245566599,0.4772559922916879,0.9922685974746094,HOROZ
6478,53966,929.74,392.1511630256307,175.59939701337686,2.233214747290717,0.8941412752402941,54454,262.12906224067905,0.7574494364675004,0.9910383075623462,0.7845254943573302,0.6684388239938651,0.007266633862536239,0.0008948695015470494,0.4468104614223013,0.9978237116920533,HOROZ
6479,53978,924.848,366.1477397634681,189.4386666087491,1.9328036156403026,0.8557538713935107,54949,262.1582044218998,0.6272718821177893,0.9823290687728621,0.7930232670183263,0.7159902300400771,0.006783277256724371,0.0010996328777336218,0.5126420095128426,0.9908363295155325,HOROZ
6481,53983,933.999,397.8681780398897,173.1954390621393,2.2972208748357517,0.9002813026332308,54549,262.17034604134443,0.7975504535649913,0.9896240077728281,0.7776318813540893,0.6589377098036214,0.007370249486688211,0.0008571156017838842,0.43419890540124173,0.997450789318566,HOROZ
6482,54010,914.213,378.33939141835066,182.9928585428302,2.0675090516157977,0.8752483283378214,54525,262.2359010721952,0.5972443382873319,0.9905547913801008,0.8120621265618291,0.6931234415985686,0.007004987806301623,0.0009973084402925818,0.4804201052934444,0.993272916272411,HOROZ
6483,54018,916.231,365.668210848371,191.45399355654627,1.9099534256535122,0.851980832122431,55477,262.2553216381014,0.6827696041255877,0.9737008129495106,0.8086086840116531,0.717194751574533,0.006769377075204025,0.0011047827383485402,0.5143683116860561,0.9824195189523964,HOROZ
6484,54037,923.4699999999999,366.3193346652468,189.26976587262882,1.9354350282853177,0.8561787676375764,54819,262.3014397193694,0.7856498982262285,0.9857348729455115,0.7962611214313267,0.7160458509760835,0.006779046480471655,0.001099288551110495,0.5127216607000638,0.9923394618795229,HOROZ
6485,54037,920.4209999999999,375.45329637191526,186.74609670888762,2.0105014401302164,0.8675279974186084,55561,262.3014397193694,0.7066800931132791,0.9725706880725689,0.8015452714937751,0.698626013552268,0.006948078101521462,0.0010209946469200944,0.4880783068119339,0.981282138741711,HOROZ
6486,54040,902.1479999999999,358.7940780575409,192.79573911692685,1.8610062634213056,0.8433633517363837,54684,262.3087207804731,0.6607487834103636,0.9882232462877624,0.8343910231456791,0.7310843094194154,0.006639416692404532,0.0011699829727282235,0.5344842674792634,0.9946785694790578,HOROZ
6487,54040,917.0799999999999,359.06962505775664,194.27696972528543,1.848235668723338,0.8409862176013132,54979,262.3087207804731,0.7078857741681949,0.9829207515596864,0.8074409287067473,0.7305232814897126,0.006644515637634282,0.0011672915339919683,0.5336642647984977,0.9863373293236001,HOROZ
6488,54044,944.9259999999999,390.0453475221371,177.73494225378013,2.194533852354187,0.890144870907767,54889,262.31842854757105,0.6442322592950208,0.9846052943212665,0.7606095105551085,0.6725331559881844,0.007217181324885965,0.0009107562900888155,0.4523008459034277,0.9925895177835065,HOROZ
6489,54046,951.0989999999998,364.51903531820614,193.59982155656272,1.882847992252447,0.8473026777999844,55750,262.3232822963997,0.7563535602328706,0.9694349775784753,0.7507960356890097,0.7196422048780118,0.00674460709984469,0.0011158425549577622,0.5178849030416862,0.9750985499098922,HOROZ
6490,54049,907.4200000000001,365.2536274534931,190.0859936431012,1.921517837549254,0.8539092612488206,54801,262.3305627512563,0.7563955441110614,0.9862776226711192,0.8248611189470771,0.7182148048198598,0.0067578239644302965,0.001109185158678924,0.5158325058624291,0.9911813612023878,HOROZ
6491,54064,893.8979999999999,338.76737013270815,207.77494830881653,1.6304533962833536,0.7898296090027362,55194,262.36696199514495,0.7242718966856898,0.9795267601550893,0.850241124804417,0.7744753040777386,0.006266043395470334,0.0013906039426096804,0.5998119966263056,0.9779655070308594,HOROZ
6492,54070,932.9909999999999,391.3126562883274,176.85460047497665,2.212623563296532,0.8920421764354821,54728,262.3815202788303,0.7154387636286652,0.9879769039614091,0.7805690455958963,0.6705163149272179,0.00723714918232527,0.0009023700777194186,0.4495921285835761,0.9947781375766648,HOROZ
6493,54082,914.723,375.8839416666323,185.42285515107108,2.027171576882393,0.8698602931865402,54939,262.41063442316334,0.7202482420626465,0.9844008809770837,0.8122381975075358,0.698116108019035,0.0069502596366005755,0.001018336772679022,0.48736610027564486,0.9879747060148016,HOROZ
6494,54085,940.8159999999999,389.93104561449115,177.60573631577887,2.1954867770779813,0.8902460902602107,54839,262.41791245454505,0.6001975319602273,0.9862506610259122,0.7678516269523856,0.6729854301316313,0.007209596849671649,0.0009122489897632608,0.4529093891694568,0.9943565751360078,HOROZ
6495,54088,948.6540000000001,381.6030998461974,181.27175055124067,2.1051437892873905,0.8799712562969425,54923,262.42519028407975,0.6900387834251888,0.9847968974746463,0.7552575969591685,0.6876914532136885,0.007055226664809152,0.0009733415012471961,0.47291953482315485,0.9955636215656463,HOROZ
6496,54095,964.8209999999999,382.5080261320222,181.164722014135,2.1113825135457542,0.8807275111479091,55099,262.44217110146116,0.5853993745062603,0.9817782536888147,0.7302532423134446,0.6861089262761758,0.007071042168999394,0.0009665747995978158,0.47074545871584694,0.993923729863714,HOROZ
6497,54096,935.8439999999999,389.463692444593,178.27501084830524,2.184623019184606,0.8890835875057681,54749,262.4445968428258,0.6141410471822352,0.988072841513087,0.7761900958468959,0.6738615227404348,0.007199491504817232,0.0009157232108263914,0.4540893518300575,0.992014050774561,HOROZ
6498,54100,937.4929999999999,389.2405726429266,177.53851365673998,2.1924289250021536,0.8899207773217568,54802,262.45429958408437,0.6334375402484573,0.9871902485310755,0.7735191354454262,0.6742727198298755,0.0071948349841576085,0.0009173666689235133,0.4546437007067778,0.9967739999995616,HOROZ
6499,54113,919.682,378.64662763389987,183.0589144314214,2.0684413474753267,0.8753687644291532,54822,262.48583101617857,0.816923309178744,0.9870672357812557,0.8039630749400577,0.6932210981421097,0.006997332020658619,0.0009967800382357716,0.48055549090935257,0.9940008471532084,HOROZ
6500,54114,914.857,365.601324774158,189.2205242890093,1.9321441273238964,0.8556470779804898,54793,262.4882563540674,0.6772715894868586,0.9876079061193949,0.8124807320538504,0.717963088662804,0.0067561319579805225,0.0011073536845878913,0.5154709966822333,0.9959642590453727,HOROZ
6501,54128,937.48,386.0062134211177,179.2076792021918,2.1539602272601535,0.8856983725211034,54850,262.522208731804,0.813318908522659,0.9868368277119417,0.7739409420399314,0.6800984015389476,0.007131359248838267,0.0009411071959383159,0.46253383577583174,0.9962794860232208,HOROZ
6502,54130,931.577,377.6274611605034,183.64593217807496,2.056280020372743,0.8737835170904908,54934,262.5270587130293,0.5935046708477698,0.985364255288164,0.7838092347713373,0.6952011855976945,0.006976306321088184,0.0010051880589100697,0.48330468845644026,0.9938097746254513,HOROZ
6503,54133,919.0749999999999,359.95269267225564,192.95243309319713,1.865499630670096,0.8441866004989317,54855,262.5343335168727,0.6673200197238659,0.9868380275271169,0.8053229099781108,0.7293578819145428,0.006649413346244539,0.001160715585128176,0.5319629199108681,0.9923766306239102,HOROZ
6504,54143,924.812,378.86358207488934,182.89939009849553,2.071431631734051,0.8757538482796584,54773,262.558581407266,0.5968143738977072,0.9884979825826593,0.7955093109658103,0.6930161510096435,0.006997461944755358,0.000995620275998932,0.48027138556022103,0.9948493398661823,HOROZ
6505,54147,919.0319999999999,381.7296668733363,181.39094707260554,2.1044582049651077,0.8798876998601947,54671,262.56827993642884,0.6076422399281787,0.990415393901703,0.8056065651563699,0.6878382864163213,0.007049876574387063,0.0009734343329795333,0.4731215082601412,0.9956644400035213,HOROZ
6506,54150,940.116,383.1908233679,181.11207815087823,2.1157662552393495,0.8812545247191499,54872,262.575553598215,0.7746116213200583,0.9868421052631579,0.7699197083720097,0.6852344513117873,0.007076469498945522,0.0009623945628522487,0.4695462532645662,0.9934501179312383,HOROZ
6507,54150,941.3979999999999,385.24742838100167,180.20607584834585,2.137815978553411,0.8838517588811843,54996,262.575553598215,0.7455083637364907,0.9846170630591315,0.7678241760033605,0.6815763954653403,0.007114449277580825,0.0009470637544316716,0.46454638285552596,0.9931146800477337,HOROZ
6508,54154,933.4719999999999,380.6560643051921,181.92817101579485,2.0923426107116962,0.8783961840075895,54745,262.58525150051366,0.6988514647051233,0.9892044935610558,0.7809762258777595,0.689822850923991,0.007029140309214317,0.0009818209201305178,0.4758555656569027,0.9956528765682546,HOROZ
6509,54160,929.492,349.45945026225326,202.9347314081828,1.722028791411514,0.8141102200561854,55623,262.5997976824362,0.7495052656342979,0.9736979307121155,0.7877659538375786,0.7514456898657831,0.006452353217545296,0.0012690779182638185,0.5646706248178625,0.9723790736006883,HOROZ
6511,54165,947.3399999999999,391.302001691549,178.3235572386653,2.194337123770119,0.8901239566034891,55104,262.6119188852252,0.5765914413455397,0.9829594947735192,0.7584323713768603,0.6711233721013108,0.007224259239205187,0.000904029367703066,0.4504065805806345,0.9883438805584438,HOROZ
6512,54180,951.753,388.72834698565504,178.94820337817046,2.17229533265644,0.8877413616173858,55014,262.64827913723536,0.5802098950524738,0.9848402224888211,0.7516235099342176,0.6756602166369093,0.007174757234877354,0.0009223597990302008,0.4565167283458354,0.9916891582652461,HOROZ
6513,54186,935.38,378.0676878520751,183.351836849261,2.061979276285603,0.8745302741874876,54886,262.6628218287078,0.8134570347685102,0.9872462923149802,0.7782529888256171,0.6947507821178275,0.006977220829219265,0.0010027170710845189,0.482678649253333,0.9952733718658999,HOROZ
6514,54187,919.972,372.9546215511472,186.45012316792682,2.000291634107662,0.8660674873143869,54828,262.6652455323396,0.7592405772733641,0.9883088932662143,0.8045550266120988,0.7042820502931281,0.006882732418313382,0.001044544936002616,0.4960132063650922,0.9921710670990115,HOROZ
6516,54195,918.682,377.22542740265294,183.44825112413398,2.0563042988477207,0.8737867127632648,54845,262.6846343563364,0.800375118147448,0.988148418269669,0.8069352179044261,0.6963598296250191,0.00696052084883574,0.001009616275061322,0.4849170123153856,0.9971369370085205,HOROZ
6517,54195,927.979,386.9359222541133,179.14580433768248,2.159893856764599,0.8863657418871365,54881,262.6846343563364,0.801227084565346,0.987500227765529,0.7908475763269712,0.6788840716210963,0.007139697799688408,0.0009354962891130898,0.4608835827008378,0.9954596189591987,HOROZ
6518,54221,922.349,380.1850559091184,182.14736349970144,2.087238863107352,0.8777593164706227,54903,262.7476381532006,0.6725669205388375,0.9875780922718248,0.8009157323320929,0.6911045925382436,0.007011767689808716,0.000986693795768329,0.4776255578274518,0.9969186263107852,HOROZ
6519,54224,907.212,369.1689547064016,187.66464548312894,1.9671736983596622,0.861154380381406,54797,262.75490684993775,0.8077100680738236,0.9895432231691516,0.8279113628854606,0.7117470293754943,0.00680822061645031,0.0010777450476822793,0.5065838338248407,0.9965383939144284,HOROZ
6520,54261,922.242,377.49477257794973,183.9174155595321,2.0525232557748656,0.873287521195595,54940,262.844537582341,0.708997543511211,0.987641062977794,0.8016925800802547,0.6962865625591296,0.006957018347946955,0.0010086836172073087,0.4848149772004086,0.9950940154518,HOROZ
6521,54267,905.389,350.8163077934843,197.88917244593048,1.7727918281599684,0.8257187607343305,54913,262.85906941580515,0.6612282198123554,0.9882359368455557,0.8319079029442439,0.7492783647063035,0.006464634267482712,0.0012568877488475974,0.5614180678169524,0.9952773628072519,HOROZ
6522,54282,934.7279999999998,382.42253552004536,181.2497005626379,2.109920923085246,0.8805509976030649,55029,262.89539548518934,0.6025308025308025,0.9864253393665159,0.7807198115505933,0.6874474463898564,0.007045107688000541,0.0009705667541481158,0.47258399154793446,0.9971148516821278,HOROZ
6523,54287,923.6189999999999,385.565547676177,179.80341637024182,2.1443727569794366,0.8846072339186283,54875,262.90750305960796,0.6217302670759082,0.9892847380410023,0.7996869148569087,0.6818749876490904,0.007102355032994585,0.0009471116550975214,0.4649534987814472,0.997033616049207,HOROZ
6524,54306,926.3089999999999,374.43873623022324,191.62642089763006,1.9540037040625755,0.8591226433064957,56858,262.9535067581107,0.776110444177671,0.9551162545288262,0.7953273400753951,0.7022604269138276,0.006894979122568837,0.0010344404699817275,0.4931697072091914,0.9636554346182158,HOROZ
6525,54312,926.0299999999999,385.2342561221488,180.5709647450191,2.1334230376745835,0.8833413354187882,54923,262.9680325698471,0.6018216873878066,0.9888753345592921,0.7958945791928294,0.6826185065080662,0.007092986009024687,0.0009499945177681667,0.4659680254273028,0.9941069202663443,HOROZ
6526,54313,926.3379999999999,366.7744393857967,190.75024671271092,1.9227992923028612,0.8541205470387997,55100,262.9704534604618,0.6274317268148422,0.9857168784029038,0.795380054351828,0.716981406612833,0.006752976992355361,0.0011007953999309995,0.5140623374285166,0.9884386986071062,HOROZ
6527,54314,925.054,368.77907868119854,191.6399817594124,1.9243326747138243,0.8543727476107499,56010,262.9728743287901,0.6785857071464267,0.96971969291198,0.797604289909631,0.7130905453455086,0.006789760994977327,0.001082961364214604,0.5084981258611548,0.978519558625363,HOROZ
6528,54315,916.4739999999999,357.8365050348324,197.8276522939692,1.8088295588884218,0.8332849808238443,55554,262.97529517483264,0.8022184149115292,0.9776973755265147,0.8126234496174688,0.734903486577576,0.006588170947893443,0.0011854025400310228,0.5400831345838775,0.9769183380924312,HOROZ
6529,54318,919.579,362.98609941597533,196.85100171841634,1.8439636895280085,0.8401784534185713,56406,262.98255757925193,0.7144848995054194,0.962982661418998,0.8071895762015391,0.7244975992259108,0.006682611646525559,0.0011357265768663918,0.5248967712841086,0.9678905869983842,HOROZ
6530,54338,913.686,365.72698688553817,191.22206664180706,1.9125773155177215,0.8524218343961751,55025,263.03096848435786,0.7541602476023928,0.9875147660154475,0.817936469396222,0.7192003267909755,0.00673059344998966,0.0011107916987932957,0.5172491100562461,0.9892789143653056,HOROZ
6531,54338,925.712,379.435970718789,185.85398266539087,2.0415810588354226,0.8718255782506137,55387,263.03096848435786,0.7820667818077145,0.9810605376712948,0.7968227524546408,0.6932156906106768,0.006982884366719221,0.0009946909117980478,0.48054799370883766,0.9810776818173268,HOROZ
6532,54340,939.694,383.11793383718117,182.10989576044287,2.1037732861104654,0.8798041350092852,55162,263.0358090848254,0.7875019926669855,0.9850984373300461,0.7733152779393629,0.6865661611043541,0.0070503852380784165,0.0009663227149397579,0.47137309357357005,0.9916621220513253,HOROZ
6533,54349,929.772,383.4831858373905,181.5736009854865,2.111998571136137,0.8808017909316429,55056,263.05759068464715,0.8161981137742537,0.9871585294972391,0.7900389353244478,0.6859690343664565,0.0070559382111426245,0.0009637237849834707,0.47055351610964874,0.9938083536666632,HOROZ
6534,54349,908.3960000000001,368.60426926125854,188.93583997439737,1.950949429770487,0.8586448757155025,54969,263.05759068464715,0.7561705206333306,0.9887209154250578,0.8276581487600423,0.7136585564021174,0.006782172059490672,0.001085201722954139,0.5093085351259542,0.9936351961812224,HOROZ
6535,54358,958.816,390.42378821396574,183.0547591240074,2.1328251179172,0.8832715952236067,56614,263.07937048106595,0.7205461293743373,0.960151199349984,0.7430239080213096,0.6738302798724174,0.007182453147907681,0.0009133866427368491,0.4540472460729405,0.9684033711454992,HOROZ
6536,54366,933.3190000000001,389.94635306748927,178.05552300363138,2.1900267202581323,0.8896641759634415,54925,263.0987287864992,0.6128646796230329,0.9898224852071006,0.7842906376425569,0.6747049349656665,0.0071726143741950715,0.0009168806170161359,0.4552267492670243,0.9969587446710323,HOROZ
6537,54379,915.5239999999999,371.2944589744769,187.51561345200906,1.9800722304625713,0.8631005715974959,55013,263.13018299532536,0.8075289575289575,0.9884754512569757,0.8152702855294381,0.7086833014478493,0.006827901560795103,0.0010623700352871573,0.5022320217510233,0.9944556795182754,HOROZ
6538,54385,922.9110000000001,373.5142985500457,186.45840487128288,2.0032044080173934,0.8664866881930807,55031,263.14469905438307,0.6666053808910952,0.9882611618905708,0.8023601526246249,0.704510376378872,0.006867965404983831,0.0010436561523228208,0.4963348704254999,0.9942602002891031,HOROZ
6539,54388,941.251,387.04083419032213,182.72869977788454,2.118117376530281,0.8815357004931857,55581,263.1519567836349,0.6035801085352185,0.9785358305895899,0.7714398186836953,0.6799074762592968,0.007116290986804481,0.0009380645579442214,0.4622741762732862,0.9791509654856697,HOROZ
6540,54388,942.313,390.0364557433991,178.24117296779497,2.1882511725496316,0.8894739223812805,55086,263.1519567836349,0.6495485596904409,0.9873289038957267,0.7697019514918985,0.6746855400531068,0.00717136970918951,0.0009166161076489085,0.4552005779567523,0.9960931984591332,HOROZ
6541,54390,902.3759999999999,367.52325030250114,189.0645416865775,1.943903637477218,0.8575331002107656,55033,263.15679515860023,0.8036347517730497,0.9883161012483419,0.8393707878589869,0.7160276117007592,0.006757184230603073,0.001095631734129651,0.5126955407178934,0.9966307265198622,HOROZ
6542,54398,927.3329999999999,385.3302875680061,180.898823242587,2.130087308811703,0.8829514413752454,55076,263.17614776894845,0.6083154410449096,0.9876897378168349,0.7949162352920325,0.6829884809470137,0.0070835377691828025,0.0009507875646132459,0.4664732651063092,0.9936287819029064,HOROZ
6543,54403,939.6039999999999,372.7981193789245,189.80599893987608,1.964100826428642,0.8606844079635747,56090,263.188242427786,0.7276727793159719,0.9699233374933143,0.7743601570287738,0.7059806065176865,0.006852528709426401,0.0010500300079085707,0.4984086167790804,0.9789247761149481,HOROZ
6544,54413,922.9010000000001,379.71364830080324,183.15646696064593,2.0731653902364844,0.8759762789176141,54921,263.21243007820584,0.6761394701525921,0.9907503505034504,0.8027906428494836,0.6931866453999385,0.006978362676213465,0.0009938802218078587,0.48050772536082004,0.99617198595931,HOROZ
6545,54413,923.3670000000001,384.9414134762445,180.59688255945804,2.1314953393478984,0.8831162621897631,55039,263.21243007820584,0.5939440909041294,0.9886262468431476,0.8019805510007454,0.683772701152741,0.007074438341503768,0.0009539349505236032,0.4675451068417157,0.996570216168032,HOROZ
6546,54417,915.508,371.61900582495565,187.5068337840283,1.9818957972112583,0.8633723088442469,55168,263.22210451604053,0.8037486706841546,0.986387035962877,0.8158685122536472,0.7083117396854199,0.006829097631713539,0.001060329499434972,0.501705520576186,0.9943280626676294,HOROZ
6547,54421,925.405,375.7703135957969,187.27151543880345,2.006553493815193,0.8669661790924698,55139,263.2317785983149,0.8170339899111217,0.9869783637715591,0.7985694621465843,0.7005124382482865,0.006904877043711011,0.001025649838858825,0.49071767614055944,0.984651267536712,HOROZ
6548,54434,946.419,392.04699955567094,179.07469851900228,2.189293087175402,0.8895856267204996,55300,263.2632169105928,0.8350309872982757,0.9843399638336348,0.7636831564684557,0.6715093272208789,0.007202244912291416,0.0009033495772954456,0.45092477654463753,0.9872064961252878,HOROZ
6549,54435,924.191,374.30033178850596,187.14681238697693,2.0000358382516192,0.8660305764360109,55218,263.26563508680465,0.7281007985233338,0.9858198413560796,0.8008747868342155,0.7033539987230357,0.006876096845568218,0.00103804837042368,0.494706847519684,0.9894314244678474,HOROZ
6550,54438,950.299,388.1046399751238,179.57733032036887,2.161211770342831,0.8865131574303805,55217,263.2728894821736,0.710215264187867,0.9858920260064835,0.7575154252285604,0.678355428832411,0.0071292964468776185,0.0009312272078473788,0.4601660878264042,0.9945163653230379,HOROZ
6551,54447,915.829,373.68204422223573,186.51620556998708,2.00348298465689,0.8665266740485787,54965,263.2946514690251,0.6418744473916888,0.9905758209769854,0.8157461568916048,0.7045954054790998,0.00686322559961496,0.0010434394806211485,0.4964546854222572,0.9946385148966811,HOROZ
6552,54447,928.9019999999999,363.9463637034479,197.50022593192367,1.842764290451478,0.8399505148167853,56500,263.2946514690251,0.6248794931827572,0.9636637168141593,0.7929467500855649,0.7234435557750587,0.006684415370974487,0.0011294364555889213,0.5233705783924605,0.9644486125345619,HOROZ
6553,54455,942.256,391.5054792978246,177.91401990003283,2.2005319171463023,0.8907796039626047,55186,263.31399394744153,0.5817158239950433,0.9867538868553619,0.770743380031563,0.6725678384366475,0.007189523079567066,0.0009074531836272858,0.4523474972993444,0.9954051054484582,HOROZ
6554,54460,915.3059999999999,372.2989818193934,186.80386588297338,1.9929939889607358,0.8650082374057866,55122,263.32608227495615,0.6613396803808228,0.9879902761148,0.8168736412166525,0.7072973473849002,0.006836191366496391,0.0010553635525096614,0.5002695376177161,0.9970341813322748,HOROZ
6555,54471,915.945,378.79396343830564,183.5018409789907,2.0642515705424125,0.8748261067388934,54914,263.3526746423302,0.8066551157314852,0.9919328404414175,0.8158990356466024,0.6952398930856315,0.006954048272260573,0.0010022041579974782,0.48335850893772037,0.9977735612097282,HOROZ
6556,54471,916.607,366.7701693206654,190.49479824955827,1.9253552994144074,0.8545405660578417,55292,263.3526746423302,0.6288646701609365,0.9851515589958765,0.8147209296216286,0.7180318811917396,0.006733310740039019,0.0011040362441587814,0.5155697824077484,0.9926550127766914,HOROZ
6557,54485,948.8499999999999,386.38814824305814,184.07285595770537,2.0991044346692758,0.8792321086290661,56093,263.38651559048225,0.8068863383931877,0.9713333214483091,0.7604868264768794,0.6816630292314206,0.007091642621695112,0.000944507835204276,0.4646644854209566,0.975379281980447,HOROZ
6558,54486,931.932,389.00305447785115,178.6838966699366,2.1770459550499637,0.8882615461029649,54956,263.38893263468776,0.6184492798038614,0.9914477036174394,0.7883631954221028,0.6770870552372088,0.007139504725578151,0.0009256054257492412,0.458446880369795,0.9980599265143371,HOROZ
6559,54488,934.949,383.6286711030478,183.03337833632798,2.0959492448318437,0.878843156693113,55455,263.3937666565584,0.6033306758791744,0.9825624380128032,0.7833121959243134,0.6865851968238508,0.007040608411082216,0.0009650897321258025,0.47139923249764604,0.9880288653677519,HOROZ
6560,54503,918.795,369.9598908694144,188.3030063712497,1.9647051738516494,0.8607770328365156,55142,263.43001899309155,0.6367916812711766,0.9884117369700047,0.8113215757715119,0.712050212724479,0.006787881233499337,0.0010763573474183127,0.5070155054409758,0.9961359867628943,HOROZ
6561,54508,967.7309999999999,404.28122919422395,172.2055810723129,2.347666240993998,0.904744384342955,55628,263.44210199667066,0.7991437954492142,0.9798662544042569,0.7314098497681419,0.6516308029480843,0.00741691548385969,0.0008249155965347382,0.4246227033507652,0.9968723858162003,HOROZ
6562,54515,937.25,367.2654562066222,191.91056397135878,1.913732358482537,0.8526153179283281,55802,263.45901727068934,0.7068028886670383,0.9769363105265044,0.7798570135049187,0.7173531101778008,0.006736961500625923,0.0011004638245484676,0.5145954846817641,0.9847980305644966,HOROZ
6563,54530,943.55,392.9957584980735,178.0375692021463,2.2073754447403218,0.8914969515281412,55133,263.4952606298801,0.7593015484014705,0.9890628117461412,0.7696894322309042,0.6704786373188599,0.007206964212324839,0.0008984044784492648,0.44954160310095526,0.9923070960742484,HOROZ
6564,54542,921.9989999999999,381.444160869763,182.99997682316445,2.0843945856799646,0.8774021613841815,55279,263.52425172827117,0.7742494144367946,0.9866676314694549,0.8062691131791876,0.6908593151023398,0.006993585876384492,0.0009827388965891223,0.4772865932636741,0.9948535908164379,HOROZ
6565,54556,922.518,360.0302632527772,197.88207184599133,1.8194183024977797,0.8354106899163216,56503,263.55807064586645,0.7881195556390217,0.9655416526556112,0.8055688921592127,0.7320442127966957,0.0065992789657008805,0.001169029570246582,0.5358887294891341,0.9750057625348121,HOROZ
6566,54580,930.8309999999999,358.05324741378297,195.85533863523,1.8281515832490929,0.8371322185510045,55389,263.6160358393343,0.6157213122151527,0.9853942118471176,0.7915925869935747,0.7362481355592548,0.0065601547712309085,0.0011890241632650676,0.5420613171144788,0.9909702551009233,HOROZ
6567,54591,912.8969999999999,367.60805786386305,190.8502185078618,1.9261600051493784,0.8546724117824936,55246,263.6425989604815,0.690500885403491,0.9881439380226623,0.8231658673313318,0.7171839499179768,0.006733858289166035,0.0010989197596989976,0.5143528180199511,0.990725826605906,HOROZ
6568,54592,920.088,380.4380636262534,183.53009815985203,2.0728919530947856,0.8759412394157575,55212,263.6450136569664,0.7727652346238233,0.9887705571252626,0.8103639935796275,0.693003773449899,0.006968751165486764,0.0009914643835134771,0.48025423001579914,0.9955151288394823,HOROZ
6569,54600,915.8329999999999,377.58802253570576,184.7976491272848,2.0432512227232444,0.8720504013509606,55252,263.6643304327301,0.6161971830985915,0.988199522189242,0.8180313167453733,0.6982857365603996,0.006915531548272999,0.0010142336466130496,0.48760296988369994,0.9962953644183552,HOROZ
6570,54605,926.444,373.60094910257726,186.79251804886576,2.000085190804278,0.866037699145003,55165,263.67640269895895,0.6570524390537386,0.9898486359104505,0.7994732360367085,0.7057701628765483,0.006841881679380593,0.0010471490399563863,0.4981115228067894,0.9962654801348269,HOROZ
6571,54608,918.3689999999999,375.7502858287849,185.41115348813054,2.0265786537638864,0.8697784300538444,55060,263.6836457933972,0.7366518278699582,0.9917907737014167,0.8136389000271661,0.7017523492012666,0.0068808651814529906,0.001029338725684776,0.4924563596094965,0.9980015462948778,HOROZ
6572,54609,922.4369999999999,360.94675533481205,193.29200889533803,1.8673651197357786,0.8445264059134296,55383,263.6860601139971,0.7192587324166272,0.9860245923839446,0.8064931043744461,0.73054004840521,0.006609656930813823,0.0011612742532239395,0.5336887623238866,0.9965917795585839,HOROZ
6573,54620,925.689,379.87361026408615,183.86197133369592,2.0660803727304957,0.8750634196602234,55272,263.712616181772,0.7117910758965805,0.98820379215516,0.8009978562901673,0.694211466804552,0.0069548445672663155,0.0009964013861156575,0.48192956064292763,0.995705206282984,HOROZ
6574,54625,956.6560000000001,381.76592181439537,183.1238021385622,2.0847422200502854,0.8774458999700823,55331,263.72468623767145,0.8135984509979148,0.987240425801088,0.7500491351772421,0.6908020626468789,0.006988849827265819,0.0009817478842362854,0.4772074897571825,0.9948546016210126,HOROZ
6575,54628,943.267,388.2664325384299,181.37581929341744,2.140673624802868,0.8841819511132427,55356,263.7319280060578,0.8183970037453183,0.986848760748609,0.7715354450636833,0.679255031865146,0.0071074619707554715,0.0009333096680068275,0.46138739831412073,0.9876798343874537,HOROZ
6576,54637,936.34,384.6716816821825,182.12091844841746,2.1121773652329456,0.8808233352952073,55389,263.7536521182125,0.6004065934065934,0.9864232970445396,0.7831222367030493,0.6856591339523843,0.0070404978619284094,0.0009598783512830298,0.47012844797233383,0.9929946665592577,HOROZ
6577,54643,933.1389999999999,379.4556543894218,185.25397478367705,2.0482996644607274,0.8727262896563189,55412,263.7681338656425,0.602153262953739,0.9861221396087491,0.788590819974434,0.6951224229088616,0.006944268330608162,0.0010001184717312113,0.4831951828306863,0.9897285308611347,HOROZ
6578,54651,924.038,369.55775037598175,188.9731861417126,1.955609459316875,0.8593728216575832,55315,263.78744162549015,0.647347286876799,0.9879960227786315,0.8043189745181875,0.7137922052970539,0.0067621406813412705,0.0010828072845426918,0.5094993123428315,0.9963816747330841,HOROZ
6579,54666,930.268,374.0000210832018,188.30144505494835,1.9861771160283164,0.8640070138385956,55456,263.82363986665865,0.6144318309542542,0.9857544720138488,0.7937998215465782,0.7054107620169552,0.006841547233805323,0.0010449666181619043,0.4976043431693414,0.9883303592392471,HOROZ
6580,54672,931.8649999999999,386.6539819741843,180.37784838130227,2.143577969490096,0.8845160614791866,55205,263.83811777254783,0.7211903756859435,0.9903450774386378,0.7911682032454422,0.6823623448165174,0.007072248719164917,0.0009457960589962942,0.4656183696234956,0.9980892793148218,HOROZ
6581,54689,911.217,372.1463270791656,187.81683117413039,1.9814322537160582,0.8633033135192215,55206,263.8791341921928,0.7268607123870282,0.9906350758975474,0.8276871624763695,0.7090735954947597,0.006804774764196924,0.001061106002127816,0.5027853638278662,0.9962351365848974,HOROZ
6583,54704,934.794,380.10010283859634,184.61318933347587,2.0589000396499455,0.8741276600857589,55427,263.91531985694263,0.7296493404292211,0.9869558157576632,0.7866781994113705,0.6943310930094913,0.006948305477453136,0.0009961508781394521,0.4820956667197549,0.99258678732437,HOROZ
6584,54711,927.837,373.30524017438586,187.33219184440844,1.9927447413012715,0.8649718305230424,55389,263.93220480268315,0.7806934931506849,0.9877593023885609,0.7986217659747973,0.7070144653725992,0.0068232209276815605,0.001051677043483172,0.4998694542461023,0.9961122262860569,HOROZ
6585,54717,922.3149999999998,378.697490345055,185.57405862129139,2.0406811876539193,0.8717041923347163,55375,263.9466767536085,0.7344465174964094,0.988117381489842,0.8083018977675125,0.696985545146101,0.006921020712850759,0.0010074998657987396,0.4857888501426078,0.9913401676580488,HOROZ
6586,54722,932.823,389.4885736387105,179.44120117251927,2.170563789663035,0.8875508347041574,55383,263.9587361066073,0.8040731162571999,0.9880649296715599,0.7902660673000543,0.6777059815661124,0.007117586594764637,0.0009261424648813598,0.45928539745048796,0.9969082528270243,HOROZ
6587,54768,930.6909999999999,392.8306907718899,178.3087406364202,2.203092733254675,0.8910488825926471,55185,264.06965631449475,0.7666293393057111,0.9924435988040229,0.7945582061980324,0.6722225694627192,0.007172631660310581,0.000903463579229513,0.45188318289506046,0.995540556516101,HOROZ
6588,54781,926.351,378.63405320279327,184.9103534497494,2.0476628059969046,0.8726413309075773,55387,264.1009948866852,0.7305691880934599,0.9890588044125878,0.8022111066172355,0.6975098849474981,0.006911776951913862,0.0010091853659893167,0.4865200395994722,0.9962289894599804,HOROZ
6589,54781,918.2879999999999,373.1675193542317,187.5421295467222,1.9897796844695887,0.8645375651354036,55385,264.1009948866852,0.6185749774164409,0.9890945201769432,0.8163605351047027,0.7077277125932968,0.006811988086275016,0.0010541889245412246,0.5008785151725403,0.9966378938776136,HOROZ
6590,54785,933.137,383.8828656021864,183.27966965263624,2.0945196285531646,0.8786662867468054,55571,264.1106367761736,0.7546143250688705,0.9858559320508898,0.7906435090852724,0.6879979817850701,0.0070070797773512175,0.0009684238617278876,0.4733412229403297,0.99142248245188,HOROZ
6591,54791,928.894,359.094872300939,195.49892695989845,1.836812497567304,0.8388118727539697,55671,264.12509895044866,0.8000788528372419,0.9841928472633866,0.7979703884721895,0.7355301323520402,0.006553902507728258,0.0011832639027717598,0.5410045755978099,0.9937239656991524,HOROZ
6592,54792,929.8869999999998,381.44551423771236,184.29886107997845,2.0697117280186554,0.8755325865579721,55558,264.12750923584053,0.6248089949141332,0.9862126066453076,0.7962815712740189,0.6924383676753356,0.006961700873078412,0.0009872328936413755,0.4794708930288833,0.9923665305454582,HOROZ
6593,54818,920.8929999999999,373.33882895328486,187.9327681984273,1.98655525873539,0.864062853977927,55528,264.19016893762745,0.749658114982769,0.9872136579743552,0.8122967338886296,0.7076418214476293,0.006810515322581722,0.0010534494575547041,0.5007569474617187,0.9947813473283588,HOROZ
6594,54821,940.0450000000001,389.1195554230668,180.07913838111133,2.1608252844899325,0.8864699574515961,55488,264.19739794692595,0.6054090467355774,0.9879793829296425,0.7795779193969645,0.6789620163388593,0.00709800177711218,0.000930460159295106,0.4609894196309295,0.9961175938208521,HOROZ
6595,54825,929.507,384.18271619289555,182.74782602177575,2.102256013415543,0.8796186979066001,55405,264.207036318311,0.8163219725733685,0.9895316307192492,0.7974127490629045,0.6877119276382397,0.007007436683864944,0.0009668635149536573,0.4729476954159035,0.9942571367191058,HOROZ
6596,54854,932.182,390.5214439806725,179.48815252637795,2.175750535530643,0.8881200680291014,55509,264.27690399825445,0.6894670688788336,0.9882001116935992,0.7932621649886417,0.67672827720911,0.0071192883651269275,0.0009210297166460999,0.4579611611744101,0.9964092416774578,HOROZ
6597,54860,911.5889999999999,369.7305000326126,189.84287572316515,1.9475605741021604,0.8581118244219642,55468,264.2913570742922,0.6918381759483454,0.9890387250306483,0.8295976541617234,0.7148216256191469,0.006739527889766909,0.0010854253714905982,0.5109699564528,0.9951449417381707,HOROZ
6599,54861,912.7679999999999,361.7302884085335,195.32732832989802,1.8519184770581065,0.8416774803989225,55665,264.2937658434564,0.831718742893528,0.9855564537860415,0.8274709795140585,0.7306376444345917,0.006593578104820063,0.001159068480042194,0.5338313674649289,0.9886121730414974,HOROZ
6600,54865,978.982,375.7601433074569,188.73336309343125,1.9909577042901483,0.8647103576043152,56145,264.30340070058634,0.674058603108299,0.9772018879686526,0.7193758167743498,0.7033832762947567,0.006848813329216383,0.001034101683414188,0.4947480333711462,0.9850224087226829,HOROZ
6601,54878,943.81,384.4567977015549,182.5230479095632,2.1063465798141072,0.880117631670247,55627,264.33471156088495,0.6413978494623656,0.9865353155841587,0.7741747281959134,0.6875537463277785,0.007005663429818049,0.0009657298219827449,0.47273015408936336,0.9957335432411265,HOROZ
6602,54881,913.005,371.39706852638017,189.51735752892003,1.9596994880519354,0.8600069502944125,55519,264.3419366173488,0.7163499190727302,0.9885084385525675,0.8273429458447551,0.7117501968074169,0.006767315984154447,0.001071288891694214,0.5065883426553969,0.9927609157548596,HOROZ
6603,54885,928.343,382.08863876297266,183.84314425012315,2.0783404261359433,0.8766365644129466,55534,264.3515697187921,0.7786210810043978,0.9883134656246624,0.8002885410416604,0.6918592779273441,0.006961622278636653,0.000983923414348674,0.478669260454146,0.9948376747504468,HOROZ
6604,54888,925.0349999999999,370.97213243136684,190.26389593695603,1.9497768118565622,0.8584607802247516,55640,264.35879431451417,0.6272340814554098,0.9864845434938893,0.8060666255421604,0.712610924658668,0.006758711055811231,0.0010751115979253066,0.5078143299428819,0.9901246052511087,HOROZ
6605,54919,937.67,387.9674919796414,181.7508035336056,2.134612251702681,0.8834798525441153,55595,264.43343691241165,0.80929855585028,0.9878406331504632,0.7849327363137256,0.6815865823270776,0.007064358272722398,0.0009404519444705797,0.4645602692083061,0.991656042306346,HOROZ
6606,54942,935.1919999999999,385.79550195149375,183.29186453864975,2.104815196913135,0.8799312198737425,55627,264.4888032920095,0.69809283000648,0.9876858360148849,0.7894284295339212,0.6855673587538711,0.007021868551408644,0.0009568260376969423,0.4700026033887592,0.9892686222013972,HOROZ
6607,54949,928.9000000000001,388.0057692361808,181.06025126802206,2.142964933047723,0.8844456625047671,55371,264.5056516289443,0.5925314872325742,0.9923786819815427,0.8002611456543468,0.6817054605905577,0.007061198006081654,0.0009406872199774017,0.4647223349989846,0.9958836675068805,HOROZ
6608,54954,917.472,347.66133380058966,204.85053835413296,1.6971463028306726,0.8079694392583407,56139,264.51768549829734,0.8325102257233753,0.97889167958104,0.8203960021024929,0.7608487334689295,0.006326406336219195,0.001307766274736951,0.5788907952212738,0.982462372852493,HOROZ
6610,54960,932.5039999999999,370.4222593826649,190.02185758979206,1.949366583829059,0.8583962885643229,55675,264.53212541890736,0.6421310900806169,0.9871576111360575,0.7942462651212437,0.7141366878431361,0.006739851881052855,0.0010813231351294898,0.5099912089235649,0.9941598207221817,HOROZ
6611,54982,916.327,373.1166088545826,188.36185038742684,1.980850199162665,0.8632166021974075,55548,264.5850650521089,0.759787189939888,0.9898106142435371,0.8228665921919506,0.7091216492997972,0.0067861592676618275,0.0010584900714490195,0.5028535135056647,0.9960774823773417,HOROZ
6612,54983,941.046,376.9001653156027,187.41341854076262,2.011062859053641,0.8676075929301397,55651,264.58747114739475,0.694229797979798,0.9879966218037411,0.7802191223848999,0.7020094324602875,0.006854849049990046,0.0010269503528219845,0.4928172432632149,0.9910864542278545,HOROZ
6613,54987,946.884,401.50688326598225,176.3237882241723,2.2770999155004517,0.8984112721896722,55691,264.59709530974146,0.7538248519412152,0.9873588191987933,0.7706839839424585,0.6590101100071464,0.0073018510423551435,0.0008495345397975166,0.43429432509163113,0.9889315709684788,HOROZ
6614,54991,906.255,356.996284128676,198.22087313609626,1.8010024801150295,0.8316859526006546,55868,264.6067191220422,0.7345354972283443,0.9843022839550368,0.8413964008905906,0.7412030065463291,0.006491903841149934,0.0012086499272468665,0.5493818969133176,0.9894381588711845,HOROZ
6615,55013,924.9810000000001,364.46574234611785,194.11092930027536,1.8776157718678277,0.8463731697104553,55729,264.6596438343321,0.6424050632911392,0.9871521111091174,0.8079966660614946,0.7261578060277498,0.006625083931909146,0.0011363057086325767,0.5273051592550351,0.9900764836045304,HOROZ
6616,55017,937.2069999999999,390.6960754655622,180.35254983875294,2.166290833231192,0.8870785356967962,55717,264.66926537226504,0.7957102774001331,0.9874365095033831,0.7871105289835033,0.6774300587915535,0.0071013700395434545,0.000922528430062859,0.4589114845543276,0.9941357422545578,HOROZ
6617,55019,931.185,390.6108347598086,180.78059073271606,2.160690111569147,0.8864548423464441,55802,264.67407601006926,0.8378485388399044,0.9859682448657754,0.7973529650805018,0.6775902060495086,0.007099562601279715,0.0009231660738173789,0.45912848733421546,0.9920343825227399,HOROZ
6618,55035,917.6,379.34682181298973,185.39057659612266,2.046203365769798,0.872446306826935,55591,264.7125579652384,0.7996948561464691,0.989998381032901,0.8213760304653314,0.6978114557546927,0.006892828596583805,0.001008160368909409,0.4869408277824834,0.996379960739249,HOROZ
6619,55039,938.1679999999999,384.27632601847836,183.7589374626237,2.09119801912568,0.8782538025657326,55850,264.7221775799652,0.5880235042735042,0.9854789615040287,0.7858129247651382,0.688884949855682,0.006981891495457373,0.0009699283311747622,0.47456247413766556,0.9924041058680678,HOROZ
6620,55046,946.1899999999999,376.8101519333067,187.08925048491466,2.014066286313385,0.8680321524077349,55800,264.7390110646555,0.6650959354308636,0.9864874551971327,0.7726430851715046,0.702579295452509,0.006845368454262012,0.001028864022428379,0.4936176663985437,0.9941787002219945,HOROZ
6621,55054,928.3259999999999,375.5142262413091,189.7881130064151,1.97859718552877,0.862880156314546,56043,264.7582480223225,0.7207719096122123,0.9823528362150492,0.8027821630708349,0.7050551737344467,0.006820834566812749,0.0010397039507250778,0.4971027980097109,0.9835661970604908,HOROZ
6622,55080,939.289,394.4555672346648,178.87418363561287,2.2052123968778847,0.8912710020149778,55792,264.8207584839466,0.6345622119815668,0.9872383137367364,0.7845223542177614,0.6713576394433358,0.007161502673105751,0.000897428095510929,0.4507210800389281,0.9939357132360335,HOROZ
6623,55086,940.551,384.85517472147717,183.69003870860794,2.095133614359908,0.8787422968548421,55586,264.8351818797517,0.5976694731360125,0.9910049292987443,0.782503705472224,0.6881424475360506,0.006986442557482431,0.0009663829221856963,0.4735400281009063,0.9921296306191442,HOROZ
6624,55103,904.1949999999999,335.23776886945666,211.0529578180006,1.588405925865041,0.7769502540520677,55750,264.8760439026936,0.6909467084639498,0.9883946188340808,0.846956110638021,0.7901139683513337,0.0060838387904371205,0.0014625691856697816,0.6242800829838924,0.991610183211134,HOROZ
6625,55106,927.101,371.9760775181986,190.33825293562606,1.9542896489861339,0.8591672442947554,55705,264.88325419357085,0.7763595378979994,0.9892469257696795,0.8056652886244138,0.7120975519739213,0.006750191948575447,0.0010706656177614745,0.5070829235272517,0.9909869086269354,HOROZ
6626,55127,928.9459999999999,388.54501467003246,181.11025173282226,2.1453507515589036,0.8847192706911533,55620,264.93372073523466,0.8057382560144991,0.991136281912981,0.8027739753214288,0.6818610733179183,0.007048179923994276,0.0009398105931558911,0.4649345233062636,0.9974476290007733,HOROZ
6627,55132,943.285,388.42990293654765,181.22299290450184,2.1433809071966743,0.8844934387290105,55805,264.9457351616345,0.7992693322508626,0.9879401487321925,0.7786239436998433,0.6820940745257581,0.007045452784889858,0.0009407316995665395,0.46525232650315057,0.9972129536556862,HOROZ
6628,55136,934.076,385.09154077279976,183.02376069671342,2.104052169548251,0.8798381715304537,55684,264.9553463105018,0.6996066489024235,0.9901587529631491,0.7941100507027514,0.6880321125174309,0.006984393876465463,0.0009654800844739317,0.4733881878551986,0.9960334436952457,HOROZ
6629,55138,925.0419999999999,385.2023532275207,183.8776994889901,2.0948834703611525,0.8787113384328287,55683,264.96015175419757,0.8101857293993182,0.9902124526336584,0.8097257861944105,0.6878466591238559,0.006986150263475655,0.0009646820870043869,0.47313302646785005,0.9911585564294446,HOROZ
6630,55145,930.0300000000001,365.7450533938052,198.05640975214473,1.8466711269355653,0.8406911278211867,56953,264.97697012084,0.7850157302091193,0.9682545256615104,0.8011652234805383,0.7244854514424118,0.006632424578725274,0.0011271215612875267,0.5248791693517154,0.9692792071717358,HOROZ
6632,55148,939.385,386.74064643322237,182.44246362515693,2.1197951329346925,0.8817357207109484,55722,264.98417766548766,0.6756842853292166,0.9896988622088224,0.7853303628050909,0.6851728157082705,0.007012777370588641,0.0009533893812260525,0.46946178738559974,0.9951628119988158,HOROZ
6633,55152,930.3919999999998,371.3749452801037,189.53563386884267,1.95939379682605,0.8599597085277401,55884,264.9937874200708,0.7282426419130366,0.9869014386944385,0.8006435239760082,0.7135478329594998,0.006733662338267038,0.0010767712805272197,0.5091505099211984,0.9976263507904162,HOROZ
6634,55175,962.4399999999999,408.27685176188163,173.12544691833332,2.3582717562859137,0.9056437698124576,55785,265.0490367474717,0.7370424792946834,0.9890651608855427,0.7485225302666428,0.6491894791577741,0.007399671078602295,0.0008107334092405711,0.42144697984914203,0.9938865093502304,HOROZ
6635,55177,927.376,354.1136831392731,204.0895353168279,1.7350898594067954,0.8172106991706487,56835,265.05384049255366,0.6974542420871676,0.9708278349608516,0.806224967105923,0.7484992902358643,0.006417777029183775,0.001242596021113911,0.5602511874835925,0.9720861541233967,HOROZ
6636,55232,923.9459999999999,382.3744188609339,184.44901834515713,2.0730629107789635,0.8759631485138987,55782,265.1859093821022,0.6037273870033338,0.9901401885913018,0.8130316540360765,0.6935241906926517,0.006923059437661752,0.0009879256920474317,0.4809758030758975,0.9970930983387697,HOROZ
6637,55241,929.2919999999999,377.9700179832831,187.11701689277447,2.019966031202149,0.8688600261234384,55812,265.20751439338045,0.7789199097574732,0.9897692252562174,0.8038351608519018,0.7016628350799773,0.006842200864996708,0.0010230326109857278,0.49233073413247164,0.994491359064409,HOROZ
6638,55243,919.386,368.9953239060357,192.32253925816107,1.9186275583160888,0.85343096475137,55941,265.2123152679841,0.7922415029399111,0.9875225684203,0.8212801887236653,0.7187416698416486,0.006679494667306911,0.0010995492011239075,0.5165895879667615,0.9911430198121819,HOROZ
6639,55245,953.4089999999999,357.19792181152934,199.55248344740758,1.7899948707261741,0.8293962199198973,56521,265.21711605568385,0.7134278630094529,0.9774243201641868,0.7637379082239045,0.7424934465201678,0.0064657058885243795,0.0012121774690826868,0.5512965181253973,0.9868179396936603,HOROZ
6640,55246,926.5649999999999,363.28982677242993,194.0522279163774,1.8721239672083632,0.8453880375693786,55923,265.2195164169462,0.7431530804412161,0.9878940686300807,0.8086468902774362,0.7300493899684221,0.006575857560229337,0.0011522351767001289,0.5329721117932652,0.9977898643418269,HOROZ
6641,55248,929.8549999999999,382.2083973571972,184.31368803386323,2.0736842794170314,0.8760427298260545,55777,265.22431707429894,0.6213435001180877,0.9905158040052351,0.8029637948378653,0.6939259286509881,0.006918049474319382,0.000989500202387595,0.4815331944541362,0.9985478153570069,HOROZ
6642,55259,959.6419999999999,401.86847614105926,176.30487307034684,2.2793951700966937,0.898627295666784,55950,265.25071913666955,0.6049151614668856,0.9876496872207328,0.7540400109375083,0.6600436085052969,0.007272452924248707,0.0008514344165730916,0.4356575651286936,0.9930357497704301,HOROZ
6643,55261,919.849,377.70993142777456,187.81215219414798,2.011104856715143,0.8676135442012494,55893,265.25551922930805,0.776704896834767,0.9886926806576852,0.8207209557150041,0.7022730861924134,0.006835018031301905,0.0010255185652644845,0.49318748759021697,0.9918517515638244,HOROZ
6644,55272,938.937,389.9998782892438,180.88310361980245,2.1560879401372013,0.8859383730317788,55781,265.28191818629836,0.5960530572630217,0.9908750291317833,0.7878474561157287,0.6802102589107778,0.0070560116928868825,0.0009317765260321464,0.46268599632746754,0.9975916967520181,HOROZ
6645,55275,926.543,380.88912880188127,186.15891398513946,2.046042924553624,0.87242483903995,55773,265.2891174459218,0.6020848310567937,0.9910709483083212,0.8091097910724447,0.6964995779228749,0.006890802872942221,0.0010003063348452113,0.48511166204674294,0.9925592837491872,HOROZ
6646,55277,939.509,386.6178901624585,183.0291555943421,2.112329529724443,0.8808416661157861,55980,265.29391684380096,0.673059127216053,0.9874419435512684,0.7869596032135109,0.6861915177601412,0.006994190896077184,0.0009565300659905668,0.4708587990459663,0.9946089455553819,HOROZ
6647,55300,930.7819999999999,379.68275567909893,185.9231093662502,2.0421493432059665,0.8719021442312571,56000,265.3491036801415,0.6268561971479744,0.9875,0.8021194423488118,0.6988705694719773,0.0068658726162585705,0.0010103282871397256,0.48842007287408595,0.997426731028425,HOROZ
6648,55308,964.005,384.1890073915576,184.32875654585,2.084259746503494,0.8773851897396917,56329,265.36829641125627,0.6500017628600642,0.9818743453638445,0.7478926157386495,0.6907232932377951,0.006946355091335026,0.0009753335214099234,0.47709866782126514,0.9943975484503049,HOROZ
6649,55310,911.785,359.7136065928051,198.43197930797567,1.812780418999464,0.8340831154411056,56095,265.3730943771464,0.8099519681349578,0.9860058828772618,0.8360430404942827,0.7377343795547553,0.006503590789962124,0.0011883190543724006,0.5442520147770398,0.9866093953888246,HOROZ
6650,55314,921.1419999999999,378.8703414406928,186.50474125465564,2.0314247181704568,0.8704451878984107,55873,265.38269004869323,0.7408389585342333,0.9899951676122635,0.8192034262895231,0.7004578110800352,0.006849447543853144,0.0010170990233382133,0.49064114510303436,0.9967005499137618,HOROZ
6651,55319,933.642,380.0179283819426,187.02915517701925,2.0318646471041557,0.8705054553469206,55840,265.39468415023777,0.8082610093217615,0.9906697707736389,0.797486654785573,0.6983741142957312,0.0068695733542172245,0.001008003551818621,0.48772640351834695,0.9909940367681851,HOROZ
6652,55325,930.973,367.89331466576715,193.45209865729967,1.9017282170584773,0.8505850515165989,56255,265.4090763566176,0.721072387456664,0.9834681361656742,0.802152820772466,0.7214294627716816,0.006649675818631128,0.0011111066191511192,0.5204604697550371,0.9897743611966644,HOROZ
6653,55333,932.896,390.8373364987827,181.2596527642153,2.156229092015246,0.8859542671776679,55814,265.4282647511955,0.8358711743557207,0.9913820905149245,0.7989647506839376,0.6791271968255833,0.007063367908820824,0.0009268214623785908,0.4612137494681746,0.9944825042407092,HOROZ
6654,55352,915.7839999999999,367.40075344865784,192.92174463462615,1.9044030217769226,0.8510411903427237,56068,265.4738316297498,0.6797828703362563,0.987229792394949,0.8293867224939381,0.7225729102018519,0.006637533484764016,0.001116125909300037,0.5221116105575735,0.9943109288506586,HOROZ
6655,55365,955.4889999999999,374.0528726553751,190.7099567510854,1.9613704445625189,0.8602647452881534,56553,265.5050044618035,0.7886752136752136,0.978993156861705,0.762068104326908,0.7098060832336405,0.006756125217292064,0.0010578797917925838,0.5038246757954816,0.9881868283465508,HOROZ
6656,55374,936.083,374.9582633052175,189.17841357054215,1.9820351393601283,0.8633930384444032,56230,265.52658350938214,0.8047610742936868,0.9847768095322782,0.7941216641568168,0.7081497048999357,0.006771377601495603,0.0010504057958065404,0.5014760045498661,0.9939430625637541,HOROZ
6657,55381,914.9689999999999,363.1423523733551,194.49835027250882,1.8670716325591534,0.8444730227519429,55974,265.5433660006931,0.7652163099498431,0.989405795547933,0.8313002237829031,0.7312376655193382,0.00655716495500903,0.0011564585886082656,0.5347085234741715,0.998339115866216,HOROZ
6658,55382,922.802,367.7977105667002,193.38458261248428,1.9018977914269177,0.8506140337351473,55970,265.5457634128678,0.7035315040650406,0.9894943719849919,0.8172622615490073,0.7219886252247648,0.006641105604107836,0.001113118935342654,0.5212675749539459,0.9913976495473752,HOROZ
6659,55388,934.8779999999998,385.6247334623101,184.27631305157067,2.0926440684451455,0.8784336411361057,56017,265.5601474314081,0.730712401055409,0.9887712658657193,0.796371423731355,0.6886491565182845,0.006962243328199431,0.0009658752550468621,0.47423766077334456,0.9924106278506404,HOROZ
6660,55405,935.0329999999999,383.5952361394578,184.6208977730589,2.0777454815054774,0.8765609312678776,56201,265.6008979202662,0.6431075308756616,0.9858365509510507,0.7963517631662763,0.6923988436178227,0.006923476872835625,0.0009815882342308754,0.4794161586432982,0.9961047573818259,HOROZ
6661,55412,950.1500000000001,407.4697047013247,173.7553105549718,2.3450777038116,0.9045228753532244,55983,265.61767571617827,0.8162387496869798,0.9898004751442402,0.7713106787644678,0.6518709799808946,0.007353456014966518,0.0008190640261984768,0.42493577454125186,0.9965074104286027,HOROZ
6662,55423,943.28,384.26425510931546,184.49702941836597,2.0827666240520153,0.877197014250694,56077,265.6440386830785,0.6825492610837438,0.9883374645576618,0.782742006787425,0.6913056188572838,0.006933299444442117,0.0009767874417799878,0.4779034586636523,0.9953613732236769,HOROZ
6663,55428,928.665,385.030652759403,184.58134162357777,2.0859673538650916,0.8775998519559186,56026,265.6560209849959,0.8188022572162968,0.9893263841787742,0.8076457581086817,0.68996070593631,0.006946500915771866,0.0009710537986436724,0.47604577573613127,0.9930159471309524,HOROZ
6664,55430,943.99,383.6370578173489,191.48975996087412,2.0034338018687525,0.8665196158805223,58228,265.66081375443775,0.7129718952987331,0.9519475166586522,0.7816637201132018,0.692479541121181,0.006921108746479323,0.0009817100198310797,0.4795279148714015,0.9607024335930074,HOROZ
6665,55459,924.0690000000001,381.6891769358031,185.56210462515833,2.0569349421145446,0.8738696779329476,56044,265.7302991972639,0.6285303050908926,0.9895617728927272,0.8161558469102856,0.6961955309567436,0.006882366738235509,0.0009973383022353565,0.48468821732414213,0.9969721302452359,HOROZ
6666,55466,956.294,398.86406064486073,178.0281017176409,2.2404556179421253,0.8948645600568914,56315,265.74706882349716,0.6128839779005525,0.9849240877208559,0.7621735083713769,0.6662597487320678,0.007191145217698423,0.0008740819025372077,0.4439020527805181,0.9945428479681537,HOROZ
6667,55473,949.7979999999999,377.324340010028,189.85881503311106,1.9873943695699525,0.8641866383558197,56872,265.76383739157154,0.6124267214254959,0.9754009002672669,0.7727322107282646,0.7043379109455501,0.006801945811656626,0.0010326120532465864,0.49609189279514165,0.985930234530365,HOROZ
6668,55474,927.5909999999999,381.2375019459822,186.06373856049,2.0489618498235243,0.8728145343334687,56164,265.76623281492783,0.720067497403946,0.987714550245709,0.8101889091918489,0.6971146108616156,0.006872363664887735,0.0010011580336765785,0.48596878067674176,0.9957314918118993,HOROZ
6669,55475,971.678,380.8088093191292,186.73166098344575,2.039337128548805,0.8715225578842466,56330,265.7686282166937,0.6655748719240783,0.9848215870761583,0.738350265156105,0.6979056726441736,0.006864512110304266,0.001004561087925878,0.48707232790891636,0.9933046825933516,HOROZ
6670,55487,915.3069999999999,359.2053493505056,197.7867171614738,1.8161247352988272,0.8347540609455142,56143,265.79737135404474,0.6540347485796459,0.9883155513599202,0.8322763255699098,0.7399593904563064,0.006473684815371269,0.001197189385544811,0.5475398995244686,0.9944007550894219,HOROZ
6671,55488,930.585,387.35547343035387,184.3520629761565,2.101172437004153,0.8794859960750668,56114,265.79976647518845,0.7481292723374995,0.9888441387176106,0.8051871579925711,0.6861908110431774,0.006980887280679676,0.0009547067218869144,0.4708578291600935,0.9893534923787989,HOROZ
6672,55502,932.457,373.9242710252873,189.6561829272151,1.971590196818362,0.8618255605126139,56271,265.8332959053305,0.6464244118332169,0.9863339908656323,0.8021597562626028,0.7109281651507265,0.006737131473195331,0.0010615920709399224,0.5054188560045788,0.9964788617857789,HOROZ
6673,55505,942.3499999999999,376.86154867082416,189.0142981431103,1.9938256119941107,0.8651296003409699,56160,265.8404802330247,0.8220770757427649,0.9883368945868946,0.7854481140166036,0.7054062192617783,0.006789686490781446,0.0010370187804735528,0.49759793417319603,0.9921235056298777,HOROZ
6674,55532,915.7319999999999,374.15712016366996,189.8911852263872,1.970376453849619,0.8616416083322173,56178,265.90513044737037,0.7598795840175151,0.9885008366264374,0.8321783203614966,0.7106777236553825,0.006737684941361196,0.0010601840651169757,0.5050628268999962,0.9951639018384785,HOROZ
6675,55538,943.742,392.64063936001804,181.84897539500824,2.159157831421007,0.886283285402541,56182,265.9194950271632,0.8100996251294543,0.9885372539247446,0.783598387821767,0.6772592247725474,0.007069765554395513,0.0009174966589442954,0.4586800575395119,0.9903626383530751,HOROZ
6676,55539,925.316,380.7364209630027,189.702108157286,2.0070226138305545,0.8670331306259901,56838,265.9218890483561,0.7458904109589041,0.9771455716246173,0.8151316875623729,0.6984409013872527,0.006855298456274018,0.0010062937760739756,0.48781969273063813,0.9790651547822631,HOROZ
6677,55547,940.167,379.8429593782605,187.5577238034901,2.025205636299113,0.8695885558470715,56288,265.9410404420575,0.6133723498233216,0.9868355599772598,0.7896969592967513,0.7001341840779636,0.006838226355667462,0.0010135574394640517,0.490187875714516,0.9927312487425272,HOROZ
6678,55552,954.895,389.52096200123424,182.1397015794393,2.1385835082822218,0.8839405867333885,56468,265.95300936279654,0.6277062146892656,0.983778423177729,0.7655936533926138,0.6827694406904701,0.007011826072890881,0.0009399552908822608,0.46617410914077734,0.9969522617966231,HOROZ
6679,55559,934.1840000000001,369.2990243252361,192.66884404007862,1.9167552811414343,0.8531198325584048,56331,265.9697649469595,0.652009106698587,0.9862952903374697,0.8000174037845815,0.7202016453548059,0.006646970325694056,0.001103112839542531,0.5186904099717697,0.9942025825908053,HOROZ
6680,55573,916.723,372.3930491992671,194.77108392593365,1.911952440234293,0.8523169957590725,57240,266.00327294897556,0.7906245554132878,0.9708770090845562,0.8309931630396034,0.7143078355542493,0.0067009707807616494,0.0010761161356889995,0.5102356839341965,0.9755463609926004,HOROZ
6681,55605,955.326,396.7403259765699,179.42041105562296,2.2112329563974447,0.8918981172236241,56350,266.07984682233774,0.5934998398975344,0.9867790594498669,0.7656327707486298,0.6706649901730722,0.007134975739170397,0.0008904197977687555,0.4497915290438471,0.9945938525301532,HOROZ
6682,55612,982.961,389.45497510823554,183.59031667250346,2.1213263431696268,0.8819178163352036,56771,266.09659441979306,0.6100482667836771,0.9795846470909443,0.7232789136511544,0.6832538070564915,0.007003074428329058,0.0009414488856514965,0.4668357648571895,0.9903110059252975,HOROZ
6683,55616,910.5599999999998,363.1294377659071,196.38235196095872,1.84909404607853,0.8411477550264472,56083,266.10616400224706,0.8066953860435432,0.9916730560062764,0.8429318772798451,0.7328135268774147,0.006529226081809319,0.001161489742441702,0.5370156651745155,0.992992469125098,HOROZ
6684,55617,920.1479999999999,376.49098902373436,189.20832809321237,1.9898225031524948,0.8645438517793054,56363,266.10855634408966,0.7857173129900402,0.9867643666944627,0.8254714366683062,0.7068125509036125,0.006769350900331452,0.001042182558029479,0.4995839821148718,0.9940834498267056,HOROZ
6685,55647,948.511,376.9934222663381,188.8955933054452,1.9957766916072928,0.8654136693791471,56332,266.1803166011296,0.7095840452934126,0.9878399488745295,0.7772609987669514,0.7060609041955079,0.006774730394564632,0.0010385811540154235,0.49852200043337835,0.9949385887183771,HOROZ
6686,55654,937.4159999999998,387.86215794868167,183.6820770333753,2.1115950135853843,0.8807531409239971,56373,266.1970578776008,0.7350070655978024,0.9872456672520533,0.7958688812426701,0.6863187150957416,0.0069691694747669826,0.0009538150163427259,0.47103337869066975,0.9946317336754942,HOROZ
6687,55668,920.3379999999999,372.1519947682462,191.5956406314777,1.9423823712359793,0.8572912750872499,56289,266.2305372723367,0.6503954855066537,0.9889676490966264,0.8258872745672047,0.7153811910591236,0.006685205050805601,0.0010800517501465734,0.5117702485211703,0.9940535088505769,HOROZ
6688,55672,952.751,399.0885088589822,178.26329316896744,2.23875875826385,0.8946957438436117,56414,266.2401020404251,0.7074670868703299,0.9868472365015776,0.7707044400145364,0.667120441031042,0.007168567841266385,0.0008758488299341225,0.445049682841452,0.9963588753238494,HOROZ
6689,55689,925.555,371.51782892570117,192.52298116425183,1.9297323710603624,0.8552554864266081,56406,266.28074847190226,0.7259206152642899,0.9872885863206042,0.8169111444808146,0.7167374692135031,0.006671296466549968,0.001086001534687505,0.5137125997745774,0.991327833206578,HOROZ
6691,55695,925.0459999999999,378.24289112080567,188.12545236578555,2.010588606507967,0.867540360336831,56281,266.29509278998154,0.6749109328421512,0.989587960412928,0.8178985028177896,0.7040319832605406,0.006791325812385415,0.0010292097339588543,0.4956610334537702,0.9965704265521145,HOROZ
6692,55701,932.537,386.3861055766393,183.97158041692816,2.100248879207247,0.8793727131520411,56186,266.30943633542785,0.7245658536585365,0.9913679564304275,0.8048977470054216,0.6892313996073692,0.006936789385767568,0.0009656027405107118,0.47503992220473307,0.9977020641891886,HOROZ
6693,55702,944.8889999999999,387.0140646014272,184.1040902746217,2.102148105585985,0.8796054929069648,56421,266.31182685122724,0.6096445144908502,0.9872565179631697,0.7840054229153466,0.6881192473598934,0.006947938397210643,0.0009609273279697519,0.4735080985871461,0.9953841524245911,HOROZ
6694,55703,966.6070000000001,387.9572416547395,184.76485777039366,2.09973501636795,0.8793096120515431,56585,266.31421734556864,0.6710719707009132,0.9844128302553681,0.7491841450605984,0.6864524972124983,0.006964745914129212,0.0009539530415127901,0.471217030929275,0.9894309001511383,HOROZ
6695,55703,932.6850000000001,387.5800728390098,183.6937982793487,2.1099246488964485,0.8805514480737486,56321,266.31421734556864,0.7320480471008779,0.9890271834662027,0.8046712137440845,0.6871205100789284,0.006957974845861261,0.00095674073582959,0.47213459537112673,0.9961684203702913,HOROZ
6696,55705,932.2869999999999,367.339978288731,194.9459896922933,1.8843166708304586,0.847562016918829,56423,266.3189982698798,0.8081621402042711,0.9872746929443666,0.8053873163671136,0.7249932324560431,0.0065943807250467825,0.0011238014564350423,0.5256151871070622,0.990425459507508,HOROZ
6697,55706,957.611,403.69226768075976,176.230171968856,2.290710286273236,0.8996820255825039,56402,266.32138869985073,0.5987703420254961,0.98766001205631,0.7633673601757482,0.6597138712363397,0.007246836385322223,0.0008467411804362442,0.4352223919016378,0.9969684099455233,HOROZ
6698,55718,913.7370000000001,351.3318444242761,207.78512705742403,1.6908421184889768,0.8063627450192687,57302,266.35007218612463,0.7987213119454121,0.9723569857945621,0.8386156458697787,0.7581153727257197,0.006305535812919992,0.001284822022481576,0.5747389183630568,0.9717927703030542,HOROZ
6699,55720,922.1899999999999,372.61168258894315,194.03944812102674,1.9202883032141842,0.8537060890207211,56939,266.35485246686096,0.722810294728103,0.9785911238342788,0.8233417813803465,0.7148322634872876,0.006687216126865455,0.0010770644851092808,0.5109851649223588,0.9812388353163766,HOROZ
6700,55735,923.0239999999999,368.1161344810273,193.40552169868874,1.9033382875930738,0.8508598791436004,56284,266.39070183813527,0.7708212319862805,0.9902458958140857,0.8220758355097392,0.7236594022527557,0.006604757055369647,0.0011173093849109728,0.5236829304688158,0.9967457721202387,HOROZ
6701,55736,935.8109999999999,384.3437562092098,185.11719400656057,2.0762185720878454,0.876366493227236,56347,266.39309162468726,0.6052208660904314,0.9891564768310647,0.7997778460273827,0.693111537057679,0.006895790085567852,0.000981694384870371,0.48040360280245836,0.9974228822363765,HOROZ
6702,55741,938.3829999999999,378.77206503422065,188.28449537750498,2.011700773740257,0.8676979439599718,56536,266.4050402358835,0.6904620339402948,0.9859381632941843,0.7954710101377014,0.7033386694232977,0.006795214743801163,0.0010257485947505703,0.4946852839061347,0.9951587683918901,HOROZ
6703,55747,937.6379999999999,386.1352450969493,185.25601006464944,2.0843331612410214,0.8773944305955387,56592,266.41937786195496,0.7503162938437105,0.9850685609273395,0.7968213560185119,0.6899638954094011,0.006926565467145304,0.0009682849193997487,0.4760501769685148,0.9922471702701323,HOROZ
6704,55749,926.981,376.67438804034924,188.73628027730237,1.9957709640505643,0.8654128368261504,56278,266.4241568991832,0.7034219093042623,0.990600234549913,0.8152771686270759,0.70730627130041,0.006756612460140078,0.0010431308929833125,0.5002821614208893,0.9984486115962682,HOROZ
6705,55758,936.4429999999999,389.59182237162605,182.90158997442842,2.1300625239293716,0.88294853691042,56364,266.44566150594983,0.664592719731102,0.9892484564615712,0.799013940076547,0.6839097902106147,0.006987191476947273,0.0009429261724870251,0.467732601145927,0.9962996849209435,HOROZ
6706,55758,939.249,364.6314431187117,196.15222280558007,1.8589207805211716,0.8429789565988729,56627,266.44566150594983,0.7822390572390573,0.9846539636569128,0.7942469739440056,0.7307259605124183,0.006539535907290643,0.0011501244570810687,0.5339604293667964,0.9925901381259452,HOROZ
6707,55760,958.0139999999999,389.3709623810227,182.8931224245744,2.1289535506814934,0.8828184660908626,56648,266.4504400717564,0.8041302529491506,0.9843242479875723,0.763464622857276,0.6843099917939406,0.006982979956618054,0.0009445655094425973,0.4682801648690232,0.9969467197116221,HOROZ
6708,55779,924.817,365.2153369559558,195.4545205518119,1.8685438224957454,0.844740516057864,56388,266.49583217338056,0.807198055049058,0.9891998297510108,0.8195377806497922,0.7296950735820806,0.006547541851878948,0.0011450480266232224,0.5324549004099582,0.9949153149186148,HOROZ
6709,55789,916.9709999999999,377.0138381909748,189.08881267514028,1.9938452881329094,0.865132469734042,56283,266.51971964796525,0.8172775482699013,0.9912229269939413,0.8337718705964657,0.7069229101159963,0.006757852590850792,0.001041062261068925,0.499740000846869,0.9964042459800658,HOROZ
6710,55798,928.8649999999999,387.4074008060558,183.8069016519627,2.10768691123258,0.8802804215642204,56297,266.5412165447074,0.7668668654911285,0.9911362950068388,0.812686974318209,0.6880127121736208,0.006943033814940604,0.0009596544767980667,0.47336149211250156,0.9976978212070433,HOROZ
6711,55823,942.8879999999999,390.9030875412447,183.35264796496546,2.131974050442606,0.8831722176410071,56438,266.6009210519554,0.8046326592386526,0.9891030865728764,0.789046902344387,0.6820128301591529,0.007002545322559603,0.0009345571622670315,0.4651415005016977,0.9916696088535562,HOROZ
6712,55829,929.625,376.57599274784684,191.62570011617217,1.9651643413151234,0.8608473430321215,56855,266.6152481442489,0.7576300397617012,0.9819540937472517,0.8118094901002354,0.7079985269341716,0.006745168151817995,0.0010454468535677731,0.501261914140957,0.9850620393291717,HOROZ
6713,55838,950.359,399.44192577085636,178.7464608770917,2.2346843893346655,0.8942886929382375,56472,266.6367373392534,0.5889152560248906,0.9887731973367333,0.776898592473345,0.6675231620333517,0.007153585833497911,0.0008761307309688913,0.4455871718510044,0.9957466970232225,HOROZ
6714,55842,929.1499999999999,360.07936712677696,203.36753622188596,1.7705843017830987,0.8252378784382798,58135,266.64628753669336,0.6484810479375697,0.9605573234712308,0.8128289549727563,0.7405208736739763,0.006448181783008792,0.0011960965960777028,0.5483711643468694,0.9709373751430863,HOROZ
6715,55846,930.5669999999999,377.4751424978305,189.36839282368467,1.993337625510116,0.8650584064969805,56548,266.6558373920959,0.6323214710311484,0.9875857678432483,0.8104134519087066,0.7064195952813727,0.0067592153869181415,0.001038309909246132,0.49902864459749835,0.9947325734835092,HOROZ
6716,55847,915.961,358.0579392213349,199.7329628726687,1.7926832610479,0.82995992222302,56445,266.6582248025075,0.7775209879293302,0.9894056160864558,0.8364803580171641,0.7447348476126701,0.006411408656173741,0.0012165779063856227,0.5546299932486669,0.9942759049719948,HOROZ
6717,55860,941.12,391.804279119798,182.2239559327317,2.1501249773352153,0.8852637997841326,56519,266.68925919299073,0.7448,0.9883402041791256,0.79253926852991,0.6806695929715659,0.007014040084493341,0.0009287384092689786,0.4633110947960773,0.9961767571975694,HOROZ
6718,55877,929.728,372.65428026003434,192.1176402356374,1.9397192251735131,0.856866397404147,56678,266.729837178308,0.674549712685306,0.9858675323758778,0.8123274406498877,0.7157568054556804,0.006669189116452822,0.0010797289340452214,0.5123078045561207,0.993733297703942,HOROZ
6719,55878,953.303,404.85276915454637,177.21727626713368,2.2844994443108333,0.8991051804261407,56462,266.73222392637797,0.6785922471582629,0.9896567602989621,0.7726606549988011,0.6588375929437129,0.00724529813440972,0.0008420725509313574,0.43406697387586535,0.9916257606130997,HOROZ
6720,55884,950.102,379.6658948537802,189.13440910829834,2.007386686768263,0.8670850542199381,56691,266.7465439663274,0.5972299405805155,0.9857649362332646,0.7779593116945739,0.7025823166683404,0.006793821037394964,0.0010211339709808311,0.49362191169505204,0.9908900538337466,HOROZ
6721,55941,918.7330000000001,379.0385222445696,188.66204446839987,2.009087324970959,0.8673271821317463,56536,266.8825460235827,0.810786132529422,0.9894757322767794,0.832839773507232,0.7041040167716257,0.0067756837068441685,0.001027259520517462,0.49576246643393784,0.9960300875087653,HOROZ
6722,55953,935.4279999999999,378.14546475510906,190.79624051264807,1.9819335210121263,0.863377921405156,56853,266.9111692053492,0.7959174964438123,0.9841697008073452,0.8035492683182002,0.7058425766872641,0.006758269704128627,0.0010347768127687233,0.4982137430645164,0.9874265180084878,HOROZ
6723,55976,945.068,391.5043641690033,183.18087415178903,2.1372556822967845,0.8837868485174096,56704,266.96602172579094,0.6642301120182267,0.9871613995485328,0.7875635510764993,0.6818979458695075,0.006994146851668631,0.0009328075191254473,0.4649848085810537,0.9937914243215398,HOROZ
6724,55987,930.9639999999999,367.73538361042364,196.88585359626197,1.8677592975496813,0.8445980590652226,56791,266.99225155627187,0.722170626628486,0.9858428272085366,0.8117668017900378,0.7260444968198155,0.006568228045982525,0.001125851050696808,0.5271406113623391,0.984571777988032,HOROZ
6725,56056,931.194,374.5213571565931,191.22909514461625,1.958495682225358,0.8598207701485926,56718,267.15672538731695,0.7998858447488585,0.9883282203180648,0.8123657978518787,0.713328413139373,0.006681200177618687,0.0010670685968102423,0.5088374249919361,0.9965558998013764,HOROZ
6726,56063,938.3059999999999,387.70475371934856,184.93893383778249,2.0963933644141166,0.8788980216050857,56827,267.17340548132296,0.8169471766848816,0.9865556865574463,0.8001975380040612,0.6891156296595844,0.006915519214443546,0.000961995312059601,0.4748803510411255,0.9955360168132619,HOROZ
6727,56069,932.5919999999999,374.0643531936408,191.544016206619,1.952889787954204,0.8589486884207599,56798,267.18770187595806,0.776578947368421,0.9871650410225712,0.8101199051198001,0.7142827152461753,0.00667150035123938,0.0010712327446964803,0.5101997972994488,0.9963639739623982,HOROZ
6728,56104,943.6329999999999,377.5994042334269,189.96374319504235,1.9877445973768402,0.8642382518373565,56846,267.2710822700832,0.7241281396009189,0.9869471906554551,0.7917670956612729,0.7078164829541409,0.006730347287776752,0.0010420772738051153,0.5010041735415696,0.9958683392205038,HOROZ
6729,56116,956.5,378.41726948918637,189.48046618185901,1.997130770862629,0.865610273834897,57069,267.2996638463251,0.7509467796111178,0.9833009164344916,0.7707732286456458,0.7063622233920364,0.006743482598353168,0.001035556653758311,0.4989475906353411,0.9964635863056103,HOROZ
6730,56137,932.009,376.51978405929736,191.01617148972562,1.971140878402275,0.8617575070030827,56876,267.3496742522755,0.697319387856504,0.9870068218580772,0.8121174674310929,0.7100547848241917,0.0067071589871082775,0.0010516852843036704,0.5041777974517292,0.9938054665399259,HOROZ
6731,56154,936.002,370.86617942451,194.71400611937315,1.9046713013399938,0.8510868210308636,56971,267.39015201584806,0.6971322160148976,0.9856593705569501,0.8054470741581489,0.7209882347071107,0.006604448114551234,0.0011008521798544287,0.5198240345860757,0.9900939204228669,HOROZ
6732,56161,936.8199999999999,391.14341441477893,183.97322167484975,2.126088845180291,0.8824814348287388,56596,267.4068175493502,0.7444656539144728,0.992313944448371,0.804141338675065,0.6836541475444218,0.006964680372763643,0.0009384837661442817,0.46738299345469014,0.9936977688109896,HOROZ
6733,56178,939.382,382.91485321787997,187.88001689448535,2.0380818542981474,0.8713525627881487,56840,267.44728666436674,0.7989816816475139,0.9883532723434201,0.8000030991781748,0.6984510640337794,0.006816099776031186,0.0010005980105654215,0.48783388884991874,0.9942453967767189,HOROZ
6734,56192,963.141,375.7579382254479,191.07702650877823,1.9665259874042749,0.8610555224397669,56961,267.4806095734011,0.7310954983086131,0.9864995347694037,0.7612102233446852,0.7118428710690807,0.006687036201335562,0.0010591317743600954,0.5067202730918721,0.9964785853797574,HOROZ
6735,56232,941.8860000000001,379.91233401848234,189.25707453616232,2.0073877552508113,0.867085206559334,56838,267.5757950180615,0.6508785332314744,0.9893381188641401,0.7965200474943664,0.7043093131191793,0.006756159020103897,0.0010254945349674985,0.4960516085464101,0.9957679249685324,HOROZ
6736,56247,965.9179999999999,395.9652464564548,182.98665994048005,2.163902257056608,0.8868131909789024,57108,267.61148083129524,0.611746152591223,0.9849233032149611,0.7575803635870221,0.6758458809862372,0.007039757612965221,0.0009059999088958166,0.45676765484606313,0.9884005592718497,HOROZ
6737,56248,946.999,378.61235923744124,190.35823267020965,1.988946597825252,0.8644151613395834,56917,267.61385971631483,0.6042324632076486,0.9882460424829137,0.7881663844841196,0.7068281137343556,0.006731125715357724,0.0010363888325314213,0.4996059823652672,0.993689618878541,HOROZ
6738,56290,933.828,346.57600747461817,212.00837852093952,1.6347278814756265,0.7910723438009966,58389,267.7137537989827,0.7208903232416373,0.9640514480467212,0.8111614992387689,0.77245322245392,0.006156972952116152,0.0013521839152287982,0.5966839808794452,0.9754159399734987,HOROZ
6739,56301,960.988,402.7083316362578,179.68414175279216,2.241201297498476,0.8949386145048,57012,267.73991037597364,0.84,0.9875289412755209,0.7661080813165089,0.6648482023903269,0.007152774047286155,0.0008620734386485036,0.4420231322216492,0.9906628174595002,HOROZ
6740,56305,928.9899999999999,367.65442086284395,197.9815949367812,1.8570131278124218,0.8426260500078312,57406,267.74942122498294,0.731670868310939,0.980820820123332,0.8198506562083385,0.7282638424328066,0.006529694003424988,0.0011329939355265162,0.5303682241949957,0.9849007549046687,HOROZ
6741,56313,926.125,370.44499958130575,194.9357485880938,1.9003440993476743,0.8503481625993744,56975,267.7684419095559,0.8025453198038992,0.9883808688021062,0.8250481842761432,0.722829143900445,0.006578321161744282,0.0011077390195818363,0.5224819712718501,0.9928955311220016,HOROZ
6742,56318,1026.2259999999999,384.5543262495005,187.63461732329105,2.0494849603733853,0.8728841787451934,57574,267.7803291513305,0.6560657952983389,0.9781845972140202,0.6720027656275069,0.6963394008928493,0.0068282667397546164,0.0009903167366785873,0.4848885612358123,0.9937718137098868,HOROZ
6743,56329,1019.4359999999998,359.42706129965427,204.0419407012434,1.7615352023431523,0.8232447260280675,58567,267.8064792259272,0.6468129571577848,0.9617873546536445,0.681117397258851,0.7450926990793746,0.006380852869741239,0.0012131087216561663,0.5551631302213874,0.9779393969279895,HOROZ
6744,56334,989.798,372.7248213370509,193.53898328893482,1.9258384796855583,0.8546197542217936,57684,267.81836477939794,0.6744971264367816,0.9765966299147077,0.7225822841704305,0.7185418020154144,0.00661633864694591,0.0010879417512573942,0.516302321243559,0.9943148774018202,HOROZ
6745,56337,942.939,395.1803258148118,182.60194550780858,2.164162735045519,0.8868421737867809,56818,267.8254958583011,0.8061040521978022,0.9915343729099934,0.7962260525014161,0.6777298320863491,0.0070145787992759966,0.0009128675551408947,0.45931772529979087,0.9940383046396817,HOROZ
6746,56392,930.0969999999999,371.9571247969292,195.00533265616514,1.9074202727202685,0.8515531343904914,57178,267.9561986719197,0.7327823691460055,0.9862534541257126,0.8191640309896602,0.7203953918565507,0.006595920073714874,0.001095819064004827,0.518969520608153,0.9898929845319104,HOROZ
6747,56404,922.589,360.3630769155313,204.59148232227628,1.7613786890105265,0.8232099391494309,58033,267.9847071779323,0.710825456836799,0.9719297640997363,0.8327281067765391,0.7436519564426619,0.006388963139414426,0.0012052830376182643,0.5530182323209988,0.9740745290444796,HOROZ
6748,56407,935.8549999999999,370.85556519887643,198.2976202228721,1.8701967516405984,0.8450399962472855,57827,267.99183383057834,0.735002084853539,0.9754439967489235,0.8093301816381935,0.7226312855433732,0.00657463728258685,0.0011059069839162406,0.5221959748460684,0.9766092158769126,HOROZ
6749,56413,929.4809999999999,377.8808379018706,191.0396729630551,1.9780228475105717,0.8627941845802268,57007,268.00608656734784,0.6612396558595307,0.989580226989668,0.8205556244753054,0.7092343926604306,0.006698470882631142,0.0010454772498051069,0.5030134237324099,0.9949720447472231,HOROZ
6751,56433,948.827,381.69306319480717,191.66402216824397,1.991469545910679,0.8647853284757098,57627,268.0535902166569,0.763722730471499,0.9792805455775938,0.787714668945544,0.7022752469563448,0.006763650048638335,0.0010148230814692335,0.4931905224875951,0.9821739058658215,HOROZ
6752,56437,949.365,371.1457280732355,194.1292487952824,1.9118485770509757,0.8522995588678828,57210,268.06308993634013,0.7606577262618774,0.9864883761580143,0.7868779050040251,0.7222583197386154,0.006576283786757543,0.0011039020037257347,0.521657080431648,0.9973293469318126,HOROZ
6753,56437,927.722,377.41112132129797,191.26913761117217,1.9731940345155459,0.8620680541353865,57192,268.06308993634013,0.7631365443383725,0.9867988529864317,0.8240206076098107,0.7102681261693198,0.006687299490073852,0.0010498320798878827,0.5044808110520769,0.9954385268955223,HOROZ
6754,56450,961.485,387.75014574927,186.30267840592066,2.081291310822869,0.8770106455250279,57305,268.0939617005574,0.6386107811527801,0.985079835965448,0.7673416714906507,0.6914090546181622,0.006868913122219132,0.0009682957754140535,0.4780464808079808,0.9949539866751019,HOROZ
6755,56462,967.154,402.0604631350525,180.51484283854168,2.227298635462727,0.8935446355677108,57430,268.1224555587181,0.7658356617746792,0.9831446978930872,0.7585336593710235,0.6668709812152197,0.007120903672116689,0.0008687246643360289,0.4447169055869499,0.9905173569810196,HOROZ
6756,56476,974.851,385.34739979048413,187.34753722055777,2.056858635599933,0.8738596437979407,57232,268.1556945665392,0.7790222908850143,0.9867906066536204,0.7467879652653958,0.6958803788797775,0.006823206314018063,0.0009869760882669578,0.4842495017098626,0.9960327693768954,HOROZ
6757,56484,926.135,377.5669310889495,192.144358885048,1.965016997011253,0.8608247868746208,57143,268.1746864355786,0.7637720745328177,0.9884675288311779,0.8275356537506303,0.7102705887460267,0.006684493504159577,0.0010494061246182566,0.5044843092376273,0.9913202423774189,HOROZ
6758,56514,939.837,378.7018613717549,192.7573674484422,1.9646557036168706,0.8607694544029236,57290,268.2458939688788,0.7784297520661158,0.98645487868738,0.8040088592270308,0.7083300118917389,0.0067010273803262,0.0010405518556596978,0.5017314057465511,0.9857294679836719,HOROZ
6759,56522,936.6709999999999,382.60585468983976,190.5572425995224,2.007826359525622,0.8671477179697826,57379,268.26487945223255,0.6249668288367979,0.9850642221021628,0.809567818495415,0.7011520502468579,0.0067691492638236395,0.0010091661775038885,0.49161419756537245,0.9870759445887914,HOROZ
6760,56526,945.2459999999999,372.9606367944714,196.31671950404203,1.8997904902684175,0.8502532500290633,57562,268.27437169006623,0.7747214341515563,0.9820020152183733,0.7950023670517248,0.7193101502502663,0.00659803695280882,0.0010895803468083092,0.5174070922530607,0.9829650734597986,HOROZ
6761,56536,960.439,407.2835156659735,177.70618997753328,2.2918926781192304,0.8997912700281926,57218,268.2981008153937,0.7871901977165136,0.9880806739138034,0.7701855540610603,0.6587502083817056,0.00720396766071129,0.0008368248718811297,0.4339518370429406,0.9945710379751048,HOROZ
6762,56539,943.1469999999999,370.374562793726,196.6759750272385,1.8831713570629622,0.8473598364393298,57599,268.3052191437605,0.695727610562843,0.9815969027240056,0.7987285561222689,0.7244158916312745,0.006550780218852933,0.0011128193467526935,0.5247783840479346,0.9882476216448575,HOROZ
6764,56570,921.703,369.2595338441708,196.42615542503853,1.8798898397473858,0.8467782387171525,57012,268.37876414811245,0.6268560790745091,0.9922472461937838,0.8367852969498474,0.7268025319594579,0.006527479827544118,0.001123546438576208,0.5282419204626787,0.9930366192064363,HOROZ
6765,56596,961.1009999999999,393.7498126976568,183.49758816852162,2.145803749398834,0.8847711083600838,57291,268.44043151848655,0.6923058103975536,0.9878689497477788,0.76994117179355,0.6817538011747835,0.0069572021467534245,0.0009270958932467076,0.46478824541626623,0.9973443596907295,HOROZ
6766,56606,933.43,372.87174694877336,193.9261375783476,1.9227513712437572,0.8541126543747068,57322,268.4641459660463,0.7293177865103395,0.9875091587872021,0.8164109508830796,0.719990581648786,0.006587141768518768,0.0010919029382147503,0.5183864376629573,0.9967282338506176,HOROZ
6767,56612,950.496,393.7620692000866,184.22750615321763,2.1373685038791335,0.8837999233943763,57282,268.478373629138,0.7904937444146559,0.9883034810237072,0.7874405490567272,0.6818289384108075,0.0069554523634580406,0.0009272713943410074,0.4648907012544089,0.9936427426074571,HOROZ
6768,56612,943.3239999999998,378.18725379490644,191.4804020639364,1.9750702929306967,0.8623509010097058,57398,268.478373629138,0.6360827406433636,0.9863061430711871,0.7994597331384643,0.7099085728963664,0.006680337274692759,0.001046617122278292,0.5039701818717558,0.9953765347377853,HOROZ
6769,56614,932.14,383.1357439498147,189.42016773557447,2.0226766163815357,0.8692376967269335,57255,268.4831160159545,0.7966621636834402,0.9888044712252205,0.818787897897424,0.7007519404170287,0.006767508813187811,0.0010066206348583791,0.491053281998231,0.99324199089523,HOROZ
6770,56638,946.0239999999999,384.7802308104864,189.86787983418137,2.026568322912381,0.8697770029986477,57458,268.54001812525104,0.7969998874254194,0.9857287061853875,0.7952679210923034,0.6979049249999373,0.006793676168128931,0.0009941906094235683,0.4870712843391679,0.987083235842007,HOROZ
6771,56688,940.4019999999999,394.5952617122608,183.53316562518663,2.149994309574039,0.8852489490519699,57175,268.65852547787665,0.7327249696248999,0.9914822912111937,0.8055155169818345,0.6808457970632771,0.006960825248946176,0.0009226469217427837,0.4635509993787292,0.9966320108616266,HOROZ
6772,56706,924.217,374.90739973462445,193.7054087084613,1.9354513755415235,0.8561814011686983,57307,268.70117533005345,0.7189441387529477,0.9895126249847314,0.8342399285235829,0.7167134484948862,0.006611423830540409,0.0010761107660819343,0.513678167253432,0.9941991153963035,HOROZ
6773,56724,933.793,383.35931117078894,188.72206447936236,2.0313433526089426,0.870434036588789,57387,268.7438184136658,0.7593167701863354,0.9884468607872863,0.8174768906214899,0.7010233235053439,0.006758326478576774,0.0010068129669530959,0.49143370009847803,0.99827057994306,HOROZ
6774,56731,937.119,386.34964017817845,187.90371861632568,2.0561042805494067,0.8737603814781871,57445,268.7604000078332,0.7327882404608748,0.9875707198189573,0.8117846153880023,0.6956403528262252,0.0068102032429919876,0.0009837367653336535,0.4839155004801951,0.9949807319615377,HOROZ
6775,56733,923.164,363.1981933687923,200.09505418451405,1.815128289147395,0.8345545954857619,57297,268.7651374182671,0.8158208826447707,0.9901565526990942,0.8365422745445139,0.7399957993330719,0.006401885910647988,0.001184144523107207,0.5475937830305919,0.9939529665400684,HOROZ
6776,56759,949.722,396.2990196129969,183.16370485084957,2.1636329093457882,0.8867832092509574,57486,268.82671615675235,0.7372926490264085,0.9873534425773232,0.7907725813449424,0.6783431269127873,0.006982135337356136,0.000911938899815861,0.4601493978298179,0.9955943803602415,HOROZ
6777,56761,959.439,398.3767662158937,182.0855176912038,2.1878553070403717,0.8894314358604423,57299,268.83145239854764,0.5914082687338501,0.9906106563814377,0.7748634325915361,0.6748170957662196,0.007018494498262781,0.0008977760846682409,0.4553781127383551,0.996301420664639,HOROZ
6779,56784,937.059,388.19265299829186,187.03691788022115,2.0754867937189347,0.8762731404220127,57431,268.8859131829733,0.8076463560334528,0.9887343072556634,0.8126470695446599,0.6926610050606921,0.006836303412903139,0.00097069780419409,0.47977926793168824,0.9957755344923572,HOROZ
6780,56821,965.0219999999999,386.57690791415587,187.60156696769897,2.0606272866618234,0.8743537449056504,57528,268.9735008721058,0.6982611367127496,0.9877103323598944,0.7667332694169339,0.6957826382424132,0.0068034161298491025,0.0009835606577429537,0.48411347967957274,0.9975774460685317,HOROZ
6781,56839,954.6610000000001,379.13123740871697,191.93072537466495,1.9753545799851528,0.8623936790476076,57523,269.0161007880419,0.6287152259277695,0.9881091041844132,0.7837145874757178,0.709559314148607,0.006670265793006861,0.0010429841859509856,0.5034744202950414,0.99454050203518,HOROZ
6782,56846,954.252,384.50031586595566,189.13310967799734,2.0329614234153643,0.8706555182283572,57490,269.0326656003227,0.6090860387870995,0.9887980518351017,0.7844831450915636,0.6996942642151501,0.00676389395675959,0.00100002258401246,0.4895720633755805,0.995281118824417,HOROZ
6783,56849,988.944,411.56271931082966,176.28224854459074,2.3346804497261933,0.9036251598719305,57601,269.0397644933724,0.5702749606267618,0.98694467109946,0.7304479824348298,0.6537029518705801,0.007239577113244378,0.0008154826873994713,0.42732754928431,0.9976732749434849,HOROZ
6784,56860,958.8019999999999,392.40843131436384,185.04110061864264,2.120655519246459,0.8818380933333861,57568,269.06579216548755,0.6055184605390669,0.9877015008337966,0.7772466463444254,0.6856779077459098,0.006901309027688425,0.0009410048570901989,0.4701541931708085,0.9970350846445406,HOROZ
6785,56866,975.289,391.8120411923522,186.9731414194628,2.0955525388181067,0.878794116682589,58051,269.07998801640707,0.6191316087448828,0.9795869149540921,0.7512697336499156,0.686757832142039,0.006890093222529318,0.0009454081564183044,0.471636320008433,0.9883386877925008,HOROZ
6786,56872,963.388,400.2091257450405,182.71597963791845,2.190334564815405,0.8896971109532513,57665,269.09418311843564,0.7713758680555556,0.9862481574611983,0.770026906000064,0.6723839258224868,0.0070370151523603975,0.0008872326983453479,0.4521001437044595,0.9902505715138893,HOROZ
6787,56889,951.5819999999999,384.23693434611164,190.17731811982677,2.0204140964066597,0.8689225720584612,57644,269.13439850832646,0.6135040117332413,0.986902366248005,0.7894883522654766,0.7004386472277454,0.006754151669850264,0.0010028384430505557,0.49061429853023397,0.9912440446491496,HOROZ
6789,56899,940.9389999999999,378.76777764404073,192.79224683268905,1.9646421672379122,0.8607673806294805,57675,269.1580518132163,0.7465101023353451,0.9865452969224101,0.8075911641946106,0.7106149670053672,0.0066568441913573305,0.0010470937234398183,0.5049736313320392,0.9920924894581759,HOROZ
6790,56905,958.9559999999999,382.91063212730785,192.8710490170478,1.9853193834885117,0.8638802212230335,58481,269.1722427984625,0.7949180007263991,0.9730510764179819,0.7776119573340706,0.7029636166095532,0.006728945297026761,0.0010135802778262553,0.49415784627678283,0.9810611507162331,HOROZ
6791,56906,949.645,392.1080118304041,185.17010162403085,2.1175557414044075,0.881468626591281,57496,269.174607889933,0.8138729977116704,0.9897384165855015,0.7929491750336437,0.6864807649132079,0.006890451126953293,0.0009439324383261188,0.471255840595823,0.9979105109240451,HOROZ
6792,56915,935.831,380.93223522039517,194.8623612720146,1.954878472855205,0.8592590186753067,58613,269.19589277810644,0.6790631636719402,0.9710303175063553,0.8166608745607377,0.7066765894001025,0.006693002463680843,0.0010296356355467115,0.49939180200616107,0.9762502832622131,HOROZ
6793,56932,952.347,375.4934804924804,195.07266494924582,1.9248902996746193,0.8544642942381362,57821,269.23609297577894,0.6477347714292215,0.9846249632486467,0.7888162861265843,0.7170193544310303,0.006595473204743912,0.0010753485102528086,0.5141167546286914,0.9896183538849646,HOROZ
6794,56936,961.6199999999999,391.592261993859,187.43792861443475,2.0891836827719943,0.8780026044142797,57775,269.2455509735327,0.7466624701654995,0.985478147987884,0.7737307233921491,0.687566065791553,0.006877762083635292,0.0009481665907771989,0.47274709482807437,0.9876555165926777,HOROZ
6795,56978,964.6439999999999,390.1640003674708,188.072738197897,2.0745377778087435,0.8761519126666588,57766,269.3448398984471,0.6034270948064051,0.9863587577467715,0.7694544756944185,0.6903374981924735,0.006847625405726259,0.0009593246735662909,0.47656586141064333,0.9886538831103456,HOROZ
6796,56981,1069.916,391.6784747749928,185.87256662266805,2.1072419770805797,0.8802264198853439,58649,269.3519305640008,0.6645479567083411,0.9715596173847807,0.6255190871466878,0.6876863241431257,0.006873843470191692,0.0009482895218529794,0.47291248041348416,0.9965410302125914,HOROZ
6797,56987,927.4979999999999,372.4808041381566,195.35219641037116,1.906714185878392,0.8514335763262664,57644,269.36611133515424,0.7821009003074221,0.9886024564568732,0.8324529471277777,0.7231677668824078,0.006536241671576967,0.001102717091870729,0.5229716190576886,0.9971574048690854,HOROZ
6798,57011,942.7,381.98092902993744,191.5812266069636,1.9938327768074389,0.8651306452045543,57679,269.4228269558768,0.7753644869981504,0.9884186619046793,0.8061604883953998,0.7053305714504952,0.006700126800616327,0.0010229010321993238,0.49749121502268223,0.991914290685981,HOROZ
6799,57015,966.209,393.7613455718836,186.40278042455355,2.1124220608461277,0.8808528109518015,57940,269.4322783986271,0.793859649122807,0.9840352088367277,0.7674619197010488,0.6842527369143209,0.006906276340820549,0.0009338774468800524,0.468201807974739,0.9890398280938809,HOROZ
6800,57016,937.521,374.08739955058087,194.85537159496855,1.919820821404753,0.8536287256617191,57779,269.4346412075107,0.792637490963688,0.9867945101161322,0.8151632663156104,0.7202451660526462,0.006561095123308911,0.0010891244449166867,0.5187530992222039,0.9959130010550328,HOROZ
6801,57027,946.971,389.2422835361726,188.00805818738831,2.0703489376408184,0.8756146329625969,57544,269.46063073779834,0.6470047651463581,0.99101557069373,0.7991292564264311,0.6922696791566766,0.006825578822946544,0.000966986676393765,0.47923730867968806,0.9921884529028373,HOROZ
6802,57029,953.6639999999999,388.137970975932,187.92702042247498,2.0653654280441778,0.8749707281946224,57971,269.46535583763193,0.7840654430466762,0.983750495937624,0.7879793618832351,0.6942514672297836,0.006805975398059443,0.0009752980652145855,0.4819850997507072,0.9954753618575353,HOROZ
6804,57030,962.609,409.47834977402505,178.95632044380102,2.288146899525779,0.8994445596167719,57740,269.4677183564783,0.6468553280780355,0.9877034984412886,0.7734164410518594,0.6580756186625909,0.007180051723198756,0.0008306355960808126,0.4330635198781517,0.9909129503069135,HOROZ
6805,57037,937.7249999999998,382.9951119852511,191.89015841527586,1.9959080504608198,0.8654327614085353,57775,269.4842554084737,0.6110212433179427,0.9872263089571613,0.8151087393756734,0.7036232238359516,0.00671485372626981,0.0010152593103488206,0.4950856411212976,0.988145416781554,HOROZ
6806,57055,937.369,367.31718183848125,205.67479475517612,1.785912475448026,0.8285346094096193,59620,269.52677459737595,0.6644423482281149,0.9569775243206977,0.8159854225846717,0.7337712144265927,0.00643794902880521,0.001151250889674249,0.5384201951210766,0.9615713434998912,HOROZ
6807,57062,947.3389999999999,387.12543217847747,188.7847290402538,2.0506183638186766,0.873034872782957,57764,269.54330802614606,0.6184442975278268,0.9878471020012465,0.7989986032005502,0.696268665453831,0.006784294840322412,0.0009835396664316812,0.48479005449285884,0.9941193883397133,HOROZ
6808,57074,953.6379999999999,372.82871260787243,197.83808965359424,1.8845143180500734,0.8475968651146305,58318,269.57164868771844,0.6320207299787385,0.9786686786240955,0.7886441359639729,0.7230442280105288,0.0065323739812852165,0.0011013117105168483,0.5227929556593415,0.9852108103157463,HOROZ
6809,57104,946.3809999999999,391.5949651758954,186.81805442788544,2.0961301967046064,0.8788655154502549,57747,269.64248730969075,0.7349765107149753,0.9888652224357976,0.8012063255950694,0.6885749595594866,0.0068575750416064625,0.0009509446349653056,0.47413547493234853,0.9938496863345759,HOROZ
6810,57106,945.6619999999999,381.1508755491886,193.36432132604878,1.9711541040008937,0.8617595108862314,58022,269.6472092228032,0.6789523118810116,0.9842128847678466,0.8024532294187707,0.7074553058136803,0.006674445339354684,0.0010313141484039575,0.5004930097239279,0.9865488501410797,HOROZ
6811,57109,969.1629999999999,407.1832607294174,178.94903053138088,2.2754147341301905,0.8982522176927105,57833,269.6542919374368,0.73767082590612,0.9874811958570366,0.7640482201784482,0.6622430682793423,0.007129931547206524,0.0008459307419202589,0.4385658814840378,0.9979192686155743,HOROZ
6812,57109,967.159,396.9760311138096,184.15304057717927,2.1556854552582605,0.8858930332549416,58004,269.6542919374368,0.6460221038223549,0.9845700296531273,0.7672177899063107,0.679270965506049,0.006951199129976179,0.0009128758105897643,0.4614090445795201,0.994652766324682,HOROZ
6813,57115,957.55,400.37033415417375,182.93167154953267,2.1886332244319155,0.8895149025634523,57805,269.6684568086316,0.5702376198083067,0.9880633163221174,0.7827753191531766,0.6735475478679903,0.007009898173057406,0.0008899477504255038,0.45366629923898266,0.9929091353195089,HOROZ
6814,57121,941.078,385.9214753593841,188.94012039689642,2.042559698536761,0.8719573882407491,57768,269.6826209358275,0.6343817329690589,0.9888000276969948,0.8105026221779882,0.6988017981758835,0.0067562100691406675,0.0009937999319088167,0.4883239531338482,0.9974308265013524,HOROZ
6815,57126,961.521,402.9992192296259,183.32619075881635,2.198263202663776,0.8905401858732508,58284,269.69442380690947,0.7459552630548048,0.9801317685814289,0.7764725943420552,0.6692182290637134,0.007054567433911457,0.0008728129902506389,0.4478530381111729,0.984498853880969,HOROZ
6816,57128,957.5139999999999,397.8541606563996,184.08958583773838,2.1611986297099888,0.8865116890335326,57901,269.6991448107138,0.6011322263610919,0.9866496260859052,0.7830123624726627,0.6778844397800207,0.006964258518701855,0.0009071462457807428,0.4595273136958726,0.9931298006738322,HOROZ
6817,57128,941.454,381.11441485559675,192.33518812197505,1.9815116442130276,0.8633151340874531,57808,269.6991448107138,0.6961395983622538,0.9882369222252976,0.809954596007088,0.7076592600489858,0.006671236781536143,0.0010320075962096799,0.5007816283330782,0.9923046277499549,HOROZ
6818,57134,948.5929999999998,371.0183605782247,197.91179618326248,1.8746652182099792,0.8458451117489999,57908,269.7133073263142,0.8104343385627961,0.9866339711266147,0.797893015546979,0.7269540701596853,0.006493827853436215,0.001118686569747369,0.5284622201217326,0.9906897432002378,HOROZ
6819,57140,971.769,381.137554622473,192.80218716664916,1.9768321107946538,0.862615678979006,58062,269.7274690982867,0.5896618267752288,0.9841204229961076,0.7603683279705208,0.7076906115049697,0.006670240717929174,0.001032036379195412,0.500826001612278,0.990048921908046,HOROZ
6820,57141,945.44,370.08753121174726,198.5954679322729,1.863524556048572,0.8438255711065766,58117,269.7298293213265,0.6998285364360074,0.9832062907582979,0.8033221746664111,0.7288271194605564,0.006476742290330012,0.0011272869424620708,0.5311889700611722,0.9898836896111441,HOROZ
6821,57150,956.504,396.9845224570273,184.05455765167383,2.156885042794359,0.8860280846229246,57820,269.7510703993861,0.6786121402108863,0.9884123140781736,0.7849690212318629,0.6795002201341138,0.006946360847891991,0.0009134725683271271,0.4617205491623091,0.995878146438982,HOROZ
6822,57164,918.8409999999999,355.96845612613646,206.65389147682444,1.7225344927320527,0.8142318011242674,58135,269.7841087522407,0.7444004583810814,0.983297497204782,0.8508475310523708,0.7578876838925397,0.006227143938949977,0.0012673251851269371,0.5743937413959983,0.9894130319640217,HOROZ
6823,57189,975.7829999999999,378.93419803831557,195.20144286340195,1.941246911291973,0.8571103636596185,57994,269.84309574984354,0.6192502598752598,0.9861192537159017,0.7547721577415193,0.7121106966507114,0.006625997972307884,0.0010510444877727615,0.5071016442843614,0.9844095006780974,HOROZ
6824,57193,974.7189999999999,386.01394102977184,196.85905483915053,1.9608645451700246,0.8601867728908206,59995,269.85253247290115,0.5895456232218694,0.9532961080090008,0.7564737773795486,0.6990745768223133,0.00674932143845876,0.000994337706385307,0.4887052639592964,0.9582848251357425,HOROZ
6825,57217,948.292,390.4365064258903,187.82604617847218,2.0787133327339373,0.876683934242761,58008,269.90914588266884,0.608795114061968,0.9863639498000276,0.7995594740397486,0.6913009962963106,0.006823785001413746,0.0009613329514904773,0.4778970674802717,0.9934110058456908,HOROZ
6826,57229,934.644,374.5611129033436,195.20105868859653,1.9188477532843684,0.853467489136011,57984,269.9374481350237,0.7910567420001382,0.9869791666666666,0.8232534826409351,0.7206766501803985,0.006544952959222485,0.0010890506963391795,0.5193748341152407,0.9966012335544709,HOROZ
6827,57230,953.606,395.40952170732623,184.96306809872837,2.137775534174569,0.8838470752654308,57949,269.9398065221085,0.614761582503518,0.9875925382664067,0.7908528063123823,0.6826841330389414,0.006909130206313581,0.000925725818455304,0.466057625503131,0.9963265893160871,HOROZ
6828,57273,946.538,366.8312063526919,200.75872944631368,1.8272241877820252,0.8369507455823219,58121,270.0411976821629,0.7277567409591095,0.9854097486278626,0.803310952845853,0.7361456522936336,0.00640495881746533,0.0011602487528748482,0.5419104213908194,0.9901918295764549,HOROZ
6829,57282,959.521,391.9328030487653,187.72897098643787,2.0877587566230242,0.8778244259390766,58190,270.06241427033046,0.7356295268916628,0.98439594432033,0.7818421296819749,0.6890528482677899,0.006842163385509677,0.0009514442204683317,0.47479382770595385,0.9912549713836686,HOROZ
6830,57283,963.934,374.3286774415256,195.8871356975708,1.9109405837627327,0.852146985670747,58125,270.0647715661269,0.6276901161516546,0.9855139784946236,0.774713315507284,0.7214642848417995,0.006534725441082443,0.0010921101793104602,0.5205107143022893,0.9946650482435736,HOROZ
6831,57304,946.431,375.4172523807973,200.23332284228817,1.8748989781111063,0.8458870505504009,58538,270.1142700256759,0.6811363366218947,0.9789196761078274,0.8039275061057704,0.719504147219347,0.006551327174033179,0.0010830344161050574,0.5176862178658397,0.9706093608588663,HOROZ
6832,57311,953.1179999999998,373.24287607953795,196.5679634840752,1.8987981025187552,0.8500828773804894,58213,270.1307674966273,0.6401604003306302,0.9845051792554927,0.7927833262261097,0.7237399152370225,0.0065125870440149005,0.0011022076082145673,0.5237994649072925,0.9945894300663064,HOROZ
6833,57349,942.9439999999998,376.8234713713513,195.01779993207634,1.9322516790908157,0.8556645026133906,58138,270.2203076214237,0.6550877273142648,0.9864288417214214,0.810520326405637,0.7171005209363073,0.006570706923771143,0.0010717957023640425,0.5142331571271234,0.9936278813030552,HOROZ
6834,57352,967.188,389.4594894616208,188.32898855968565,2.067974200042987,0.875308439697655,58247,270.2273753150318,0.6846201594804947,0.9846344017717651,0.7704361144625844,0.693852332853893,0.006790687150607142,0.0009708713753449341,0.48143105980678963,0.9955870107797933,HOROZ
6835,57356,973.8449999999999,393.0484950824818,189.06989648982946,2.0788528601306178,0.8767016510118905,58298,270.23679861897045,0.8201916201916202,0.9838416412226835,0.7599920380555074,0.6875406012234212,0.006852787765577826,0.0009445836907702264,0.4727120783306636,0.9826988560559885,HOROZ
6836,57366,956.1769999999999,390.7171441733845,188.42372345736547,2.0736090817236814,0.8760331031283777,58224,270.2603554413361,0.608657824933687,0.9852638087386645,0.7884748528864018,0.6917033446615424,0.006810953250590672,0.0009617610057280564,0.4784535170159645,0.9921255580669399,HOROZ
6837,57371,905.5739999999998,352.95302767186473,209.0918516720492,1.6880286096727246,0.805638828187442,58240,270.2721330825674,0.6749211801797562,0.9850789835164835,0.8791326184435103,0.7657453312281414,0.0061521156624752,0.0013047932004868032,0.586365912297696,0.9898024356953583,HOROZ
6838,57371,959.093,402.53139027526873,182.2267304946595,2.2089590763253346,0.89166191900214,58079,270.2721330825674,0.5873361998361999,0.987809707467415,0.7837559328255486,0.671431196701811,0.007016286804749241,0.0008796160802930548,0.45081985190442597,0.9958426036519248,HOROZ
6839,57385,960.547,387.9465376211601,189.6655497199732,2.045424370392692,0.8723420213563066,58372,270.30510774794345,0.690055315055315,0.983091208113479,0.7815756313579216,0.6967586549564813,0.006760417140736431,0.0009828398238159904,0.4854726232567649,0.9929975347678571,HOROZ
6840,57385,951.3249999999999,389.8297431492417,188.3541151096144,2.0696640629400465,0.8755264458995127,57992,270.30510774794345,0.8032614781634938,0.9895330390398676,0.796802027385594,0.6933927246399471,0.006793234175293922,0.0009686646937693687,0.48079347058360944,0.9950809677631186,HOROZ
6841,57397,950.739,392.10815790965125,187.25772664517376,2.0939491519761924,0.8785955971541296,58221,270.33336854551294,0.7233214033672749,0.9858470311399666,0.7979513959217123,0.6894357158664437,0.006831509624364535,0.0009520758726647181,0.4753216063122757,0.9952992744535513,HOROZ
6842,57410,988.5939999999999,393.4835087984866,188.57146674139287,2.086654548527802,0.8776860752901565,58699,270.3639810759667,0.6140435317396652,0.9780405117634031,0.738178633247412,0.6871037159893462,0.00685391933110062,0.0009423406819026,0.47211151652636807,0.9851336433721046,HOROZ
6843,57419,942.998,371.3359336432686,198.01679635645957,1.8752749285712558,0.8459544624727473,58234,270.3851723359628,0.770714487053865,0.9860047394992616,0.8114167066439896,0.728141684762762,0.006467126450186674,0.0011213848712830804,0.5301903130891535,0.994252601507434,HOROZ
6844,57428,950.0559999999999,387.78823550437664,191.03386982999055,2.029944929919948,0.8702421480192095,58271,270.40636193523795,0.6619179345320424,0.9855331125259563,0.7995307025676867,0.6973041912515319,0.006752598654042917,0.0009847813222668954,0.4862331351369531,0.987026487430339,HOROZ
6845,57431,944.2959999999999,387.14114543643115,189.70413846293368,2.0407627823684757,0.871715206171083,58090,270.41342476601477,0.7206077944239504,0.9886555345154071,0.8093566554291328,0.6984879493012113,0.006740978660243268,0.0009897793444506714,0.4878854153190115,0.9956583976434252,HOROZ
6846,57440,964.1569999999999,393.1730530442398,187.74858518823189,2.0941465558851196,0.8786200652894602,58090,270.4346121516026,0.6302806855838655,0.9888104665174728,0.7764773251676349,0.6878259078481996,0.006844934767483283,0.0009450683011540242,0.47310447950720025,0.9907501163338256,HOROZ
6847,57463,1011.6589999999999,398.0521723984006,185.02491961870143,2.151343576955498,0.8854021545732798,58558,270.4887501526018,0.5916213656206243,0.9813005908671745,0.7055533540269411,0.6795308979795651,0.006927103917275475,0.0009111047279684879,0.4617622413089141,0.9934092319205071,HOROZ
6848,57469,944.7710000000001,366.9991983593121,201.6805860001057,1.8197051369095079,0.8354676821976813,58482,270.5028713274317,0.6518420216868563,0.982678430970213,0.8090780072899219,0.7370666544688055,0.006386037661335888,0.0011626213483562082,0.5432672531298375,0.988586211235083,HOROZ
6849,57493,959.5759999999999,389.4781480896903,189.21322763272084,2.0584086692168313,0.8740632283441757,58469,270.55934865655394,0.6286136015744588,0.9833073936615985,0.7846321158704608,0.6946714468670233,0.006774357714672922,0.0009731183942608295,0.48256841909232356,0.9933230173498999,HOROZ
6850,57500,921.6209999999999,365.128265667916,203.33374894559566,1.7957091115533919,0.8305909029881848,58492,270.5758189903005,0.7391505553270259,0.983040415783355,0.8506932458723212,0.7410432016139475,0.006350056794224627,0.0011812218771594554,0.5491450266582497,0.9861047279344493,HOROZ
6851,57504,954.5930000000001,374.64752761852264,203.19951257537429,1.8437422554325857,0.840136409328379,59943,270.58523015946525,0.7374576792859341,0.9593113457784895,0.7929967888629622,0.7222394656637993,0.006515155947734465,0.0010935268289083285,0.5216298457623304,0.9617509883267907,HOROZ
6852,57512,936.819,381.2903978900969,193.07023493179173,1.9748792351384459,0.8623221400531585,58119,270.60405151587935,0.8116171095525042,0.9895559111478174,0.8234873916699615,0.7097059170996438,0.006629753753826974,0.0010375065928790869,0.5036824887662464,0.9947120881673138,HOROZ
6853,57517,965.524,401.48125017226596,183.1005131081942,2.192682277930212,0.8899477867970409,58308,270.61581419889774,0.6251576018433981,0.9864341085271318,0.7753181357945205,0.6740434679895586,0.006980218894800945,0.0008887925841964712,0.45433459673939125,0.9962114185210328,HOROZ
6854,57526,943.161,386.9423295471126,190.44251070981954,2.031806491654078,0.8704974909071111,58190,270.6369857400037,0.6323762202093044,0.9885891046571575,0.8126478158966455,0.6994246043247951,0.006726390319979011,0.0009929455894759926,0.4891947771348962,0.9939491238659519,HOROZ
6855,57531,960.364,406.30917541948725,180.69035264775778,2.248648970272123,0.8956738826898123,58025,270.64874699166563,0.794232149759788,0.9914864282636795,0.7838627798789202,0.6661152722240121,0.007062438953251069,0.0008576933314837571,0.44370955589006983,0.9977470359521062,HOROZ
6856,57534,939.89,386.97116090137337,189.76387473308264,2.0392245965976286,0.8715073324432784,58032,270.6558034973439,0.7222264065677487,0.9914185277088503,0.8184278043158631,0.6994211218916272,0.006725956145954972,0.0009928617229051971,0.4891899057481424,0.9975680882088876,HOROZ
6857,57544,939.415,384.5652798931868,191.61832204464713,2.0069337618121037,0.8670204539081747,58131,270.6793238543354,0.6310756273030356,0.9899021176308682,0.8193980581694869,0.7038579351976775,0.006682977893319665,0.0010117887165514562,0.4954159929407382,0.9942670823744343,HOROZ
6858,57550,948.049,391.1272323117379,189.25192950125899,2.066701424616841,0.8751438520505728,58300,270.69343508757026,0.7930492779186418,0.9871355060034306,0.804625186964891,0.692085369478495,0.006796302907241318,0.0009618141531015282,0.47898215864618493,0.98991310964012,HOROZ
6859,57551,961.7610000000001,412.1664930064978,178.69257994136711,2.3065674755031154,0.9011320836990314,58028,270.6957868882583,0.7732647193185177,0.9917798304266906,0.7818589536051985,0.6567632048731112,0.0071617607514465045,0.0008219299868519408,0.4313379072752004,0.9949099878725558,HOROZ
6860,57576,952.747,387.9817358604001,190.77846058565746,2.0336768347399494,0.8707532573574871,58615,270.7545752663687,0.6134961480676405,0.9822741619039494,0.7970694682805163,0.6978539200200626,0.0067386017760942074,0.0009858427441390377,0.48700009368736813,0.9904008090481857,HOROZ
6861,57582,944.376,393.32177042062216,187.33947916060978,2.099513525835202,0.8792823978675414,58126,270.76868257784196,0.6734736842105263,0.9906410212297423,0.811347170791701,0.6884151932100765,0.006830637532920395,0.0009463303946262862,0.473915478242467,0.9949919566727177,HOROZ
6862,57585,955.5889999999999,384.11192260084573,192.6375371950406,1.993961967090257,0.8651494832145329,58253,270.77573595795906,0.8255913978494623,0.9885327794276689,0.7924592726624348,0.7049396804049187,0.006670346836864561,0.001016098963473124,0.49693995300938876,0.9908793662283408,HOROZ
6863,57592,989.579,398.53175723736103,185.48300067254985,2.1486160769035956,0.8850921290645619,58413,270.79219313042887,0.7692061117640774,0.985944909523565,0.7390453411371323,0.6794745668640607,0.006919915218040023,0.0009098574556822236,0.4616856870151029,0.9919852895969316,HOROZ
6864,57597,943.9780000000001,387.3908322969041,191.23300439566322,2.025752999703901,0.8696643018299294,58442,270.8039476412986,0.6762116089039166,0.985541220355224,0.8122430080343531,0.699045834501703,0.006725885589473481,0.0009907220908628698,0.4886650787341822,0.9899147490963126,HOROZ
6865,57615,943.606,381.4261919009201,193.55507636302136,1.970633883998671,0.8616806555570842,58281,270.8462596565003,0.643829340246737,0.9885726051371803,0.8131375985368948,0.7100882566734058,0.006620258472635947,0.0010382549974508404,0.5042253322654768,0.9936435249328369,HOROZ
6866,57615,954.1529999999999,387.9443720885553,191.1817237250419,2.0291917267494566,0.8701386130973422,58614,270.8462596565003,0.7147553592695514,0.9829562903060702,0.7952604598925391,0.6981574657169527,0.006733391861295762,0.0009867955864881503,0.487423846936318,0.98907643762357,HOROZ
6867,57618,957.302,389.6199390663185,189.49279630385797,2.0561200566250024,0.8737624586178737,58319,270.8533110164072,0.7726596129862815,0.9879799036334642,0.7900782581456658,0.6951731260609441,0.0067621218901440265,0.0009741697887499982,0.4832656751973452,0.9936522474516857,HOROZ
6868,57656,977.824,386.020136045857,194.62579591055308,1.9833965700171918,0.8635953192971919,59208,270.94261235776577,0.7173553307702836,0.973787326037022,0.7577622886357581,0.7018872516162715,0.006695229222385476,0.0010023390047214685,0.4926457139814433,0.9771118193444652,HOROZ
6869,57659,955.434,387.7576067145426,196.6257823726482,1.9720588115939874,0.8618964813692427,60188,270.94966121013096,0.6207902670111972,0.9579816574732505,0.7937351004351988,0.6987604021643276,0.006725014424713273,0.0009889768537363315,0.48826609963285295,0.9628894641835953,HOROZ
6870,57693,950.577,390.50118171959775,188.9061169300806,2.0671706563326007,0.8752045692518073,58352,271.0295353912664,0.671379695573244,0.9887064710721141,0.80233988644266,0.6940556087379043,0.006768605926535242,0.0009688489327730935,0.48171318802054297,0.9957833670444953,HOROZ
6871,57737,942.475,382.1272226304791,194.3005873826591,1.9666807382208824,0.8610791514485139,58667,271.1328670493013,0.7792293677036237,0.9841478173419469,0.816816308699047,0.7095355970267775,0.006618411462848418,0.0010347377197304258,0.5034407634481455,0.9901072523086836,HOROZ
6872,57750,946.798,371.41311344918006,202.95583767314287,1.8300193663181787,0.8374967508829997,59152,271.16338932174386,0.6529850746268657,0.9762983500135245,0.8095565461162438,0.7300856633831448,0.006431395903881905,0.0011271462974242546,0.5330250758776067,0.975446211589237,HOROZ
6873,57765,963.255,397.5883825254208,186.1557819552466,2.1357831508075553,0.883615989222619,58504,271.1986030598732,0.6347802197802198,0.9873683850676876,0.7823338067852983,0.6821089724434628,0.0068828595607274435,0.0009191020187613185,0.46527265028787673,0.9937214870164233,HOROZ
6874,57775,958.851,388.4139479036564,190.13147775544493,2.0428702942247714,0.8719991776687483,58521,271.2220763453337,0.6264909997831273,0.9872524392952957,0.7896735054728767,0.6982809907037855,0.006722872313347579,0.000985951389068113,0.4875963419782602,0.9960960826000507,HOROZ
6875,57778,937.5720000000001,380.01729160222874,195.46430711639437,1.9441774163706391,0.8575765534472806,58478,271.2291179348342,0.6252218326624248,0.9880296863777831,0.8259677882859615,0.7137283590209228,0.006577197057742198,0.0010528158858784812,0.5094081704706993,0.9903798607438185,HOROZ
6876,57781,958.226,381.7761337364396,194.11169391826363,1.9667858542164778,0.8610951981316471,58475,271.2361593415274,0.6597812185987029,0.9881316802052159,0.7907860812282334,0.7104586572422471,0.006607295369350471,0.001038385768275516,0.5047515036504566,0.992738117274215,HOROZ
6877,57783,970.455,380.67196657182876,201.90254792174431,1.885424282606745,0.8477571458331522,61035,271.2408535111035,0.6431338067359704,0.9467190956008847,0.7710084646824459,0.7125317263411443,0.006587957817555834,0.0010474840021661837,0.5077014610426913,0.9572326629648125,HOROZ
6878,57800,932.687,383.9089641684303,192.19657263472146,1.997480802626315,0.8656610241389658,58260,271.28075067297425,0.7145859604875998,0.9921043597665636,0.8349603555990938,0.7066278102168948,0.0066420236015299365,0.001021511075527095,0.49932286217192384,0.9973878315008434,HOROZ
6879,57812,1003.2809999999998,403.8888810587508,183.33837521136323,2.2029696761145834,0.8910359660438208,58805,271.3089098430592,0.6037176274018379,0.9831136808094549,0.7217431697404217,0.6717414679301207,0.006986246472337072,0.000877470050084219,0.4512365997369134,0.994060545973474,HOROZ
6880,57817,952.871,393.34475238664606,187.8909932034538,2.0934731659048764,0.8785365675977731,58459,271.3206419680465,0.8117514917514917,0.9890179442002087,0.8001975142923562,0.6897782170012186,0.006803271570414343,0.0009500259570602987,0.4757939886493803,0.996061947736327,HOROZ
6881,57822,960.638,398.21966334149755,185.77679316907447,2.143538256573737,0.8845115029851507,58383,271.3323735857492,0.7288334278691624,0.9903910384872309,0.7873783140476147,0.6813635753417461,0.00688699220610663,0.0009156405272148483,0.46425632180248727,0.9951511866398391,HOROZ
6882,57827,966.8669999999998,407.48874007922996,181.30142455307035,2.247576052332398,0.8955684468939261,58458,271.344104696233,0.5899510304019587,0.989205925621814,0.7773329029539113,0.6658935033234888,0.007046686497297628,0.0008546411983507509,0.4434141577684293,0.9966070422654615,HOROZ
6883,57849,938.6619999999999,364.3486399323545,203.18627995588474,1.7931754054036566,0.8300627993839265,58595,271.39571555826825,0.7825892857142858,0.9872685382711835,0.8250632568178459,0.7448791783843518,0.006298270323296073,0.0011960364021227495,0.5548449903905469,0.9949343905797569,HOROZ
6884,57858,944.5319999999999,375.1956465879426,200.40169459903356,1.8722179337786495,0.8454049761267928,59285,271.41682626411915,0.6461404449209327,0.9759298304798854,0.814966822835233,0.7234007876488019,0.006484766956824339,0.00109544365791718,0.523308699570907,0.9797479322390356,HOROZ
6885,57860,952.8720000000001,393.8581405249674,187.48424716140616,2.100753244542689,0.8794345985602214,58360,271.4215173091045,0.7911721271126183,0.9914324880054832,0.8007909611068178,0.6891352225126818,0.0068070884985303734,0.0009470195635190313,0.4749073549076035,0.9976631666793343,HOROZ
6886,57869,945.702,393.6746193621646,187.70289242514906,2.097328465618353,0.8790134154886082,58433,271.44262600829506,0.7911004784688995,0.9903479198398165,0.8131061139951056,0.6895100996048183,0.006802858514267822,0.0009484921238115087,0.4754241774570464,0.9971206606238547,HOROZ
6887,57878,950.746,389.1077987158103,190.52588396747078,2.04228313031863,0.8719201593394792,58675,271.4637330660981,0.7912559640176631,0.9864167021729868,0.8046265628146155,0.6976568805920156,0.006722896415145829,0.0009824347365295408,0.4867251230373818,0.9940305078815045,HOROZ
6888,57879,968.553,401.3411995746955,184.1264681387895,2.17970400253469,0.8885509827551988,58504,271.4660781934393,0.7106426343835179,0.9893169697798441,0.7753255604331969,0.6763972362695733,0.006934141909409207,0.0008953230918413693,0.4575132212331169,0.9972433995343639,HOROZ
6889,57883,970.7710000000001,412.5618035623414,179.33046738287717,2.3005672688149903,0.9005871950028704,58410,271.47545850022135,0.6694772148970622,0.9909775723335046,0.7718400461546897,0.6580237340347946,0.007127512457238592,0.0008242974968633027,0.4329952345530943,0.9961346641657183,HOROZ
6890,57886,985.808,389.5884164230684,189.93859384991904,2.051128254276241,0.8731025764150174,58882,271.48249351761086,0.7770975969928849,0.983084813695187,0.7485119321324536,0.6968443672175254,0.006730270124435414,0.0009789385554817042,0.4855920721227934,0.9960116191836077,HOROZ
6892,57904,966.1709999999999,400.3776873671562,185.59480510632812,2.157267748619246,0.8860711184990216,58937,271.52469979422654,0.7577470686767169,0.9824728099496072,0.7794897955519297,0.678171407552069,0.006914508278653569,0.0009021919873242808,0.45991645802115444,0.9921629419482338,HOROZ
6893,57905,945.7610000000001,391.2839741932647,189.39295175845706,2.0659901572910173,0.8750517292150201,58672,271.52704439500974,0.7257356996039505,0.9869273247886555,0.813510434065429,0.6939385773588976,0.006757343479721349,0.0009665846262740795,0.4815507491468908,0.9948791079735922,HOROZ
6894,57948,969.322,396.57405459204534,186.89078439247436,2.121956178209579,0.8819925927177978,58675,271.6278430837185,0.6910665092483275,0.9876097145291862,0.7750186902762118,0.6849359909920011,0.0068436193585981455,0.0009291066290596461,0.46913731175619455,0.9954888171096905,HOROZ
6895,57948,970.925,394.0233294217129,188.95657505403355,2.085258633149119,0.8775108295213149,58901,271.6278430837185,0.6033987254779458,0.9838203086535033,0.7724616866051035,0.6893699504604772,0.006799601874468712,0.0009472675109319848,0.4752309285978808,0.9909793965982036,HOROZ
6896,57949,964.495,380.8861998999561,195.17662307685063,1.951494978730022,0.8587303978143062,58796,271.63018679421094,0.6511123595505618,0.9855942581127968,0.7828090697258181,0.7131531330501277,0.006572782962604292,0.0010487216472116127,0.5085873911792131,0.992505740131636,HOROZ
6897,58051,949.199,385.06256923131133,192.36788120021436,2.001698863806388,0.8662702669565214,58679,271.86913913024574,0.7875593542260209,0.9892977044598579,0.8096643648194094,0.706038864470701,0.0066331771930080675,0.0010167537731478834,0.498490878143077,0.9978286243968458,HOROZ
6898,58057,961.5469999999999,397.9690332081344,186.62415955945454,2.1324625608366095,0.8832292760147908,58720,271.8831886099053,0.8024020786687674,0.9887091280653951,0.7890843321045303,0.6831767447285596,0.006854798443049665,0.0009210999325618408,0.4667304645379115,0.9952852416289749,HOROZ
6899,58072,965.068,401.42152231346523,185.47223787771472,2.1643213394455825,0.886859815757227,58805,271.91830913320337,0.8157669237360754,0.9875350735481677,0.7835393583597828,0.6773884657855131,0.006912479720234626,0.0008977694496839046,0.4588551335792515,0.9931099573197273,HOROZ
6900,58098,975.927,402.0462453855932,186.6472916569621,2.154042749918448,0.8857076953364009,59294,271.9791739637862,0.6214221537671673,0.9798293250581847,0.7665427484459145,0.6764872874336566,0.00692013916805386,0.0008939910071245496,0.4576350500593467,0.9857654616889016,HOROZ
6901,58121,933.902,376.13953191163876,198.0311247221682,1.8993960289795424,0.8501855651706308,58785,272.0330045776659,0.7700185479597245,0.9887046015139916,0.8374142194600764,0.7232236484028243,0.006471663115081274,0.001092159678229272,0.5230524456090919,0.9934837381379473,HOROZ
6902,58122,969.6259999999999,410.20606411518787,182.04405446782349,2.2533340367218218,0.8961323771310062,58645,272.0353447975044,0.8068241761292652,0.9910819336686845,0.7768584776500919,0.6631675360145713,0.007057672896926944,0.0008420430995878382,0.43979118082363783,0.9909964367999845,HOROZ
6903,58138,947.842,385.54180982437936,192.58458613397656,2.0019349292895487,0.8663042371106986,58857,272.0727855773394,0.8073937256100101,0.9877839509319197,0.8132012804639156,0.7056894444243882,0.006631494200426216,0.0010144850289760437,0.49799759197200155,0.9969587740708347,HOROZ
6904,58167,968.8029999999999,395.94034020851075,189.71856073992637,2.0869878975693963,0.8777278673650906,59322,272.1406338616308,0.6525206973143972,0.9805299888742793,0.7787814159942628,0.6873273729024824,0.0068069582445116775,0.0009371031756843418,0.4724189175410282,0.9859325634909604,HOROZ
6905,58169,955.2379999999999,384.18550511095566,194.01429222162773,1.9801917720169309,0.8631184106005316,58784,272.14531243014216,0.6949701314217444,0.9895379695155144,0.8010844109958422,0.7083695475485067,0.006604643454605643,0.001025814117441362,0.5017874158940759,0.9936353122550869,HOROZ
6906,58170,971.247,401.06632163702216,185.46918265894556,2.1624418455249925,0.8866504826211252,58930,272.14765168423634,0.6129610115911486,0.9871033429492618,0.7749069340983996,0.6785602205974768,0.006894727894739937,0.0009016759354107056,0.46044397297729633,0.9956833146858844,HOROZ
6907,58176,950.621,385.13519522908786,192.94821797408767,1.9960546890399904,0.8654540692823972,58970,272.1616867865733,0.7933235149729995,0.9865355265389181,0.8089821018308503,0.7066653220947123,0.006620173185318479,0.0010183668017198085,0.49937587745122364,0.9967815617799745,HOROZ
6908,58176,949.025,380.10349729802584,196.0077083504964,1.9392272910937445,0.8567876996445617,58940,272.1616867865733,0.8189189189189189,0.9870376654224635,0.8117053622350024,0.7160199490960769,0.006533682228032622,0.0010593470477957465,0.5126845675035486,0.9942119050254747,HOROZ
6909,58182,961.6679999999999,404.23475024125696,183.98823480244587,2.1970684738363673,0.8904137816057247,58693,272.1757211651716,0.6707090735126287,0.9912936806774232,0.7905842902317002,0.6733110426620438,0.0069477630580120475,0.0008808211021092819,0.4533477601706486,0.9960360715552624,HOROZ
6910,58188,967.634,390.0822026826892,192.31343721947798,2.028366859448866,0.8700250807531793,58986,272.18975482014315,0.610859158478206,0.986471366086868,0.7809460892699309,0.6977753738781945,0.00670382557714115,0.000980313585602256,0.4868904723908543,0.9875924983790121,HOROZ
6911,58200,975.3439999999999,401.6261513474881,185.3796552478594,2.166506086174878,0.8871024009570071,58900,272.21781995965375,0.5744176865377023,0.9881154499151104,0.7688067988717943,0.6777890808313678,0.006900792978479176,0.0008983737094236811,0.45939803809423047,0.9952886455079487,HOROZ
6912,58222,945.639,378.0463661110385,196.93721688301204,1.919628864947411,0.8535969404698475,58954,272.2692652018781,0.6855776929960906,0.9875835397089257,0.8181750540428828,0.7202007203579577,0.0064931875598749356,0.0010775859403577492,0.5186890776041213,0.9956905253018188,HOROZ
6913,58225,950.191,390.1156269918689,190.82506320235092,2.044362624306799,0.8721996714164315,58981,272.27627970905735,0.7868243243243244,0.9871823129482376,0.8103964615856842,0.6979373828435034,0.006700139579078899,0.000980684825130945,0.48711659037043903,0.9958429510330907,HOROZ
6914,58229,960.3820000000001,388.0310517374191,193.0616036663432,2.0098820499182732,0.8674400971087429,59095,272.28563210420003,0.6132466930659701,0.9853456299179287,0.7933433257452843,0.7017109349497522,0.006663879711783116,0.0009966436156644426,0.49239823622805556,0.9896623764061866,HOROZ
6915,58233,967.1379999999999,404.433901292916,183.92399225859722,2.198918674646219,0.8906094407630449,58693,272.2949841781202,0.5968391599790918,0.9921626088289915,0.7823518848233957,0.6732743800844415,0.006945098162432229,0.0008802914951702286,0.4532983908780889,0.9967662968889109,HOROZ
6916,58238,971.303,397.2026538885093,186.94550968658953,2.124697482996044,0.8823172030161615,58977,272.30667381885155,0.6047559709241952,0.9874696915746817,0.7757233349436207,0.6855610634849515,0.006820334727987041,0.0009293301507924601,0.46999397176661767,0.9985950088358463,HOROZ
6917,58239,951.842,365.2107061735017,204.632104241395,1.7847185197425306,0.8282813304468195,58994,272.3090116867805,0.6591701376312931,0.9872020883479676,0.8077817648913562,0.7456216564401972,0.006270895897482816,0.0011955931221139108,0.5559516545526234,0.9922172139615686,HOROZ
6918,58239,946.545,391.5948199403912,190.50499565331108,2.055561947850605,0.8736889437493298,58969,272.3090116867805,0.792087152843892,0.9876206142210314,0.8168479845645709,0.6953846113904968,0.006723927607623606,0.0009698467045463446,0.48355975775871224,0.9939870375606652,HOROZ
6919,58246,962.0649999999999,396.3306831217866,188.89301250381405,2.098175458521972,0.8791177903982099,58802,272.3253762003172,0.6285720452387119,0.9905445393013843,0.7908008716959821,0.687116561491747,0.006804427482089527,0.00093560604331232,0.47212916907624186,0.9906098358081413,HOROZ
6920,58248,958.9609999999999,384.6793719457247,193.45033332767795,1.9885174935011942,0.8643520470693534,58831,272.33005159499703,0.6792769679300291,0.9900902585371658,0.7959558732057875,0.7079403561920672,0.006604164468234527,0.0010232560547293178,0.501179547925351,0.9966042984345805,HOROZ
6921,58264,932.668,375.4721716287005,200.2669499054324,1.8748583917915629,0.8458797702441647,59221,272.3674518631944,0.7728345934474068,0.9838401918238463,0.8416974440420467,0.7253998363759832,0.0064443253403250805,0.001100695100782749,0.5262049226143032,0.9865597149654564,HOROZ
6922,58274,983.2510000000001,399.93855684620706,188.4421428391509,2.1223413766186248,0.8820382889950411,59545,272.39082442310144,0.6137787935919446,0.9786547988915946,0.7574533664130879,0.6810816805738662,0.006863070268836995,0.000910950973276209,0.46387225561332196,0.9844952815535642,HOROZ
6923,58290,963.96,387.7255980953466,191.93300875010559,2.0201089985525136,0.8688799881099913,58915,272.42821634811,0.6182385134275169,0.9893914962233726,0.7882897750094493,0.702631494248457,0.006651665776211127,0.00100004750708866,0.4936910167098193,0.9973096653600452,HOROZ
6924,58303,960.402,393.6627055369608,189.5666152462227,2.07664574812207,0.876420937774916,58857,272.45859350861775,0.6502531730275926,0.9905873557945529,0.7943184579051575,0.6921117740553575,0.006752014571067712,0.0009556922919965625,0.47901870778605415,0.9947521627948379,HOROZ
6925,58351,953.003,389.0286689566779,192.16620192904927,2.024438559181772,0.8694822906225408,58957,272.5707260049059,0.7786985880908532,0.9897213223196567,0.8073644669907295,0.7006443168723364,0.006667043734583433,0.0009910680633273656,0.49090245876550287,0.9938018663220238,HOROZ
6926,58380,960.731,395.4961970542147,188.97076212309204,2.0928962375491498,0.8784649603302261,58898,272.63845037272125,0.5983273890050425,0.9912051342999763,0.7948228537026094,0.6893579569245464,0.00677451519448809,0.0009437069536587757,0.4752143927751849,0.9945744146683884,HOROZ
6927,58386,953.693,400.14376937987146,186.47771290305582,2.1457994263791416,0.884770613835694,58829,272.6524602106264,0.7048044422984066,0.9924697003178704,0.8066801994779764,0.6813862443320645,0.006853419816049592,0.0009112982708742826,0.464287213964956,0.9962672374011725,HOROZ
6928,58395,979.4590000000001,396.06316491965663,188.37798940451054,2.102491730438722,0.8796475355340858,59139,272.6734736178234,0.7818315704913643,0.9874194693856846,0.7649146950182377,0.6884595634464936,0.00678248420103873,0.0009399014120395961,0.4739765705009365,0.9965318198999249,HOROZ
6929,58410,983.302,420.35216182313195,177.81269394715505,2.3640166092307124,0.9061255398367508,59008,272.70849236498094,0.5666692537545113,0.9898657809110629,0.7591423593113663,0.6487619599295084,0.007196578699248964,0.0007864069633864985,0.42089208065157696,0.9949958693540004,HOROZ
6930,58419,982.432,400.34397801679216,187.25812390876692,2.1379258195059228,0.8838644774226061,59282,272.7295014549828,0.6611475780896333,0.9854424614554165,0.760604661368415,0.6812379264601887,0.006852975539067635,0.0009104460538714391,0.4640851124477773,0.9921795443504127,HOROZ
6931,58428,968.674,399.07828398171637,187.5970455799677,2.1273164657148067,0.8826260462973544,59103,272.75050892672243,0.8159195643066611,0.9885792599360439,0.782484238694343,0.6834511419799991,0.0068302574789778255,0.0009192777153016338,0.4671054634737649,0.9936811436730861,HOROZ
6932,58434,980.7059999999999,396.41790733866264,190.07408144408797,2.0855968595343315,0.8775533265970059,59309,272.7645130090322,0.6066652823920266,0.9852467585020823,0.7634802649749614,0.6880731368575829,0.006784028259894285,0.0009380064450933415,0.47344464166503386,0.9874146578199517,HOROZ
6933,58454,964.8129999999999,392.4302192044691,196.2581820012124,1.9995610639155155,0.8659620256360199,60280,272.8111880915979,0.7875031996443342,0.9697080291970803,0.789110470785641,0.6951839454276437,0.006713487857194873,0.0009672236482618986,0.48328071798034505,0.9663493066146329,HOROZ
6934,58484,956.1659999999998,381.81606120666606,196.815909153159,1.9399654369888508,0.8569057602518393,59456,272.88118574627174,0.6583292997287167,0.9836517761033369,0.8038598525199894,0.7146927892029377,0.006528555864965906,0.0010506897340612942,0.5107857829386747,0.9909067646063184,HOROZ
6935,58485,941.636,371.25293245855795,204.80539238851964,1.8127107305567631,0.8340690890959708,59902,272.8835186921995,0.6932212832031481,0.976344696337351,0.8288734917193298,0.735033975045196,0.00634783162278461,0.001142969959339906,0.5402749444707416,0.9793621892930728,HOROZ
6936,58485,952.905,394.7246416790249,189.7468319432008,2.0802699978526262,0.8768813727298713,59290,272.8835186921995,0.8101313164893617,0.98642266824085,0.8093849911379892,0.6913262813576712,0.006749160326220824,0.0009509589643815421,0.4779320272958259,0.994227657396389,HOROZ
6937,58490,945.1299999999999,383.2262064551334,195.20399714333087,1.963208807521216,0.8605475187383557,59119,272.89518312267745,0.7956199415085357,0.9893604424973359,0.8228267235543454,0.7120994820447566,0.006551995323219925,0.0010392403990735983,0.5070856723284106,0.995515058082953,HOROZ
6938,58500,935.208,380.0832216623395,196.99324544894694,1.9294226093698346,0.8552050716356852,58982,272.9185104880338,0.7729506897098462,0.9918280153267098,0.8405224226876616,0.7180493505985137,0.006497149088245119,0.0010654173633383565,0.5155948698949472,0.9948003992504094,HOROZ
6939,58515,948.901,380.5550536950825,197.11395906998146,1.9306347226275022,0.8554021920904776,59253,272.9534977980279,0.7803664781820122,0.9875449344336995,0.8166486806206514,0.7172510130866119,0.006503547016920149,0.0010617315634811814,0.5144490157737712,0.9932131328743864,HOROZ
6940,58526,977.222,410.37171318891217,182.70684747712366,2.2460664110593553,0.8954198172090667,59193,272.97915230868847,0.6547557783098025,0.9887317757167232,0.770144531139764,0.6651997287713253,0.0070117847313828415,0.0008468696929185336,0.44249067915744467,0.9938634516623785,HOROZ
6941,58533,953.5989999999999,376.4633586513762,200.4914571436006,1.877702741128451,0.8463886917777028,59381,272.9954766511403,0.7960640844304211,0.9857193378353345,0.808870643416136,0.7251581604889937,0.00643164298176031,0.001097065723076826,0.5258543577237812,0.987398168932285,HOROZ
6942,58542,943.4179999999999,386.25583517573057,194.57322148998426,1.9851438559627963,0.8638542516578446,59114,273.01646365720495,0.8196404569892473,0.9903237811685895,0.8265499484272222,0.7068280626310633,0.006597926876016033,0.001015879964776254,0.4996059101227822,0.9917896028829424,HOROZ
6943,58554,977.608,406.4402700244296,185.83450918541794,2.1871086904472645,0.8893512364261323,59387,273.0444438226545,0.7992628992628993,0.9859733611733208,0.7699046430169271,0.6717947604115183,0.006941289579267507,0.0008721001771706809,0.4513082001163693,0.9870600865446243,HOROZ
6944,58559,968.6719999999999,397.9043558596015,188.73564054222808,2.108262937071356,0.8803502781547925,59366,273.05610137872105,0.6522354146710923,0.9864063605430718,0.7842418660156288,0.686235517047387,0.006794930853662144,0.000929517502005043,0.47091918485729445,0.9928214637904886,HOROZ
6945,58566,967.3820000000001,397.3698487967536,188.43727854996732,2.1087645282002114,0.8804110566663815,59305,273.0724211211369,0.681951560316721,0.9875389933395161,0.7864288238486454,0.6871996502704154,0.006784992125068361,0.0009333850271199849,0.4722433593317812,0.9958500448369664,HOROZ
6946,58573,960.9649999999999,366.4514900986177,208.15335884728609,1.7604879985024344,0.823011768286632,59606,273.08873988828736,0.6696735837192019,0.982669529913096,0.7970621603515086,0.7452248040110167,0.006256321002827543,0.0011902768647313233,0.5553600085132582,0.977704629835801,HOROZ
6947,58575,943.9639999999999,358.9890888379407,208.92463665411466,1.7182707343043766,0.8132027662271233,59240,273.0934022140816,0.7374324885749897,0.9887744767049291,0.8260594379234959,0.7607289767443735,0.006128708302824425,0.0012661015805522562,0.5787085760585415,0.9943780099323504,HOROZ
6948,58604,965.098,398.57841507344114,189.19452520347104,2.106712203457189,0.8801620722814331,59291,273.1609969956536,0.6001618073263899,0.988413081243359,0.7906682368922672,0.6853381584783551,0.0068012151913425896,0.0009255202642092947,0.46968839146650304,0.9894982661246592,HOROZ
6949,58608,964.516,407.96532422390766,183.44020908309577,2.2239689229699104,0.8932065613722913,59182,273.1703191011762,0.7767175572519084,0.9903011050657294,0.7916767533089575,0.6695920042244801,0.00696091530548573,0.0008631517360425286,0.4483534521213562,0.9971241440241738,HOROZ
6950,58629,977.866,403.5571922293466,186.80102432928499,2.1603585616210164,0.8864177551546913,59488,273.21925493690566,0.6467622724765582,0.9855601129639591,0.7704840602337055,0.6770273463039453,0.006883235126462102,0.0008920664609795591,0.4583660276433624,0.9902349721755532,HOROZ
6951,58635,975.011,411.3971918502286,182.16643261189384,2.2583589410608464,0.8966207030396023,59215,273.2332349944755,0.6956011103993167,0.9902051844971713,0.7750821989385909,0.6641592125741771,0.007016239308437428,0.0008421180200809724,0.441107459647151,0.9961789754627798,HOROZ
6952,58639,954.8439999999999,394.7229777304879,189.96422226294553,2.0778806294593646,0.8765781184110972,59344,273.24255463548354,0.6005325413487633,0.9881201132380696,0.8082236836876924,0.6922387853033736,0.006731407045319462,0.0009534750435680863,0.47919453587829014,0.9957090438442697,HOROZ
6953,58646,978.805,405.7873006742023,185.15276261506776,2.1916351392381506,0.8898360873545502,59315,273.2588632424177,0.7792038690476191,0.9887212340891849,0.7692294479214362,0.6734041769873208,0.006919266457630568,0.0008776938226403286,0.453473185583971,0.9938477682280942,HOROZ
6954,58667,941.385,371.35720290781717,203.74259877950706,1.8226782476143089,0.8360566098966264,59551,273.3077832242942,0.7738688827331487,0.9851555809306309,0.8318963076758583,0.7359700608584614,0.006329916356858492,0.0011455612764976614,0.5416519304800074,0.9872571914642073,HOROZ
6955,58678,960.2829999999999,388.4974921569116,193.41361194579437,2.0086357327621336,0.8672629533670191,59456,273.33340448245593,0.6290523156089194,0.9869146932185145,0.7996255927800137,0.7035654283504572,0.006620837318192707,0.0010007155395947889,0.49500431196996253,0.9942833488942014,HOROZ
6956,58699,973.9,391.27820935213543,193.6883488239873,2.020143244174725,0.868884768998531,59754,273.38231112566393,0.6151387491616365,0.9823442782073166,0.7776995273235504,0.6986903553313655,0.006665841144689611,0.0009798818550766188,0.48816821263306986,0.9861697167715465,HOROZ
6957,58706,952.554,376.1521502195527,200.3910904706728,1.8770901906669475,0.8462793132389758,59417,273.3986113959295,0.6118522533038729,0.9880337277210226,0.8130423055820922,0.7268298512619216,0.006407388515987339,0.0011030414788950802,0.528281632685427,0.9916322706233346,HOROZ
6958,58720,978.223,395.6667718338539,189.56273591113222,2.0872602937074305,0.8777620014136454,59408,273.431209021298,0.6254060559585051,0.9884190681389712,0.7711168113931595,0.691064371551816,0.006738194343219582,0.0009479759246898722,0.47756996562830634,0.9968128267231862,HOROZ
6959,58757,951.819,386.0235519223563,195.48009025063203,1.9747461310633818,0.8623020976801822,59355,273.5173411869967,0.8423821880689882,0.989925027377643,0.8150058722804085,0.7085509156757648,0.006569830861384283,0.0010214525715408222,0.5020444001049648,0.9914102367293155,HOROZ
6960,58778,963.4549999999999,398.36926952106165,191.72867775221522,2.077776127136823,0.8765648288820825,60076,273.56621494702773,0.8339079236717032,0.9783940342233172,0.7957227937104647,0.6867151557044597,0.006777523384958005,0.0009297310104008383,0.47157770507420044,0.9798328976931431,HOROZ
6961,58780,954.296,394.49805277986286,190.2770956619377,2.0732818703558586,0.8759912005835324,59375,273.57086913546345,0.6899384947650125,0.9899789473684211,0.8110978287914,0.6934657020680429,0.006711433357942546,0.0009574034542242715,0.4808946799447236,0.9970302214799789,HOROZ
6962,58804,989.4809999999999,409.5472496871869,184.20202796457224,2.2233590705415875,0.8931444629634041,59557,273.6267132218755,0.7901002337892672,0.9873566499319979,0.7547477279536515,0.6681200116247202,0.00696461549702719,0.0008560415162715661,0.4463843499334164,0.9924726933722716,HOROZ
6963,58811,953.6610000000001,381.05008962799263,197.90588025628054,1.92541065042912,0.854549640902827,59505,273.64299893368303,0.6704400364797082,0.988337114528191,0.8126066705357213,0.7181286827693235,0.0064792316000066765,0.00106294883358481,0.5157088050160037,0.992951225697888,HOROZ
6964,58825,966.9620000000001,390.07486701134064,195.89284846306046,1.991266501415426,0.8647555956772183,60214,273.6755674499387,0.8043014575186633,0.9769322748862391,0.7905930371457132,0.7015975408689484,0.006631106961518753,0.000991101260638978,0.4922391093533558,0.9801792491419022,HOROZ
6965,58842,974.928,405.2936817631517,185.71003761094522,2.182400515217304,0.8888434321782844,59591,273.7151097241554,0.6219755826859046,0.9874309879008575,0.7779509269873756,0.6753500536534663,0.006887829811412795,0.0008838486955944735,0.4560976949697399,0.995387844491385,HOROZ
6966,58846,947.2479999999998,376.1807897162328,202.16413703701366,1.860769151391866,0.8433197212957353,59516,273.72441295851814,0.7995380434782609,0.9887425230190201,0.8241370095993735,0.7276405931440536,0.006392631439965891,0.0011054194606232824,0.5294608327910302,0.9852043845277959,HOROZ
6967,58849,959.596,366.1607940142144,205.51187370457225,1.7817014044676485,0.8276386786564144,59683,273.73139017679284,0.7205264768901133,0.9860261716066552,0.803104563099407,0.7475715441183104,0.006222039355200842,0.0011987360435850025,0.5588632135754348,0.9957273725326556,HOROZ
6968,58869,1011.1219999999998,418.2336882023508,180.14210573838264,2.321687572641926,0.9024850520292372,59926,273.77790042115214,0.5859652615338675,0.9823615792811133,0.7235847459815397,0.6546050883607738,0.007104480935676685,0.0008046918879665434,0.4285078217078164,0.9948612844388997,HOROZ
6969,58887,946.704,384.1179232818184,195.8522645590463,1.9612636297397166,0.8602482879288406,59391,273.819752886492,0.6290539674400718,0.9915138657372329,0.8256592857991463,0.7128533616630974,0.006522966415029096,0.0010390243202592446,0.5081599152343788,0.9966355598408042,HOROZ
6970,58891,966.204,397.79391887938533,189.52876186211046,2.0988577932503767,0.8792017736029839,59522,273.8290525656444,0.6014195261437908,0.9893988777258829,0.7927224009338797,0.6883691267504565,0.006754748923933799,0.0009355661708026681,0.47385205466318614,0.9945480777775318,HOROZ
6972,58917,971.5539999999999,378.4658319573984,202.14605557579617,1.8722395095930517,0.845408865008104,59903,273.88949278342454,0.7142320281246212,0.983540056424553,0.7843620999396329,0.7236835393221299,0.006423711865122094,0.0010868274349879077,0.5237178650858049,0.9805252788933675,HOROZ
6973,58931,957.164,388.35434425351764,194.04303887619295,2.001382510306401,0.8662247223044116,59526,273.922031992295,0.8227139466703896,0.9900043678392635,0.8083156043184093,0.7053404604468098,0.006589983951630171,0.0010061420678462427,0.49750516514331755,0.9956981363049336,HOROZ
6974,58932,971.423,401.6145429269421,188.2112432209194,2.133849902131156,0.8833910848296059,59631,273.92435607359306,0.5996825138391404,0.9882779091412185,0.7847734113721685,0.6820578609460932,0.0068148805899501475,0.0009097517255528479,0.46520292567836036,0.9926732174298967,HOROZ
6975,58933,947.4789999999999,385.29899929209887,195.53661088577167,1.970469865191549,0.8616557790179789,59553,273.92668013517294,0.6460251688152241,0.9895891055026615,0.8249530404923067,0.7109457347111003,0.006537915926426601,0.001030302862355102,0.5054438377039061,0.9959618507423151,HOROZ
6976,58959,958.214,381.45747218918507,200.26293292244137,1.9047832098659887,0.8511058487208458,59861,273.98709881678815,0.6302068302068302,0.9849317585740298,0.806928304146746,0.7182638139040133,0.006469876900713802,0.0010622132863835703,0.5159029063639392,0.9826831939630968,HOROZ
6977,59015,974.7209999999999,395.3853542720931,192.3672108051244,2.055367713745323,0.8736633434606208,59932,274.117186131307,0.7172459893048129,0.9846993259026897,0.7805695936184058,0.6932911984966121,0.006699743357995308,0.0009547742036196677,0.48065268591286897,0.9879180121502823,HOROZ
6978,59030,973.241,389.9037252898875,193.91183412673337,2.0107268184316247,0.8675599594529614,59864,274.15202046623085,0.7223445912873225,0.9860684217559802,0.7831444142025564,0.7031274714351676,0.006605179151107699,0.0009958653671908071,0.4943882410868125,0.9940796950704935,HOROZ
6979,59088,977.984,406.9518663312683,188.53426657906743,2.1585034578348177,0.8862098990201276,60601,274.2866716034727,0.6518257032542747,0.9750334152901767,0.7763287233725198,0.6740027366779465,0.006887216800894738,0.0008767386587132556,0.4542796890493613,0.9805642796371721,HOROZ
6980,59101,978.715,403.26732352909653,187.54069830710475,2.150292321449777,0.8852828145622145,59723,274.3168429633748,0.7995589647848262,0.9895852519129983,0.7753400258303452,0.6802357318781925,0.006823358716926897,0.0009011886860092948,0.46272065092386033,0.9949846626578194,HOROZ
6981,59104,963.549,395.6698617619698,191.18317867535856,2.069585119901385,0.8755162746955055,59816,274.3238051136413,0.7013480159483577,0.9880968302795239,0.7999799967728121,0.6933148860316057,0.006694468424505445,0.0009541528679731509,0.48068553119301854,0.994819622708964,HOROZ
6982,59105,957.3629999999999,372.9813606121915,205.5452404415269,1.8145949758359718,0.8344476838559807,60667,274.3261257911317,0.7576301385666492,0.9742528887203916,0.81036524710249,0.7354955361331397,0.0063104874479687255,0.0011391025785887716,0.5409536836717744,0.9816118365507635,HOROZ
6984,59157,950.086,383.91930012496596,197.29662689770996,1.9458989550997852,0.8578493196835176,59796,274.446773979761,0.7151474854932302,0.9893136664659844,0.8235503736416775,0.7148553716638586,0.006489837214952853,0.0010454091719128789,0.5110182023966733,0.9943897860806572,HOROZ
6985,59171,954.348,390.50187927931705,195.23380070174434,2.0001755734698867,0.8660507419246664,59778,274.47924712357457,0.6957692488594139,0.9898457626551574,0.8164042137672085,0.7028884153646949,0.006599548415259452,0.0009936639277762526,0.49405212445389196,0.9881909913535791,HOROZ
6986,59172,973.722,371.4188818798072,203.67194346923623,1.823613383135947,0.8362411653064845,60008,274.48156648683903,0.6955928856078151,0.9860685241967737,0.7842529260245108,0.7390081115360809,0.006276936420601081,0.0011548466364838382,0.5461329889161248,0.995935427559481,HOROZ
6987,59179,952.9129999999999,382.20964135903375,199.59021406429457,1.914971849451053,0.8528225095081718,59861,274.497801480963,0.6246266214918252,0.9886069394096323,0.8189756372888415,0.7181864918554208,0.006458534976242143,0.001059894669586094,0.5157918370835967,0.9877268481917311,HOROZ
6988,59181,956.1870000000001,393.7163490527222,193.4783223406184,2.034937786774815,0.8709252504374597,60026,274.50243987435096,0.7968465981768975,0.9859227668010528,0.8134043554883212,0.6972086389981041,0.006652749177146757,0.0009696878446659804,0.4860998862935887,0.9891830267657645,HOROZ
6989,59181,1000.4869999999999,425.06036852356374,178.35245955963973,2.3832604808089384,0.9077122387276085,59950,274.50243987435096,0.55531471681117,0.9871726438698916,0.7429665536964555,0.6457963625915729,0.007182378948033385,0.000770602575286377,0.4170529419365063,0.9939457949223803,HOROZ
6990,59184,948.818,390.1119321530652,194.21304842701412,2.008680340032202,0.8672692998810055,59769,274.50939731747957,0.654654056744649,0.9902123174220749,0.8261299133448133,0.7036682928472243,0.006591510072875527,0.0009968656051601184,0.49514906635852707,0.9945961949796736,HOROZ
6991,59189,956.1329999999999,396.84447722325444,191.11724391005484,2.0764451658272165,0.8763953777155172,59771,274.52099266418503,0.6105609539724783,0.9902628364926135,0.8136062033865923,0.691759639909885,0.006704699812858038,0.0009470654218322829,0.47853139940825373,0.9936442109978016,HOROZ
6992,59192,959.297,388.0714345578739,195.52769679779,1.984738944473979,0.8637943151231534,60018,274.52794963712483,0.7680290644868302,0.986237462094705,0.8082890692225362,0.7074160198106102,0.006556146684651201,0.001012810012684005,0.5004374250846857,0.993237646837855,HOROZ
6993,59205,970.174,386.6354197081478,200.20934746232857,1.9311556858297898,0.8554867860045421,60974,274.5580944828349,0.7063855680435249,0.9709876340735395,0.7904401395666458,0.7101214231486743,0.006530452152827427,0.0010243620335733971,0.5042724356146985,0.9738285812445618,HOROZ
6994,59243,959.007,381.7131161050545,199.12397704191963,1.9169620945482428,0.8531542508730026,59891,274.64619121470673,0.7182536795906985,0.9891803442921308,0.809474835576329,0.71950944210971,0.006443176680874609,0.001065186842817144,0.5176938372850262,0.9923994626566208,HOROZ
6995,59257,986.868,397.35705838295235,191.37018626466735,2.0763791170344716,0.8763869593803525,60166,274.6786407829548,0.823219693812342,0.9848917993551175,0.7645948897306395,0.6912640281281568,0.00670565601334783,0.0009444889143664055,0.4778459565839652,0.9921893654103061,HOROZ
6996,59274,952.086,392.0449958292321,193.4168731057611,2.026943097228443,0.8698287570998359,59822,274.7180386771717,0.7997895077720207,0.9908394904884491,0.8217159966787677,0.7007308895656305,0.006614114043749909,0.0009836860023168677,0.49102377959144006,0.9952772606178896,HOROZ
6997,59286,967.97,387.02581503572594,195.61045376975565,1.9785538429928535,0.862873671350425,59975,274.7458455539753,0.6287756660444596,0.9885118799499791,0.7951301446772799,0.7098902318146757,0.0065281148169167415,0.0010226625398028965,0.503944141225894,0.997080617276226,HOROZ
6998,59293,994.0969999999999,397.99417554269104,191.31203622724678,2.0803404918545763,0.8768903022458454,60254,274.76206493251937,0.7631507819035974,0.984050851395758,0.753972944929394,0.6903670501154027,0.006712329879457795,0.000940531348148198,0.476606663885043,0.9915041415677791,HOROZ
6999,59302,949.0169999999999,381.9898368220971,198.74998529423561,1.921961585338422,0.8539824799763912,59875,274.7829170124748,0.8175075820237111,0.9904300626304802,0.8274299185542192,0.7193461462181481,0.00644143261310069,0.0010639321083983442,0.5174588780789013,0.9945360856599664,HOROZ
7000,59305,971.655,391.6593617006396,194.8650674637787,2.00990032127457,0.8674426913658012,60395,274.7898673541636,0.7035160976535624,0.981952148356652,0.7893634159621751,0.7016042362960193,0.006604154147215911,0.0009871105074653788,0.4922485043885204,0.9893704271174139,HOROZ
7001,59308,997.7440000000001,407.3581419223273,186.3542705658028,2.1859340313775464,0.8892248768193212,60135,274.7968175200598,0.5837861248917238,0.98624760954519,0.7486604540306674,0.6745828528755821,0.006868519287825037,0.0008773726168564693,0.45506202539375906,0.994735567695811,HOROZ
7002,59311,968.736,393.72134401333096,192.57984691532215,2.044457664287433,0.8722124235591423,60039,274.80376751017667,0.6530897639182522,0.9878745482103299,0.7942079536411807,0.6979651260686343,0.006638251656747162,0.0009717809238493136,0.4871553172080046,0.9959684219642807,HOROZ
7003,59314,973.2349999999999,401.5320003847232,189.13975851863503,2.1229381042334476,0.8821090253095344,60033,274.8107173245277,0.6024539378796189,0.9880232538770343,0.7869219131369597,0.6844055195133165,0.0067695990893334316,0.0009162135822649633,0.46841091514029265,0.9944073801901873,HOROZ
7004,59349,970.1560000000001,389.8542498292052,195.67478128096903,1.9923581734807934,0.8649153356172982,60182,274.891785509293,0.8050596852957135,0.9861586520886644,0.7923920722406271,0.7051142462336191,0.006568842774591066,0.0010016283012627642,0.49718610024160487,0.9905727905574025,HOROZ
7005,59387,974.7959999999999,390.65985048701225,194.106268709283,2.012608109386264,0.8678262902724945,60180,274.9797753348182,0.7620752489477466,0.986822864739116,0.7853690348908456,0.7038854261373862,0.006578204834172668,0.000996081899751798,0.4954546931286099,0.9971561332241233,HOROZ
7006,59409,972.1959999999999,385.84352300101295,197.31829529339112,1.955437139912977,0.8593460071169287,60157,275.0307039462527,0.6347115384615385,0.9875658693086424,0.7898678670158876,0.7128037340295865,0.006494698160228466,0.001034233495879926,0.5080891632465215,0.9935364201995557,HOROZ
7007,59411,961.532,382.2654478367868,201.8737626080016,1.8935865805358256,0.849183198225555,60199,275.03533335239086,0.6908255813953489,0.9869100815628167,0.8075124780978193,0.7194878190241792,0.006434253721310646,0.0010635838347468913,0.5176627217241699,0.9802391831005395,HOROZ
7008,59422,967.8419999999999,394.7711374063634,193.70319483294074,2.038020786114724,0.8713442837896368,60146,275.06079369341757,0.6256527964959568,0.9879626242809164,0.797164958358385,0.6967601418395483,0.00664351818192527,0.0009658531181769785,0.48547469525626763,0.9894075200649846,HOROZ
7009,59435,963.9949999999999,390.72402581790436,194.2842718075722,2.011094476061834,0.8676120732511161,59997,275.09088014933246,0.7181262384611667,0.9906328649765822,0.8037159153442698,0.7040541711595121,0.006573971999964741,0.0009963958635727478,0.4956922759271075,0.9968839979435244,HOROZ
7010,59442,975.9789999999999,402.8874444159228,190.1494602785969,2.118793520768523,0.8816163722642973,60289,275.10707918581005,0.7324683006173525,0.9859510026704705,0.784191862177636,0.6828385520542604,0.006777824508191562,0.000908954645610629,0.46626848817155875,0.9879266516764336,HOROZ
7012,59464,957.822,387.07489487030296,197.11043139698447,1.9637463736798695,0.8606300385848068,60301,275.15798423475144,0.6999140762014618,0.9861196331735792,0.8145061498368105,0.7108649718214056,0.006509398877813517,0.0010253428475524913,0.5053290081626477,0.9923380072946447,HOROZ
7013,59471,957.54,361.3700972680688,211.6221386014985,1.707619531945841,0.8105925566192101,60328,275.1741793209255,0.6689651293588301,0.9857943243601645,0.8150819109577885,0.761474680393375,0.006076408623834621,0.0012602264873240944,0.5798436888801926,0.9901524086073443,HOROZ
7014,59479,961.314,394.7540886279405,193.25600987772432,2.042648447919973,0.8719693312708521,60261,275.19268682380124,0.8194957288509231,0.9870231161115813,0.8088034367190331,0.6971243484273901,0.006636864920861825,0.0009669048700465085,0.48598235717031324,0.99269110759043,HOROZ
7015,59490,970.189,404.59727188057616,188.50025948949536,2.1464016706201052,0.8848394750831932,60130,275.2181326081093,0.6051266402197132,0.9893563944786297,0.7942205872646904,0.6802273562767488,0.006801097190798053,0.0008982042769066234,0.462709256227255,0.9931599205775664,HOROZ
7016,59499,986.818,396.9401297589294,191.99244218628345,2.0674778925609605,0.875244300040254,60449,275.2389501364177,0.6093399559629269,0.984284272692683,0.7677952223949509,0.6934016732034034,0.006671374808970393,0.0009513375622847649,0.48080588040127953,0.9940555283429547,HOROZ
7017,59503,973.139,397.23010577296435,191.58889674547467,2.0733461725638698,0.8759994368207517,60107,275.2482018658367,0.8029227613752901,0.9899512535977507,0.7895851477726757,0.692918784013702,0.006675799636538735,0.0009493194842206858,0.4801364412390274,0.9954890527513749,HOROZ
7018,59526,957.048,388.57071112088323,196.29548619188932,1.97951933923246,0.8630180176398161,60134,275.30139327636044,0.7930772612814261,0.9898892473475904,0.8166747419791148,0.7084975408522619,0.006527747725714532,0.0010146038678155805,0.5019687653937027,0.9936568787874762,HOROZ
7019,59527,958.3549999999999,393.7438417733464,193.12173279888788,2.0388375563271346,0.8714549450685097,60192,275.3037057132541,0.7749498789283203,0.9889520202020202,0.8144623889046105,0.6991949498774108,0.006614542002340894,0.0009751528011553861,0.4888735779340751,0.9967338109880127,HOROZ
7020,59530,972.704,401.6232350004256,189.32739879562314,2.121315971989736,0.8819165844192378,60280,275.3106429073969,0.7708743395835491,0.9875580623755806,0.7906501232354624,0.6854948093506222,0.006746568704861845,0.0009189235730855821,0.46990313364664604,0.9968130226926577,HOROZ
7021,59550,977.9520000000001,384.7309616292484,198.57404344548885,1.9374685379504901,0.8565057911890914,60413,275.35688640195457,0.6311873317363746,0.985714995116945,0.7824499217347869,0.7157128327698935,0.006460637474882424,0.001045707810356608,0.5122448589915057,0.9924582980229276,HOROZ
7022,59562,962.7599999999999,394.87226486862687,193.6832049230541,2.038753257028665,0.8714435304624675,60357,275.3846287713164,0.6389127263365657,0.9868283711914111,0.8075009831845489,0.6974018012202914,0.006629600498113342,0.0009673850690932824,0.48636927234530714,0.9915869381126565,HOROZ
7023,59563,961.018,390.2450468565511,195.97344206015765,1.9913159801355031,0.8647628420205346,60387,275.3869405092778,0.7857915567282322,0.9863546789871992,0.8104446942688346,0.7056769656079873,0.006551803080042159,0.0010022229998457707,0.49797997978969644,0.9916354915427775,HOROZ
7024,59564,949.712,387.9881267987439,196.88625621441898,1.970620673370951,0.8616786521733427,60153,275.38925222783337,0.8022087542087543,0.9902083021628182,0.8298696233782785,0.7097878342310266,0.006513802410831104,0.0010198317965244127,0.5037987696223714,0.9927962706366938,HOROZ
7025,59565,1004.123,413.96858675214526,184.81603227238728,2.2398954336495347,0.8948088747009307,60486,275.39156392698374,0.5667675268326102,0.9847733359785735,0.7423815673994963,0.6652474915732398,0.006949862952273067,0.0008396320075412593,0.44255422504448777,0.9912751878194567,HOROZ
7026,59602,1017.207,390.99859755145826,195.06829144444828,2.00441904040979,0.8666608964150365,60599,275.4770831581189,0.7223434167151445,0.9835475832934537,0.7238557304307713,0.7045474968023744,0.006560159013983729,0.0009970920054885235,0.49638717525049186,0.9949679054873171,HOROZ
7027,59605,1001.665,399.3457097227983,196.1110646720837,2.03632421449826,0.8711139505844269,62307,275.48401598629886,0.7783262166856009,0.9566340860577464,0.7465305043389026,0.6898384264038375,0.006699869301615607,0.0009359133090493193,0.4758770545433228,0.9690399692906774,HOROZ
7029,59622,963.272,384.28585174270756,198.998615562294,1.9310981167223837,0.8554774417185743,60247,275.5232987175492,0.654546652175345,0.989626039470845,0.8074553772739229,0.7169748703161245,0.006445370026881144,0.0010506144124376483,0.5140529646648238,0.9926867119597992,HOROZ
7030,59651,1028.7450000000001,421.9864556125202,180.9633150768312,2.3318895071819297,0.9033819854023791,60407,275.5902975124436,0.5822677312925834,0.9874848941347857,0.7082916432513819,0.6530785380597579,0.007074256183677059,0.0007938202866216896,0.42651157687427066,0.9945778708047307,HOROZ
7031,59663,973.1320000000001,394.5178830744451,194.0444290948336,2.033131715838314,0.8706787938443649,60316,275.618016387779,0.7576253968253969,0.989173685257643,0.7917196848841557,0.6986198299552626,0.006612437910839969,0.0009716391483517838,0.48806966680672004,0.992309919123381,HOROZ
7032,59664,982.497,410.2849482175037,185.62431392966985,2.210297452589935,0.8918010380377297,60327,275.620326168225,0.6238981083539856,0.989009896066438,0.7767115514301612,0.6717778153102288,0.0068765913820311025,0.0008638843610968237,0.451285433142984,0.9974750432668831,HOROZ
7034,59680,951.625,389.02258304967876,196.4443314751299,1.9803197176953387,0.8631374997506726,60281,275.65728002321015,0.7309425827944347,0.9900300260446907,0.8281461608530367,0.7085894033766371,0.006518474917052258,0.001013688162401449,0.5020989425776587,0.9943164362205172,HOROZ
7035,59685,1139.2849999999999,406.7940568951768,188.020878065448,2.163557904210916,0.88677485807897,61010,275.6688270869925,0.6819194515852613,0.9782822488116703,0.5778435944425948,0.6776618842246931,0.006815683285501832,0.000886627913432161,0.45922562933096134,0.9935612401552337,HOROZ
7036,59689,980.742,403.75110313094837,189.58957986971473,2.1296059804995857,0.8828950161275648,60517,275.6780643897826,0.8101332826623958,0.9863178941454467,0.7798204475074976,0.6827921019955011,0.0067642463960017486,0.0009068869181254155,0.4662050545474349,0.992833072303353,HOROZ
7037,59704,975.0069999999998,409.6351169213229,186.17921761133567,2.200219348737783,0.8907466663308347,60312,275.7127015189328,0.581241846609163,0.9899190874121236,0.789219532701546,0.6730690073426687,0.006861100042230384,0.0008685841243175371,0.4530218886452455,0.9967475247990023,HOROZ
7038,59718,1001.425,379.239457605983,202.10471898766406,1.8764502853054645,0.8461649205999922,60836,275.74502558068826,0.767267961763799,0.9816227233874679,0.7483043334724175,0.727100042072041,0.006350505000267641,0.0010948754154484711,0.5286744711811641,0.992031362281611,HOROZ
7039,59720,966.8810000000001,400.718856712247,191.6435188870449,2.090959605831656,0.8782241128138565,60505,275.74964299448135,0.8100263136478312,0.9870258656309396,0.8027560936184925,0.6881374269653973,0.006709960762093888,0.0009281121545993963,0.4735331183905575,0.990138622578155,HOROZ
7040,59763,997.9570000000001,381.67477070427526,199.9936210322048,1.9084347227395544,0.8517246444625559,60551,275.8488986963833,0.6684301181102362,0.9869861769417516,0.7540820388119691,0.7227328601976505,0.006386472745750302,0.0010748603188553165,0.5223427872094767,0.9968571122831235,HOROZ
7041,59775,958.6300000000001,395.446345842183,192.93830470244347,2.0495999819841626,0.872899484270845,60415,275.8765915886021,0.7058927727916864,0.9894066043201192,0.8173864177016866,0.6976334324219562,0.0066155808589240155,0.0009666224656181985,0.4866924060328401,0.9975247466367377,HOROZ
7042,59795,962.167,394.77104524866905,193.99730873654366,2.0349305246537437,0.8709242609010794,60463,275.9227402325496,0.8005757129468469,0.988951921009543,0.8116593933213555,0.6989437132065851,0.00660207450871593,0.0009719165906253843,0.4885223142310092,0.9941089692031686,HOROZ
7043,59822,957.4939999999999,383.09176036738813,203.7207999300646,1.8804744557202793,0.8468821050026581,61541,275.9850286612426,0.6483574842576436,0.9720674022196585,0.8199713345467589,0.7204149428757505,0.006403860793142793,0.0010640266240096933,0.5189976899186708,0.9759618984698948,HOROZ
7044,59884,990.6790000000001,409.5123860683033,188.96515066083333,2.1671317945991118,0.8871717297159596,60928,276.1280081717906,0.626178974005061,0.9828650210084033,0.7667517070057933,0.674284875294919,0.006838427394100315,0.0008719863286215461,0.45466009305148464,0.9853083433872631,HOROZ
7045,59897,958.442,373.2062087637828,207.79611126682477,1.796021140571586,0.8306557619083523,60787,276.15797835840635,0.6436523458488255,0.9853587115666179,0.8193760421895924,0.7399608363246654,0.006230799685523195,0.001152281237413239,0.5475420392942982,0.9833970779242377,HOROZ
7046,59911,973.464,400.624998115926,190.84678579715904,2.099196989053455,0.8792434890882078,60520,276.19025030697287,0.7586840072435321,0.9899372108393919,0.7944684258459295,0.6893984439459608,0.006687002355425982,0.0009317350523635271,0.47527021451511203,0.9976858032969131,HOROZ
7047,59921,997.748,392.78598107756875,195.35975710289293,2.01057775102932,0.867538820787746,60874,276.21329939030034,0.6506645528384659,0.9843447120281237,0.7563924491265506,0.7032157783038412,0.00655506385203132,0.0009888060513402052,0.494512430855477,0.9942556910854474,HOROZ
7048,59921,984.477,389.4781891138639,198.96836294822043,1.957488031477757,0.8596646320279625,61068,276.21329939030034,0.8089561507722216,0.9812176590030786,0.7769226233298366,0.7091881063192204,0.0064998613026128384,0.001014214058700374,0.5029477701446419,0.9845142405165623,HOROZ
7049,59930,973.199,396.55265003143046,193.59510334787035,2.0483609511489886,0.8727344608610026,60675,276.23404192093756,0.6228952729389265,0.9877214668314792,0.7951532414833647,0.6965885662321093,0.00661693058620775,0.0009610405404230784,0.4852356306053057,0.9939377178380634,HOROZ
7050,59944,997.4369999999999,401.0324375219252,191.91457977401652,2.0896402868096287,0.8780596152765547,60967,276.26630498416665,0.6018473895582329,0.9832204307248184,0.7571547214835775,0.6888876787406072,0.0066901180688963904,0.0009294097276391088,0.4745662339206221,0.9916727211600541,HOROZ
7051,59959,976.082,401.9377152379381,193.0369914681701,2.0821797531185293,0.8771229300573486,61334,276.3008683713745,0.5884217550884218,0.9775817654155933,0.7908454805261961,0.6874221002321482,0.00670354267479341,0.000923374979888697,0.47254914388757757,0.9839322597562087,HOROZ
7052,59965,967.751,403.72739135566997,190.35053112204133,2.1209680318507975,0.8818752437048994,60695,276.3146925156967,0.7507637219551282,0.9879726501359255,0.8046007712397787,0.6844090800672797,0.006732717274337863,0.0009112408723525806,0.46841578887854024,0.9934949138255561,HOROZ
7053,59965,994.2659999999998,389.0885290524055,197.9672751606952,1.9654184194664102,0.8608862252048335,60910,276.3146925156967,0.661580555831375,0.9844853061894598,0.7622589372569033,0.7101589275547121,0.006488593830607946,0.0010180112001052471,0.5043257023856589,0.9912110248791088,HOROZ
7054,59986,985.1879999999999,403.0374107868186,189.97609854342895,2.121516411153603,0.8819403896050485,60707,276.36307157520787,0.6180555555555556,0.988123280676034,0.7766431937437579,0.6857007914865415,0.006718857913293412,0.0009162496520850625,0.47018557544526945,0.9975064145948397,HOROZ
7055,59990,977.492,410.83341380876504,187.5203893412517,2.1908732978424323,0.8897547113914243,60602,276.3722856739843,0.7465156794425087,0.989901323388667,0.7889732931074148,0.6727113140866148,0.006848364957639024,0.0008651304278571507,0.45254051210014007,0.9914589241521374,HOROZ
7056,59998,985.4239999999998,406.9469798284187,188.59115629805706,2.157826421008116,0.8861338943213916,60719,276.39071295001986,0.7128701107361818,0.9881256278924224,0.7764265309435434,0.6791811382076226,0.006782675752998745,0.000890273168458909,0.46128701849700193,0.9953773161808904,HOROZ
7057,60003,987.1259999999999,402.55841927715136,190.7047221339515,2.1108990630782247,0.8806691702340074,60734,276.4022293736864,0.5974014336917562,0.9879639081898113,0.7738158955001648,0.6866139574723201,0.006708971539375554,0.0009197847872307307,0.4714387265958011,0.9951595662698678,HOROZ
7058,60019,969.914,385.9084921734318,201.90583669386416,1.9113290556258566,0.8522122918759611,61528,276.4390787053446,0.6631933701657459,0.9754745806787154,0.8017374363348402,0.7163332352404146,0.00642977210838954,0.001044325177192159,0.5131333039099992,0.9807665931724746,HOROZ
7059,60037,957.698,371.10899755646545,208.87627808359397,1.77669288710681,0.8265635013443644,61069,276.480528332946,0.6462262120037888,0.9831010823822234,0.8225677642437175,0.7450116546712898,0.006181338134091734,0.0011746663579090056,0.5550423655960534,0.9861398229974455,HOROZ
7060,60049,941.5699999999999,361.87656266320727,218.02899202866593,1.6597634988636218,0.7981222969494671,61976,276.5081579660929,0.7002798833819242,0.9689073189621789,0.8511584559783952,0.764095237147023,0.00602635452152754,0.0012671394442519896,0.5838415314307654,0.9690388629894223,HOROZ
7061,60061,976.479,391.6625717683511,195.98804852564828,1.998400283663703,0.8657941964311547,60896,276.535784838669,0.8062961471338435,0.9862880977404099,0.7915468175231941,0.7060561942135899,0.006521079765044723,0.0009996692767106083,0.49851534938737846,0.996233215626447,HOROZ
7062,60086,972.1889999999999,406.31882073661797,189.36018833134017,2.1457457574220733,0.8847644741959066,60884,276.5933319604017,0.6536771105308964,0.9868931082057684,0.7988803734676727,0.6807298058676285,0.006762287733192723,0.0008957204205974446,0.4633930685965793,0.9943237109599058,HOROZ
7063,60090,979.4259999999999,375.68171868873696,207.45731682166493,1.8108868100886584,0.8337013244595576,61492,276.60253838881505,0.8142276422764227,0.9772002862160931,0.7871705010032315,0.7362682947529532,0.006251984002142402,0.0011332925081899959,0.5420910018584217,0.9816654451331623,HOROZ
7064,60108,1028.464,416.7736375415328,184.5191769564184,2.258700935133537,0.8966538103765065,61050,276.64396352521624,0.5932256918400379,0.9845700245700245,0.7141080896866855,0.663775101412569,0.0069337465485714515,0.0008302933439323395,0.4405973852552662,0.9951777260934611,HOROZ
7065,60121,964.754,399.89378355448696,192.6743432965552,2.0754905749905137,0.8762736230773813,60593,276.67387782192725,0.8091764357528365,0.9922103213242454,0.8117137147539117,0.6918684140640797,0.0066514825693931735,0.0009401393631048175,0.4786819023795448,0.9934997768072742,HOROZ
7066,60134,984.152,385.50433760480274,199.98950863492146,1.9276228049969184,0.8549116072021404,61079,276.7037888846199,0.6817450060086615,0.9845282339265541,0.7801993757618647,0.7177708832119055,0.006410754940712454,0.0010496204565154138,0.5151950407867989,0.993101709641951,HOROZ
7068,60147,957.4949999999999,384.50006163379,200.82898213445168,1.9145646088888384,0.8527544856805218,60778,276.7336967143427,0.7703845070061737,0.9896179538648853,0.824424339585711,0.7197234131471029,0.006392672313395348,0.0010580951636227735,0.5180017914321153,0.9917478972169456,HOROZ
7069,60153,946.769,373.52855216543463,206.38881989036108,1.8098293907773801,0.8334875287229413,60790,276.74749923794116,0.8150813008130081,0.9895213028458628,0.8432941680683127,0.7409005218839886,0.00620964128414933,0.0011542127788453996,0.5489335833279666,0.993476132691698,HOROZ
7070,60166,978.007,404.4412153947302,189.6852838171602,2.1321697037107827,0.8831950752376533,60719,276.77740234443957,0.5969322962139852,0.9908924718786541,0.7904548653576905,0.6843451948246864,0.006722089143282422,0.0009094627564224892,0.46832834567963805,0.9985555100471148,HOROZ
7071,60171,1004.0139999999999,415.67796386377177,184.85934993742995,2.2486174705497333,0.8956707895347062,60961,276.78890267902625,0.579782621263803,0.9870408949984416,0.7500972200406909,0.665873408602764,0.006908277473596446,0.0008377534461493917,0.44338739628426355,0.9970086455063529,HOROZ
7072,60178,974.1220000000001,390.9521962248664,197.93701668245754,1.9751343269564146,0.8623605383138992,60876,276.805002344742,0.640436763015623,0.9885340692555359,0.796931347955414,0.7080277461481003,0.006496596700203835,0.0010070865096434441,0.5013032893155588,0.990141334943323,HOROZ
7073,60182,984.867,413.1495539843003,186.35145030285443,2.217045015280849,0.8924982613052321,60972,276.81420173331344,0.6151628829307684,0.9870432329593912,0.7796888235101096,0.6700096830888322,0.006865002060155866,0.0008533845021253511,0.44891297543279746,0.995260274478178,HOROZ
7074,60211,999.3479999999998,403.1209023754971,191.7422494909931,2.1024104152613132,0.8796375886356022,61166,276.8808881595999,0.6061713480318132,0.9843867508092732,0.757621357243156,0.6868432932353685,0.00669513714064701,0.0009191150714447011,0.4717537094624064,0.9918199122119228,HOROZ
7075,60239,966.28,394.1802447912327,195.98883448548278,2.0112382719456923,0.8676324470386239,60865,276.94525981735353,0.62377939547069,0.9897149429064322,0.8107400669660111,0.7025853362185371,0.006543605385070017,0.0009835426315886436,0.49362615466931503,0.9927998143043102,HOROZ
7076,60251,966.081,380.43230353202466,208.2136077919276,1.8271250739394467,0.8369313322861379,62727,276.97284309086746,0.7996363539841801,0.9605273646117302,0.8112356762104039,0.7280476461104518,0.00631412430552231,0.0010942891635858378,0.5300533750069696,0.9684738120014627,HOROZ
7077,60254,1003.7449999999999,389.95167272179503,198.5205475129128,1.9642887227904233,0.8607132159905762,61057,276.97973848004204,0.61528250058716,0.9868483548159916,0.7515345608458581,0.7102924743129617,0.006471797270252515,0.0010161399361776073,0.5045153990656295,0.9910139088587261,HOROZ
7078,60264,979.689,399.6652287808833,192.44988997278554,2.0767236023746243,0.8764308564911084,60857,277.00272187095896,0.8134110787172012,0.9902558456709992,0.789026073637856,0.6930868685172157,0.0066319067566189315,0.0009439931800052213,0.48036940731100014,0.9975944860214634,HOROZ
7079,60313,961.548,393.56819601802556,196.08812052905765,2.007098619519401,0.8670439730459312,60983,277.11531293238176,0.7570922876079534,0.989013331584212,0.8197451527258363,0.7041100265116182,0.006525428945965639,0.000989352242846438,0.49577092943419176,0.9950611480652168,HOROZ
7080,60319,950.938,375.01906332769806,207.53633210805887,1.8070043905971858,0.8329142397035978,60953,277.12909644943505,0.706625899112017,0.9895985431397962,0.8382230365498974,0.7389733577550828,0.006217262609255758,0.0011436525395112857,0.5460816234718215,0.9867718912380208,HOROZ
7081,60350,965.925,390.3405338425654,197.880910808077,1.9726032806729563,0.8619788113388147,61036,277.2003003691862,0.6169999591052223,0.9887607313716495,0.8128311249506045,0.710149923812392,0.006467945879744248,0.001014720230979955,0.5043129142907462,0.9948093092156653,HOROZ
7082,60358,982.4219999999999,412.44419084165133,188.88807683047318,2.1835374564791588,0.8889663854489356,61208,277.2186726054451,0.7815963949031389,0.9861129264148477,0.7858660839033847,0.6721362035424496,0.006833297836933817,0.0008602788928560354,0.4517670761124573,0.9864503322956215,HOROZ
7083,60361,982.7699999999999,396.3877905071953,194.86003286817618,2.034218021380268,0.8708271182218208,61211,277.22556188013965,0.704320836396308,0.9861136070314159,0.7853486628397434,0.6993796694025757,0.0065669520138366706,0.0009691603081054034,0.4891319219736561,0.9950009705111783,HOROZ
7084,60372,968.735,356.6229190184124,222.345729387056,1.6039117099371347,0.7818427162299326,62664,277.25082108940853,0.7411426747526333,0.9634239754883187,0.8084170148550643,0.7774341084205362,0.0059070913505998215,0.0013310911991542254,0.6044037929356343,0.969410321019883,HOROZ
7085,60395,979.8240000000001,406.3082941506952,190.34438111671602,2.1345956826619097,0.8834779243566566,61054,277.3036283647947,0.7982843396425928,0.989206276411046,0.7905233524600535,0.6824956132004184,0.006727515425957367,0.0009003967568007966,0.46580026203781505,0.9942952283287063,HOROZ
7086,60398,998.8349999999999,411.9341500997348,189.10131398275257,2.1783780420336276,0.8884067422122285,61168,277.31051552891813,0.8452001119507416,0.9874117185456448,0.7607551794181614,0.6731913716349507,0.00682032766150758,0.000864050579859899,0.45318662284374644,0.9872117881461925,HOROZ
7087,60413,977.4909999999999,390.7232105808304,199.2938490931406,1.960538232157003,0.8601364436968282,61469,277.34494878415467,0.765050781348935,0.9828206087621403,0.794538107687865,0.7098246054332604,0.006467535308308318,0.0010127978479997628,0.5038509704784839,0.987819090932477,HOROZ
7088,60414,1028.367,390.3221834211134,197.8387131267611,1.9729312693771035,0.8620283703066541,61241,277.3472441825051,0.7694580653378336,0.9864959749187636,0.7178789049058737,0.7105597784671103,0.006460790270816589,0.0010159395972593969,0.5048951987752289,0.9961235254220172,HOROZ
7089,60434,1008.8759999999999,412.88008897259584,187.98682656234504,2.196324585731894,0.8903349637173115,61231,277.39314816073744,0.5787034377094704,0.98698371739805,0.7461319249838769,0.671849177447617,0.006831917281209184,0.0008586368464317543,0.45138131723703956,0.9913798845877573,HOROZ
7090,60453,978.6789999999999,404.6433039270974,190.78108678095856,2.1209822774082445,0.881876936736783,61185,277.43674990504553,0.6798582995951417,0.9880362834027948,0.7931351233157339,0.6856328702649925,0.006693518997024092,0.0009124325789043696,0.47009243278781215,0.997057718686676,HOROZ
7091,60459,986.5899999999999,415.3971135575578,187.44957067422385,2.2160472924181467,0.8923956022576034,61167,277.45051745337076,0.703715343250227,0.9884251311981951,0.7805440280564846,0.6679163345099338,0.0068707241859368795,0.0008434717396949963,0.44611222990518595,0.988605799196009,HOROZ
7092,60489,978.4219999999999,403.2256656881477,192.61186362485503,2.093462251491941,0.8785352135247888,61345,277.5193449500147,0.6552811179720507,0.9860461325291385,0.7940244034793238,0.6882482157389418,0.006666099054177582,0.0009226391993494103,0.4736856064678369,0.9916429362154835,HOROZ
7093,60497,993.9859999999999,407.9292815879312,190.71626965684297,2.1389327838779617,0.8839809745356266,61518,277.5376960663959,0.6626322591951631,0.9834032315744985,0.7694548967595922,0.6803573771072162,0.0067429671155252524,0.0008912082480810353,0.46288616058421084,0.9900823840769672,HOROZ
7094,60516,970.091,391.9072582833634,199.308475340435,1.9663351375999143,0.8610263728753454,61355,277.5812751054961,0.7607577909914893,0.9863254828457338,0.8080814313008349,0.7082830675843075,0.006476093236224526,0.0010053569710145982,0.5016649038266366,0.9864413276949974,HOROZ
7096,60523,1001.7229999999998,387.15100906545416,200.84879831500555,1.927574435662082,0.8549037076751407,61382,277.59732881641037,0.7789819164682412,0.9860056694144863,0.7579403361749453,0.7170259725953033,0.006396758406976755,0.0010429878766108481,0.5141262453762406,0.9910166072901723,HOROZ
7097,60527,982.833,386.1097763473471,200.80410774420903,1.9228181170436345,0.8541236473180106,61388,277.60650194868487,0.8130104233827639,0.9859744575487066,0.7874075099931859,0.7189833538401474,0.006379132888584386,0.0010515181039730053,0.5169370630992267,0.9939759502985217,HOROZ
7098,60535,964.1559999999998,392.0247970680789,197.58250569596828,1.9841068200203429,0.8637006639684468,61253,277.6248473039527,0.6724990279397878,0.9882781251530537,0.8183174161225786,0.7081818532406268,0.006476002264278168,0.001004768313672102,0.5015215372593286,0.9950723024633206,HOROZ
7099,60537,989.384,396.8484782337901,195.46441189410984,2.0302850753659305,0.8702888624407273,61405,277.629433453358,0.605975975975976,0.98586434329452,0.7771430965021856,0.699585480808627,0.006555469848750188,0.0009686050682901035,0.48941984495823787,0.993661806806618,HOROZ
7100,60560,984.12,402.4070924229917,192.49111680359582,2.090522924408918,0.8781697036628622,61331,277.6821687274166,0.6665419285250449,0.98742886957656,0.7857775462946388,0.6900528692360371,0.006644767047935794,0.0009293707221465648,0.47617296234088735,0.9954504937573293,HOROZ
7101,60563,1005.91,408.4148617521272,189.8140138563342,2.1516581070839527,0.8854378233630019,61453,277.68904650309065,0.6219819042630763,0.9855173872715735,0.7521405315942885,0.6799190541494645,0.006743636572694998,0.0008890020620725111,0.46228992019550263,0.9946898546118466,HOROZ
7102,60619,982.002,404.31639356147815,191.98456961652778,2.1059838005161793,0.8800735116833587,61371,277.81740039511715,0.5953311596480201,0.9877466555865148,0.7899396026500635,0.6871287061796413,0.006669796492213302,0.0009171591760968571,0.4721458588561078,0.9943315302317615,HOROZ
7103,60626,967.088,380.494390396955,208.34562335449692,1.8262653386750034,0.8367627855186894,62564,277.83344046229206,0.6297104158876563,0.969023719711016,0.8145857159968842,0.7301906348013153,0.0062760926070820275,0.0011005610535955869,0.5331783631515478,0.9737251639551452,HOROZ
7104,60627,997.1439999999999,423.87073637494746,183.17856663812415,2.3139756149108828,0.9017985424447894,61352,277.8357318248657,0.655824066461858,0.9881829443212935,0.7662318174272486,0.6554727844648796,0.006991451603657569,0.0007960966119051951,0.42964457117414256,0.9941870607758091,HOROZ
7105,60629,966.3299999999999,398.2477692413705,194.99588278267348,2.0423393743406626,0.8719277317120664,61259,277.8403144933222,0.6130085739707191,0.9897157968625019,0.8159045293972462,0.697656926045274,0.006568601976634458,0.0009598875299473285,0.4867251864589409,0.9940580127883959,HOROZ
7106,60635,994.351,413.4137549948384,188.05270186902118,2.1983930615513376,0.890553911660319,61424,277.85406204519774,0.6445046768707483,0.9871548580359468,0.7706440262336355,0.6720968005737178,0.006818071328355544,0.0008581606866513209,0.45171410934142775,0.993045163781037,HOROZ
7107,60658,987.242,410.53860645827126,190.22011182486767,2.1582292351728136,0.8861791239672705,61495,277.9067546939899,0.7387407136767751,0.9863891373282381,0.7820791438246112,0.6769320846375442,0.006768086756211403,0.0008766496734268646,0.45823704721173136,0.9889805919316235,HOROZ
7108,60663,981.238,398.67077272006776,194.20512468103584,2.052833432561824,0.8733285868862096,61291,277.91820829565876,0.7816389640510244,0.989753797458028,0.7917444554666603,0.697112071696319,0.006571893455979225,0.0009573719306366521,0.48596524050473383,0.9976056927710649,HOROZ
7109,60670,989.2839999999999,402.39943291667976,192.55972878061579,2.0897382618103673,0.8780718429296207,61470,277.934242545035,0.6167342665162189,0.9869855213925492,0.7790079479621872,0.6906924309771173,0.006632593257238829,0.0009311119809233482,0.47705603420907994,0.9969222477142297,HOROZ
7110,60707,977.3639999999999,404.6984958422889,192.12335637171225,2.1064513106844496,0.8801303640318576,61462,278.018979643904,0.6616566757493187,0.9877159871139891,0.7986122342324901,0.6869780404428488,0.0066664222551318444,0.0009158914416410568,0.47193882805069653,0.9941161629102727,HOROZ
7111,60716,1000.3469999999999,406.1436422316183,194.04177944835803,2.0930731690167206,0.8784869276486419,62504,278.0395874657782,0.6151570415400203,0.9713938307948291,0.7624505257506554,0.684584365122761,0.006689235823038709,0.0009062837119060297,0.4686557529705339,0.9809307820479527,HOROZ
7112,60716,984.188,404.26308768818444,192.45203653819027,2.1005913731027848,0.8794147423366198,61532,278.0395874657782,0.819290764829708,0.9867386075537932,0.787692817438621,0.6877689206199188,0.006658262858030576,0.0009189902125689333,0.47302608817068825,0.9936345200639051,HOROZ
7114,60721,968.072,394.1581113983306,197.40512727150477,1.9966964224602841,0.865547257400999,61253,278.05103559574064,0.8108674750280433,0.9913147111161902,0.8142044304838442,0.7054302006098923,0.006491298091242414,0.0009915794329231609,0.49763176793251285,0.9936195707334345,HOROZ
7115,60733,1004.11,409.1103493989392,189.72805642075693,2.156298636674281,0.8859620968726641,61522,278.0785091847276,0.6079440234636984,0.9871753193979389,0.7569584018417169,0.6797151663194972,0.006736211769531214,0.0008869585732364168,0.4620127073247418,0.9962373709305344,HOROZ
7116,60735,976.532,407.3500685486151,190.87639896220577,2.134103905791265,0.8834206724847778,61411,278.0830878523361,0.7512059369202226,0.9889922000944457,0.8003426138751775,0.6826636579273052,0.00670700697371557,0.0008985363574301433,0.4660296698546889,0.9945557386515054,HOROZ
7117,60737,973.285,400.25142440118134,195.0903596787641,2.051620721086555,0.8731679136286682,61432,278.0876664445577,0.6811371537512616,0.9886866779528585,0.8057181381612603,0.69478245295593,0.006589910999904199,0.0009472283296796855,0.48272265693545885,0.9903638055067439,HOROZ
7118,60743,962.318,396.22164874675303,195.91849269493747,2.0223800382320487,0.8691964559282895,61406,278.1014017689375,0.7439618851655889,0.9892030094779012,0.8242688404932556,0.7018834095728256,0.006522918669587492,0.00097652110697374,0.4926403206335748,0.9963059504775779,HOROZ
7119,60756,953.871,381.05453095344654,203.68934621599368,1.8707631892999133,0.8451424173318589,61292,278.13115931144705,0.8128980465614128,0.9912549761795993,0.83911164215227,0.7298985754493662,0.006271883121888316,0.0010980643286656185,0.5327519304430142,0.9966527005012586,HOROZ
7120,60775,988.5849999999998,391.3619510313333,198.55190039845328,1.9710813658592512,0.8617484893737427,61744,278.17464537818597,0.652148253068933,0.9843061674008811,0.781460081767017,0.7107861268708635,0.006439522024374057,0.0010138860933933682,0.5052169181520834,0.99582365308641,HOROZ
7121,60787,1003.9550000000002,398.9224618335349,195.93909909940362,2.0359512913303432,0.8710632356841195,61530,278.2021067602047,0.7173353788057588,0.9879245896310743,0.757865400666237,0.6973839113534168,0.0065626278946737775,0.0009575142342337023,0.48634431981459036,0.9901733459576927,HOROZ
7122,60794,984.1229999999999,396.83437051053545,196.17121286739805,2.022898083312436,0.8692684797991097,61447,278.218124647963,0.7756810207336523,0.9893729555551939,0.7888089316773909,0.7010938197969843,0.006527525257600017,0.0009728208696609034,0.49153254415752623,0.9943202414619452,HOROZ
7124,60818,969.9509999999999,390.20489857435206,199.04322175639342,1.9604028468345387,0.8601155541726261,61464,278.27303612046774,0.6191639688066296,0.9894897826369907,0.812348547057637,0.7131459321427351,0.006415944269366833,0.0010236558738010639,0.5085771205317305,0.9970160349253169,HOROZ
7125,60819,962.7969999999999,398.4126085726687,194.8541278168422,2.0446711241712374,0.8722410577222109,61390,278.27532386334195,0.7936087478469649,0.990698810881251,0.8244791594624764,0.6984601337298936,0.006550791834339083,0.0009617009671647464,0.487846558409981,0.997485771007205,HOROZ
7126,60832,976.0020000000001,404.9057242454205,192.81268474511475,2.099995261103689,0.8793415758241054,61584,278.3050628093737,0.8407551759405147,0.9877890361132762,0.8024916901978725,0.6873329917180624,0.006656130395933399,0.0009163689085127646,0.472426641504102,0.9920937083777455,HOROZ
7127,60833,1000.597,401.3640642194216,194.42761523226332,2.064336713382777,0.874837170655993,61591,278.30735028898204,0.6977461719332454,0.9876930070951925,0.7635380869756166,0.6934037575841226,0.006597801591560857,0.0009408573397026904,0.4808087710317807,0.9925511981573584,HOROZ
7128,60844,974.219,392.36222474950335,198.61165461850578,1.9755246765511048,0.8624192644502221,61674,278.3325113238952,0.6899116689911668,0.9865421409345916,0.8055906762409533,0.7093764225177172,0.00644865927206468,0.0010072938735040944,0.5032149088240347,0.9941134699902949,HOROZ
7129,60867,964.835,380.5760322675701,205.41546509056946,1.85271363137031,0.8418261157568572,61668,278.38511341196954,0.6811741796857513,0.9870110916520723,0.8216477344743575,0.7314835665117408,0.006252584031865709,0.0011042250490970879,0.5350682080767365,0.991328162816655,HOROZ
7130,60868,1018.898,416.2250284383015,187.51075735952247,2.2197394661483623,0.8927747522624186,61982,278.38740023381064,0.7608690217255432,0.9820270401084186,0.7367794029673037,0.6688386839165704,0.006838158448417913,0.000844120518420158,0.44734518510325,0.9929897623651284,HOROZ
7131,60871,952.762,373.94123493317153,209.75904730841125,1.7827180268575553,0.8278556416282115,61626,278.39426058662576,0.6872487919432778,0.9877486775062474,0.842658189121823,0.7444866588098493,0.006143175484765677,0.0011641270014399777,0.5542603851458529,0.9880899801725237,HOROZ
7132,60882,1002.657,399.16649681327016,195.05941058507298,2.0463842047711824,0.8724704972473738,61699,278.4194137673704,0.6826790459851314,0.9867582942997455,0.7610163622858271,0.6975019596837928,0.006556395926764399,0.0009572528390386325,0.4865089837627313,0.9955842998513329,HOROZ
7133,60886,966.574,372.7189755683442,209.2386108716213,1.7813106960312721,0.8275551814350022,61818,278.42855981516175,0.8119865571321881,0.9849234850690737,0.8189494389793788,0.7470200823303863,0.006121587484287754,0.0011759068818807223,0.5580390034048973,0.9940408455677749,HOROZ
7134,60917,998.805,390.6696655710666,199.51176193024136,1.9581284922322675,0.8597639042952168,61842,278.4994315014519,0.6347173743162282,0.9850425277319621,0.7673384418123709,0.71287703153085,0.006413146832100507,0.0010216671628900157,0.5081936620842366,0.9951084892990006,HOROZ
7135,60942,1020.6049999999999,413.970269271175,187.8503173750996,2.2037240876445208,0.8911151150004393,61764,278.55657295287483,0.6783996794015495,0.9866912764717312,0.7352096243337384,0.6728902861630476,0.0067928566386264815,0.000859031812341237,0.4527813372125881,0.997805139251277,HOROZ
7137,60950,993.7239999999998,404.9700226284092,192.33317197720544,2.1055651423271105,0.8800225647965557,61620,278.574855741878,0.732924482924483,0.9891269068484259,0.7756253883504604,0.6878900663654595,0.006644298976676115,0.0009177091904003249,0.47319274340427636,0.996338146114181,HOROZ
7138,60966,988.1750000000001,387.29904673505325,209.45941197517217,1.8490410293950454,0.8411377852707178,63362,278.61141772067407,0.6165031853574678,0.9621855370726934,0.78456664559903,0.719370264578185,0.006352705552850003,0.0010494177788748327,0.5174935775592877,0.9568668573555503,HOROZ
7139,60979,984.0249999999999,403.36300367016156,193.5767817612333,2.083736489470563,0.8773192952452674,61683,278.6411207959182,0.6215877352143687,0.9885868067376749,0.7913669297638842,0.6907949372168225,0.006614785478118067,0.0009291634353517054,0.47719764528439373,0.9943541461685217,HOROZ
7140,60981,984.126,395.8998236577381,200.850247237117,1.9711194240669876,0.8617542562431078,62440,278.6456902187704,0.6828932338910166,0.9766335682254965,0.7912304535572766,0.7038287808374074,0.006492183198992114,0.0009827399630457456,0.49537495273507126,0.9764431915323649,HOROZ
7141,61022,988.485,386.499837157623,202.05379708237197,1.912856094459127,0.8524685693207442,62009,278.73934687953385,0.6554316770853472,0.9840829556999791,0.7847948325762522,0.721188782198265,0.006333778590633264,0.001056911179647556,0.5201132595686164,0.9949018183748298,HOROZ
7142,61045,994.105,402.45374691189187,193.63392481897586,2.0784258093623684,0.876647413007426,61812,278.79187220641495,0.7653201945739933,0.9875914061994435,0.7762389765874402,0.6927302189273693,0.006592738912472633,0.0009364879051156239,0.479875156215161,0.9973849099493892,HOROZ
7143,61076,982.932,417.4746289351526,187.2771102853836,2.229181282747159,0.8937350591438694,61597,278.8626515585133,0.8240707009377319,0.9915417958666818,0.7943895131938618,0.6679750869407437,0.006835330226851015,0.0008394219557072236,0.4461907167734941,0.9946399943670121,HOROZ
7145,61083,971.338,398.61083236998934,198.3840060161931,2.0092891578036425,0.867355872742521,61675,278.87863150671467,0.7912305699481865,0.9904012971220105,0.8135597687357892,0.6996263243740962,0.006525724544799524,0.0009644352353309475,0.48947699375720816,0.9835008165506793,HOROZ
7146,61089,986.967,379.33609229540326,210.1829062061289,1.804790404427008,0.8324627857712752,63250,278.89232787641606,0.8124617635323846,0.9658339920948616,0.7880751187850996,0.7352116857344334,0.006209564607300877,0.0011191557178221116,0.5405362228404673,0.9755545882276943,HOROZ
7147,61096,1005.146,406.94260112510256,192.7526844444984,2.111216257754783,0.880707453005901,61915,278.90830612432376,0.5947819314641745,0.9867721876766534,0.7599138224759003,0.6853750513050404,0.0066607077570561505,0.0009065949747886622,0.46973896095138684,0.9917205312614072,HOROZ
7148,61112,1008.1049999999999,388.6753854929749,201.08203797878895,1.932919466103552,0.8557726188308851,62139,278.9448243969679,0.6536112685697173,0.9834725373758831,0.755657197910706,0.7176807042801779,0.0063600501618826894,0.001040795445512666,0.5150655932960924,0.9955803116021921,HOROZ
7149,61120,1000.6560000000001,383.7451920232326,205.15431474877744,1.8705197231320696,0.8450984076359259,62187,278.96308174060084,0.669199522625995,0.9828420731020953,0.7670498724278333,0.7269487345751864,0.006278553534411528,0.0010815696797551084,0.5284544627004647,0.9884844952583798,HOROZ
7150,61150,988.821,411.7081065184647,190.1822093315424,2.1648087271966583,0.886914002676599,61889,279.03153613983346,0.6080221135107187,0.9880592673980837,0.7859066491434469,0.6777411756581946,0.006732757261135973,0.0008762503539391706,0.4593331011825517,0.9943683061302937,HOROZ
7151,61155,1007.344,416.6326354160165,187.9817959722495,2.216345648051587,0.8924263168371582,61954,279.04294357370674,0.6044477390659748,0.9871033347322207,0.757331858394128,0.6697577670435645,0.006812732162799714,0.0008456138996273968,0.44857546651518154,0.9941982830336331,HOROZ
7152,61170,983.0609999999999,391.19008941963176,199.44059679659216,1.9614366167315642,0.8602749391751314,61975,279.07716307761535,0.6489772534374469,0.9870108914885034,0.7954033399735537,0.7134055044483699,0.006395129792702825,0.001021821295727488,0.5089474137772332,0.9982680933734955,HOROZ
7153,61178,977.2979999999999,398.86097635258005,196.58203038783424,2.0289798389286764,0.8701094641009764,62010,279.09541176416315,0.6667175239755885,0.9865828092243186,0.8049170357472992,0.6997310549564817,0.0065196798906891375,0.0009641189766663714,0.4896235492705108,0.993436310134568,HOROZ
7154,61226,1008.3780000000002,408.2274671680919,199.3850822154176,2.0474323486600614,0.872610565660102,63901,279.2048788362321,0.6116483516483516,0.9581383702915447,0.7566569529113621,0.6839443724183963,0.006667550830825007,0.0008999724601249677,0.4677799045627942,0.9577477086549809,HOROZ
7155,61238,994.628,408.3958838618558,192.99870072549146,2.116055094291702,0.881289122961921,62108,279.23223889889914,0.7397323154232702,0.9859921427191344,0.7778744384495806,0.683729317392808,0.006668994478295434,0.000899035683543808,0.4674857794624352,0.9892256651404131,HOROZ
7156,61250,972.3899999999999,396.1376013292868,197.38561501937937,2.0069223448243374,0.8670188248852742,61729,279.25959628100287,0.6192623448052735,0.9922402760452947,0.8140198384354242,0.7049560439198757,0.006467552674763866,0.000985298656087388,0.4969630238591616,0.9973661971344217,HOROZ
7157,61251,987.7620000000001,410.285780967194,190.54978471381224,2.1531684309347527,0.8856088615923491,62008,279.2618759418719,0.7891339637712902,0.9877918978196362,0.7888935740989053,0.6806520939710591,0.006698434000541934,0.0008868573814651878,0.4632872730271875,0.9975355307359896,HOROZ
7158,61261,1006.3860000000001,423.66616756334787,185.46723651016842,2.2843181121109764,0.8990882625026492,62120,279.284671527137,0.6288597355670527,0.9861719253058596,0.7600895690210464,0.659209285304514,0.00691575664065797,0.000805587519166957,0.4345568818316881,0.9926661559105942,HOROZ
7159,61277,998.285,421.50928179268226,185.64378143248422,2.270527342958583,0.8977887599392076,61794,279.3211405940062,0.668743861180836,0.9916334919247823,0.7726775033542022,0.6626690150358047,0.006878751926378286,0.0008182312606578168,0.4391302234885235,0.9970571795502059,HOROZ
7160,61329,971.399,399.06310712286756,196.59933884071893,2.0298293446763873,0.8702262680166746,61884,279.4396321910383,0.7122003901895206,0.9910316075237541,0.8167336388524552,0.7002392032822057,0.006506923431376144,0.0009650307329241245,0.4903349418132984,0.9952962536128221,HOROZ
7161,61331,981.5740000000001,405.64776027913325,193.45604570592351,2.096847161322457,0.8789540424789588,61973,279.4441885567711,0.6761217065373167,0.9896406499604666,0.7999149570388288,0.6888838443591572,0.006614073800836987,0.0009188249901688965,0.47456095101905155,0.9950817830187839,HOROZ
7162,61336,986.3539999999999,381.65186475852846,206.70061979980431,1.8463992276760932,0.840639757524073,62384,279.45557914608884,0.6477079527334552,0.9832008207232624,0.7922453412229155,0.7322264213824834,0.006222314216097047,0.0011033499614330382,0.5361555321705984,0.9899571605140574,HOROZ
7163,61345,991.978,404.28590001627623,195.1791262153036,2.071358284339819,0.8757444246930216,62568,279.476081036962,0.6449561057667035,0.9804532668456719,0.7834025011697082,0.6912832750924791,0.006590364333136788,0.0009283535141621626,0.47787256642258424,0.9898452993181504,HOROZ
7164,61349,997.8839999999999,408.17750149084014,192.864875882865,2.116391072362723,0.8813293481677192,62060,279.48519250571667,0.8329124579124579,0.988543345149855,0.7742072494209764,0.6847148397080102,0.0066533684573642626,0.0009021116660145466,0.4688344117163659,0.9922369633729462,HOROZ
7165,61429,995.3240000000001,393.34683825272754,201.18841414657325,1.955116749248591,0.8592961302045315,62735,279.66735954261145,0.7367707733640376,0.9791822746473261,0.7792097122972147,0.7109942990387623,0.006403275948700574,0.0010093608473076268,0.5055128932656211,0.9883367245847311,HOROZ
7166,61438,980.6859999999999,403.37781515241517,194.91177410998725,2.069540524138845,0.8755105283074057,62149,279.6878459093976,0.7097571682724522,0.9885597515647878,0.8027623260257998,0.6933644722224457,0.006565607851043575,0.0009360542976847967,0.4807542913403106,0.9949404880824254,HOROZ
7167,61455,983.084,400.6368458056837,196.1342439779406,2.042666480264118,0.8719717576783356,62113,279.7265382864118,0.6079356600189934,0.9894064044563939,0.7990718496698712,0.6982047238413123,0.006519190396317366,0.0009556625312608536,0.4874898363943232,0.9957791482721231,HOROZ
7168,61475,1002.253,424.3199905155987,185.49143867519817,2.287544878330463,0.8993886649216144,62524,279.7720518790148,0.7128197398019527,0.9832224425820485,0.7690483977409212,0.6593421430346914,0.0069023178611728134,0.0008046704618400652,0.43473206158157945,0.9944691009169853,HOROZ
7169,61491,1006.5369999999999,399.58507894436764,198.5651117627912,2.0123629745275586,0.8677916339370506,62785,279.80845742276966,0.7510993306297943,0.9793899816835231,0.7627143751151849,0.7002475121492865,0.006498269323061385,0.0009637930000286441,0.490346578271265,0.9867552987993733,HOROZ
7170,61493,992.5279999999999,400.40854183308846,198.3503204440856,2.0186936977798453,0.8686821679396969,62537,279.8130077826965,0.6062604752045746,0.9833058829173129,0.7844224422457718,0.6988187776956502,0.006511449137838266,0.0009578900899672555,0.48834768406004253,0.9858243921373909,HOROZ
7171,61505,982.866,395.76151429275956,203.37049229676475,1.946012471245099,0.8578672770738452,63731,279.84030838843813,0.6534742881427964,0.9650719430104658,0.8000767738177544,0.7070932829042842,0.006434623433749444,0.000992224041090951,0.49998091072835826,0.9729690876618676,HOROZ
7173,61542,965.557,394.9918920328636,199.63376900826373,1.978582551414501,0.8628779667932758,62150,279.92446849479126,0.8135310913705583,0.9902172164119066,0.8295176602989284,0.708684087296408,0.006418249196205252,0.000998635643525222,0.5022331355871429,0.9937097188149141,HOROZ
7174,61546,990.7210000000001,397.23420869270774,199.23402190367733,1.9938071063222151,0.8651269015521736,62484,279.93356536912523,0.646450853937777,0.9849881569681839,0.7879650577060767,0.7047065918375527,0.00645426524376414,0.0009818833768442587,0.4966113805792992,0.990147299679493,HOROZ
7175,61552,995.654,421.99657245453636,186.08009682116761,2.2678221887432506,0.897530844866614,62124,279.9472101263714,0.737768188900875,0.9907926083317237,0.7802524612614234,0.6633874026465734,0.006855935996466993,0.0008190593989258919,0.4400828459901669,0.9980296430217792,HOROZ
7176,61570,996.083,394.05134659311955,200.97372452581476,1.9607107721313304,0.8601630590593105,62653,279.9881404083822,0.7044622425629291,0.9827143153560085,0.7798084939525546,0.7105371998575757,0.006400054354281624,0.001006261150126037,0.5048631123814445,0.9898905428980487,HOROZ
7177,61579,999.165,404.09999286079704,196.084821148869,2.060842805134832,0.8743819108205809,62503,280.00860330576734,0.7816577811627317,0.9852167095979393,0.7751184434301953,0.6929190998580981,0.006562301967566817,0.0009331814639134798,0.4801368789481569,0.989486632460203,HOROZ
7178,61615,984.81,403.49731118073925,196.30740946457738,2.055435973004107,0.8736723410256177,62494,280.0904399454881,0.8143669045730901,0.9859346497263737,0.7983464842407522,0.6941568932042441,0.00654868637800437,0.0009379172378032532,0.4818537923829683,0.9904196185924055,HOROZ
7179,61626,991.1679999999999,409.17273146350533,192.9183116938272,2.120963675614613,0.8818747259748596,62251,280.11544081654824,0.8190590111642744,0.98996000064256,0.7882778056408124,0.6845897081524654,0.006639612038157682,0.0008995885721466853,0.4686630685082778,0.9940173444081402,HOROZ
7181,61633,987.1030000000001,392.2639435989008,208.97025728026844,1.8771281076273025,0.8462860873057296,64619,280.13134930004225,0.7736813035073185,0.9537906807595289,0.7948738835810052,0.7141399403930002,0.006364511602532747,0.0010211231849703638,0.509995854464518,0.9573275531887498,HOROZ
7182,61639,982.1299999999999,406.98572795582845,193.9209520430464,2.098719729188861,0.8791847876430235,62213,280.1449844240134,0.8044661385259916,0.9907736325205343,0.8030220933281172,0.6883410527221694,0.006602730867727063,0.0009143617390254454,0.4738134048626643,0.9944015407394229,HOROZ
7183,61658,1044.245,401.537999126158,197.31966710106568,2.034961871897408,0.8709285321915996,62813,280.1881579390547,0.7883949007122124,0.9816120866699568,0.710549745912962,0.6977874038043986,0.006512342260958156,0.0009523782787539875,0.48690726090808295,0.990837711097952,HOROZ
7184,61671,977.631,397.70222255025004,200.6870021387351,1.9817039385306985,0.8633437585140397,62653,280.2176938798873,0.8030078125,0.9843263690485691,0.8108507561412949,0.7045917221256703,0.0064487720735880725,0.0009804082034149924,0.4964494948880178,0.983815919301161,HOROZ
7185,61678,995.7909999999997,402.5053174102346,196.8881926309109,2.0443344622741098,0.8721958923528655,62407,280.2335965586128,0.6080124603221545,0.9883186181037383,0.7816345592839872,0.6962233402571373,0.006525913898152253,0.0009458350774017764,0.4847269395188056,0.9909439872509521,HOROZ
7186,61684,984.8779999999999,412.11564822081493,191.47327950587552,2.152340260136239,0.8855151231887926,62303,280.2472267078548,0.784723812431621,0.9900646838836011,0.7991301564314203,0.6800208337580427,0.006681078532858034,0.0008812826352638057,0.4624283343449836,0.9953031214384498,HOROZ
7187,61704,969.4039999999999,395.6012988605387,199.79967800665017,1.9799896716919205,0.8630882493769786,62388,280.2926557516955,0.6509272738780936,0.9890363531448355,0.8251132620396289,0.7085230927174156,0.006411274777332728,0.0009966443105180957,0.5020049729138515,0.9939646615074084,HOROZ
7188,61736,1006.7560000000001,408.99430818785584,193.59604943532725,2.1126170155888673,0.8808762868637506,62339,280.36532691074694,0.8274161339176819,0.9903270825646866,0.7654201625292392,0.6854993365383752,0.006624891605997406,0.0009023742519655598,0.4699093403945527,0.992738468301673,HOROZ
7189,61761,986.2949999999998,413.1635320220012,191.16463500556463,2.1612968947419295,0.8865226689282157,62314,280.4220881499679,0.7047446254963714,0.9911255897551112,0.7978302896633471,0.6787193602920291,0.006689715710917913,0.0008756859363791092,0.46065997003522113,0.9956229627690338,HOROZ
7190,61774,977.266,402.31491174967783,195.89702244953045,2.0537061090518995,0.873444014282663,62439,280.4515994542908,0.6457460042022517,0.9893496052146895,0.812811816612236,0.6970947167595642,0.006512689994976492,0.000948652889654329,0.4859410441340971,0.997980090977254,HOROZ
7191,61776,980.5909999999999,392.58411768323737,201.12446493621715,1.9519461136055132,0.8588010586561481,62402,280.45613937933217,0.6361838853188334,0.9899682702477485,0.8073351149334671,0.7143848330757552,0.006354961759959165,0.0010209902778953394,0.5103456897286748,0.9961672856612118,HOROZ
7192,61804,1010.042,407.50270471522305,193.86113982138932,2.1020339872687677,0.8795915254832596,62593,280.51969061513665,0.7299225245653818,0.987394756602176,0.7612855412622547,0.6883873097509218,0.00659346813661289,0.0009133244772669969,0.4738770882261115,0.9961057452392468,HOROZ
7193,61811,978.9040000000001,389.93349020040625,202.71549749772439,1.923550468581138,0.8542441801971978,62553,280.5355761746184,0.811657956246553,0.9881380589260307,0.8105791483411212,0.7194446828110025,0.006308480532597859,0.0010425434372171624,0.517600651625024,0.9956309759712173,HOROZ
7194,61911,985.026,408.7900345900623,194.11733680244114,2.1058914228052688,0.8800622730237759,62612,280.7624146036977,0.7877118428418749,0.9888040631188909,0.8018299887464558,0.6868132558203097,0.006602865962269424,0.0009062894377389165,0.47171244837049425,0.9933751990538969,HOROZ
7196,61950,974.6929999999999,388.5474201976869,205.47624339623962,1.890960306532437,0.8487266316202119,62716,280.85083193101514,0.6515017667844523,0.9877862108552842,0.8194368317557181,0.7228225367913204,0.0062719518998819515,0.0010561101619057701,0.5224724196934397,0.9879746068982508,HOROZ
7197,62019,986.35,404.89987867047785,196.79163168398418,2.0575055717850956,0.8739446754152543,62821,281.0071944362458,0.7704606440071556,0.9872335683927349,0.8010737956817575,0.6940164945441726,0.0065286424913410055,0.0009342902559593219,0.4816588946993815,0.991015859543828,HOROZ
7198,62063,1019.28,412.32500955444937,194.78428274436314,2.116828954292934,0.8813817423845013,63525,281.10685844514427,0.7091617532794003,0.9769854388036207,0.7506813447182684,0.6817603878767942,0.006643652571652182,0.0008853474311986335,0.464797226477917,0.983896226883505,HOROZ
7199,62077,1010.414,392.3739397452724,209.50708060545463,1.8728433359452614,0.8455176384945271,65406,281.13856231140664,0.7716988637776286,0.9491025288199859,0.764085352776768,0.7165067142173628,0.0063207619528210515,0.0010276145741839658,0.5133818715185618,0.9614838168686448,HOROZ
7200,62148,999.9199999999998,409.5764599590397,193.77294696545812,2.1136926819410484,0.881005687632162,62868,281.2992911939184,0.7384154745496887,0.9885474327161672,0.7810997719056604,0.6868053188946702,0.006590340155098148,0.0009045283705657522,0.4717015460620097,0.9970321059715482,HOROZ
7201,62157,985.188,409.62364760416256,193.84482022803877,2.113152402639812,0.8809407200598331,62633,281.31965871958454,0.5939399151473455,0.9924001724330624,0.8047512918602799,0.686775923130874,0.006590145077853863,0.0009043467527446869,0.47166116859226404,0.9966919316426441,HOROZ
7202,62194,980.312,391.04999282881755,203.69215204725324,1.9198088335681207,0.8536267409644378,62707,281.40337639278374,0.6363208512379783,0.9918190951568405,0.813260568222343,0.7196097213994025,0.006287583896015975,0.0010400438314664621,0.5178381511325256,0.9941502569028063,HOROZ
7203,62200,998.4549999999998,405.36609479743254,196.4500438894456,2.0634563717662324,0.8747227014452852,63066,281.41694988491207,0.7912982634692449,0.986268353788095,0.7840490923637601,0.6942291264530653,0.006517139787740073,0.0009337876407139092,0.48195408001578627,0.9944912173073069,HOROZ
7204,62236,992.987,412.9228673130461,193.36530043539724,2.1354548431558036,0.8835778426527474,62840,281.4983770932571,0.8317652090238427,0.9903882877148313,0.793166586443616,0.6817214530282888,0.006634791235186164,0.0008839645912640377,0.46474413951900156,0.9924401235641284,HOROZ
7205,62260,978.0689999999998,379.9616252957022,210.06523569049347,1.8087791825560855,0.8332747652949332,62976,281.552648815832,0.8186181053185195,0.9886305894308943,0.8178619283112619,0.7410028541611691,0.006102820836744334,0.0011349844362753012,0.5490852298749989,0.9931739332469207,HOROZ
7206,62277,983.008,393.46486607853296,202.15603157142579,1.9463424515212346,0.857919457468762,63069,281.59108495737524,0.7662975267626431,0.9874423250725396,0.8098851635740041,0.7156702141257297,0.006317980411364275,0.0010223740263058242,0.5121838553867678,0.9968851807230791,HOROZ
7207,62278,995.7539999999998,404.3694213499868,197.1457638898828,2.051118996276533,0.8731013476277921,63026,281.5933457434967,0.7042632590749746,0.9881318820804113,0.7892969086170915,0.6963764589404353,0.00649297378448227,0.0009418890271667181,0.4849401725664199,0.9946700000086038,HOROZ
7209,62289,1021.13,420.29571474470026,189.38528230472727,2.2192628150926237,0.8927259202717216,63078,281.6182131929832,0.5791147184336038,0.9874916769713687,0.7506874432438068,0.6700477861499164,0.006747511033163163,0.0008389700792063565,0.4489640357244042,0.9963691897970866,HOROZ
7210,62321,965.024,382.5364270808096,208.08152508111576,1.8383968828164183,0.8391162143625217,62943,281.69054238195514,0.6995442708333334,0.9901180433090256,0.8409458830677757,0.7363757342838593,0.00613816253078111,0.0011133097737789789,0.5422492220420929,0.9968692795118115,HOROZ
7211,62324,976.5509999999998,388.7051318388023,206.3380524203017,1.883826697399599,0.847475573698125,63156,281.69732229127465,0.7140287563728017,0.9868262714548103,0.8212498906907176,0.7247069802209243,0.006236845065124227,0.0010611932911318614,0.5252002071809312,0.989386171767239,HOROZ
7212,62333,973.114,390.89461666170064,203.624667710422,1.9196820358602051,0.8536057458714321,63101,281.71766104022817,0.6776799304196565,0.9878290359899209,0.8271808127295026,0.7206997718365624,0.006271070166070951,0.0010436117521528535,0.5194081611252731,0.9970985161913697,HOROZ
7213,62336,993.784,413.45902428268624,193.76001513773915,2.133871758777313,0.883393631258825,62932,281.7244402969169,0.6131872239545934,0.9905294603699231,0.7931672874158786,0.6813841850124885,0.006632748721167323,0.0008819450044513295,0.4642844075851334,0.9907233853865713,HOROZ
7214,62338,1029.433,412.72134659245756,193.85933100379938,2.128973335745024,0.8828207886183179,63076,281.72895971074854,0.5885385196374623,0.9882998287779822,0.7392078265966242,0.6826130076304057,0.006620702406115973,0.0008867109448558747,0.4659605181862283,0.9920175187284145,HOROZ
7215,62386,1009.0940000000002,417.0210436500829,192.34630030272677,2.168074160998932,0.8872760208516649,63031,281.8374039013414,0.5854542042042042,0.9897669400771049,0.7698990027934374,0.6758349685053966,0.006684529279807696,0.0008602273144356043,0.45675290465469054,0.9902741705430431,HOROZ
7216,62442,979.8569999999999,398.0385809320612,200.8269664929628,1.9819976763230596,0.8633874656360915,63257,281.9638694094565,0.8025964010282777,0.9871160503975844,0.8172619318657744,0.7083832646302776,0.006374532861408366,0.0009901506962960674,0.50180684960825,0.9945800098865462,HOROZ
7217,62444,994.226,408.4175499324014,198.2154802745138,2.0604725189312827,0.8743335124379669,63676,281.96838498569747,0.6494165609335025,0.9806520510082292,0.7938351896817689,0.6903924305710345,0.006540541123765316,0.0009165950931169261,0.47664170818978074,0.9821071411015069,HOROZ
7218,62459,993.163,381.28073771919077,210.14108786997213,1.814403558979926,0.8344092847892879,63358,282.002249502754,0.6351655056693954,0.9858107894819912,0.7957265106156372,0.739618400839451,0.0061044963531146955,0.0011268352669489903,0.5470353788603068,0.9925429382920727,HOROZ
7219,62465,1007.548,412.7533853753079,193.50134729290045,2.1330775787856844,0.8833010495924465,63328,282.01579417096826,0.7041959776334776,0.986372536634664,0.7732414343863836,0.6832549511726894,0.006607754508529703,0.0008883105341955411,0.4668373283019942,0.9958002379411954,HOROZ
7220,62476,1020.502,419.00120921648755,191.02210140908883,2.1934697928967055,0.89003167729656,63421,282.0406243732878,0.799498361998362,0.9850995726967409,0.7538680885167645,0.6731260391842077,0.006706594679820852,0.0008493122482915325,0.45309866462781956,0.993858234062957,HOROZ
7221,62502,997.5589999999999,420.2142537119721,190.4515109479766,2.20641071115869,0.8913962657285869,63241,282.09930525443895,0.6913938053097345,0.9883145427807909,0.7892718182944577,0.6713225521564496,0.006723212916578223,0.0008423286560213584,0.45067396903384915,0.9943718725166846,HOROZ
7222,62517,1011.3700000000001,404.4650896908705,198.30901311291066,2.0395698780497753,0.8715540397787666,63535,282.1331540571015,0.6267368421052631,0.9839773353269852,0.7680471096745013,0.6975463674077128,0.006469681681636523,0.0009448328871973357,0.4865709346836959,0.992395421915391,HOROZ
7223,62547,971.5060000000001,390.44999189951375,204.79498847451285,1.9065407547709892,0.8514041872332196,63159,282.20083948236265,0.7663195295270767,0.9903101695720324,0.8327705794737541,0.7227579596287709,0.006242505506251519,0.001050776205093214,0.522379068206744,0.9959369829754517,HOROZ
7224,62555,975.486,392.8875998691262,203.56286618319243,1.9300553545731403,0.8553080241048909,63275,282.2188861874912,0.6876291606208503,0.9886210983800869,0.8260946522120545,0.7183196575343697,0.006280674604254275,0.0010314710952838667,0.5159831304002942,0.9958760036984987,HOROZ
7225,62577,1010.19,421.9534733933031,190.21848348428122,2.218256952028384,0.8926227594151435,63246,282.2685086772739,0.7825255102040817,0.9894222559529456,0.7705813126252161,0.6689564761899027,0.006742948262034024,0.000832954042347865,0.447502767036412,0.9926761240304591,HOROZ
7226,62582,996.6379999999998,416.11014765883976,192.28685193211962,2.164007281193274,0.8868248781547271,63183,282.27978529929476,0.6244212962962963,0.990487947707453,0.7917433388887176,0.6783775567298354,0.006649038823604867,0.0008686093843605267,0.4601961094747411,0.9958677316801566,HOROZ
7227,62583,987.8199999999999,399.2316893210775,200.62212272460238,1.9899684237172093,0.8645652724621113,63322,282.2820405696414,0.8105346319224991,0.9883294905404125,0.8059546624266922,0.7070632119651687,0.006379235404520038,0.000983515839185475,0.49993838571450117,0.994861601376012,HOROZ
7228,62597,979.535,393.49066909774615,203.49693685941673,1.9336441873303682,0.8558898106739407,63249,282.31361246278396,0.6404833527738556,0.989691536625085,0.8198293591809616,0.7174594841349466,0.006286094686610319,0.0010274251793908427,0.5147481113751838,0.9953396934999094,HOROZ
7229,62622,1022.7879999999999,396.59438036473165,202.2522361574867,1.9608899654188128,0.860190692428285,63701,282.3699820632593,0.6947655712605676,0.9830614904004646,0.7522558087397174,0.7119868461161127,0.006333147781366479,0.0010038926293395348,0.5069252690423691,0.9940246732824136,HOROZ
7230,62694,998.1030000000001,402.7630036312617,199.56489445217156,2.0182056805977435,0.8686138495674186,63546,282.53226367554254,0.6993039753714362,0.9865923897648947,0.7908336161352826,0.701485144187193,0.006424267132919605,0.0009595713365431144,0.49208140751532686,0.9931214919639657,HOROZ
7231,62741,992.4099999999999,392.392145098233,204.63502738095838,1.9175218931006224,0.8532473508849008,63537,282.6381472417141,0.6396138319128981,0.987471866786282,0.8005326268271253,0.7202951200028668,0.006254158287216222,0.0010384617894631304,0.5188250598999443,0.9948584110473851,HOROZ
7232,62761,983.5899999999999,398.5037819379327,201.5787916941628,1.9769132386830968,0.8626278524287034,63509,282.6831920491976,0.6944508990318119,0.9882221417436898,0.8152137748498448,0.709361378390195,0.006349544811872543,0.000991727857591736,0.5031935651516375,0.9947700205684176,HOROZ
7233,62764,1003.7669999999999,409.20708170119997,198.33019928412355,2.0632615868800634,0.8746973520983004,64158,282.68994815125234,0.7039953339165937,0.9782723900370959,0.7828069097254872,0.690823694878454,0.0065197737827608175,0.0009159698755961452,0.4772373774055193,0.9846655486241916,HOROZ
7235,62770,998.8340000000001,394.33658764280904,204.00830082004543,1.9329438363914961,0.8557765620579005,63538,282.70345987098597,0.6292353342154858,0.9879127451288993,0.7906337664959127,0.7169090283021351,0.006282246099136675,0.0010236486232821024,0.5139585548611115,0.9934530207794661,HOROZ
7236,62816,1005.6339999999999,413.0849866668279,194.31311902318598,2.1258728630542825,0.8824559641536118,63566,282.8070282756141,0.6254082039028276,0.9882012396564201,0.7805491327277825,0.684621899618228,0.0065761109696069135,0.000891152530542792,0.46870714543687103,0.9964118012038808,HOROZ
7237,62837,1005.3499999999999,405.7787357299593,198.24000603852642,2.046906393107652,0.8725403094450029,63569,282.85429689598743,0.6313499718672132,0.9884849533577688,0.7812512802312448,0.6970653511134783,0.006457640175851159,0.0009404757210161125,0.485900103722957,0.994592028722192,HOROZ
7238,62855,1004.759,413.87930599344105,194.2993059140165,2.1301121177272533,0.8829543485453515,63781,282.89480657009,0.5983398223686089,0.9854815697464763,0.7823946727325553,0.6835200563870985,0.006584667981758667,0.0008865815600531463,0.46719966748342234,0.9951876731045811,HOROZ
7239,62877,977.5339999999999,391.1334647751738,205.39936201720323,1.90425842093129,0.8510165867000863,63528,282.9443105176579,0.7308644558356872,0.989752550056668,0.8268713281844198,0.7233958124250408,0.0062206127005928055,0.0010507923129658642,0.5233015014340847,0.9965012907918434,HOROZ
7240,62887,1010.7449999999999,417.6604032990244,192.43173331431822,2.170434138411139,0.8875365487837837,63619,282.96680944902386,0.7273200407105848,0.988494003363775,0.7735484818900724,0.6775045161425884,0.006641442639957772,0.000863159325257705,0.4590123693936029,0.9962561164848601,HOROZ
7241,62900,1005.01,418.6912316787987,192.7222027633632,2.1725116549902395,0.8877651293424673,63824,282.9960553856568,0.6517324270557029,0.9855226873903233,0.7825637801370806,0.6759063337699863,0.006656458373271839,0.0008569767661559328,0.45684937203038417,0.9925105853109816,HOROZ
7242,62905,1004.3499999999999,402.5876560936393,199.85484981926487,2.014400233257848,0.8680792285214135,63753,283.0073030180766,0.6230994007230944,0.9866986651608551,0.7836549170081261,0.7029706418824002,0.006399930944974792,0.0009640594202371136,0.4941677233485537,0.9954515771818261,HOROZ
7243,63052,1008.0739999999998,392.32281148765094,205.82576448902546,1.9060918464780896,0.8513280746631381,64165,283.3377838810798,0.6805470107610444,0.9826540949115562,0.779693481822583,0.7222057336066944,0.006222210421360955,0.001044162722674178,0.5215811216543835,0.994181523262317,HOROZ
7244,63083,993.173,384.43761863205617,210.90114173021877,1.8228332738180355,0.8360872278416065,63902,283.40742792052623,0.7529960847975554,0.9871834997339677,0.8036600752006847,0.7372000402275263,0.006094155614540465,0.001110285590444686,0.5434638993114663,0.9906440787838355,HOROZ
7245,63096,1010.607,402.1450404507048,202.86564429229597,1.9823220528719987,0.8634357065523803,64321,283.4366283926794,0.7080527875033665,0.980954898089271,0.7763312845837088,0.7048119456478121,0.006373542545497414,0.0009701830363620297,0.4967598787278545,0.9847380625842458,HOROZ
7246,63128,1000.6379999999999,407.6883918503205,198.59106559500512,2.0529039945922647,0.8733379260403465,63792,283.5084936647249,0.7991189538843247,0.9895911713067469,0.7922785741903591,0.6954048712988933,0.006458123049206699,0.0009316161156489578,0.4835879350262303,0.9927596035519728,HOROZ
7247,63137,1006.726,405.32795711177613,199.18685075492064,2.034913226327833,0.8709219037845531,63751,283.52870249049556,0.6047605363984674,0.9903687785289642,0.7828368059513771,0.6995044321907153,0.006419816543576288,0.0009481220846963582,0.48930645065445516,0.9956961681642781,HOROZ
7248,63152,993.9249999999998,403.5471550183363,202.60614516913117,1.9917814174958217,0.8648309776593287,64122,283.56238066625656,0.7547386284867462,0.9848725866317333,0.8033221541042033,0.7026747113441355,0.00639009302980644,0.0009609576297898905,0.4937517499625641,0.9834455604314786,HOROZ
7249,63206,1035.302,416.58020589500234,194.2902382817736,2.1441128982036037,0.8845774369337097,64172,283.68358899402466,0.6926381309312468,0.9849467057283551,0.7410270557659809,0.6809819213194354,0.0065908332420182,0.0008743039005960855,0.46373637716390953,0.9943031476433496,HOROZ
7250,63209,996.5039999999999,411.75732106548134,196.95509138008947,2.090615267573157,0.8781812124584962,63960,283.690321271567,0.8021446700507614,0.9882582864290181,0.799890780220416,0.68897456525479,0.006514219827326509,0.0009054301052556384,0.4746859515680269,0.9923856976506092,HOROZ
7251,63210,1002.819,416.97574106557397,194.95388043778317,2.1388429926566452,0.8839705937685268,64194,283.69256532857827,0.655875486381323,0.9846714646228619,0.7898607746513595,0.6803574821969428,0.006596673644448252,0.0008718733894820615,0.4628863035813633,0.9900411268117355,HOROZ
7252,63213,1009.0839999999998,422.53017394142864,191.1556345002163,2.210398741560247,0.8918115554670022,63758,283.69929739310925,0.7341129744042365,0.9914520530756925,0.7801203837164947,0.6714296750613503,0.006684229097518369,0.0008379791567583115,0.45081780855299036,0.9964871166984783,HOROZ
7253,63216,1017.65,400.12340938769484,202.906541394346,1.971959142559434,0.8618814020310828,64248,283.706029297895,0.7778516057585825,0.9839372431826672,0.7670788394084611,0.7090463158155322,0.0063294642082335935,0.0009868363316640032,0.5027466779715795,0.9913959080174399,HOROZ
7254,63218,1000.6649999999998,416.3419171662069,194.41976375111062,2.141458816394784,0.8842724246371364,64069,283.71051714567704,0.7255095482923246,0.9867174452543351,0.7933652908158078,0.6814363518252659,0.006585812856563113,0.0008759722311742441,0.4643555015889276,0.994398182819031,HOROZ
7255,63218,1017.841,432.09591303630464,186.99651139308475,2.3107164396666056,0.9015061874308773,63820,283.71051714567704,0.788450985283113,0.9905672203071137,0.766815237907043,0.6565915311535004,0.006835013968115167,0.0007836105536344664,0.4311124387824983,0.9961785996394817,HOROZ
7256,63234,1025.276,416.665186174701,194.55738974207603,2.1416055526190623,0.8842893202244424,64172,283.7464173725957,0.6751873918892947,0.9853830330985477,0.7559253960793939,0.6809938213883447,0.006589258724336607,0.0008741561340710506,0.4637525847691007,0.9931751105829485,HOROZ
7257,63300,1005.304,417.17090393805745,193.8576201374052,2.151944832719854,0.8854703241508317,63872,283.8944578214513,0.7648252863563868,0.9910445891783567,0.787079775178185,0.6805231504438877,0.006590377629353199,0.0008718899639817508,0.4631117582900743,0.9965909552241313,HOROZ
7258,63336,990.209,386.02259488742925,212.83078457432762,1.8137535679318857,0.834278789762008,64839,283.97517462860424,0.6328410703223357,0.9768195067783279,0.8117209544015093,0.7356439192669958,0.006094836978770829,0.001101063724315891,0.5411719759545062,0.9815526022522342,HOROZ
7259,63359,982.041,400.0654926428177,202.64535211872703,1.9742149941264135,0.8622220758202599,64039,284.02673169065474,0.8205848831787805,0.9893814706663128,0.8255795722162991,0.709950587875962,0.0063142646292210685,0.0009894982589957941,0.5040298372254239,0.9950632621375275,HOROZ
7260,63366,1006.0580000000001,413.0470189638931,198.1368874039651,2.0846548281631443,0.8774349067806233,64350,284.04242111291813,0.7366426412462218,0.9847086247086247,0.7867198702822578,0.6876757562018574,0.0065184328971987044,0.0008992031438299306,0.4728979456677965,0.9858289856648041,HOROZ
7261,63378,1013.251,419.84659695616637,194.5330664350629,2.15822741423919,0.886178919567461,64232,284.06931524933333,0.6283136710617626,0.9867044463818657,0.7757366531900405,0.6766026384608074,0.006624484788983028,0.0008563802008176046,0.4577911303721261,0.9880173675646696,HOROZ
7262,63408,1005.966,412.55164891901177,196.33770488284614,2.1012349572140487,0.8794936588335601,64200,284.13653945342406,0.798790627362056,0.9876635514018691,0.7873853207396675,0.6887296177289138,0.006506302815402027,0.0009030443362803957,0.4743484863370157,0.9967176213929083,HOROZ
7264,63411,995.926,406.65780197167754,199.74084884806828,2.035927074090886,0.8710599412458735,64068,284.1432609990978,0.6251022761999586,0.9897452706499344,0.8033787228014451,0.6987281680602982,0.006413048240394846,0.0009429252712577187,0.48822105284090034,0.993982459619946,HOROZ
7265,63441,1040.0049999999999,403.3526097642786,200.99484884599386,2.006780830852711,0.8669986305258224,64577,284.21046771282624,0.735240942910785,0.9824085974882698,0.7370704998094819,0.7046203763970198,0.006357916958501263,0.0009667527280109604,0.49648987483387796,0.996346363529088,HOROZ
7266,63456,993.449,385.16680928711645,216.801371074589,1.776588438431058,0.8265409675751889,66109,284.24406511080315,0.6754087193460491,0.9598693067509719,0.8079628690023354,0.7379765292780406,0.006069824906819158,0.0011105193361535279,0.5446093577652625,0.9675466884671292,HOROZ
7267,63470,1010.976,421.4157198933897,193.4167283377085,2.178796650709506,0.8884523102490987,64320,284.275419099754,0.7764484243491877,0.9867848258706468,0.7803630019338663,0.6745724131308399,0.006639604851006612,0.000848078986853652,0.4550479405571647,0.9914569287982088,HOROZ
7268,63580,984.8929999999999,395.1800767029692,206.24965403314042,1.916027828291393,0.8529986687434044,64343,284.52165164405613,0.7871539642450354,0.9881416781934321,0.8236681751608353,0.7199797470000299,0.006215477771358433,0.0010302328650289598,0.518370836090227,0.9932129473235515,HOROZ
7269,63603,990.0749999999998,402.092946371069,202.09475871884655,1.9896258018767283,0.8645149683475831,64260,284.5731096990553,0.6635473068135582,0.9897759103641457,0.8153635181269515,0.7077296736173998,0.006321917934233747,0.0009783589827128325,0.5008812909185912,0.9965663400889528,HOROZ
7270,63628,997.3900000000001,400.784151400296,204.03396643727257,1.964301132789631,0.8607151183506246,64287,284.62903181581623,0.6225831702544031,0.9897490939070107,0.8037631980288747,0.710180357235568,0.006298864515626706,0.0009883633983921005,0.5043561398032391,0.9907073367449081,HOROZ
7271,63650,995.206,406.57797691422087,201.24077917170493,2.0203558075439365,0.8689144380586096,64376,284.67823419150454,0.8097346258555327,0.9887225052814713,0.8075739486066125,0.7001811469280971,0.006387713698573777,0.0009470368026566554,0.49025363851354553,0.9904867857403871,HOROZ
7272,63659,1001.4289999999999,408.0969278203608,201.4096617337077,2.0262033325884987,0.8697265694403293,64480,284.6983599852583,0.6027401151340706,0.9872673697270471,0.7976811852144626,0.697624364647457,0.00641067135550921,0.0009366338215616403,0.486679754149768,0.986112139761611,HOROZ
7273,63701,993.8309999999998,394.52945971833907,206.17384827395537,1.9135766394295772,0.8525892561126028,64465,284.79226155072155,0.6407584368556053,0.988148607771659,0.8104589740456859,0.7218529682271112,0.0061934578690811615,0.001037308500481041,0.5210717077382908,0.9971106473956695,HOROZ
7274,63710,1004.6570000000002,415.47183027692114,198.1362452649641,2.096899684968381,0.8789605239032164,64765,284.81237928692144,0.640765176811361,0.9837103373735814,0.7931984191559025,0.6855154995636833,0.0065212969749948385,0.0008883474407595064,0.4699315001420464,0.9853992146045759,HOROZ
7275,63717,1005.0869999999998,408.4304506943556,199.60620765513102,2.046181105750078,0.8724433286651935,64338,284.82802543269923,0.8085503273945485,0.9903478504149958,0.7926069426596559,0.6973721595646822,0.006410070321803531,0.0009351924214901,0.48632792893590865,0.9951150193872228,HOROZ
7276,63768,1014.8629999999999,422.4549756059439,193.63414379205165,2.1817173734588278,0.8887694538988912,64480,284.94199284884604,0.835797420572507,0.9889578163771712,0.7780326485898327,0.674490796185185,0.006624874162682598,0.0008457879774759677,0.45493783413852507,0.9925457765837506,HOROZ
7277,63882,1004.2059999999999,411.2634034849744,198.76545278739218,2.0690889574501607,0.8754523186131958,64663,285.1965788658266,0.7547049441786284,0.9879219955770688,0.7960543954625267,0.69346452042443,0.00643786048472143,0.0009183713115736136,0.4808930410874847,0.995010481028741,HOROZ
7279,63883,988.3659999999999,394.5898114370565,207.61395909097746,1.9005938385103733,0.8503909480985641,64528,285.1988110710078,0.7708355957767723,0.9900043392015869,0.8217875784191845,0.7227728714848018,0.006176757688853943,0.0010397949429057278,0.5224006237543859,0.9928714067415616,HOROZ
7280,63897,1002.4929999999999,405.7742235015594,201.4543249726404,2.014224433040431,0.8680544494054585,64511,285.2300601092786,0.6114779513091411,0.9904822433383454,0.7989647791516065,0.7029279919457044,0.006350442485587107,0.0009563725495846354,0.49410776186082034,0.9952439264949874,HOROZ
7281,63899,984.9159999999999,398.58483584580256,205.39048979482143,1.9406197251098438,0.8570102822834692,64499,285.23452397813304,0.8283510500388903,0.9906975301942665,0.8277621047894541,0.7156181026627905,0.00623773198087298,0.001009094283195527,0.5121092688586922,0.9938093485587585,HOROZ
7282,63911,998.4239999999999,406.04168081878527,203.45802729585094,1.9957024365932479,0.8654028751125096,64828,285.26130572436387,0.7929601230799772,0.9858548775220584,0.8056667729067167,0.7025419290678062,0.006353236231928546,0.0009546930528099763,0.4935651620983145,0.9850091966171476,HOROZ
7283,63944,991.7649999999999,392.2073851403001,208.16532295265182,1.884114892803301,0.8475264276066001,64716,285.3349425649534,0.8129163488431222,0.9880709561777613,0.81694366348381,0.727510376845361,0.006133607299203992,0.0010598697544602234,0.5292713484176792,0.9972080298878342,HOROZ
7284,63948,996.4970000000001,412.2971781000043,198.8775570053702,2.0731206894746363,0.875970551798773,64641,285.34386695130524,0.7779088863207834,0.9892792500116026,0.8092539710051407,0.6920829976723585,0.0064473819056108765,0.0009124222750899213,0.4789788756671577,0.992981016966884,HOROZ
7286,63965,1027.6019999999999,409.3812775283908,201.01182367580344,2.036602972114966,0.8711518395180234,65081,285.38179247980185,0.6786737400530504,0.9828521381048232,0.7612063219808016,0.6971051392549589,0.00640008250650185,0.0009323059875625536,0.4859555751756756,0.9896985687186188,HOROZ
7287,63970,1006.2789999999999,411.23126713110946,199.4364923042735,2.0619660042140526,0.8745285431136193,64756,285.39294608786037,0.6191444057297716,0.9878621286058434,0.7938700096268877,0.6939962228039214,0.00642850190919352,0.0009198520210573477,0.4816307572661101,0.9931062480665893,HOROZ
7288,63977,974.117,382.7889164379256,214.35426977081332,1.7857769609497487,0.8285058915840037,64772,285.4085604068692,0.8134186034684433,0.9877261779781387,0.8472498296622626,0.7456029894040885,0.005983227041560648,0.001140632674421625,0.5559238178083135,0.9927559458853119,HOROZ
7289,64062,1002.749,404.7691989132694,202.12894402025978,2.002529627190347,0.8663897558274277,64842,285.5980947324824,0.6248488158870118,0.9879707596927917,0.8006189808618598,0.705582577674538,0.006318397785165455,0.0009660022129603847,0.4978467739178454,0.9969529145716199,HOROZ
7290,64075,1015.3609999999999,411.7117854753471,201.43315202342777,2.0439127389887775,0.8721392806536377,65261,285.62707124659164,0.7264739229024944,0.9818268184673848,0.7810116688602506,0.6937549065223315,0.006425466804141195,0.0009181395965302794,0.48129587032380905,0.9837267605775242,HOROZ
7291,64096,987.1050000000001,397.1214378099983,205.96900305746252,1.928064086901498,0.8549836451494909,64721,285.67387325295425,0.7213468983523904,0.9903431652786576,0.8266355683973176,0.7193615001707214,0.006195728872472515,0.0010234365690379534,0.5174809679278709,0.997736469916754,HOROZ
7292,64099,1018.4819999999999,429.13684138395803,190.97775774875893,2.247051418147393,0.895516831504246,64717,285.68055862795285,0.5834501465474868,0.990450731647017,0.7765231405119046,0.665709701610886,0.006694906962416856,0.0008110803003232353,0.4431694068188549,0.9958244440718469,HOROZ
7293,64116,1008.6139999999999,406.6034934833246,201.6629199771313,2.016253129377645,0.8683399581050986,64861,285.7184394648684,0.6192987539843524,0.988513898953146,0.7920020398279084,0.7026954860056709,0.0063416852811049446,0.000953790742986782,0.4937809460527461,0.9955873777059034,HOROZ
7294,64218,1020.904,408.6027191698921,202.4404573625968,2.0183846869997546,0.8686389153632369,65110,285.9456191023088,0.6683596473881956,0.9863001075103671,0.7742778384679837,0.6998133044323086,0.006362744388954687,0.0009413540999507827,0.489738661060467,0.9884810141162099,HOROZ
7295,64227,1019.0889999999999,426.19130648737064,193.51939878709263,2.2023182645180728,0.8909675521940844,64941,285.96565569960546,0.8422108575924468,0.9890054049059916,0.7771471759663476,0.6709795609312352,0.006635703154239971,0.000829667115600177,0.45021357118747324,0.9915135707600798,HOROZ
7296,64235,1005.8749999999999,409.3046357805496,201.68660602047245,2.029409110781519,0.8701685076945231,65018,285.98346482981,0.773990264121843,0.987957181088314,0.7977991399826249,0.6987056579128051,0.006371987791399542,0.0009367673338725085,0.48818959639936593,0.9907364147216261,HOROZ
7297,64351,1030.0829999999999,405.2618149607742,202.86991940905028,1.9976436927725962,0.8656846310989659,65364,286.2415727025906,0.6238463626492943,0.9845021724496665,0.7621153771959859,0.7063127147330579,0.006297677036266324,0.0009668258305765054,0.49887765099358206,0.9965797929725376,HOROZ
7298,64396,1028.089,412.57343781795225,200.66258691856993,2.056055611330163,0.8737539731664283,65250,286.341638122655,0.5969778437007509,0.986911877394636,0.7656095301628458,0.6940379866359769,0.00640681778088627,0.0009169699422058179,0.4816887268937206,0.9903788098443167,HOROZ
7299,64419,1001.501,413.020307828775,199.05283266141592,2.0749280595836215,0.8762017896192744,65218,286.39276916901105,0.6326193913325281,0.9877487810113772,0.8070883310657273,0.6934108656171462,0.00641146723526871,0.0009143232442499036,0.48081862855591995,0.9976640639611931,HOROZ
7300,64436,1025.0859999999998,409.91559678811416,201.13607425522528,2.038001379444071,0.8713416526597927,65318,286.4305558151137,0.7521770597436556,0.9864968308888821,0.770580176487826,0.698754958482758,0.006361592848533648,0.0009355031276879136,0.4882584920042408,0.9950714802299245,HOROZ
7301,64439,1012.1380000000001,421.3469083913487,195.77527800483935,2.1521967057604354,0.8854988626436036,65234,286.43722352932616,0.6714074351921314,0.9878131035962842,0.7904587209991123,0.6798132793305846,0.006538694088849124,0.0008614485755384437,0.4621460947542034,0.9946293027100467,HOROZ
7302,64439,1008.6389999999999,400.83082496869264,205.53771813748062,1.95015702519663,0.8585205126378869,65349,286.43722352932616,0.6787124906522861,0.986074767785276,0.7959524851980627,0.7146087717971757,0.006220314172608089,0.0010006114184275346,0.5106656967294679,0.9958782960039035,HOROZ
7303,64440,1013.402,415.4249883250493,198.42482283587228,2.0936140064928743,0.8785540385931236,65219,286.4394460662391,0.7032631234311907,0.988055627961177,0.7885003340487097,0.6895094279743099,0.006446694418452037,0.0008988302554591918,0.47542325126546,0.9953527778617479,HOROZ
7304,64452,999.1520000000002,406.7403993797342,202.8724765372956,2.0049067587783895,0.8667307483375022,65281,286.4661151642035,0.7567275630488893,0.987301052373585,0.8113031054922836,0.7042971772684861,0.006310749074966397,0.0009578212461793165,0.4960345139083574,0.9945029495222188,HOROZ
7305,64468,1145.488,431.8171550445004,191.15802231921805,2.258953873897071,0.8966782860992013,65649,286.50167009982067,0.7022657952069716,0.9820103885816996,0.6174090248475846,0.663479129425267,0.006698162732588267,0.000800653343946511,0.44020455518291013,0.9944017852375721,HOROZ
7306,64492,999.1410000000001,389.79867981805063,216.43868712725862,1.800965830054505,0.831678408844811,66228,286.55499423157875,0.6449586975218513,0.9737875218940629,0.8118244891036659,0.7351358767180439,0.006044140045556823,0.001088891865891813,0.540424757238007,0.9732865215011518,HOROZ
7307,64526,1081.377,386.60379597053867,213.36097956927958,1.8119704772212395,0.8339199821955234,65779,286.6305197699315,0.8150309460654288,0.9809513674576993,0.6934104004153016,0.7414063771680459,0.005991442146894874,0.0011166997064150732,0.549683416105447,0.9960101218011881,HOROZ
7308,64549,1004.338,417.43580667674786,198.7036810597023,2.100795538615742,0.8794397858013737,65253,286.6815992928566,0.7328035420332634,0.9892112240050266,0.8041546780208169,0.6867681083114556,0.006466960087325099,0.0008874020368414422,0.4716504345936953,0.9908411287806108,HOROZ
7309,64602,1017.5519999999999,425.8407358599303,194.44032906768365,2.190084422824122,0.8896703504679383,65217,286.79926964513174,0.8007784416292734,0.9905699434196605,0.7840479127394814,0.673489512613155,0.006591757776228759,0.0008365739799290571,0.4535881235999051,0.9933962838741746,HOROZ
7310,64697,1007.5519999999999,398.9407031712898,208.74103277760494,1.9111752867311225,0.8521864470679545,65497,287.0100674640714,0.7845103555318427,0.9877857001084019,0.8008645460628624,0.7194303944986038,0.006166293694781671,0.0010189646001309664,0.5175800925284167,0.9891862817443178,HOROZ
7311,64732,1000.342,402.69643775528823,207.6028798389067,1.939743986537027,0.8568703568600807,65911,287.08769080160255,0.7736214355713842,0.9821122422660861,0.8128901906394124,0.7129134104137789,0.006220979388174137,0.0009912556183247377,0.5082455307478052,0.9858662119523748,HOROZ
7312,64828,1021.9699999999999,419.96373781053524,198.57419321410077,2.1148958533485485,0.8811501706997088,65825,287.3004928747793,0.7285927824044416,0.984853778959362,0.7800028562053766,0.6841078574369525,0.006478122690975123,0.0008752401787842309,0.46800356060697773,0.9897787896800533,HOROZ
7313,64863,997.4210000000002,398.7372754153162,211.2629355210549,1.8873981582802404,0.848103923120367,66409,287.3780377658614,0.6551288784744667,0.9767200228884639,0.8193130644972089,0.7207202724313512,0.006147376399724284,0.0010231434316425464,0.519437711093521,0.9803857792592152,HOROZ
7314,64882,1016.19,420.3620493020733,197.35122073536417,2.1300200106983525,0.8829435546560778,65483,287.4201248025385,0.6018626741618894,0.9908220454163676,0.7895584012011146,0.6837442278144326,0.006478870091891022,0.0008734815313937861,0.4675061690695547,0.9957974952430786,HOROZ
7315,64908,1032.048,436.03081638359436,190.3896317077481,2.2902025308442764,0.899635056639539,65565,287.4777076047288,0.8147924983053401,0.9899794097460536,0.7657875446645575,0.6593059407797057,0.0067176744990385525,0.0007829728004166024,0.4346843235474128,0.995515137906617,HOROZ
7316,64919,1031.617,439.350266602426,188.43300883980135,2.331599273967679,0.9033566435148859,65490,287.5020660876405,0.654953591606134,0.9912811116200947,0.7665574431426257,0.6543800879215239,0.006767668426846163,0.0007654893248284059,0.42821329946818143,0.9984218181433162,HOROZ
7317,64979,1032.629,413.2250930728658,201.02895092968748,2.0555501641024665,0.8736873908653007,65841,287.63489422764087,0.7166142817755721,0.9869078537689282,0.7657627781739683,0.6960731549207273,0.006359363687850933,0.0009209010432651023,0.4845178370012948,0.9959507193585836,HOROZ
7318,64980,1023.4819999999999,413.56771567630443,200.7404750703881,2.0602109043096073,0.8742993006616504,65896,287.6371075102982,0.6009988901220865,0.9860993080004856,0.7795233933080126,0.6955018407080622,0.006364538560731063,0.0009186282983490833,0.48372281042830273,0.9965710087076782,HOROZ
7319,64990,1014.8829999999999,416.48286878266424,199.48051222738678,2.0878373738479157,0.8778342670050213,65630,287.6592394002637,0.6960778013409592,0.9902483620295597,0.7929110045531175,0.6906868468349286,0.0064084146604502885,0.0008996117314065827,0.4770483203907762,0.9959993124432371,HOROZ
7320,65042,1023.5059999999999,419.20285813711723,198.96277411407928,2.1069411602431662,0.8801898884673471,65748,287.77429779023777,0.7834025895814514,0.9892620307842064,0.7802305753046068,0.6864798085324828,0.006445110207821366,0.0008829196491023716,0.47125452752279423,0.9929055609887213,HOROZ
7321,65091,1022.129,420.5230297491778,198.36621076213325,2.119932765431706,0.8817521060167837,65894,287.8826761136496,0.596027763533807,0.9878137614957355,0.7829236048289819,0.6845824265209877,0.0064605403166210044,0.0008752892397120698,0.46865309870136346,0.9935130595581196,HOROZ
7322,65123,1014.2449999999999,402.33863995018464,207.71458941094764,1.9369782406289624,0.8564270485288356,65895,287.95343177636903,0.6932403661911859,0.9882843918354959,0.7955335723502639,0.7156991727466739,0.006178134298944838,0.000999905985977433,0.5122253058702734,0.9921692717702341,HOROZ
7323,65151,1023.543,414.167406412918,202.97303303226371,2.040504594258508,0.8716803503637279,66073,288.0153287223452,0.6440391459074734,0.9860457372905725,0.7814816145523628,0.6954080023264765,0.0063570383633853355,0.0009170506666684558,0.4835922896997008,0.9867722888802308,HOROZ
7324,65165,1005.967,411.30924268856813,203.26062300105994,2.0235559481012872,0.8693598545195967,65979,288.0462722075515,0.7830073055849274,0.9876627411752225,0.8092017161055906,0.7003155832937411,0.00631181221036704,0.0009365026122971059,0.490441916204053,0.9924366567329044,HOROZ
7325,65237,1047.249,406.6769110232147,207.15997786912797,1.9631055921435283,0.8605316658530022,66566,288.20535765298985,0.8320409152360789,0.9800348526274675,0.7474875037101657,0.7086838466630774,0.006233838328298584,0.0009699412573544972,0.5022327945211762,0.9859360074823929,HOROZ
7326,65268,1025.7199999999998,415.23033413179684,201.93975969314545,2.0562089147909948,0.8737741570455941,65962,288.27382573826327,0.8077522833593228,0.9894787908189564,0.7795653393840734,0.6942504004217651,0.006361928267019011,0.0009116603909439696,0.4819836184857813,0.9910590131136852,HOROZ
7327,65329,1023.0340000000001,405.08287011966024,208.56737576538958,1.942215884114706,0.8572647711368704,66419,288.4085058003724,0.6404615550523024,0.9835890332585555,0.784396666684809,0.711974084994454,0.006200659280253183,0.0009828208816433156,0.5069070977036901,0.9845230169305924,HOROZ
7328,65343,1016.802,417.2749045607762,200.5458400256528,2.0806958873213253,0.8769353051900852,66374,288.43940710594615,0.723717437533227,0.9844668092927954,0.7942114614852446,0.6912455169321952,0.006385915929185623,0.0008993573127712844,0.47782036467885775,0.9941988676656751,HOROZ
7329,65376,1042.788,440.229536553252,190.35138916034603,2.3127203772724583,0.9016861024910231,66068,288.5122328023649,0.5723791346372726,0.9895259429678513,0.7555029410383631,0.655367731709354,0.00673380960219732,0.0007662682168248883,0.42950686376586383,0.9933292760096989,HOROZ
7330,65443,1026.183,410.9592882636599,204.17159231884335,2.012813259652145,0.8678552829265208,66329,288.6600345148307,0.6129917572124391,0.9866423434696739,0.780950365169277,0.7024054273951209,0.006279652342705253,0.0009429025236074901,0.4933733844341224,0.9930684901484568,HOROZ
7331,65476,1006.2469999999998,393.90059022927034,213.48932467741653,1.8450598915166188,0.8403863374308804,66364,288.7328045634571,0.7832806967173892,0.9866192514013622,0.8126112057811328,0.733009321959634,0.006015953788094421,0.0010713274810833433,0.5373026660797224,0.9913555987886429,HOROZ
7332,65521,1015.78,403.44999470590136,207.3342861151963,1.9458913538388043,0.8578481170961787,66400,288.8320069012307,0.795679207247468,0.9867620481927711,0.7979782714828131,0.7159053431436466,0.006157567721889186,0.0009977261954095575,0.5125204603416225,0.9973091324442469,HOROZ
7333,65537,1008.2479999999998,415.9306891373365,201.17971155603558,2.0674584227221406,0.875241782843278,66269,288.86727063360496,0.787420401297609,0.9889541112737479,0.8101429984248885,0.6945081913352723,0.006346501810234471,0.0009108013390763238,0.48234162783179113,0.9972212610903445,HOROZ
7334,65538,1002.774,363.2882589658576,236.88133087952716,1.5336297614378835,0.7581778100498223,68186,288.8694744739449,0.7824498567335244,0.9611650485436893,0.819024546682743,0.7951522443809373,0.005543169748327041,0.0013669074085851092,0.6322670917440419,0.9696636290764395,HOROZ
7335,65561,1019.8679999999999,430.74855272622494,195.026926172639,2.2086619585283507,0.8916309974990551,66135,288.92015816204656,0.7613456893348197,0.99132078324639,0.7920771824207335,0.6707397072687981,0.006570194974546223,0.0008203026006595014,0.449891754907033,0.9936588045187241,HOROZ
7336,65579,1020.6479999999999,399.3125032733684,212.51920010411874,1.8789478930738246,0.8466106561214012,66754,288.9598174559695,0.6569199022318387,0.9823980585433083,0.791084137251971,0.7236432996393011,0.006089030074770406,0.0010299735280952889,0.5236596251128552,0.9839291492936285,HOROZ
7337,65587,1010.5719999999999,408.4144656157997,207.23169225542486,1.9708108406141163,0.8617074865884001,66766,288.977442061738,0.80197353940965,0.9823413114459455,0.8070363722464841,0.7075592722359214,0.006227064290420354,0.000962751975754374,0.5006401237270266,0.9866669830876165,HOROZ
7338,65666,1019.964,409.00792680693775,205.2586061413083,1.9926469077031548,0.864957536100392,66456,289.1514273604389,0.7811336465830012,0.9881124352955339,0.7931964091491875,0.7069580035228163,0.006228610343357868,0.000959721860922988,0.4997896187449665,0.9959042382942962,HOROZ
7339,65766,1035.8419999999999,406.4166215952234,207.24236863584892,1.9610691784233987,0.8602183203744381,66698,289.37151189958684,0.7922946257544544,0.9860265675132688,0.7702367917477467,0.7120070797394469,0.006179737578615445,0.0009796863205347036,0.506954081599095,0.9941720242999259,HOROZ
7341,65781,1039.257,409.71385861671337,204.99283161367836,1.998674077486009,0.865833811676153,66762,289.4045101449246,0.6425494505494506,0.9853060124022648,0.7653576342182602,0.7063576299860094,0.006228452875704434,0.0009564417128507165,0.4989411014394521,0.99722064563935,HOROZ
7343,66036,1001.222,412.16973142809553,204.50635175454903,2.015437309853273,0.8682252586172378,66665,289.9649057664241,0.7414526795639041,0.990564764119103,0.8278084498851896,0.7035084909358744,0.006241591426314367,0.0009430885520285005,0.4949241968188711,0.9974886918179175,HOROZ
7344,66091,1043.8870000000002,424.07143372319723,199.38143954905,2.126935359090288,0.8825811819650302,66928,290.0856334793084,0.6948170731707317,0.9874940234281616,0.7621583443706934,0.6840489842299895,0.006416477791578236,0.0008666131355711291,0.4679230128260805,0.995242001311849,HOROZ
7345,66106,1047.596,432.09239161573026,195.37592661109113,2.2115948423668343,0.8919356350150895,67053,290.11855050007176,0.7892876758124985,0.9858768436908117,0.7569428312799451,0.6714271209803687,0.00653635663352389,0.0008194284185594448,0.45081437878798647,0.9970187549923194,HOROZ
7346,66146,1055.4319999999998,406.8116070114675,207.7091593449807,1.958563639149879,0.8598312905586649,67090,290.20631096868317,0.6369685589099138,0.9859293486361603,0.7461960322472538,0.7133678242383645,0.006150207223588237,0.00098247968660196,0.5088936526585783,0.9967006042912598,HOROZ
7347,66178,1002.393,394.5140473959008,216.16996620271698,1.825017852044898,0.8365177377939543,66871,290.27650023982926,0.7962604228080519,0.9896367633204229,0.8276513954350035,0.7357824192975629,0.005961407830334866,0.0010777703281584293,0.5413757685473747,0.9880204422634858,HOROZ
7348,66242,1019.9939999999999,417.43117341649,202.9145571303338,2.0571770666427365,0.8739015086090609,67012,290.41682789113077,0.6162963789959436,0.9885095206828628,0.800106992999972,0.6957238615271522,0.006301608849619426,0.0009107072632296843,0.48403169149825187,0.9957388952784958,HOROZ
7349,66291,1032.54,428.0732985007247,198.08030948759128,2.1611098024235535,0.8865017622835146,67132,290.52422043616036,0.5994194878472222,0.9874724423523804,0.7813590820241748,0.6786786782863742,0.006457487419117599,0.0008450845326758899,0.46060474836053966,0.9954174367247963,HOROZ
7350,66310,1158.389,413.97504267786485,207.0402021816936,1.9994911051843456,0.865951919982856,68311,290.5658517640857,0.6030265000636583,0.9707074995242347,0.6209834734977517,0.7018921959268687,0.006243025828349643,0.0009346662245475874,0.49265265470304176,0.9850546010241867,HOROZ
7351,66400,1044.1009999999999,432.94464915364074,195.71160851564332,2.2121562049245296,0.8919937935869722,67187,290.76297180076904,0.5829470431240342,0.9882864244571122,0.7654078639955936,0.6715938685676766,0.006520250740265673,0.0008182216184396407,0.4510383242976976,0.9977672277539138,HOROZ
7352,66500,1038.4499999999998,424.1090452622217,202.01728895893282,2.0993700462361757,0.879264763713899,67430,290.9818374484709,0.6331524326382938,0.9862079193237432,0.7749261705516077,0.6861014654110011,0.006377579628003334,0.000871744146991605,0.47073522083912306,0.9882474223380262,HOROZ
7353,66505,1044.414,427.82710695410105,202.1842976428428,2.1160253884297915,0.881285565396814,68295,290.9927764096765,0.770634653935735,0.9737901749762061,0.766158796672904,0.6801644208133247,0.0064330066454266754,0.0008492770812699257,0.4626236393403257,0.9789233661319163,HOROZ
7354,66554,1025.341,429.9036151722245,197.9089855726391,2.1722288855572742,0.887734059401359,67248,291.09995647595696,0.8230056759864963,0.9896799904829884,0.7955131791810456,0.6771284218192464,0.006459470733122344,0.0008376466784113983,0.45850289963542307,0.9959732426998337,HOROZ
7355,66564,1034.565,424.5587910652109,202.1947356287791,2.0997519532095175,0.8793116926648102,67400,291.12182511064225,0.5960723912206392,0.9875964391691394,0.7815085113139335,0.6857043859113656,0.006378204300601089,0.000869813007607081,0.470190504858083,0.987283430956329,HOROZ
7356,66708,1038.0330000000001,396.2373655533165,219.84496614322006,1.8023490485344293,0.8319627531869408,68860,291.43655149996755,0.6224735457141257,0.9687481847226256,0.7779746813811065,0.7355100170651441,0.005939877759089112,0.0010722884734235382,0.5409749852031683,0.9750257498618577,HOROZ
7357,66791,1039.08,412.4298449285936,209.80002055767142,1.9658236630878774,0.8609482057550508,68108,291.61780198130265,0.691991297140489,0.9806630645445469,0.7773736908555777,0.7070725010984406,0.006174931426817888,0.0009520673924192033,0.4999515218096042,0.9828165319701151,HOROZ
7358,66795,1062.267,433.5484826294467,196.73946928074923,2.20366805000764,0.891109238857606,67831,291.6265340989828,0.5950344753861778,0.984726747357403,0.7438518339697765,0.6726503396581729,0.006490732579226689,0.000819654716843457,0.4524584794422555,0.9970682951019372,HOROZ
7359,66878,1031.916,401.6200737025116,215.23159438547802,1.8659903293900864,0.8442760950555069,68725,291.8076665764596,0.7268162799543553,0.9731247726445981,0.7892315686695742,0.7265763981523684,0.006005264417334723,0.0010323739619439178,0.5279132623520689,0.9850810423057321,HOROZ
7360,66884,1049.722,441.52674252706214,194.00424468523653,2.27586124851763,0.8982943987482802,67651,291.82075613305267,0.7770703596988567,0.9886623996688888,0.7627522612175527,0.6609356309038661,0.006601380637029217,0.0007770539968685268,0.43683590819829166,0.9941779154294967,HOROZ
7361,66926,1043.841,429.15104726996395,199.45569180394088,2.1516109336794806,0.8854324748266503,67662,291.91236659474623,0.8125242812742812,0.9891224025302238,0.7718555494000366,0.6802089111788054,0.006412321777335623,0.0008467678083156741,0.46268416284705594,0.9955163036220627,HOROZ
7362,66932,1075.6,446.7296068301088,196.491997000948,2.2735257091817003,0.898073469362617,69580,291.9254514567271,0.7032519043866562,0.9619430870939926,0.7270128369289593,0.6534723622375588,0.006674380069773932,0.0007507573522994567,0.42702612820833524,0.9708548809739709,HOROZ
7363,66957,1057.414,418.4892634494509,204.16113674730866,2.0497988506373637,0.8729259403197119,67869,291.979965403163,0.6577954612437371,0.9865623480528666,0.7525160006889026,0.697700015040962,0.006250119680533042,0.0009135725157382343,0.4867853109881588,0.9978119709706793,HOROZ
7364,66989,1044.596,435.2872633960262,196.80796378407803,2.2117360244303357,0.8919502663569496,67906,292.0497284064202,0.767078896141074,0.9864960386416517,0.7714657356546896,0.6709356164660212,0.006497891644837604,0.0008122236209247821,0.45015460144263997,0.9956231485737668,HOROZ
7365,67036,1036.913,428.3003347670308,201.10970993309064,2.129685010781064,0.8829042835772377,67879,292.15216261541923,0.6230111524163569,0.9875808423812962,0.7834897471444153,0.6821198558584647,0.006389109355675022,0.0008532235829057296,0.4652874977563727,0.9909158096755749,HOROZ
7366,67113,1031.777,416.76171544503904,206.41307148003685,2.019066488651839,0.8687343185934827,67797,292.31990278770104,0.6127921840759678,0.9899110580114164,0.7922182293677271,0.7014077636079101,0.006209850780698807,0.000927135480968911,0.49197285084944986,0.9933258964766335,HOROZ
7367,67237,1016.0569999999999,409.9005073703305,210.15209013901466,1.9504945542020693,0.8585735064956302,67950,292.58982769289526,0.7077280956591302,0.9895069904341427,0.8184309554912704,0.713806942006419,0.006096353308004975,0.0009762767800154432,0.5095203504565553,0.993816668820641,HOROZ
7368,67284,1042.588,416.69928680834954,206.1230776338591,2.0216042356428496,0.8690884812550842,68146,292.6920728819977,0.6543863061661156,0.9873506882282159,0.7778506558593401,0.7024059847182176,0.006193140818149182,0.000929915594256265,0.493374167367969,0.9974073065078505,HOROZ
7369,67303,1044.34,424.667722756051,202.8480067302244,2.093526722798087,0.8785432116804788,68155,292.73339590711316,0.5998484848484849,0.9874990829726359,0.7754618949244503,0.689323393846141,0.006309788906230792,0.0008787931503373258,0.4751667413035621,0.9947742707038927,HOROZ
7370,67317,1058.0430000000001,408.7963216916592,216.84646198672093,1.8851878787706149,0.8477155310037592,70055,292.76384071967794,0.805304335343095,0.9609164228106488,0.7556626915039446,0.7161606530806789,0.006072705582418397,0.0009853801629110487,0.5128860810209445,0.9668866231308479,HOROZ
7371,67351,1036.2019999999998,421.2238275069398,205.2727340441907,2.052020349747276,0.8732208955343821,68258,292.8377649441034,0.7644661869197067,0.9867121802572593,0.7882519612064339,0.6952070272883099,0.006254158475849502,0.0009011669548430143,0.4833128107910487,0.9917677230367867,HOROZ
7372,67353,1055.855,437.67076632256,197.01691477450484,2.2214882758848136,0.8929536225266204,68034,292.84211284674785,0.637269372693727,0.9899902989681629,0.7592035792322928,0.6690922386873001,0.006498162907703591,0.0008033676254978653,0.447684423871583,0.994525698926969,HOROZ
7373,67450,1057.6429999999998,436.79726908087514,199.93765529912923,2.1846673575689244,0.8890883704284942,68567,293.05290869122376,0.608008220956227,0.9837093645631281,0.757728494541817,0.6709128683608221,0.006475867592007045,0.0008093608828356062,0.45012407693214573,0.9833713777295022,HOROZ
7374,67498,1030.0249999999999,403.2008219090411,213.9582460376039,1.8844836755587215,0.8475914631917145,68502,293.157163976141,0.7594711673699015,0.9853434936206242,0.799475643541051,0.7270748174275175,0.00597352250302292,0.0010297378549737968,0.5286377901372576,0.9962092857970993,HOROZ
7375,67516,1028.413,427.3087428138441,202.1491742936714,2.113828781675225,0.8810220447603563,68244,293.196250150542,0.732436537209807,0.9893323955219506,0.8021977745472073,0.6861461532938309,0.006328999686205405,0.0008653292191149082,0.4707965436799214,0.9951832843438351,HOROZ
7376,67520,1078.227,434.73568137014155,200.88430784699688,2.16410971085535,0.8868362748279082,68886,293.20493525948393,0.816050277979212,0.9801701361670005,0.7298303036317033,0.6744441457747383,0.006438620873372949,0.0008217819030663499,0.45487490576981654,0.9843992008008724,HOROZ
7377,67708,1078.716,435.89164846771376,198.6219164995401,2.1945798134956727,0.8901497561761069,68617,293.6128455890995,0.5789235175922364,0.9867525540317997,0.7311990335295864,0.673591353771595,0.006437816040463664,0.0008175312096180757,0.4537253118758501,0.9957364103147689,HOROZ
7378,67761,1032.9350000000002,428.2426352849205,202.31072714484148,2.1167569378480176,0.8813731277945033,68536,293.72773922596986,0.7965509944985188,0.9886920742383565,0.7980749584279213,0.68589092963746,0.0063198983970856465,0.0008627999233539247,0.4704463673589392,0.9958206119924319,HOROZ
7379,67884,1089.5919999999999,423.7583853645792,206.0546751021096,2.056533709582602,0.8738169029621305,69188,293.99420615855985,0.7999151583710408,0.9811528010637682,0.7185375635258174,0.6937779081483493,0.0062423897437478525,0.0008920978841787232,0.4813277858346993,0.9898668169278143,HOROZ
7380,67889,1062.461,438.361195713394,198.17849272171475,2.2119514064977146,0.8919725815248696,68813,294.00503303944555,0.6994539460127756,0.9865723046517373,0.7557589188731324,0.6706912836136839,0.006457028321427537,0.0008059407273828931,0.44982679791537095,0.994995018329268,HOROZ
7381,67927,1031.8519999999999,420.75027669520017,206.68306553636185,2.035726901975805,0.8710327054715906,68656,294.0873043081346,0.6284532686934479,0.9893818457236075,0.8017103269202362,0.6989592653819626,0.006194153675198377,0.00091194616979243,0.488544054663293,0.9945422748784036,HOROZ
7382,67969,1047.9279999999999,423.4514863279661,205.9345679270018,2.0562428668025667,0.8737786264817109,68769,294.1782089416282,0.7172752216124947,0.9883668513429016,0.7777819409595443,0.6947152588662427,0.006230067918138653,0.0008951584087305352,0.48262929090159074,0.9924030367263769,HOROZ
7383,67970,1035.57,427.31083601277277,203.86135629809087,2.096085515039686,0.878859995090128,68584,294.1803729952918,0.6518028385116993,0.9910474746296513,0.7964677817917568,0.6884458530007848,0.0062867564515635245,0.0008711351780871856,0.4739576925139781,0.9934558540201831,HOROZ
7384,68185,1052.1589999999999,439.9918319623837,201.13508462463273,2.187543922451501,0.8893979986732542,69064,294.6452754716544,0.6541406040139683,0.9872726746206417,0.7739910878520779,0.6696607847412144,0.006452912399536315,0.0008004883246045336,0.44844556662021884,0.9809943738103797,HOROZ
7385,68256,1073.45,415.60177459373654,210.9414065966138,1.970223775877714,0.8616184419396555,69559,294.7986403724469,0.6193042626163645,0.9812677008007591,0.7443669071110028,0.7093295996164155,0.0060888680056513204,0.000950842650263159,0.5031484808919842,0.9913150998501409,HOROZ
7386,68315,1018.5120000000001,407.8428959566163,215.48975027642746,1.892632459007636,0.849017576428316,69119,294.9260237730516,0.7870210363816502,0.9883678872668875,0.8275488439778074,0.7231363515141966,0.0059700343402856815,0.0010070183094989377,0.522926182881264,0.9897070673860434,HOROZ
7387,68377,1089.5520000000001,405.31288407674396,222.29346320911034,1.8233234492166248,0.8361839795852657,72153,295.05982503613774,0.6228377799841506,0.9476667636827297,0.7238090051792716,0.7279803742440856,0.005927620165797621,0.0010269252077913119,0.529955425284559,0.9662801539609054,HOROZ
7388,68386,1045.495,425.1693811237776,205.73326174208452,2.0666049695784583,0.8751313654057651,69326,295.0792427573631,0.6409184629803186,0.9864408735539336,0.7862001921074331,0.6940275002339785,0.0062171991507586,0.0008897771714489738,0.4816741710810253,0.9954302356736313,HOROZ
7389,68403,1048.2679999999998,431.3049812721298,203.1637486912987,2.12294262165582,0.882109560557368,69280,295.11591718936364,0.78499621290367,0.9873412240184758,0.7822406059699785,0.6842395288802883,0.0063053518306526,0.0008525536682970269,0.4681837328823188,0.9939272013017979,HOROZ
7390,68428,1030.695,423.4078260173488,208.55818624476197,2.0301664184998294,0.8702725694608603,69131,295.1698418997742,0.7450783972125435,0.9898309007536417,0.8094375960171146,0.6971289233744108,0.006187639942967042,0.0009014822992846262,0.4859887358051653,0.986638011200832,HOROZ
7391,68505,1028.3439999999998,420.6668096480086,208.2468564990999,2.020039181959161,0.8688702404718087,69129,295.3358681435127,0.7380413703943116,0.9909733975610815,0.8140579046942549,0.7020660089409808,0.006140673084417321,0.0009202536046415993,0.4928966809103174,0.9956706080964635,HOROZ
7392,68571,1049.847,433.83486941976685,204.41755183860235,2.1222975498811407,0.8820330911812942,69605,295.4781021023975,0.7963001672240803,0.9851447453487537,0.7818047845562202,0.6810842625388438,0.006326798054859442,0.0008397830732075705,0.4638757726780807,0.9844824158039117,HOROZ
7393,68578,1033.907,429.59160617026146,203.93765352437472,2.106484990614627,0.8801344581321476,69254,295.4931835065709,0.6627558613758046,0.9902388309700523,0.8061794580743801,0.6878467345785549,0.006264277263411903,0.0008650026821277468,0.4731331302703809,0.9966478374770723,HOROZ
7394,68807,1031.123,429.0949933460097,205.300527719421,2.090082271646388,0.8781147617012046,69331,295.9861370986694,0.8009941561314056,0.9924420533383335,0.8132452558629719,0.6897916351589655,0.0062362113352712615,0.0008709080025768893,0.47581249993527935,0.9944872707424754,HOROZ
7395,68879,1032.23,426.2395534253735,206.40947585162564,2.065019310120091,0.8749258164233512,69720,296.14095731899914,0.8115824201720278,0.9879374641422835,0.8123510449389139,0.6947758717818003,0.00618823666756738,0.000889458293424872,0.48271351201016066,0.9968127235568681,HOROZ
7396,68883,1065.713,440.06411619242414,201.57018656328515,2.183180576926545,0.8889278136146445,69970,296.1495560692134,0.655653912050257,0.9844647706159783,0.7621516431886444,0.6729691087553203,0.006388573613118246,0.0008082843746111505,0.4528874213389304,0.9887350218015012,HOROZ
7397,68888,1043.465,435.5849525246144,202.5271853885864,2.150748067173614,0.8853345749244896,69678,296.1603041559012,0.6261463928957726,0.9886621315192744,0.7950559045365398,0.679913992527475,0.006323088963601997,0.0008335371695223385,0.4622830372346512,0.9942543488195739,HOROZ
7398,69162,1066.29,440.0685215406166,200.57714092356395,2.1940113390504363,0.8900893088287511,69867,296.748704113385,0.6541626468418364,0.9899093992872171,0.7644106603215094,0.6743238600082334,0.006362865757794983,0.000811533833888046,0.45471266817640366,0.9976447499889078,HOROZ
7399,69220,1044.55,414.64718324007106,214.52632259969423,1.9328499095833662,0.8557613633389951,70258,296.87310637133834,0.6534380546010649,0.9852258817501209,0.7972288236952364,0.7159655687313706,0.005990280023693601,0.0009709468038115615,0.512606695608835,0.9907918052593649,HOROZ
7400,69281,1030.131,385.9841556514523,231.34609602337528,1.668427357479386,0.8004744935562146,70522,297.0038870095757,0.7341344268896165,0.9824026544907972,0.8204254015036739,0.7694717067033531,0.0055712844163833125,0.001204774356067747,0.5920867074169711,0.9878536606543674,HOROZ
7401,69353,1041.966,429.0831643089338,207.10658110803425,2.0717987908124877,0.8758010038777436,70019,297.1581769799003,0.8054187764203093,0.9904882960339336,0.8027272762161783,0.6925421496284823,0.006186944534611824,0.0008778914674298285,0.4796146290120391,0.9936650084431227,HOROZ
7402,69452,1053.0729999999999,426.8231958145971,210.74984095725253,2.025259871494621,0.8695960641310811,70718,297.37019497748344,0.824307162779657,0.9820979100087672,0.7870053138922709,0.6967057973734274,0.00614558538004085,0.0008931835518645089,0.48539896809374333,0.9830590517451564,HOROZ
7403,69665,1074.0739999999998,428.30180030163154,209.034267459132,2.048954965651114,0.8728136174153195,70751,297.8258432103821,0.6318133173713518,0.9846503936340122,0.7588502785705021,0.6953644439519943,0.006148019813416085,0.0008866759762447562,0.4835317099126662,0.9907346980753313,HOROZ
7404,70089,1065.125,438.4463738866875,207.3544500665247,2.11447776378092,0.8810999949804702,71449,298.73079260588923,0.6823438929885707,0.9809654438830494,0.7763518121971614,0.6813394075032161,0.0062555661214554,0.0008315730685136637,0.4642233882168336,0.9815900318115321,HOROZ
7405,70134,1069.0529999999999,439.362581520658,204.32732203087352,2.1502879651810396,0.8852823196347451,71030,298.8266759016937,0.6897521636506687,0.9873856117133606,0.7711520188223431,0.6801368356573247,0.006264616042442439,0.000826912214617582,0.46258611521795884,0.9946933564130265,HOROZ
7406,70304,1058.424,437.5059022885143,205.34147605851004,2.130626070710874,0.8830145498343215,71044,299.18862437108277,0.7750755187087954,0.9895839198243342,0.7886250014854206,0.6838504870587601,0.006223058464504357,0.0008395146634021318,0.46765148865050343,0.9963904537255129,HOROZ
7407,70765,1035.257,396.4028104732632,229.67778048957766,1.725908399272655,0.815039763745673,71792,300.16794696166977,0.8021605568024666,0.9856947849342546,0.8297208882424846,0.7572296134916422,0.005601678944015589,0.001136078487337834,0.5733966875487018,0.9896301591554224,HOROZ
7408,70816,1050.302,412.3818911334443,219.83953312461583,1.87583136332302,0.8460541529249022,72041,300.276092288356,0.7895816608687896,0.9829957940617149,0.8067015127008613,0.7281505292655744,0.0058232869850520265,0.0010097936480114788,0.5302031932697363,0.9945717788693881,HOROZ
7409,70854,1063.8590000000002,442.27778242046827,204.43396879759402,2.1634260931379687,0.886760179762778,71368,300.3566458440119,0.6070372940601948,0.9927978926129357,0.7866944622801867,0.6791131225272953,0.006242100409581227,0.0008189907616269604,0.46119463318877335,0.9977605034557864,HOROZ
7410,71434,1123.503,432.52719448991655,213.04880367627544,2.030178940348031,0.8702742890067621,72650,301.58347706499376,0.6341571677142147,0.9832622161046112,0.7111584269632134,0.6972589952885021,0.006054920548897115,0.0008828048585536324,0.4861701065107314,0.987012311664846,HOROZ
7411,71437,1094.771,432.8460558371338,215.27756104675848,2.010641767458148,0.8675478993462084,73647,301.5898097702338,0.6886157701947175,0.9699919888114926,0.7490080801830955,0.696759981298553,0.006059129804402954,0.0008808923015037722,0.4854744715391601,0.9761152495113071,HOROZ
7412,71699,1073.6670000000001,436.6081768481182,210.60285078798714,2.0731351698921183,0.8759724070930676,72523,302.14235406173435,0.6933066450065754,0.9886380872275002,0.7815985637805642,0.6920217487517185,0.00608945978114225,0.0008614647345877355,0.4788941007453866,0.9928122029091203,HOROZ
7413,71764,1081.1629999999998,444.49165010105764,206.64499890218883,2.150991567482592,0.8853622152363824,72632,302.2792792904836,0.8200100553041729,0.9880493446414803,0.7714968411192749,0.6800561477853605,0.006193797030559301,0.0008171764012399901,0.46247636414066423,0.9947827594265772,HOROZ
7414,71972,1089.5779999999997,405.9336822442473,228.78080749983766,1.7743345111872433,0.8260535848157707,73618,302.71702382535267,0.6936926517079188,0.9776413377163193,0.7618277428142467,0.7457302437968428,0.0056401612049720344,0.001075965401361035,0.5561135965132987,0.9867315464340037,HOROZ
7415,72012,1046.4489999999998,389.0252397185321,237.89994602407154,1.6352472802964366,0.7912225542604883,73210,302.8011329164218,0.7377220480668757,0.9836361152847971,0.8263777249163905,0.7783585793443757,0.005402227958097707,0.001223126951210135,0.6058420780389947,0.9907016104024076,HOROZ
7416,72098,1155.934,454.2319853252221,205.43107070361822,2.2111162823103654,0.8918860170113649,73989,302.98188839651084,0.579156223893066,0.9744421468056063,0.6780582517160293,0.6670201531043243,0.006300202298610532,0.0007692899882824479,0.44491588464731624,0.9837607568022013,HOROZ
7417,72197,1075.301,422.60914466689684,219.64436571400898,1.9240609395697452,0.8543281037951733,73133,303.18983395101577,0.8188571817439434,0.9872014001886973,0.7846372397328524,0.7174237419542634,0.005853555475530795,0.0009565385571300453,0.5146968255196577,0.9903080577029176,HOROZ
7418,72525,1082.1390000000001,429.6596441582952,216.01515763063344,1.9890254409506516,0.8644267529387023,73699,303.87776816002463,0.6176335331789072,0.9840703401674378,0.7782721739817046,0.70725229211443,0.005924297058370151,0.0009143533158731118,0.500205804701115,0.9949220712617107,HOROZ
7419,72835,1074.908,434.1313881456222,219.24060242961008,1.980159620684337,0.8631136130602812,75191,304.52652140788257,0.6056964656964657,0.9686664627415515,0.792149948514362,0.7014616535990578,0.0059604776295135884,0.0008901773993761716,0.49204845146992465,0.9743344750210015,HOROZ
7420,73141,1087.2689999999998,432.29704083951884,216.45997615115954,1.9971222787977891,0.8656090422213175,74002,305.16555103988156,0.6413176907968574,0.9883651793194779,0.777493463354497,0.7059163542902156,0.0059104611755310815,0.000905344996353474,0.498317899254389,0.9952017785246525,HOROZ
7421,73184,1077.293,442.9813213119803,211.3459876748046,2.096000620525572,0.8788495054179198,73941,305.2552421202593,0.6506632526050001,0.9897621076263508,0.7924252966985389,0.6890928069296085,0.006052980450808651,0.0008418988189990598,0.4748488965621267,0.9952835818501008,HOROZ
7422,73451,1081.6009999999999,421.2082023924969,222.8362331696414,1.8902141559350374,0.8485965242726643,74535,305.8115723780616,0.6447142054630995,0.9854564969477426,0.7889934841728233,0.7260342287757622,0.00573454687332367,0.0009828952887704038,0.5271257013540158,0.9963804626565456,HOROZ
7423,73494,1078.935,435.0816094899354,216.50338154031238,2.0095834365013108,0.8673976873774906,74356,305.9010740431717,0.7016267613701455,0.9884071224917962,0.7933616179243873,0.7030889547406808,0.00591996094225291,0.0008923592004721644,0.49433407827834314,0.9934055758063007,HOROZ
7424,74456,1085.466,447.6659723251048,212.3823275018298,2.1078306165622367,0.8802978550736843,75096,307.89661177544855,0.7888207312292747,0.9914775753701928,0.7941035100910282,0.6877820312682763,0.006012490226779639,0.0008299223260497007,0.47304412253551625,0.9970968844651794,HOROZ
7425,74509,1092.049,456.75815436385085,208.70979767183982,2.1884844863968693,0.8894989511924726,75260,308.0061772735609,0.7973140716960941,0.9900212596332714,0.7851169395015901,0.6743309874840352,0.006130241371698061,0.0007818974673814246,0.454722280681194,0.9951526568897959,HOROZ
7426,75402,1086.551,448.2857525972233,217.16537227012796,2.064259821494971,0.8748271789779293,76439,309.8464267215627,0.7843345295677953,0.9864336268135376,0.8025876965113955,0.6911806251401306,0.005945276684931743,0.0008369857353132255,0.47773065656910174,0.9861601998520094,HOROZ
7427,75675,1106.158,452.66452435547745,213.50921842151894,2.1201170033876853,0.8817740342845978,76468,310.40683392579075,0.6128522837706512,0.9896296490035047,0.7771913609213177,0.6857326280820457,0.005981691765516716,0.0008158739185742939,0.47022923721630927,0.9969410013123184,HOROZ
7428,81929,1162.588,443.52773029370525,236.60118186918416,1.8745795214959236,0.8458297324730651,83019,322.97870310688774,0.6302376208681739,0.9868704754333345,0.761720854908102,0.7282040807076716,0.00541356211223993,0.0009390210327136677,0.5302811831593052,0.9940542465850626,HOROZ
7429,31519,676.641,255.07356214472412,157.8027399554127,1.6164076885914362,0.7856621378060065,32065,200.32782435425088,0.7580327080327081,0.9829720879463589,0.865098731000994,0.7853727476491213,0.00809269209507675,0.0018992235578670599,0.6168103527499303,0.9970169965877834,SIRA
7430,31751,671.914,244.102718983492,168.52249113548174,1.448487482820607,0.7234513988931086,32462,201.06374308881783,0.6942840899151579,0.9780974678085146,0.8837712953992015,0.8236849795287009,0.007688032470898302,0.002182928732460855,0.6784569455011965,0.9827363931911859,SIRA
7431,32857,668.106,233.8049677434743,179.50091904470636,1.302527970262052,0.6407640917886872,33185,204.53564902325277,0.7755694559188009,0.9901160162724122,0.925011277935379,0.8748131016945064,0.007115834304515759,0.0025707906051426837,0.7652979628963629,0.9968220022570826,SIRA
7432,33180,670.4879999999999,240.96950050439983,175.6450401951203,1.3719117843390967,0.6846097021799004,33564,205.53853189685066,0.7748353649992994,0.9885591705398641,0.9274793023955978,0.8529649248830881,0.00726249248054249,0.00237131991919694,0.7275491630808122,0.9981332705166135,SIRA
7433,33206,680.4229999999999,260.0898266204468,163.10271955282377,1.5946381969198986,0.778937553866553,33583,205.6190465946086,0.7526633120268371,0.9887740821248846,0.9012981024646556,0.7905693554660703,0.007832615389400915,0.0018873240238528768,0.6249999058020378,0.9966487228632679,SIRA
7434,33318,688.874,257.46489859880046,165.03685698134495,1.5600448488176382,0.7675348548786586,33692,205.96551932662456,0.6986956339386822,0.9888994420040366,0.8822856195736185,0.7999751439809829,0.007727501608704017,0.0019522023887540837,0.6399602309873943,0.9983666618000304,SIRA
7435,33462,689.9369999999999,265.4699790952273,161.0284950863519,1.6485900768858852,0.7950232733990578,33812,206.41012970764785,0.827284414556962,0.989648645451319,0.8833704898592263,0.7775272006692932,0.00793347615489891,0.001788568789321291,0.6045485477806273,0.9966527368669146,SIRA
7436,33493,683.487,252.77237613463817,169.43503989323713,1.4918542014326717,0.7420840977260964,34040,206.50571922301523,0.7994510084735649,0.983930669800235,0.9009556148009668,0.8169631602189822,0.007547021053194344,0.002073792104118482,0.6674288051549865,0.9957064671276545,SIRA
7437,33540,697.714,257.48914332091493,166.55929194693954,1.5459308232586793,0.7626092185416984,34165,206.65056092451664,0.7252205500778413,0.9817064247036441,0.8658009289789373,0.8025602876272071,0.0076770764257875655,0.0019646549703505375,0.6441030152762653,0.9957387046694345,SIRA
7438,33587,672.5749999999999,240.37704521788206,178.6807735755456,1.3452876904870321,0.6689188611457799,34033,206.79530117732344,0.7341902201237239,0.9868950724297005,0.9330386574018021,0.8602955452334498,0.007156847745195523,0.002418200112659434,0.7401084251485186,0.9956587539780452,SIRA
7439,33605,687.194,259.05473780676743,165.83715071142558,1.562103163829379,0.7682394576362107,34047,206.85070679314862,0.7661878704970361,0.9870179457808324,0.894241963516719,0.7984826239597342,0.007708815289592841,0.0019329885497167826,0.6375745007656223,0.9959571448229155,SIRA
7440,33634,670.5299999999999,242.67496566991971,176.8391368517676,1.3722921859392352,0.6848247682572894,34002,206.93994019430485,0.7975244824887961,0.9891771072289866,0.9400521722654455,0.8527453156242711,0.007215168153354335,0.0023534424854148276,0.7271745733191377,0.9978959847795501,SIRA
7441,33680,683.09,256.2032550126246,167.93349377401958,1.5256233241796635,0.7552213942466669,34019,207.0814039615346,0.8068032099652653,0.9900349804521003,0.9070392732440553,0.8082699962236253,0.007606985006313082,0.002002710402374157,0.6533003867953394,0.9966903077905657,SIRA
7442,33739,686.903,255.80434414241836,168.59263824125773,1.5172924915995432,0.752082734781638,34101,207.2627052796032,0.7713534522176497,0.9893844755285769,0.898568611774655,0.8102391926706697,0.007581859099037267,0.0020156190750911054,0.6564875493396185,0.9960836294415878,SIRA
7443,33885,680.0219999999999,245.42539992220358,176.31607983134234,1.3919626624920924,0.695619842242205,34281,207.7106688963063,0.8114224137931034,0.9884484116566028,0.9208129695022486,0.8463291450768652,0.007242892132867156,0.002292181314551463,0.7162730218065376,0.9970253025050847,SIRA
7444,34031,691.801,265.571583378211,163.6202103503538,1.6230976772951984,0.7876633557145245,34420,208.15766847964628,0.74073832223238,0.9886984311446834,0.893556882233344,0.783810021508215,0.007803813681002939,0.0018168953033168738,0.6143581498167084,0.9971632859948749,SIRA
7445,34099,670.159,237.77220531252794,183.22493086326125,1.2977066177199146,0.6373309549568547,34376,208.36553274456,0.8006715506715507,0.9919420525948336,0.9541041791532976,0.8763241795679365,0.00697299643134778,0.0025366373650241255,0.7679440676954171,0.996566098687093,SIRA
7446,34112,693.8,258.13990439899857,168.69662584377485,1.530201941549528,0.7569191631326859,34507,208.40524789459087,0.7777473780209758,0.9885530472078129,0.8905297981209598,0.8073344893336041,0.007567422150533494,0.0019830869124036954,0.6517889776675512,0.9973687591074688,SIRA
7447,34146,789.379,247.66086682927713,176.13797297760848,1.4060617517198348,0.7029833387595626,34931,208.50908252286484,0.7626641651031895,0.977527124903381,0.6886183046733472,0.8419137233602545,0.007252997915693701,0.002247851774477774,0.7088187175823271,0.9966428876956138,SIRA
7448,34189,687.252,249.0621246954887,174.9936597470478,1.4232637059851563,0.7115746686598623,34559,208.64032878365217,0.7300661968823404,0.9892936716918892,0.9096288739110405,0.8377039625705534,0.007284861350009907,0.0022129078646739675,0.7017479289064071,0.9987723579627411,SIRA
7449,34238,698.847,255.8292238241057,170.86709850866964,1.4972409905533988,0.7442553762067537,34724,208.78978790315034,0.7248899051490515,0.9860039165994701,0.8809556419209371,0.8161295444757433,0.007472084345584021,0.002044833389418903,0.6660674333661841,0.9972634637085454,SIRA
7450,34242,682.082,247.61937688515698,177.08464763495104,1.398310808939287,0.6989724584655364,34685,208.8019839245342,0.8247109826589596,0.9872279083177166,0.924902193602769,0.8432376599565314,0.007231451927024035,0.002255304797537413,0.711049751168967,0.9942685527531571,SIRA
7451,34459,698.401,254.09931378427837,173.05990934981824,1.4682737020891965,0.7322165184721369,35078,209.46255386590934,0.7525442236296135,0.9823536119505103,0.8877748324008902,0.824333410218242,0.007373960758706822,0.0021003525261653125,0.6795255712020366,0.9977295260930901,SIRA
7452,34593,697.5219999999999,259.7300931846858,170.16276640032814,1.5263626625206592,0.7554968375297638,35028,209.86942505049058,0.7673691215616681,0.9875813634806441,0.8934747240982055,0.808028913697186,0.007508169085788622,0.001974337583608287,0.6529107253706545,0.9965785531650472,SIRA
7453,34645,702.351,259.16234213153035,171.45866505866545,1.5115149884250916,0.7498676377992723,35144,210.02710307803065,0.7728773479676974,0.9858012747552926,0.8825554872290535,0.8104074895705236,0.007480512112325887,0.001990329028916359,0.6567602991519982,0.9927030359707926,SIRA
7454,34663,691.502,252.52516057586496,175.3797060794673,1.4398767464089708,0.719488949340706,35079,210.08165636046127,0.7779648083310889,0.9881410530516833,0.9109386522232863,0.8319236621071167,0.007285150176726336,0.002152544702518129,0.6920969795737162,0.9965343471480785,SIRA
7455,34668,704.917,268.27453347154943,166.9007759039362,1.6073893726291684,0.7829165025372211,35416,210.0968075361418,0.7476708074534162,0.9788796024395753,0.8767235720104369,0.7831410787204764,0.007738390835108729,0.001795520810140643,0.6133099491794718,0.9858278944388184,SIRA
7456,34717,700.168,262.51620288240014,168.811052595626,1.5550889520915296,0.7658241682527372,35181,210.24523127664665,0.8155273666901574,0.9868110627895739,0.8899129713692605,0.8008847795609423,0.0075616039082409235,0.0019189950207553167,0.6414164301323793,0.9974596041888515,SIRA
7457,34783,724.442,252.19448905463588,175.88853515756136,1.4338313115674053,0.7166508557398892,35370,210.44498350999763,0.7695183734873122,0.9834040147017247,0.8328555018207997,0.834455123499572,0.007250509992083371,0.002168504163383799,0.6963153531346858,0.9983987560496274,SIRA
7458,34825,704.926,264.5936480183313,168.28556084632896,1.572289664589505,0.771676594751705,35221,210.57199990834974,0.7169620982850555,0.9887567076460066,0.8806714774598045,0.795831651611535,0.007597807552572327,0.001879978501463605,0.6333480177067436,0.9958065423285637,SIRA
7459,34862,702.7179999999998,264.01849172119273,168.73778126061154,1.5646673184200661,0.7691124359882414,35381,210.68383186319076,0.7321488575268817,0.9853311099177524,0.8871560252329491,0.7979889230095135,0.0075732457036656745,0.0018943021904362653,0.6367863212458835,0.9963587456703753,SIRA
7460,34892,710.337,273.7491085436295,163.0004469246815,1.6794377789045096,0.8034017353981759,35261,210.7744628623195,0.6807530972588041,0.9895351805110462,0.8689741438224775,0.7699548830812968,0.0078456124195698,0.0017008566919055777,0.5928305219807335,0.9956219751021239,SIRA
7461,34894,707.258,264.3841713405695,168.96004306901642,1.5647733424912447,0.769148418734692,35522,210.7805035433514,0.7156862745098039,0.9823208152694105,0.8766068975860014,0.7972508432504912,0.007576780287171705,0.0018881844011900703,0.6356089070636195,0.9945838740231467,SIRA
7462,34942,701.8719999999998,250.9163363655854,178.0581442745157,1.409182025275647,0.7045729829128514,35396,210.92542798850985,0.786503702703311,0.9871736919425924,0.8913367004009309,0.8406205472456415,0.0071809380220246525,0.0022118768645077985,0.7066429044515617,0.9957884792417173,SIRA
7463,34990,700.7479999999999,257.01807299313725,174.02150420013044,1.4769328318042696,0.7359104670796743,35507,211.07025292608938,0.7683355292050944,0.9854394908046301,0.8954267671245649,0.8212272797319015,0.007345472220438332,0.0020608811793062488,0.6744142449758588,0.9960645406413334,SIRA
7464,35077,707.6519999999999,261.08521709452873,172.99252057237783,1.509228354096928,0.7489820785399622,35566,211.3324951602931,0.785880718734597,0.986250913794073,0.8802232382257168,0.809438762991234,0.0074432025855839645,0.0019709499488558433,0.6551911110327789,0.9888330021229383,SIRA
7465,35129,703.253,268.4473909380101,167.17026734995972,1.6058321566001537,0.78243673076427,35497,211.48908238252284,0.8144533061300194,0.9896329267262022,0.8925909190674842,0.7878231993372584,0.007641760110962739,0.0018158845141626717,0.6206653934139935,0.996684447233076,SIRA
7466,35135,692.108,253.09967494565296,176.90964287269446,1.4306720133270827,0.7151488160305163,35530,211.5071426790829,0.7758297083048116,0.9888826343934703,0.9217265204275746,0.8356673817321139,0.0072036338393525814,0.0021670313573235213,0.6983399728910067,0.9990954550027566,SIRA
7467,35152,711.8899999999999,265.1925196716274,169.68851306525744,1.5628195148933965,0.7684838752081745,35769,211.5583051466674,0.6934153943267448,0.9827504263468366,0.8716339122767061,0.7977536674436664,0.007544165898714935,0.0018848041550253232,0.6364109139198199,0.9945953957650361,SIRA
7468,35215,711.318,269.11783075619496,167.0956931374566,1.6105611443546466,0.7838885102537356,35600,211.74779944039264,0.7652440349428484,0.9891853932584269,0.8746009793402353,0.786821887072298,0.007642136327025272,0.0018067591896004987,0.6190886819760122,0.997080176100296,SIRA
7469,35249,706.381,272.65987181680845,165.28357267851632,1.6496489481573808,0.7953201841566546,35703,211.8499957809057,0.7516098767538061,0.9872839817382293,0.8877254000784628,0.7769753369620925,0.007735251264342491,0.0017389340927021324,0.6036906742473571,0.9958776857845726,SIRA
7470,35291,723.178,276.2396962687614,163.16130774920467,1.693046593456885,0.8069269864062711,35849,211.97617029574013,0.7192263797179425,0.9844347122653352,0.8479757191770101,0.7673631746593818,0.007827482821930843,0.001674193691559704,0.5888462418233249,0.9969441237888694,SIRA
7471,35380,697.3820000000001,255.5805925140798,176.77531238015385,1.4457934712311855,0.722221617097602,35828,212.2432922208145,0.8014679231605655,0.9874958133303562,0.9141684425934535,0.830435872039549,0.007223872032619553,0.002119211054309578,0.6896237375700863,0.9970534973848793,SIRA
7472,35444,716.279,268.08055337204644,169.82399717232195,1.5785787511527165,0.7737580619331552,35949,212.43517228461275,0.7368814968814968,0.9859523213441264,0.8681367769585979,0.792430370694557,0.007563496032390431,0.0018396990919321988,0.6279458923991132,0.9912620426148702,SIRA
7473,35468,711.8670000000001,273.14295864979744,165.9725365904857,1.6457117801587857,0.7942127274459236,35914,212.5070826411834,0.6903612581750234,0.9875814445620092,0.8795263236997538,0.7780068125923881,0.007701109694648625,0.0017404705208220912,0.6052946004401675,0.9961404544108889,SIRA
7474,35476,711.317,266.8508275396291,169.9283492414836,1.5703726231131092,0.7710360143552123,36062,212.5310473531447,0.775499497223801,0.9837502079751539,0.8810856618566808,0.7964414025344644,0.00752201002197624,0.0018669340833096907,0.6343189076710648,0.9961170469296522,SIRA
7475,35506,713.086,262.10621492643844,173.24782768541107,1.5128975550699502,0.7504006218660232,35941,212.6208909664492,0.7609189490377609,0.9878968309173367,0.8774609392861984,0.8112012568115656,0.00738202599353457,0.001971831463902273,0.6580474790526638,0.9955584221787194,SIRA
7476,35561,708.141,259.7683482293285,174.8105517269035,1.4859992469742314,0.739689928070266,36021,212.7855057336545,0.7936483138795277,0.9872296715804669,0.8911367401280563,0.8191356151897433,0.00730486623630743,0.002028688029322786,0.6709831560722795,0.9970804646558005,SIRA
7477,35570,710.5300000000001,263.2603830805412,173.37873200286847,1.518412206845449,0.7525083632184099,36054,212.81243057262827,0.7892868237695824,0.9865756920175293,0.8853783342900117,0.8083724109279329,0.007401191540077065,0.0019495183996064943,0.6534659547494388,0.9922306824494639,SIRA
7478,35633,712.676,262.58848161919997,173.493725835094,1.5135330131119014,0.7506449766641573,36022,213.00080914763691,0.6949797160243407,0.9892010438065627,0.881612997481756,0.811158234489988,0.0073692498981056875,0.0019680012593335933,0.6579776813809145,0.9958709426608382,SIRA
7479,35640,688.0389999999999,254.5170736875006,178.72798127582578,1.424047157421376,0.7119561388481918,36020,213.0217298173151,0.7778941854374017,0.9894503053858967,0.9460660271800468,0.8369643997984433,0.007141332033880489,0.002161657736198831,0.7005094065299684,0.9975584291159365,SIRA
7480,35734,704.049,255.60961600381847,178.90395827668004,1.4287532733541366,0.7142301601769847,36235,213.30246574188095,0.7187047465808528,0.9861735890713399,0.905911400598583,0.8344852947108785,0.00715312072546646,0.002139686119603034,0.6963657070887019,0.9949347834545508,SIRA
7481,35791,710.2769999999999,262.4779118245414,174.10442668482438,1.507588961535692,0.7483440505085677,36211,213.47251941553557,0.710928809788654,0.988401314517688,0.8915140529973051,0.8132970806253423,0.007333628896218083,0.0019792267219109136,0.6614521413537046,0.9971979468889914,SIRA
7482,35815,713.6669999999999,269.7371753960558,169.91144882684557,1.5875161871578252,0.7766642120892712,36226,213.54408044872105,0.7269719481995697,0.988654557500138,0.8836567284710205,0.7916746371173113,0.00753140235644439,0.0018249145730816453,0.6267487310548266,0.9949737558301636,SIRA
7483,35827,703.7779999999999,269.608417874132,169.49192363398868,1.5906859282353834,0.7776805841869929,36164,213.57985197397872,0.7403496445693503,0.9906813405596726,0.908968711678101,0.7921853985793927,0.007525285898181036,0.0018281427315462652,0.6275577057223914,0.9982472116482898,SIRA
7484,35867,709.9259999999999,263.9178839382706,173.2989922747747,1.5229048967567849,0.7542043121381526,36262,213.69904714578416,0.7884763349381169,0.9891070542165352,0.8942907796135807,0.8097179469496184,0.0073582369291624785,0.001951140714706769,0.655643153612305,0.9984821691612403,SIRA
7485,35889,715.89,271.9307809979326,168.97430296046642,1.6093025757978956,0.7835036466417427,36306,213.76457616031766,0.7889599683439953,0.9885142951578252,0.8799918086212383,0.786099224868342,0.007576995207387572,0.0017847863977885927,0.6179519913386082,0.9944717313806611,SIRA
7486,35906,708.182,265.80579436145,172.4626980040869,1.5412364380102135,0.7609336370150858,36238,213.8151984618043,0.810921902524956,0.990838346487113,0.8996780452014507,0.8044038278979446,0.007402823883513898,0.001911937514080384,0.647065518336866,0.9972809546407438,SIRA
7487,35911,721.98,269.0603278569013,170.51748517329187,1.5779046212384804,0.7735364056068357,36408,213.8300850932451,0.6921401588158199,0.9863491540320809,0.8657390929530948,0.794729147906821,0.007492420925535388,0.0018436500850154583,0.6315944185327017,0.9965957517511811,SIRA
7488,35918,715.8009999999999,256.72348573732984,179.01936164485312,1.4340543021633032,0.7167563797938701,36341,213.85092463629326,0.7081903860562325,0.9883602542582758,0.8809219035653143,0.8330010167246551,0.007147488327226734,0.0021228306206359853,0.6938906938643091,0.9950769347671921,SIRA
7489,35926,715.377,266.40126317492235,172.46967508371142,1.5446266889852924,0.7621456308112065,36384,213.87473877051366,0.7911821705426356,0.9874120492524187,0.8821628881137026,0.8028292967593058,0.007415277603265667,0.0019002031174946373,0.6445348797350414,0.9955657772206707,SIRA
7490,36007,705.5229999999999,263.34298077298064,174.77726709390663,1.5067347438925696,0.7480105592945038,36397,214.11570770795635,0.7345369237046103,0.989284831167404,0.9090221173729807,0.8130678367787539,0.007313660698558076,0.001971613111593577,0.6610793072040825,0.9960711606328206,SIRA
7491,36021,729.4359999999999,282.1298385394868,163.27572751810337,1.727934965153993,0.8155224175451735,36466,214.1573291785861,0.8094788646935887,0.9877968518620085,0.8507290102881746,0.7590736601531523,0.007832371076302346,0.0016040160308518367,0.5761928215383034,0.9956237230067692,SIRA
7492,36067,707.031,249.21514114174283,185.4308218148433,1.3439790575408739,0.6681136784823798,36473,214.29402852147587,0.6930497108049423,0.9888684780522579,0.9066569017406539,0.859875638132254,0.006909782935695867,0.00233016538470829,0.739386113053351,0.9937194513802527,SIRA
7493,36100,715.7669999999999,262.13183237620103,176.11570261222224,1.4884069307174281,0.7406788209739922,36686,214.3920417481474,0.7364040634817021,0.9840266041541732,0.8854697368169046,0.8178786979234959,0.007261269594908616,0.0020042316305456755,0.6689255645170331,0.9956334463612202,SIRA
7494,36125,718.771,269.1317270905478,171.49658494483035,1.569312457021382,0.7706805212407652,36539,214.4662643717136,0.6933515028213888,0.9886696406579272,0.8786919078361368,0.7968821316245545,0.007450013206658763,0.001853161037345508,0.6350211317024937,0.9965465724525389,SIRA
7495,36128,712.701,265.2350469082982,174.0750674859525,1.5236819996045794,0.7544957560048761,36468,214.4751693604459,0.7169961101849647,0.9906767577053855,0.8937973196389979,0.8086230377940894,0.00734153694941038,0.0019362043557735824,0.6538712172513416,0.9962918037854043,SIRA
7496,36129,712.296,259.64007868147326,177.9169251915261,1.4593332163422499,0.7283131412536015,36582,214.4781376078613,0.7018065268065268,0.9876168607511892,0.8948387739107869,0.8260594385005688,0.007186472879998706,0.002064147580602658,0.6823741959358751,0.9958113301040573,SIRA
7497,36144,730.977,271.9255103861709,169.598937435785,1.603344422420864,0.7816667530555833,36732,214.52265639066593,0.6897973205084164,0.9839921594250245,0.8500386114145212,0.7889022846220453,0.007523392828302648,0.001797572256153902,0.6223668146818825,0.9978683610200357,SIRA
7498,36158,718.646,274.3255445036047,169.26168833779846,1.6207184697114003,0.7869550695433767,36804,214.56419892082187,0.7467575382073524,0.9824475600478209,0.8798005703735108,0.7821517289214838,0.00758685614535109,0.0017514818883378326,0.6117613270548663,0.9914928818129782,SIRA
7499,36179,710.4689999999999,268.90200106065373,172.4560837128931,1.5592491448914316,0.7672615471954044,36533,214.6264976394421,0.7257863906275076,0.9903101305668848,0.9006916915039628,0.7981587968586028,0.0074325437701609695,0.0018606918543493983,0.6370574650027724,0.9933313075522759,SIRA
7500,36197,710.4409999999999,262.17113841093953,176.13943556489667,1.4884295363507363,0.7406880766702417,36607,214.67988215195825,0.7775772808317759,0.9887999562925124,0.9012108423049099,0.8188539877164465,0.0072428968812592075,0.0020087132214949895,0.6705218531991263,0.9980245310702119,SIRA
7501,36266,705.396,259.04049048059005,179.23609032551803,1.445247382991539,0.721971239793877,36723,214.88439992090028,0.7826743784530387,0.987555482939847,0.9158904611964339,0.8295398125684201,0.00714279188442591,0.0020863957819257004,0.6881363006360496,0.9945271876357297,SIRA
7502,36322,719.437,272.05823055475423,170.89149754304088,1.59199395210539,0.7780978465148349,36717,215.05024237110402,0.771856007480131,0.989242040471716,0.8818487004523222,0.7904566677971655,0.007490177593600414,0.0018037824068936454,0.6248217436649983,0.9947124370586219,SIRA
7503,36398,708.6129999999999,258.4921148729669,179.5853193840541,1.4393833291025635,0.7192590662841846,36836,215.2751099158248,0.777535674613347,0.9881094581387773,0.9108967523430284,0.8328111285778267,0.007101821937275864,0.0021073449039859487,0.6935743758830734,0.9983193941388111,SIRA
7504,36408,727.625,258.02448451114327,180.21251578919947,1.4317789382229313,0.7156765772414585,36880,215.3046802666347,0.7585,0.9872017353579176,0.8641546315259646,0.8344350757043616,0.007087027150932302,0.002119405540215746,0.6962818955657437,0.9969217531369704,SIRA
7505,36417,714.9720000000001,258.61188658688246,179.44634837209244,1.4411655011816438,0.720087921590628,36862,215.33129011042593,0.7800411258193034,0.9879279474797895,0.8952327509034214,0.8326426636932014,0.007101405568467542,0.002105516837002434,0.6932938054021098,0.9991511145284606,SIRA
7506,36447,706.9010000000001,259.88843920310313,178.90125454052213,1.4526921002906492,0.7253529793717264,36835,215.4199658503419,0.7734275528393175,0.9894665399755667,0.9165464059419135,0.8288939920178248,0.007130585211488,0.002076351634345091,0.6870652500032458,0.9980942610639352,SIRA
7507,36457,709.285,247.07270882074616,188.53665048617992,1.3104757519751156,0.6463020922043088,36944,215.4495163197398,0.720835969629864,0.9868178865309658,0.9106452808901934,0.872008557108793,0.006777099290143077,0.0024171666751500835,0.7603989236709591,0.9964843512987683,SIRA
7508,36474,713.319,259.32274540568733,179.51861792525162,1.444545130765572,0.7216487170868899,36885,215.49974281810714,0.8112905378353129,0.9888572590483936,0.9007943917869518,0.8310098000889856,0.007109797263960282,0.0020915177830163564,0.6905772878439358,0.9975700585722524,SIRA
7509,36503,713.806,266.3914955350689,174.71921508569835,1.5246834494099921,0.7548705162635101,36922,215.58539630844115,0.8038891825229034,0.9886517523427767,0.9002808952403535,0.809280325843062,0.007297797318989368,0.0019309342699580802,0.6549346457966528,0.998568014891352,SIRA
7510,36551,705.826,257.16546936002777,181.40238846437478,1.417652058150998,0.7088177092182986,36979,215.72709287341476,0.7818395721925133,0.9884258633278347,0.9219637021204641,0.8388649277458012,0.007035798455856961,0.0021491231494331457,0.7036943670019685,0.9975937676896045,SIRA
7511,36553,719.347,265.87931968745625,175.6988246294024,1.5132674919611417,0.7505429220458334,37043,215.73299487724262,0.769569245020843,0.9867721296871204,0.8876791454597855,0.8113944143186422,0.007273802962477943,0.0019447749409579626,0.6583608955874927,0.9962761412709763,SIRA
7512,36571,708.781,256.9479832902269,182.05736324140005,1.411357270672569,0.7056728430714548,36981,215.78610564748982,0.7499897461137771,0.9889132257105,0.9147924376225348,0.8398046284868325,0.0070260037540736345,0.0021557639034194866,0.7052718140279066,0.9953905025287181,SIRA
7513,36580,705.852,259.4427140249686,179.94592932920824,1.4417815117691395,0.7203734810768945,37021,215.8126561312201,0.7793425229563031,0.9880878420356014,0.9226272255838773,0.8318316316659038,0.007092474412929705,0.0020946876136501476,0.6919438634399598,0.9976318694898443,SIRA
7514,36606,706.3369999999999,250.33322843117438,187.8896610410199,1.3323416895010622,0.6608043327405405,37135,215.88933918694403,0.8339256424275561,0.9857546788743773,0.9220155094110225,0.8624078414995546,0.006838584615395683,0.002333440731757306,0.7437472850799209,0.99092551436521,SIRA
7515,36640,719.248,268.493408312293,174.07016323338314,1.5424435947262982,0.7613663257694111,37114,215.98957595008227,0.7755974683008404,0.987228539095759,0.8900368810347967,0.804450199756331,0.007327876864418477,0.0018930172921461708,0.647140123888001,0.9981771389814303,SIRA
7516,36644,712.6899999999999,260.28303628413676,179.7242829175725,1.448235219297056,0.7233366235041687,37039,216.00136545233988,0.8101344181110718,0.9893355652150436,0.9065910102527373,0.8298710839401112,0.0071030192196304106,0.002078094446009059,0.6886860159599354,0.9973793433505528,SIRA
7517,36646,697.9889999999999,255.15756776076088,183.2213235685876,1.3926193894415595,0.6959695567900449,37017,216.00725996217065,0.7551205439934061,0.9899775778696275,0.9452338905900955,0.846564191130329,0.00696276722591172,0.002205978199626578,0.7166709297041483,0.9980498325551058,SIRA
7518,36651,709.026,260.08727016010874,179.82515523755296,1.446334189543881,0.7224691675995494,37023,216.02199553306707,0.7719737978389536,0.9899521918807228,0.91616009313509,0.8305750427542445,0.0070963212507191824,0.00208318835608574,0.6898549016462152,0.9977607300753524,SIRA
7519,36670,717.172,273.8378843983503,171.0149475135399,1.6012511676891255,0.7810154965664564,37023,216.07798153777355,0.8036379574841114,0.9904653863814386,0.895930091011998,0.7890726369454646,0.007467627062949286,0.0017857897145824228,0.6226356263760691,0.9969960237795307,SIRA
7520,36675,742.9169999999999,285.89089644101665,166.8819537801194,1.7131324865581405,0.8119506999212301,37613,216.09271228609745,0.7788277765980038,0.975061813734613,0.8350248380535288,0.7558572692456489,0.00779525280002772,0.001569528272454543,0.5713202114714894,0.9787472144990754,SIRA
7521,36692,723.028,267.3639496503296,175.23949517120943,1.5257060024574616,0.7552522212288968,37123,216.1427893209084,0.7541259891069777,0.9883899469331681,0.8820049380743025,0.8084215901343077,0.007286709627448206,0.0019198302929781285,0.6535454673952825,0.9971182424838498,SIRA
7522,36792,714.0619999999999,261.8870218854669,179.39777630522374,1.4598119735882211,0.7285245179560028,37191,216.4371255813016,0.7927601809954751,0.9892715979672502,0.90675804327183,0.8264522771042765,0.007118042560487793,0.0020483844278025923,0.6830233663308437,0.9970856884102993,SIRA
7523,36804,717.3040000000001,268.1264329917411,176.00883386206405,1.5233691804461844,0.7543785037945528,37279,216.47241903862238,0.793600138002415,0.9872582419056305,0.8988730937243031,0.8073520265168715,0.007285252499503889,0.0019093086065119747,0.6518172947208994,0.9929583780596255,SIRA
7524,36810,724.8489999999999,274.92045250394284,171.23678091821827,1.6054988363466334,0.782333816441573,37354,216.4900636096293,0.7116068666872873,0.9854366332922846,0.8804011340191743,0.7874643797428074,0.007468634949849031,0.0017715143198586423,0.6201001493637244,0.9955700682218331,SIRA
7525,36811,749.005,258.8946262365782,181.47995834359998,1.4265741991543073,0.7131809181628695,37610,216.49300423165195,0.7689463569518716,0.9787556500930603,0.8245519932587148,0.8362205402974275,0.0070330777820917165,0.002121331336075982,0.6992647920153218,0.9975531106660606,SIRA
7526,36814,719.256,265.8447609199317,176.89427828439412,1.5028454481299347,0.7464830615468045,37293,216.5018258580751,0.7983605135322692,0.9871557664977342,0.8942436915940755,0.8143919222214129,0.007221295184438846,0.0019594252040925045,0.6632342029794879,0.9967385029918087,SIRA
7527,36821,716.8919999999999,273.9867803421121,171.58206995636485,1.5968264073967047,0.7796286113012286,37241,216.52240825534298,0.7824931995919755,0.9887221073547972,0.90032223329983,0.7902658952559077,0.007441046694606668,0.0017902214327709077,0.6245201852046214,0.9972503236870203,SIRA
7528,36849,711.732,256.82108873963364,182.99540804276597,1.4034291433127908,0.7016310575701791,37314,216.60471828643531,0.7670642602885156,0.9875381894195209,0.9141186838278142,0.8434070556644596,0.006969553820717893,0.0021753726214555277,0.7113354615445929,0.9983089174035369,SIRA
7529,36852,730.149,279.3413824081382,168.36010059924047,1.6591899233481358,0.7979650252818353,37336,216.6135353632829,0.7324985092426953,0.9870366402399828,0.8686562265336971,0.7754437724046008,0.0075800874418793605,0.0016906559151376236,0.6013130441610784,0.9976925436498539,SIRA
7530,36876,716.8999999999999,246.96916271089552,191.57049050111075,1.289181658745419,0.6311191859966538,37505,216.6840590621605,0.7638261734123203,0.9832289028129583,0.9016469325909974,0.8773729346761115,0.006697287197930782,0.0024480237009696197,0.7697832665021723,0.9923904683837375,SIRA
7531,36877,712.904,263.19355013500825,178.65501537640114,1.4731942989705396,0.734325890532587,37239,216.68699705150422,0.7923721529866782,0.990279008566288,0.9118078867810007,0.8232990395864642,0.00713706511199415,0.0020226924656795123,0.6778213085839944,0.9985624875266914,SIRA
7532,36930,722.9569999999999,265.8682106242823,177.82743396402572,1.4950910818297425,0.7433923758400481,37447,216.84265352340057,0.7110263963495639,0.986193820599781,0.8879003709681741,0.8156020346104359,0.007199247512165782,0.0019650792497159864,0.665206678860683,0.9945445731381884,SIRA
7533,36952,739.826,278.5566918550519,169.936141453136,1.6391845164489076,0.7923556466984703,37620,216.9072328371134,0.6771486164559282,0.9822434875066454,0.848376506892637,0.7786825417570007,0.007538338705754814,0.0017096104386096255,0.6063465008371431,0.9939137957752194,SIRA
7534,36956,718.098,269.2444837702922,175.92565154896545,1.5304447157062442,0.7570086537883954,37462,216.91897246491067,0.7811291243051299,0.9864929795526133,0.9005905553714465,0.8056580005924154,0.007285541827316057,0.0018934093415846876,0.6490848139185684,0.993388423506844,SIRA
7535,36958,709.414,254.38165750491132,185.52351218835378,1.3711558955753755,0.6841816160794866,37398,216.92484204056055,0.7904778200795654,0.9882346649553452,0.9228238612634362,0.8527534735336505,0.0068829930598222665,0.00224517957560286,0.7271884866237064,0.9970887806286302,SIRA
7536,36998,721.2659999999998,260.1542058446401,181.49144432519017,1.4334240757845569,0.7164579755490423,37483,217.04220021947702,0.7547531619747042,0.9870608008964064,0.8937111812446885,0.8342828804739414,0.007031574837684202,0.002101288548920839,0.6960279246518967,0.9977031846143884,SIRA
7537,37009,734.756,275.43578066311176,171.7588053346085,1.6036195648108231,0.7817521259279292,37559,217.07446259545048,0.693571964017991,0.9853563726403791,0.861451699338144,0.7881127937439487,0.007442399974684854,0.0017711130365029237,0.6211217756628918,0.9960430315830524,SIRA
7538,37020,717.948,264.5187105724824,178.71521613871082,1.4801129768781116,0.7372462774293818,37394,217.10672017718778,0.8214618559446145,0.9899983954645131,0.9025271979851006,0.8207612977823625,0.007145292019786127,0.0020001714472420154,0.673649107937388,0.9970767865204917,SIRA
7539,37065,719.8359999999999,276.1133056812654,171.99315262030916,1.6053738272407339,0.7822951992216924,37505,217.23863313326385,0.8092971462259001,0.9882682309025463,0.8988904023960194,0.786773504439644,0.007449434930021999,0.0017607674377031876,0.6190125472882386,0.9937465421501555,SIRA
7540,37080,723.319,261.2979492849657,181.17855014256068,1.4422123870588595,0.7205729341571384,37575,217.28258632200564,0.7292895916922351,0.9868263473053892,0.8906146671805276,0.8315510585390861,0.0070468702611910915,0.0020784123844225138,0.6914771629574745,0.9972569297855872,SIRA
7541,37084,730.084,271.3184831865426,175.42775532893393,1.5466109264056296,0.762850401922599,37800,217.2943056708085,0.7263681592039801,0.9810582010582011,0.8742804652612367,0.8008827969210256,0.007316321949804298,0.0018567286167575916,0.6414132544040448,0.9920167476026897,SIRA
7542,37086,731.8019999999999,266.8127809946958,177.8706600167415,1.500038179256674,0.745371168906126,37595,217.3001651081937,0.7220794392523364,0.98646096555393,0.8702272406582007,0.8144293699053106,0.007194434045049231,0.0019524957867485043,0.6632951985643611,0.9949681219641782,SIRA
7543,37111,728.361,276.8967173773351,171.06078603502215,1.6187036421114342,0.7863523129042675,37563,217.3733947489127,0.7944979661742667,0.9879668823043953,0.8790612860622254,0.7850342062838243,0.0074613111308597215,0.0017480314236314421,0.6162787050356741,0.9975725843969638,SIRA
7544,37140,711.337,254.99998669063706,186.70101325682637,1.3658200469424258,0.68113174484007,37575,217.45831023776475,0.7529039712947759,0.9884231536926148,0.9223610720956634,0.8527777317164434,0.006865912404163625,0.002239862847044308,0.7272298597114425,0.9932651211290161,SIRA
7545,37153,713.4929999999999,270.74798119630367,175.24761520801283,1.5449453099543478,0.7622590271721684,37501,217.49636503984496,0.8120519321559714,0.9907202474600677,0.9171161015004661,0.8033166640018303,0.0072873787095605646,0.0018719670773685426,0.6453176626630298,0.9969804963619496,SIRA
7546,37164,720.5229999999999,268.0876854347278,176.86206768663197,1.515800922952746,0.7515139149482346,37658,217.52856005715108,0.7516078145856085,0.9868819374369324,0.8995734273014182,0.811408251387636,0.007213639151725536,0.001928820689367989,0.658383350419941,0.9979780902232679,SIRA
7547,37171,721.804,267.07759846448533,178.40227480608792,1.4970526511210798,0.7441799628788389,37672,217.54904531473065,0.8000990141633303,0.9867009980887662,0.8965521163714647,0.814553697372935,0.007185106627868105,0.00195115538831916,0.6634977259039191,0.9932910295772696,SIRA
7548,37202,724.2759999999998,276.37579752114294,172.71663749510049,1.6001689329378184,0.7806775734732418,37748,217.6397425638009,0.6859534609285688,0.9855356575182791,0.8911851960548246,0.7874775740706865,0.007429057510917234,0.0017622448984714874,0.6201209296642535,0.9922982463132564,SIRA
7549,37202,722.697,259.5978011262218,183.27215862409602,1.4164606510619815,0.7082267663689475,37691,217.6397425638009,0.7468031717354211,0.9870260804966703,0.8950837003513388,0.8383728275802305,0.0069780603496108215,0.002126489584129139,0.7028689980248709,0.9955862785535909,SIRA
7550,37209,725.482,266.9757991782057,178.48505170467052,1.4957880036920739,0.7436726464716311,37627,217.66021735735418,0.8038584514344971,0.9888909559624738,0.8883918776915429,0.815280703447081,0.007175032900056591,0.0019553851504466703,0.6646826254131674,0.9942242973555679,SIRA
7551,37210,721.779,273.6492041792352,173.83327595970928,1.5742049539621001,0.7723137263582777,37664,217.66314217063808,0.7808040960214874,0.987946049277825,0.8975549567046497,0.7954093739226543,0.007354184471358108,0.0018158380053108498,0.632676072124029,0.9959618069909293,SIRA
7552,37215,713.286,268.127425769337,177.60425022839132,1.5096903673450202,0.7491614142422414,37638,217.67776564757153,0.8055194805194805,0.9887613582018173,0.9191798331560501,0.8118444617255753,0.007204821329284884,0.001930608915424436,0.6590914300344892,0.9950239831227228,SIRA
7553,37221,724.4939999999999,271.18072837375655,176.1001862343343,1.539923007309599,0.7604614187465748,37662,217.69531252323162,0.7616329036218539,0.9882905846742074,0.891103838989902,0.8027683745402132,0.007285691635736722,0.0018664294062041154,0.644437063161936,0.9923834603260947,SIRA
7554,37222,721.6829999999999,267.1871892967177,178.01701123627058,1.5009081853536865,0.7457166023982422,37610,217.69823686500592,0.7036294896030246,0.98968359478862,0.8980832954637337,0.8147779743408539,0.007178206149500771,0.0019514292513176505,0.6638631474709852,0.9963976319938632,SIRA
7555,37240,731.308,276.008587140334,172.82920230226486,1.5970020312748792,0.7796839253727501,37848,217.75086830122507,0.7099418549232676,0.9839357429718876,0.8750218295139839,0.7889278756045067,0.007411616196034747,0.0017710951360548185,0.62240719290584,0.993985551350722,SIRA
7556,37240,742.3979999999999,280.737494716175,169.3158836578615,1.6580694536814065,0.7976572371941448,37762,217.75086830122507,0.7097388984181437,0.9861765796303162,0.8490747968201627,0.7756387101814481,0.007538600824816729,0.0016830941572922968,0.6016154087319404,0.9975201320824845,SIRA
7557,37255,717.693,264.53590642021743,179.63618419327037,1.4726203832942897,0.7340812629946842,37625,217.79471811572583,0.7878320081204534,0.9901661129568107,0.9089018994169381,0.8233087185138381,0.007100681960011204,0.0020124758687015618,0.6778372459808987,0.9981969449875367,SIRA
7558,37282,733.1129999999999,272.22764841616083,175.17938833324297,1.5539936005387995,0.7654433429556105,37918,217.8736255420016,0.6914061051147955,0.9832269634474392,0.8717003586073615,0.8003361407616212,0.007301852057726539,0.0018480022994829387,0.6405379382092055,0.9953918568794224,SIRA
7559,37310,736.832,271.2325673743349,179.3587324016854,1.512235081852007,0.7501454658879751,38097,217.95542529166124,0.7255226057365095,0.9793422054229992,0.8635712110124699,0.8035739491078719,0.007269701618181048,0.0018698197578830887,0.6457310916848207,0.9764972102883807,SIRA
7560,37316,718.059,265.52909261051883,179.2660521700398,1.4812012056730945,0.7377008575074736,37723,217.97294981565335,0.7312561238487164,0.9892108262863505,0.9094622741092114,0.8209004432345898,0.007115690122481478,0.0019932361281513483,0.6738775377027459,0.9981482213213235,SIRA
7561,37318,724.77,267.1270422388672,178.40030951249818,1.4973462936741884,0.744297525085318,37722,217.97879101056324,0.8201758241758241,0.9892900694554901,0.8927457827899437,0.8160116968451468,0.007158128577063809,0.001957784086082425,0.6658750893880957,0.9970455971452341,SIRA
7562,37356,723.044,268.5293041677054,177.44211739110747,1.5133346474660743,0.7505687400459692,37768,218.08974398886056,0.774892134085629,0.9890912942173269,0.8979264767354782,0.8121636655813785,0.007188384842266447,0.0019292357776355064,0.6596098196905813,0.9982103939466066,SIRA
7563,37364,731.173,277.2243955271078,171.91481179678493,1.6125684147262773,0.7845000704804788,37787,218.11309531865487,0.7963341858482523,0.9888056739090163,0.8782596608781243,0.7867745365769123,0.0074195588140217265,0.0017537150452243697,0.619014171405815,0.9982027010769752,SIRA
7564,37380,712.641,262.27922614803583,182.20247397734883,1.4394932210450777,0.7193102917483357,37823,218.15979047982324,0.8062811414766722,0.9882875499034979,0.9249272005978221,0.8317844828346769,0.0070165657075450995,0.0020717989860974317,0.6918654258845509,0.9959355904362769,SIRA
7565,37416,719.358,266.5843550627903,179.30048648248626,1.4868021849390227,0.7400203947148514,37868,218.26481806697763,0.7578998541565386,0.9880638005704024,0.9086090650450791,0.8187457887975772,0.007124875856927258,0.001974937613742729,0.670344666673767,0.9966699150727776,SIRA
7566,37436,733.9199999999998,266.186857925113,179.67844024816267,1.4814624256392102,0.7378097848662392,37929,218.32314489468482,0.7143593168590784,0.9870020301088877,0.8733772137099431,0.8201875426776563,0.007110451381694438,0.0019848587631912207,0.6727076051636124,0.9965910404916293,SIRA
7567,37481,728.7919999999999,261.8106675143356,182.70338717434564,1.4329820128868296,0.7162483550567422,38024,218.4543233177559,0.736264167992614,0.9857195455501788,0.8867758148355841,0.8343980991752152,0.006985156946568544,0.002088570576951797,0.6962201879072125,0.997671006279724,SIRA
7568,37504,724.477,269.8273045665359,177.70824716265818,1.5183724383908879,0.7524932665977573,37841,218.52133965758938,0.7212030306526672,0.9910943156893317,0.8979212489751922,0.8098562894093799,0.007194627361522394,0.00190906143690025,0.6558672094959294,0.9958506941429616,SIRA
7569,37507,733.8629999999999,284.8498993549843,168.26403797991162,1.6928745011396398,0.8068830323903929,37953,218.5300794041446,0.7480902327622315,0.9882486232972361,0.8751695699165025,0.7671762563335474,0.0075945796612628125,0.0016227967057796655,0.5885594082819569,0.9963572146863592,SIRA
7570,37534,715.824,259.31681975924624,185.2391385698576,1.3999029673820924,0.6998036778494131,37979,218.60872139987825,0.7849509588640023,0.9882829984991706,0.920496630748288,0.8430179022048704,0.006908851168520441,0.0021524485991889592,0.7106791834379006,0.9948818977513993,SIRA
7571,37552,732.0339999999999,269.8085319870473,178.31788385388458,1.5130761208905497,0.7504693255177339,38003,218.66113368382327,0.74472473425353,0.9881325158540115,0.8806035477512116,0.8104307601893055,0.00718493108188771,0.0019119037953461452,0.6567980170610155,0.9937853958632866,SIRA
7572,37555,708.2869999999999,263.52397034877146,181.66867029556855,1.4505746638648658,0.7243980382948395,37876,218.66986784312334,0.7386900078678206,0.9915249762382511,0.9407172088727194,0.8297911858026268,0.007017014255059818,0.0020521419152048294,0.6885534120357296,0.998798134216735,SIRA
7573,37568,730.4949999999999,278.2250605111944,172.44908198894422,1.613375132545104,0.7847450786707756,38030,218.7077118361641,0.7875230588629885,0.9878516960294504,0.8846947374388637,0.7860819993508974,0.007405905571528811,0.0017443327653769692,0.6179249097035042,0.9969446830958126,SIRA
7574,37576,721.428,270.5733022843807,177.4508206365424,1.5247790983090084,0.75490626142851,37992,218.73099719282695,0.6962902568283734,0.989050326384502,0.9072655552030886,0.8083982985244201,0.007200694653086564,0.0018969492875536616,0.6535078090571774,0.9964550478320988,SIRA
7575,37590,721.953,277.80869229307297,172.8381026014092,1.6073347723200933,0.7828997089620525,37944,218.77174060329358,0.7969048123807505,0.9906704617330804,0.9062840545230474,0.7874906245644084,0.0073904946074241275,0.0017532136175605355,0.6201414837768419,0.996774970632695,SIRA
7576,37596,713.253,245.9617179137289,195.32385550712175,1.2592507826303931,0.607757083499426,38139,218.78919974227057,0.7711209106758281,0.9857626052072681,0.9286761471505918,0.8895254171993175,0.006542231032921824,0.002526615102926472,0.7912554678436202,0.9963890671426566,SIRA
7577,37611,720.3059999999999,264.97977630394763,181.243445374838,1.4620102578381835,0.7294916385216457,38009,218.8328414955904,0.7978912978912979,0.9895287958115183,0.9109419028542307,0.825847332758618,0.00704527335896274,0.0020215137198619413,0.6820238170245237,0.997125816579806,SIRA
7578,37641,742.538,284.31373727311626,169.74081358193942,1.6749874781050744,0.8022268068947306,38112,218.9200989022622,0.7441874258600237,0.9876416876574308,0.8578940363832652,0.7699947987105671,0.007553299255416069,0.0016378254689262495,0.5928919900413266,0.9930866591880205,SIRA
7579,37654,725.557,271.94674289986955,176.90705409678256,1.5372295033022965,0.7594883086330946,38019,218.95789964615986,0.8135424768818599,0.9903995370735684,0.8988307245983826,0.8051499249865254,0.007222253755241662,0.0018722314371659196,0.6482664017058074,0.9965342387017856,SIRA
7580,37677,739.145,279.924068158984,173.21492394270254,1.616050521441095,0.7855544524398413,38295,219.02476190373253,0.8070818070818071,0.9838621229925578,0.8666163778002949,0.7824434795629525,0.007429574227220427,0.0017177327332690323,0.6122177987105805,0.9893748928417527,SIRA
7581,37679,725.5759999999999,271.52109074528596,177.12691395853184,1.532918316461231,0.7579174432983402,38108,219.0305750484991,0.7435275080906149,0.9887425212553794,0.8993803899812581,0.8066797847905368,0.007206164992310995,0.0018822992070140385,0.6507322751897068,0.9975194237507917,SIRA
7582,37706,717.764,258.2163350336911,186.33568370349906,1.3857589158530146,0.6922828652875385,38072,219.1090374078259,0.719237005245589,0.9903866358478672,0.9197228636489116,0.848548320458647,0.006848149764856816,0.0021900767011915996,0.7200342521531907,0.9977938846408418,SIRA
7583,37711,758.985,293.7875534469029,164.74272533573858,1.7833112378599816,0.8279820444393837,38382,219.12356439120765,0.7621771292291524,0.9825178469074045,0.8226432283642644,0.7458572081094323,0.007790500210731694,0.0014871948441790056,0.5563029748887971,0.992061346774131,SIRA
7584,37714,728.687,278.225048880553,174.4161198248451,1.5951796723832437,0.7791088788636292,38440,219.1322801189773,0.7522489278946843,0.9811134235171696,0.8925456083868403,0.7876080209192621,0.007377235214523864,0.00175111196133822,0.6203263946163567,0.9895320549347985,SIRA
7585,37722,725.351,264.35122390767197,182.90405002230295,1.4453000022440046,0.7219953814590924,38207,219.15552036510465,0.7800248138957816,0.9873059910487607,0.9009654695634256,0.8290316084999384,0.00700787932526568,0.002041976474684596,0.6872934078919952,0.9933451639685902,SIRA
7586,37743,744.71,282.2922164592843,170.84264027193558,1.652352223133235,0.7960751043667383,38236,219.2165142888173,0.7911915143384203,0.987106391881996,0.8552083053618966,0.7765588333904184,0.00747932640381751,0.0016777981301979853,0.6030436217166877,0.9964404689898866,SIRA
7587,37743,719.2399999999999,262.54372982314663,184.2418806197717,1.424994843408975,0.7124164636463358,38165,219.2165142888173,0.8020527859237536,0.9889427485916416,0.9168506904328885,0.8349714328979969,0.006956090661133101,0.002085602145010291,0.6971772937557342,0.9934740485437453,SIRA
7588,37784,717.954,269.16351025960023,178.95816349778104,1.5040582949597472,0.7469610072282485,38074,219.33554877920128,0.7266153846153847,0.9923832536639177,0.921137700700214,0.8148784676186555,0.007123743125651076,0.0019375788365453546,0.6640269169885281,0.9987351925731434,SIRA
7589,37813,721.2090000000001,266.66763477418067,180.94266285487993,1.4737687097489778,0.7345703615725974,38199,219.41970491519376,0.8077284572990986,0.9898950234299327,0.9135424303695485,0.822820906260344,0.007052273947430267,0.0019940232044716247,0.6770342437790938,0.9977918839101899,SIRA
7590,37816,725.0459999999999,267.0816457637444,180.62558087677425,1.4786479548871425,0.7366322708640828,38249,219.42840888021976,0.7870462870462871,0.9886794425998066,0.9039706528366429,0.8215780169121848,0.0070626625175519465,0.0019849220589479373,0.6749904378733584,0.9980732305298182,SIRA
7591,37834,743.3879999999999,286.8789788850023,168.83602449208436,1.6991573910131497,0.8084775640424573,38479,219.48062542172178,0.75898732145723,0.9832376101250032,0.8603220043328673,0.7650634643038879,0.007582570674129151,0.0016024558773472084,0.5853221044126664,0.9945543798361526,SIRA
7592,37851,726.2049999999999,263.24737804365947,184.70090006859922,1.4252631034601755,0.7125465464554901,38379,219.52992964006216,0.7691729323308271,0.9862424763542562,0.9019215260406768,0.8339301658824242,0.006954832845728236,0.0020748427849619864,0.6954395215686876,0.9911842907798472,SIRA
7593,37865,723.114,262.50287690435357,184.07766751996576,1.426044128225829,0.7129247227811322,38228,219.57052480102362,0.7126053899427883,0.9905043423668515,0.9099851087299157,0.8364499749121876,0.006932599416462527,0.002093320655927972,0.6996485605305993,0.9977297215663149,SIRA
7594,37877,734.382,276.365808655726,175.1444459729213,1.5779307594969603,0.7735450064383551,38345,219.60531468052807,0.8126019050888184,0.987795018907289,0.8825542096139839,0.7946182479978717,0.007296401738673233,0.0017944139532028152,0.6314181600512072,0.9963341368497746,SIRA
7595,37881,730.471,273.77631558478674,176.70372426732968,1.5493522658899872,0.7638185710712907,38382,219.61691008233564,0.8017142857142857,0.9869470064092544,0.8921242431521103,0.8021764395989971,0.007227272658715101,0.001846008989130781,0.6434870402477234,0.9969881038786516,SIRA
7596,37882,722.9639999999999,264.887378487173,182.74089071822385,1.4495243918648422,0.7239223540769986,38277,219.6198088371298,0.7452978673172267,0.9896804869765133,0.9107714734644856,0.8291063549023145,0.006992433833672272,0.0020382108256177867,0.6874173477394029,0.9964282129393006,SIRA
7597,37883,716.14,264.4647441502846,182.88286001108997,1.4460881907372158,0.7223565898988966,38214,219.62270755366387,0.7785404550031855,0.9913382529962841,0.9282359068376104,0.8304422892333095,0.006981092948031693,0.0020480521499215754,0.6896343957470599,0.9972721556160189,SIRA
7598,37899,716.834,267.3506124334672,181.33351517454446,1.4743585165496078,0.7348210034559287,38275,219.66908181607607,0.7947782321484743,0.990176355323318,0.9268307255496298,0.8216516873352698,0.007054291998033383,0.001983280770040436,0.6751114953008962,0.9953563827174169,SIRA
7599,37903,727.708,273.19558808676214,177.34827529704188,1.5404468277415437,0.760649928076886,38267,219.6806738520639,0.7661815241560542,0.9904878877361696,0.8994336899583663,0.804115012949247,0.00720775632764589,0.0018588850768736275,0.6466009540503677,0.9960543884815447,SIRA
7600,37924,741.7260000000001,283.1055090109632,170.914936981665,1.6564117449917997,0.7972005069375075,38341,219.74152200832756,0.7967226890756303,0.9891239143475653,0.8662375313048751,0.7761824302748489,0.007465075124221158,0.0016713568147045481,0.6024591650673707,0.9979204368955463,SIRA
7601,37972,727.993,273.15350998288403,177.51321127477797,1.5387784831409623,0.7600487011270947,38371,219.88054027740517,0.7204766241651488,0.9896015219827474,0.9003656741548414,0.804970583358724,0.007193550773803962,0.001863129814688251,0.6479776400728843,0.9970940501006132,SIRA
7602,37975,716.9859999999999,268.717633822405,180.18571663291607,1.491337042934712,0.7418740689851858,38299,219.8892260009976,0.7307381465517241,0.9915402490926656,0.9282956071049021,0.8182910175010026,0.007076172055889532,0.001957083170999859,0.6696001893228262,0.9985995662932269,SIRA
7603,38013,727.3280000000001,270.4982080286283,179.12315193081324,1.5101242084725537,0.7493296257637853,38401,219.99921548500515,0.7788431987214949,0.9898960964558214,0.9029867874457792,0.8133111752877913,0.007115939495136619,0.0019206090391772374,0.6614750678480085,0.9989095132583025,SIRA
7604,38034,734.7919999999999,281.48839603762764,173.20095296172173,1.6252127440652013,0.7882898664744322,38680,220.05997556224798,0.6927868852459016,0.9832988624612202,0.8852236894692236,0.7817728142968697,0.007400967451165474,0.0017052596388249103,0.611168733173648,0.9932792139279971,SIRA
7605,38052,733.889,273.7445479851094,177.2180557409163,1.5446763979021974,0.762163327814276,38473,220.11204227906842,0.7122641509433962,0.989057260936241,0.8878234167764996,0.8040782689525623,0.007193959528674168,0.0018549877803396512,0.6465418626017493,0.9986979554166475,SIRA
7606,38055,743.5889999999999,275.3327074278022,177.14772486983048,1.5542548324011431,0.7655342568221981,38618,220.12071886784446,0.6899771548754396,0.9854213061266767,0.8648796471216587,0.7994717406596693,0.007235125671470298,0.001823216784415183,0.6391550641134016,0.9934098470519167,SIRA
7607,38060,730.117,271.42526555375207,178.96021540368986,1.5166793632958253,0.7518491693493915,38544,220.1351790891685,0.719593125484487,0.9874429223744292,0.8972092175306334,0.8110342220355081,0.007131509867413349,0.0019033469905103701,0.6577765093127418,0.9976360573353997,SIRA
7608,38087,718.4399999999999,266.10002874159227,183.37351687643965,1.4511366377997494,0.7246520128438768,38535,220.21324787652566,0.7655678391959799,0.9883742052679383,0.9272687451717466,0.8275581514137043,0.006986636614634712,0.0020213522467730683,0.6848524939712676,0.9938145454902384,SIRA
7609,38089,732.0529999999999,266.6083300394333,183.89562287168934,1.4497807281984936,0.7240385769338336,38826,220.21902964870588,0.7057962420783456,0.9810178746200999,0.8931499644088918,0.8260020593360076,0.006999614850466889,0.002009918404263336,0.6822794020273255,0.9891555283060086,SIRA
7610,38089,732.6399999999999,259.0023967505165,187.66962025106326,1.3800976226414519,0.6891839488653634,38574,220.21902964870588,0.7138519781846806,0.9874267641416499,0.8917193327213812,0.8502586555630657,0.006799926402649491,0.0021922406265373513,0.7229397813599122,0.9977274735677458,SIRA
7611,38090,733.169,276.5891228731822,176.1024588272817,1.5706147700325757,0.7711170867244396,38613,220.22192047787237,0.7308555749563482,0.9864553388755083,0.8904563784835005,0.7962060047417174,0.007261462926573437,0.0018001375096934858,0.6339440019867678,0.9956818128939783,SIRA
7612,38095,734.307,270.1436725120445,179.88688384900743,1.501741909870407,0.7460469175244199,38513,220.2363740545281,0.7896973466003316,0.9891465219536261,0.8878150553134685,0.8152564596703955,0.007091315724164444,0.0019323401555202688,0.6646430950343072,0.9981223909189989,SIRA
7613,38104,722.895,262.0252579733263,185.81171411630004,1.4101654420416356,0.7050710667214091,38515,220.26238810243714,0.8191413891695509,0.989328832922238,0.9162837630038707,0.8406150987354795,0.006876581408075957,0.0021180738421910637,0.7066337442220596,0.9964704862824372,SIRA
7614,38119,730.496,272.78568646812784,179.3109083081365,1.521300009251862,0.7536006443412817,38625,220.30573802277522,0.812771855010661,0.9868996763754045,0.89766786535321,0.807614728159557,0.007156160614604996,0.001877918601297655,0.6522415491402352,0.9922550747414888,SIRA
7615,38138,712.692,258.44156988093926,188.41624129803205,1.371652295473525,0.6844628545545013,38490,220.36063567958237,0.8007474594776182,0.9908547674720707,0.9435480267747124,0.8526516681550097,0.006776484605405088,0.0022093819571304928,0.727014867207521,0.9972116114485761,SIRA
7616,38139,742.711,273.4725878439667,178.6357469353098,1.5308950897884992,0.7571745285676137,38706,220.3635246510964,0.7418018438557591,0.9853511083552937,0.8688392928968437,0.8057974892051252,0.007170418412752477,0.0018647812796068715,0.6493095936092836,0.9940248686090183,SIRA
7617,38147,727.24,265.55717235828604,183.43259726768278,1.4477098199223504,0.7230973249853467,38558,220.38663505986983,0.7187511776010853,0.9893407334405312,0.9063892313038335,0.8299027780071677,0.006961416949125384,0.002036977736833632,0.6887386209440144,0.997093664900427,SIRA
7618,38169,735.3589999999999,276.2176728125869,176.64752999076012,1.5636656387272156,0.7687720385222375,38731,220.45017619180175,0.771028603749192,0.9854896594459218,0.8869963276237213,0.7981030827863672,0.00723670184737842,0.0018111582401713047,0.6369685307531029,0.9960058044891869,SIRA
7619,38180,740.0169999999999,272.92339206879404,178.76282285642003,1.526734629201971,0.7556352259280853,38709,220.4819398907505,0.7186688250574107,0.9863339275103981,0.8761175797748871,0.8078528491803848,0.007148333998658828,0.0018780780765773953,0.6526262259288655,0.996387059050988,SIRA
7620,38216,720.9789999999999,269.4453393100549,181.16528664277823,1.4872901111643277,0.7402208780748009,38640,220.5858618352477,0.786434539243528,0.9890269151138716,0.9238678664392689,0.8186664590305499,0.0070505897872633165,0.0019535889976213276,0.670214771141619,0.9968038014751929,SIRA
7621,38223,740.064,272.0210571477828,180.2044774055394,1.509513309903037,0.7490927119142545,38917,220.6060631950358,0.7424248310154611,0.9821671762982758,0.876992899256885,0.810988919417314,0.007116685167249635,0.0018989660403905394,0.6577030274176625,0.9928114738504837,SIRA
7622,38232,723.542,264.63266961403315,184.59960295251682,1.4335495059656365,0.7165174064386127,38705,220.63203365403388,0.7828009828009828,0.9877793566722646,0.917718294835249,0.83372938789389,0.0069217584644808835,0.0020629877235069133,0.6951046922379206,0.9964669881520668,SIRA
7623,38236,748.428,270.8328979021091,180.60699780428277,1.4995703444204351,0.7451851014379117,38938,220.64357509905807,0.6976099251961321,0.981971339051826,0.857792536620081,0.8146852794035692,0.0070831911785257115,0.0019247228527946528,0.6637121044768717,0.9952829891063942,SIRA
7624,38251,730.562,270.98539375332876,180.03839361846036,1.5051533637186545,0.7473912863615279,38642,220.6868501421521,0.7813023407818946,0.9898814761140727,0.9006135981364394,0.8143865139205172,0.007084400244525078,0.0019222290884208537,0.6632253940556129,0.998255932766436,SIRA
7625,38273,746.449,280.91082988826184,173.86253611586966,1.615706501031657,0.7854506492972066,38743,220.75030485969637,0.7313498433081098,0.9878687762950726,0.8631814293930945,0.7858376444493237,0.007339660593323279,0.0017265813960704454,0.6175408034336617,0.9977646907600798,SIRA
7626,38278,743.116,282.0458624875159,173.58218308639545,1.6248549100637582,0.7881840781845816,38714,220.7647238427656,0.7329580269607843,0.9887379242651237,0.8710556011788944,0.7827263335676028,0.007368354210970162,0.0017060432571386634,0.6126605132601822,0.9954844431729896,SIRA
7627,38326,752.9409999999999,293.01840933802134,167.6879487949371,1.7474029078639923,0.8200597836577387,38888,220.90309819357412,0.7403701271104586,0.9855482411026538,0.8495353721451576,0.753888121543735,0.0076454211067688085,0.0015233818463726869,0.5683472998047413,0.993131724355453,SIRA
7628,38348,739.8879999999999,281.19185338571987,174.75489959794714,1.6090642038228897,0.7834306306831975,38760,220.96649081139887,0.8149438966337981,0.9893704850361197,0.880279555179484,0.7858210974138431,0.007332634123962655,0.0017247832101300882,0.6175147971406967,0.9936209554100485,SIRA
7629,38369,731.627,274.2813142188008,178.90824120302045,1.5330837326132642,0.7579780207951404,38846,221.02698498586875,0.8119392246487218,0.9877207434484889,0.9007637407757799,0.8058404766485486,0.007148513493153348,0.0018594813003878932,0.6493788738051601,0.9955521877334128,SIRA
7630,38383,736.7629999999999,273.19841795047466,179.4424355740518,1.5224850079441319,0.7540466047666058,38823,221.0673052388565,0.8137508480325645,0.9886665121191046,0.8885731065885476,0.8091822306194011,0.007117693196219021,0.0018823673258898863,0.6547758823501895,0.9968864644415544,SIRA
7631,38396,732.799,269.9425882885551,181.73559931060734,1.4853588912274238,0.7394258853778172,38877,221.10473889008193,0.7072649572649573,0.9876276461661136,0.8985166122962578,0.8190806063314917,0.007030487245769224,0.0019519638028676505,0.670893039668364,0.9965169415339974,SIRA
7632,38401,726.644,266.6272652383829,183.75932810415648,1.4509590777740333,0.724571809121539,38793,221.11913476082296,0.7413320463320463,0.9898950841646689,0.9139217525783371,0.829319291720325,0.006943237552104969,0.0020259506368651833,0.6877704876195017,0.9979268324365894,SIRA
7633,38404,724.3119999999999,264.8595560433555,185.260537571145,1.4296598699096528,0.7146648293300883,38845,221.12777183341126,0.7826689492133366,0.988647187540224,0.919888022719312,0.834886893026485,0.006896665869267667,0.0020669478568386785,0.6970361241474174,0.9965245745709254,SIRA
7634,38425,722.26,270.56238270955674,181.16066897914516,1.493494058253358,0.7427482440175749,38800,221.18822189811243,0.7980932995472105,0.9903350515463918,0.9256282763411311,0.8175128400445583,0.007041311196084756,0.0019400442310009399,0.6683272436377197,0.9981427673417788,SIRA
7635,38433,742.29,285.77567766520093,171.78794357256132,1.6635374504293572,0.7991522770442666,38911,221.21124614902948,0.7276221128360469,0.9877155560124387,0.8765302935323483,0.7740730350334027,0.007435684897489161,0.0016467531243290973,0.5991890635658236,0.996773447129444,SIRA
7636,38435,739.2560000000001,271.61895345179636,180.79544902149033,1.5023550367106324,0.7462893896448058,38982,221.2170018373271,0.7003462099125365,0.9859678826124878,0.8837858283545291,0.8144387533566799,0.007066968998355571,0.0019179914673322857,0.6633104829691828,0.996527844991714,SIRA
7637,38439,728.262,266.15267222315214,184.630303856046,1.4415438130387748,0.7202633496166643,38863,221.22851276468617,0.8078814627994956,0.9890898798342896,0.9107656569444901,0.8312090610129216,0.006924026957599108,0.002038823299746143,0.6909085031099829,0.9959748780340769,SIRA
7638,38449,746.2419999999998,284.78895070576215,172.92573368005438,1.646885889364946,0.7945439769149855,38944,221.25728746308508,0.8048775382038936,0.9872894412489729,0.8676319499836656,0.776916684845977,0.007406927376674611,0.001664622047985263,0.6035995351920632,0.9940595573350489,SIRA
7639,38455,726.509,271.25971578336095,181.52251988798128,1.494358473817778,0.743097216767271,38754,221.27455048602104,0.7913528419146396,0.9922846673891728,0.915547080922534,0.8157294932165302,0.007053951782170354,0.0019266237451518533,0.6654146061032973,0.9943679552325811,SIRA
7640,38465,739.18,268.19484162118613,183.42759735231422,1.4621291751756265,0.729543794619274,38966,221.30331919842058,0.7842957344425414,0.9871426371708669,0.8846575442536506,0.8251587460097467,0.006972438362698196,0.001993950970803601,0.680886956116378,0.9955446835342827,SIRA
7641,38466,727.0299999999999,264.7554812685754,185.9890670158894,1.4235002385702427,0.7116899266257659,38879,221.30619586397208,0.8102881698685541,0.9893772987988374,0.9144968788373733,0.8358890052193966,0.0068828441030670045,0.002072727201304724,0.6987104290466724,0.9946144624394546,SIRA
7642,38485,732.243,264.9352079668752,185.6659610731543,1.4269455016716177,0.7133601524056795,38984,221.36084540661824,0.735330645623555,0.987199876872563,0.9019675174778564,0.835528230110869,0.006884116096320001,0.0020695334996475084,0.6981074233122011,0.9961612473789093,SIRA
7643,38487,721.5169999999999,264.2667911966653,185.73301647458396,1.4228315256637638,0.7113638783883252,38851,221.36659720522923,0.7435808265229236,0.9906308717922319,0.9290322444171921,0.8376633182051616,0.006866391020257887,0.002085385193291113,0.7016798346664819,0.998372189686008,SIRA
7644,38488,748.479,286.4139234221608,171.33842567746416,1.6716269119999994,0.8013322018706804,39028,221.3694730484918,0.6795197740112995,0.9861637798503639,0.8633282816372765,0.7729005294278362,0.0074416421591706715,0.001638109633884515,0.5973752283898296,0.998588508338585,SIRA
7645,38491,745.4659999999999,278.8028218215958,176.66239210219527,1.5781673649042098,0.7736228379975923,39247,221.37810035412525,0.7263412148774366,0.9807373812011109,0.8703889670406514,0.7940310607608689,0.007243324980426484,0.0017761011650617967,0.6304853254530308,0.9950113646809827,SIRA
7646,38496,727.03,268.630201097971,182.6817648121934,1.4704817493641864,0.7331664391923516,38871,221.3924784497541,0.8011988011988012,0.9903527051014895,0.9152101036687856,0.8241533436853251,0.006978132821539147,0.0019858712756698755,0.6792287339077016,0.9987934568550184,SIRA
7647,38503,758.002,294.75825488241014,167.3018546541905,1.7618349509135414,0.8233113185984805,39024,221.4126062150436,0.7578137301212408,0.986649241492415,0.8421001220294568,0.7511667698785,0.007655462038864767,0.0015034764833666864,0.5642515161696994,0.9941180422937335,SIRA
7648,38509,733.994,272.17389682551254,180.77173915253198,1.5056219412474483,0.7475750396057472,38979,221.42985712908362,0.7632950783928961,0.987942225300803,0.8982290267900294,0.8135602264277374,0.0070677996526919045,0.0019099536455873846,0.6618802420251514,0.9965414148712392,SIRA
7649,38510,739.8530000000001,271.4731405554433,181.91538932833623,1.4923044254681812,0.7422667169147343,39082,221.43273215076204,0.691444474369333,0.985364106238166,0.8840819103638868,0.8156708678350393,0.007049419386015147,0.001924832386100893,0.665318964634766,0.9928584352723697,SIRA
7650,38523,732.1819999999999,271.4652247422965,181.13261665554282,1.498709783774271,0.7448422620802657,38880,221.47010403626192,0.7820976124736073,0.9908179012345679,0.9030085633342657,0.8158323197621528,0.007046835000968163,0.001925650604422046,0.6655823739684954,0.9975148157742899,SIRA
7651,38542,732.2479999999999,267.54107018784447,183.87823342371868,1.4549904314739517,0.7263833759785019,38941,221.5247131432126,0.7934370882740448,0.9897537300017976,0.9032910824500755,0.8280026426883801,0.006941546110420955,0.0020126250194550197,0.6855883762989414,0.9975245274447226,SIRA
7652,38555,727.766,261.7851275418736,187.8709618789091,1.3934304957176156,0.6964005559865145,38992,221.56206951385926,0.7728466333914648,0.9887925728354534,0.9147597498298801,0.8463508664311707,0.006789913825492766,0.002149046426251513,0.7163097891087935,0.9981279045252468,SIRA
7653,38579,729.013,278.62622832239975,177.29519663211417,1.5715385053580808,0.7714259371649859,38848,221.63101857893864,0.6959949485837994,0.9930755766062603,0.9122004548572263,0.7954420512145336,0.007222225260437019,0.0017835487231929177,0.6327280568403847,0.994356504745061,SIRA
7654,38589,734.308,269.0442127372645,184.14832555475445,1.4610190558440197,0.7290562649725532,39252,221.65974102616195,0.7760014478764479,0.9831091409354937,0.8993254195431802,0.8238784948056997,0.006972044176767071,0.0019814930824717863,0.6787757742033056,0.9917043407563069,SIRA
7655,38595,749.143,291.1087898190275,169.35420703684258,1.718934503680192,0.813363552532779,38986,221.6769727081584,0.8050688360450563,0.9899707587339045,0.8641944196995353,0.7614918561750316,0.007542655520638101,0.0015644622518711819,0.5798698470208952,0.9967582876879713,SIRA
7656,38607,754.254,287.6272745372646,171.71060486900134,1.6750699513096265,0.8022486816402675,39130,221.71143205434947,0.7890573904512753,0.9866342959366216,0.8527872047603436,0.7708289570627102,0.007450132735961474,0.001622466944475601,0.5941772810463853,0.9952885092316551,SIRA
7657,38611,741.171,284.0497022954876,174.04059026883897,1.6320888239732956,0.7903064665246042,39096,221.72291731295925,0.6731345885634589,0.9875946388377328,0.8832508769382797,0.7805778901408887,0.007356704107520851,0.0016847211746650126,0.6093018425768014,0.9944347276959339,SIRA
7658,38612,742.726,276.8687885777743,178.39130169246476,1.5520307657997723,0.7647584214673805,39059,221.725788534654,0.765625,0.988555774597404,0.8795791117741748,0.8008334549864573,0.007170537360866422,0.0018192831454981455,0.6413342226255463,0.9953704446751281,SIRA
7659,38619,721.6239999999999,268.42155002371004,183.53488503306372,1.462509702040318,0.7297105798422746,39087,221.7458860455527,0.7847795163584638,0.988026709647709,0.9319421417036968,0.8261105936761247,0.006950504933419043,0.001996865824390071,0.6824587129839192,0.9981024889809306,SIRA
7660,38629,757.856,298.82122564319417,165.8993752459955,1.8012197164703136,0.8317306559399984,39215,221.77459361607362,0.6843774360428034,0.9850567384929236,0.8451814235174463,0.7421647948157549,0.007735670756250334,0.001447701876855081,0.5508085826639116,0.9921272790953064,SIRA
7661,38631,755.4709999999999,287.8486583081639,171.45639496176207,1.6788446903503336,0.8032457918988458,39158,221.78033468426383,0.7845132204215913,0.9865417028448848,0.8505703090258482,0.7704754852351303,0.007451234974713674,0.001619732595042023,0.5936324733483095,0.9966167259003452,SIRA
7662,38651,728.81,266.6288674606806,184.93561273854056,1.4417389031372605,0.7203537447323684,39139,221.83773719446106,0.7471968759665945,0.9875316180791538,0.9144120759192303,0.8320094493413214,0.006898369187360757,0.002039103315690867,0.6922397237932488,0.9980289400897188,SIRA
7663,38660,721.558,268.65607609190647,183.56420756332827,1.4635537050392688,0.7301673041342339,39051,221.863563478687,0.7985623399157233,0.9899874523059589,0.9331022173720608,0.8258274545884015,0.0069492001058434165,0.001993755267588164,0.6819909847519584,0.9981304325371082,SIRA
7664,38681,746.0279999999999,273.5850851333966,180.63486183322885,1.5145752174128162,0.7510449016260933,39215,221.92381312040587,0.7187105165366034,0.9863827616983297,0.8733680527164294,0.8111692675505269,0.0070728545056590215,0.0018889499048875245,0.6579955806184583,0.9965837995718737,SIRA
7665,38687,722.284,266.1242826828645,185.41044890657932,1.4353251623750372,0.7173565447437834,39030,221.94102429963064,0.8038189033638763,0.9912118882910581,0.9318777201499783,0.8339750963804899,0.0068789071957728555,0.002052634111699672,0.6955144613828476,0.9982894072185219,SIRA
7666,38688,760.8889999999999,294.46263180321546,168.89627300845447,1.7434525141266763,0.8191533616034177,39324,221.94389269974062,0.7157287157287158,0.9838266707354287,0.8397374692153222,0.7537251546677137,0.007611213601199738,0.0015152549490769958,0.5681016087788691,0.9904581781049288,SIRA
7667,38697,725.98,263.6656252560035,187.3911707452123,1.4070333421124643,0.7034798415467468,39177,221.96970663272182,0.7915439371624938,0.9877479133164867,0.9226518321911888,0.8418606195525205,0.006813593437630915,0.002111138652177276,0.7087293027533537,0.9972057595060878,SIRA
7668,38709,747.193,278.3041772407828,177.99681454402926,1.5635345944460233,0.7687274466190261,39155,222.00412054093368,0.7206501098410097,0.9886093730047248,0.8712769541665379,0.7977031561005299,0.00718965039760218,0.0017957785388726497,0.6363303252527464,0.9949244770277588,SIRA
7669,38713,734.278,269.8887040485971,183.18764980088284,1.4732909360535746,0.7343670452839762,39159,222.01559065825165,0.7263227016885554,0.9886105365305549,0.9022889918895345,0.8226190549207822,0.006971526465233826,0.001969258386922016,0.676702109518761,0.9969790843623239,SIRA
7670,38726,745.109,285.84073727904985,173.50256687230797,1.6474726710494085,0.7947092076635338,39230,222.05286444766685,0.7446162128903245,0.987152689268417,0.876542315679446,0.7768412108134518,0.0073811066797255034,0.0016581746482803078,0.6034822668181099,0.9942205420457834,SIRA
7671,38749,729.7429999999999,268.5252537245048,184.33661373728586,1.456711438277821,0.7271508026858011,39196,222.11879506008225,0.8188715131022823,0.9885957750790897,0.9143879361658904,0.827180281851503,0.006929862802253085,0.002001267267965209,0.684227218683932,0.9967216158379038,SIRA
7672,38751,739.5509999999999,271.1629633226162,182.2863325032997,1.4875660703618998,0.7403341552431728,39175,222.12452723198373,0.7929404542664211,0.9891767708998086,0.8903413034812356,0.819155110676789,0.006997573309659523,0.0019435324685959834,0.6710150953479026,0.998179288540195,SIRA
7673,38759,738.453,279.36907163078627,177.74901166073178,1.5717053446351417,0.7714816485745386,39350,222.14745444049132,0.7946977774132699,0.9849809402795425,0.8931753096213556,0.7951755473278769,0.007207850347810477,0.0017776145228196834,0.6323041510681886,0.9937958136688584,SIRA
7674,38760,738.594,271.1452449338988,182.28295998875222,1.4874963899567455,0.7403055600528147,39191,222.15032017517981,0.7204594880945743,0.9890025771222984,0.8928573575569526,0.819303765512601,0.006995491355363747,0.0019443649804774734,0.6712586601831272,0.9984948337496035,SIRA
7675,38768,743.03,278.59068268661184,178.0659992729189,1.5645360923711233,0.7690678876610533,39158,222.17324472197996,0.6876685114233007,0.9900403493538996,0.8824102884574517,0.7974898606781614,0.0071860989137074865,0.0017929725225999814,0.6359900778844733,0.9950294312401802,SIRA
7676,38769,741.738,275.5039579632178,179.8417253620041,1.5319245709451175,0.757553005734317,39293,222.17611012401292,0.7082260097550283,0.9866642913496042,0.8855098678516047,0.8064352750738899,0.007106295183347979,0.0018539630392922855,0.6503378528835007,0.9962685362479256,SIRA
7677,38771,740.232,275.7195670034337,179.40991110709487,1.5368134642174194,0.7593374339465235,39185,222.18184081721662,0.7088970964674907,0.9894347326783208,0.8891625353960585,0.8058254378966497,0.007111489695995299,0.0018497125334070068,0.6493546363613273,0.997936948212094,SIRA
7678,38780,742.106,279.83945507761126,177.8766253996763,1.5732221951525762,0.7719871625653848,39473,222.20762710768864,0.798040910400461,0.9824436956907253,0.8848828598835263,0.7940539587102223,0.007216076716802766,0.0017696238604209716,0.6305216893433755,0.991950716200096,SIRA
7679,38787,733.5649999999999,263.3797774818962,187.72997616303186,1.4029713467452165,0.7013948586531237,39257,222.2276810427602,0.7364433811802232,0.9880276129097996,0.9057719142867718,0.8437537732297437,0.006790413733516287,0.0021229458215312044,0.7119204298394296,0.998803964227258,SIRA
7680,38800,748.071,266.3659965047958,187.41223932645502,1.421283889793401,0.7106069466911246,39503,222.26491926465658,0.7221291643402196,0.9822038832493735,0.8712764018679594,0.8344342828333,0.006865103002700923,0.002053030378961795,0.6962805723675237,0.9896123602820899,SIRA
7681,38806,743.685,269.71966565932394,183.86119965989946,1.4669743597792395,0.7316549452918022,39305,222.2821040322246,0.7702048269291839,0.9873044141966671,0.8817200152794314,0.8241227182632781,0.006950462960864916,0.0019777028590117793,0.6791782547576546,0.9963370854490916,SIRA
7682,38806,746.919,280.8198072905355,177.46816817344978,1.5823671939639015,0.7749972805842622,39462,222.2821040322246,0.7661296691147438,0.9833764127515078,0.8741012256281926,0.7915470998178276,0.007236504852098528,0.0017523290809521384,0.6265468112300139,0.9914271195730674,SIRA
7683,38828,758.732,291.5890097473239,171.3388383137353,1.7018266997550247,0.8091487259949185,39668,222.34510348324943,0.6820904699165569,0.9788242412019764,0.8475748916312671,0.762529094206679,0.007509761248257029,0.0015661435561871557,0.5814506195116586,0.9895281888740403,SIRA
7684,38857,752.3960000000001,280.85777019464257,176.36550024599055,1.5924756814848062,0.7782512039354633,39375,222.4281209509585,0.6977124183006536,0.9868444444444444,0.8625537652751976,0.7919600045133498,0.007227983894655855,0.0017539206313131241,0.627200648748785,0.9988017805439341,SIRA
7685,38858,753.174,280.91596168428595,176.5629747883823,1.591024177186496,0.7777886064361695,39287,222.43098306962307,0.6908088888888889,0.9890803573701225,0.8607948677023313,0.7918061392310893,0.007229295426534715,0.0017528759976084046,0.6269569621240433,0.997503684794751,SIRA
7686,38878,740.671,276.63375788266825,179.88477775747302,1.537838617204373,0.7597089262273042,39485,222.48821771099173,0.7227065712426806,0.9846270735722427,0.8905598221882619,0.8042699467118476,0.007115431809318078,0.0018364892321170196,0.6468501471838781,0.9947511358837003,SIRA
7687,38883,732.331,267.1679014185933,185.706400620961,1.4386574750533268,0.7189203270985101,39288,222.50252407093572,0.8004570158102767,0.9896915088576664,0.9110763902665545,0.8328190732850173,0.006871072227415408,0.002038951652634009,0.6935876088273148,0.9978349980437793,SIRA
7688,38923,740.031,265.95252353849736,186.7242824859309,1.424306040959274,0.7120820085715825,39422,222.6169418524267,0.788425700858856,0.9873420932474253,0.8931334287850407,0.8370551965084184,0.006832785847403781,0.002069159453627054,0.7006614020017472,0.997956267538083,SIRA
7689,38945,741.576,270.427231442214,184.22760625975351,1.467897439110849,0.7320540960279804,39546,222.67984657285652,0.8061144229177016,0.9848025084711475,0.889918510028687,0.8234372159389564,0.006943824147957736,0.0019692481320718134,0.6780488485932994,0.9953061684421639,SIRA
7690,38953,726.039,270.948688860201,183.32959064686094,1.4779321107093757,0.7363314017817991,39343,222.70271661133546,0.7885222672064778,0.9900871819637547,0.9286046947728023,0.8219368676341572,0.006955784891027675,0.001958302370204603,0.67558021437625,0.9984616921865839,SIRA
7691,38970,749.433,276.17992576341265,180.1700485682718,1.532884782782083,0.757905159857686,39525,222.75130764673256,0.7887067395264117,0.9859582542694497,0.8719159948155847,0.806544165116297,0.007086988087334171,0.0018499248239037995,0.6505134902831446,0.9971622302494928,SIRA
7692,38973,746.316,280.1364234172218,177.6329681195516,1.5770519762338413,0.7732555544449448,39456,222.7598814350634,0.7858410291567528,0.9877585158150851,0.8792820283610145,0.7951835706251431,0.007187961496862489,0.0017727810418952232,0.6323169109921518,0.9971966340862511,SIRA
7693,38998,747.7629999999999,281.3657909086783,177.6182350312452,1.5841041932388453,0.775561833752494,39652,222.83131684209442,0.7680097680097681,0.9835065066074852,0.8764441666582612,0.7919630745530747,0.007214877452912414,0.0017507674091404959,0.6272055114555589,0.9935588807192655,SIRA
7694,39004,729.5609999999999,278.13586145553666,179.22686499838812,1.5518647913527812,0.7647003581104689,39379,222.84845793240368,0.8224354243542435,0.9904771578760253,0.9208646292888149,0.8012215928079043,0.007130957375026578,0.0018127511237611285,0.6419560407816352,0.9962289772852497,SIRA
7695,39009,729.6789999999999,265.69245536575363,187.31183443443382,1.4184499135785036,0.7092123421238519,39413,222.86274116723496,0.7660840534171249,0.9897495750133205,0.9206848275070582,0.8387996597812344,0.006811055278672963,0.0020798267054357427,0.7035848692491147,0.9979998969815493,SIRA
7696,39009,729.669,259.62636111851793,191.58257501680313,1.3551668835004795,0.6748920231680504,39404,222.86274116723496,0.7885544482403121,0.9899756369911684,0.9207100633643144,0.8583979693244609,0.006655550286306184,0.002229043059908234,0.7368470737403581,0.9985507525371692,SIRA
7697,39025,763.6129999999999,287.77588100877955,173.83570575531556,1.6554474798971495,0.796934081361858,39672,222.90844136840067,0.6693825042881647,0.9836912684008873,0.8410196617235308,0.7745904228909306,0.007374141729885446,0.0016374940675105566,0.5999903232343508,0.9932524685609819,SIRA
7698,39028,733.184,272.16763904797097,183.20536678729636,1.4855876976789708,0.7395202808917083,39505,222.9170091130866,0.7669693039342845,0.9879255790406277,0.9123473237536599,0.8190430349943122,0.006973650687915623,0.0019358283171723373,0.6708314931726941,0.9965790134729686,SIRA
7699,39030,740.165,275.8259887168829,181.06420044387662,1.5233601564566541,0.7543751200418475,39538,222.92272075993824,0.7686399621883493,0.9871516009914513,0.8952644213534883,0.8082005680355003,0.007067025076015447,0.0018599145866147354,0.6531881581729054,0.9950408148299111,SIRA
7700,39046,762.1030000000001,293.4847372448375,170.06528439686045,1.7257180869434132,0.814994336245223,39616,222.96840866752663,0.7947486260940362,0.9856118739903069,0.8448100497422694,0.7597274419129907,0.007516384194151449,0.0015446140760700681,0.5771857859956566,0.996059950419355,SIRA
7701,39054,745.459,281.2519358452778,177.58172637525286,1.5837887241334536,0.7754594696733915,39476,222.9912491110067,0.7161929213277095,0.9893099604823183,0.8831365541954165,0.7928523174101051,0.007201616629417673,0.0017554115876189744,0.628614797222574,0.99559302766455,SIRA
7702,39054,743.2829999999999,285.56761424851874,174.92372814373692,1.6325264575533425,0.790433779919278,39578,222.9912491110067,0.7351202800888453,0.9867603213906716,0.888314980416033,0.7808702317236359,0.007312122042518532,0.0016770216222028573,0.6097583187921248,0.9954465881413892,SIRA
7703,39058,734.229,270.1982913070772,184.26373955834336,1.4663671319962788,0.7313918424354946,39454,223.0026684554828,0.7175558495002939,0.9899629948801135,0.9104514611847405,0.8253296768706907,0.006917873196453409,0.0019799863955145044,0.6811690755234787,0.9988439436799201,SIRA
7704,39060,746.25,276.00277691575513,180.89891890513167,1.5257292779096072,0.7552608984590687,39642,223.00837790844417,0.8143098380136343,0.9853186014832753,0.8814007479216192,0.8079932397800239,0.007066123320935871,0.0018577697377527376,0.6528530755302192,0.9960770515097875,SIRA
7705,39069,731.629,267.70071925001236,186.00382007871016,1.4392216199470043,0.7191836585628641,39440,223.03406863808516,0.7866980790141356,0.9905933062880324,0.9171921651708607,0.8331470653606579,0.0068519982402931315,0.002036496561606163,0.6941340325190762,0.9990127067424512,SIRA
7706,39069,746.275,275.189271734844,181.2007609535202,1.5186982123404702,0.7526168907636399,39487,223.03406863808516,0.7791671652506881,0.9894142375971838,0.8815447696859985,0.8104751585410187,0.007043673289176687,0.0018747259828920347,0.6568699826120892,0.9975872683330957,SIRA
7707,39092,758.227,276.1569331252232,181.05275874781867,1.5252843151087878,0.7550949275382218,39649,223.09970928440714,0.6977474743868918,0.9859517263991525,0.8544748085530585,0.8078729248605999,0.007064282541830123,0.001856179778747402,0.6526586627228205,0.9954900213709945,SIRA
7708,39102,749.899,286.7013028196516,173.97071165700677,1.6479860321828173,0.7948535912008378,39544,223.12824267276056,0.7252527126031717,0.9888225773821566,0.8737823873438236,0.7782603025460215,0.007332139093132105,0.0016592429154950166,0.605689098519025,0.9981671742047554,SIRA
7709,39106,752.94,281.2942917622577,178.00820333635235,1.5802321830682315,0.7743002479640657,39692,223.13965500648527,0.7785077241598981,0.9852363196613927,0.8668271802185793,0.7932605159121993,0.007193123606665415,0.0017569550000116933,0.6292622461052886,0.9943804528853789,SIRA
7710,39114,725.8519999999999,267.87658204649074,186.55768290610163,1.4358914512318348,0.7176233008417493,39605,223.16247792308442,0.7417085427135678,0.9876025754323949,0.9329232999809622,0.8330794585259936,0.006848611291263761,0.002034829309673446,0.694021384217963,0.9965393725706576,SIRA
7711,39120,734.947,278.3169499041366,179.57551301262745,1.5498602522971259,0.7639972803134586,39542,223.17959357889234,0.7703213610586012,0.9893278033483385,0.9101158276668961,0.8018900525309876,0.007114441459717193,0.0018145956991967463,0.6430276563481501,0.9966030057017734,SIRA
7712,39120,750.2719999999999,282.67840870679004,176.7750284136125,1.5990856358138337,0.780338484314112,39650,223.17959357889234,0.7085929575423852,0.9866330390920555,0.8733156285260602,0.7895176522321051,0.007225930692913856,0.0017318925041557728,0.6233381231860954,0.996771039042039,SIRA
7713,39175,748.177,288.9841472257695,173.46473448825606,1.665953302141274,0.7998072446258742,39848,223.33642596988068,0.7910146390711762,0.9831108211202569,0.8794479940662614,0.7728327941649983,0.007376749131481034,0.0016232557392481725,0.5972705277368786,0.9950248079549143,SIRA
7714,39176,734.7289999999999,273.4148496726877,182.95847067931012,1.4944093523383766,0.7431177329375,39576,223.3392764485117,0.799608115279422,0.9898928643622398,0.9119595826773337,0.8168513038552119,0.006979141557910141,0.0019166984707722297,0.6672460526099597,0.9971387413311881,SIRA
7715,39180,732.81,265.8154504665307,188.26604326787432,1.4119139375990135,0.7059532172218038,39663,223.3506779992478,0.8077684314695696,0.9878224037516072,0.916835712237008,0.8402471624852758,0.006784467852642437,0.0020860454661894502,0.7060152940645574,0.9968328338478148,SIRA
7716,39185,733.6639999999999,267.99397661397353,186.34031685015577,1.4381964200988182,0.7187048140250327,39655,223.3649291192495,0.7890656463954894,0.9881477745555416,0.9148192540066935,0.8334699605618038,0.006839198076150913,0.002035845198562043,0.6946721751588948,0.9990750354557818,SIRA
7717,39210,745.8349999999999,280.96391085946436,178.03731474054524,1.5781181111887395,0.7736066394745306,39690,223.4361710848665,0.7950121654501217,0.9879062736205594,0.8857704480065497,0.7952486509793326,0.007165618741633878,0.0017678492315852628,0.6324204168844484,0.9980341137708808,SIRA
7718,39213,740.2139999999999,268.2545976297569,186.72200473746852,1.4366523003377314,0.717981054311567,39668,223.44471859433136,0.7581200216533911,0.9885297973177373,0.8993429689726492,0.8329576475804831,0.00684096084537671,0.002031367720864753,0.6938184426628125,0.9967758616682718,SIRA
7719,39215,744.67,285.5908605252948,175.0477874951786,1.631502257822944,0.7901356337460447,39613,223.45041675232875,0.7991970326893291,0.989952793274935,0.8886574113174139,0.7824144524139551,0.007282694390546851,0.001683523969903083,0.6121723753462294,0.998760612554208,SIRA
7720,39235,734.1299999999999,275.39885759118465,181.88884273892958,1.5141052823480368,0.7508647020865742,39649,223.50739034243165,0.7501481750568801,0.9895583747383289,0.9148240587028132,0.8115770424662284,0.0070192139057266385,0.001878396428366094,0.6586572958582303,0.9972764909160202,SIRA
7721,39236,738.237,273.1857743150089,183.22241994073323,1.491006255693905,0.7417395836219508,39719,223.51023864071382,0.7925824175824175,0.9878395730003273,0.9046966327923948,0.8181620701193082,0.006962630602380695,0.0019244670714511874,0.6693891729819117,0.9980634444097999,SIRA
7722,39241,753.1709999999999,287.31688874909565,174.23518275161416,1.6490176335894702,0.7951432438090259,39756,223.5244795877009,0.809026059706416,0.9870459804809337,0.8692861314000265,0.7779719478408297,0.007321854406082812,0.0016544612558337395,0.6052403516272546,0.9980520123932343,SIRA
7723,39241,750.376,281.97573385028863,178.40040157373448,1.5805779099311361,0.774413354263981,39790,223.5244795877009,0.8020152060170046,0.9862025634581553,0.875774024737223,0.7927082112192616,0.007185742816194506,0.0017502692361993414,0.6283863081344415,0.9932135175404785,SIRA
7724,39247,735.218,270.9784709684809,185.00922984003086,1.4646754175604308,0.730656619257347,39701,223.54156752653614,0.7812680402110083,0.9885645197853958,0.912397458931535,0.8249421687545708,0.006904437816100107,0.0019724322812983623,0.6805295817894949,0.9967549493697538,SIRA
7725,39247,771.5889999999999,275.1653268964648,182.29158351690816,1.5094790532166413,0.749079416019209,39984,223.54156752653614,0.788472356155577,0.9815676270508203,0.8284079807785517,0.812390027652892,0.007011117458569185,0.0018837590005292618,0.659977557029867,0.9962222979296755,SIRA
7726,39255,754.3649999999999,293.32980378045886,171.31074251586267,1.7122674239375135,0.8117386047365888,39769,223.5643494132703,0.7163974815220366,0.9870753602051849,0.8668456715143285,0.7621603619269314,0.007472418896458002,0.0015553438150523343,0.5808884172925911,0.9946363138727244,SIRA
7727,39266,742.046,269.82323132891764,185.9702506037026,1.4508945944472775,0.7245426725669943,39665,223.59567071741552,0.6966503441913278,0.9899407538131855,0.8961173162334761,0.8286746460494716,0.006871676038529966,0.0019988428238086184,0.686701669005217,0.9963317395575927,SIRA
7728,39300,747.1550000000001,280.18771710820226,179.00450720105985,1.5652550960266733,0.7693118043399809,39731,223.6924542940416,0.6980957794514708,0.9891520475195691,0.8846693888445502,0.7983663830904356,0.007129458450590389,0.0017866738134836965,0.6373888816489042,0.9976761951516895,SIRA
7729,39316,734.7539999999999,270.11875742515394,185.6428376702738,1.4550454023166817,0.7264079430919418,39728,223.73798501999534,0.794760354969779,0.9896294804671768,0.9151562969367303,0.8282948846378798,0.006870453693792704,0.0019948263517700574,0.6860724159172786,0.9982665144367345,SIRA
7730,39319,743.3870000000001,264.11961663018445,189.97880507350388,1.3902583318596782,0.6947091288656182,39830,223.74652099963893,0.7525167464114833,0.9871704745166959,0.8940924009147025,0.8471408669085144,0.006717353356651605,0.0021340298467813525,0.7176476483865092,0.9977156225088492,SIRA
7731,39320,736.4590000000001,271.2158664815388,185.22151225428107,1.4642784371029243,0.7304836138654097,39800,223.74936625382117,0.7671446688127987,0.9879396984924623,0.9110164634246203,0.8249862707388891,0.00689765682811645,0.001970916525643806,0.6806023469076595,0.99659134081853,SIRA
7732,39330,739.6659999999999,272.6571891754036,183.8340800826559,1.4831699816095625,0.7385200152988602,39753,223.77781680594248,0.7870722433460076,0.989359293638216,0.9033634150666051,0.8207295669801085,0.006932549940895082,0.0019403187777273397,0.6735970221153562,0.999058882903089,SIRA
7733,39344,764.8,294.0574599112954,170.85021684671614,1.7211418594517716,0.8138966804388642,39803,223.8176415032118,0.7276628012354583,0.9884682059141271,0.845264475321828,0.7611357371131753,0.007474010266147199,0.0015473262990192565,0.5793276103108167,0.9971050004421104,SIRA
7734,39345,834.3489999999999,271.2153929157197,186.43185445162962,1.454769592425459,0.7262846439726615,40593,223.82048585329488,0.7084593777009507,0.9692557830167763,0.7102380153975838,0.8252499367646408,0.0068932619879456015,0.0019721799823744475,0.6810374581300437,0.9907525853903143,SIRA
7735,39367,733.025,260.76152742803464,192.52214604929205,1.3544495154405305,0.6744644485195891,39822,223.88305241261375,0.7989081905998864,0.9885741549897041,0.9206713124528076,0.8585739415658291,0.006623860782585278,0.002220249451125716,0.7371492131358836,0.9984313945392659,SIRA
7736,39373,745.5250000000001,287.8294567608514,174.85639592499652,1.6460905261041403,0.7943196749547963,39750,223.90011298536132,0.7438130502134734,0.9905157232704402,0.8901925349837486,0.777891587279036,0.007310325775553079,0.0016511738150253399,0.605115321559498,0.9960745980195501,SIRA
7737,39374,740.9189999999999,272.9861882761614,184.31056802571754,1.4811206497831997,0.7376672512490137,39840,223.90295628776832,0.7457761951663004,0.9883032128514057,0.9013177776045639,0.8201988448633931,0.006933158639613994,0.0019354747658824956,0.6727261451152445,0.996388585179238,SIRA
7738,39375,746.1179999999999,271.99176829421936,184.91591441939948,1.4708943205252039,0.7333433206240964,39868,223.90579955406923,0.7909167604049494,0.98763419283636,0.8888232286260931,0.8232079998533834,0.006907727448742079,0.0019568308443378194,0.6776714110226081,0.9967830296554554,SIRA
7739,39389,745.439,278.27630196073505,181.0343667253683,1.5371462722483193,0.7594581374689875,39790,223.9456014919099,0.8017627422243935,0.9899220909776326,0.8907597776365543,0.8047598732410522,0.007064822716005358,0.0018278741251141312,0.6476384535789544,0.9955150346835561,SIRA
7740,39392,746.64,265.9159704596874,189.14466354691024,1.405886719049501,0.7028937466674021,39836,223.9541295582815,0.7252909117690381,0.9888543026408274,0.8879640628596714,0.8421988689552315,0.006750506967396613,0.002094955334135157,0.7092989348694713,0.9971939523689466,SIRA
7741,39395,735.469,276.9184076022403,182.24386115909115,1.5194937477784356,0.7529183600089302,39735,223.96265729992072,0.755112993808821,0.9914433119416132,0.9152130939481355,0.808767677234429,0.007029278020110173,0.0018551781820306578,0.6541051557391736,0.9939086945353143,SIRA
7742,39407,742.093,268.9489967862623,187.04110642239252,1.43791384648302,0.718572594862072,39861,223.9967650198961,0.7212775693236936,0.9886104212137177,0.8992212634637827,0.8328596414059488,0.006824904123284246,0.002025646173460265,0.693655182282846,0.9974163912892071,SIRA
7743,39415,739.9419999999999,271.55178256189697,185.11404761465292,1.4669431415987362,0.7316414291860779,39827,224.01950061487153,0.728652505869521,0.989655258995154,0.9046405205698356,0.8249605231879079,0.006889554295620879,0.0019683555853241518,0.680559864818467,0.9983426261428131,SIRA
7744,39419,742.776,274.0830960711474,184.58676600901484,1.4848469475745718,0.7392144780816939,39978,224.03086754712032,0.8171434494195688,0.9860173095202361,0.8978416360788156,0.8173830154376455,0.006953070754487618,0.0019145153301665726,0.6681149939259382,0.9920485093597329,SIRA
7745,39421,729.778,268.7413024228028,187.10209827068837,1.4363350539981845,0.7178319749309188,39773,224.03655079697342,0.777534516765286,0.9911497749729716,0.9301563753634995,0.8336513545822715,0.006817211699926506,0.0020310676274988833,0.6949745809968562,0.9982163523234848,SIRA
7746,39428,744.7979999999999,275.5565663030133,183.00338138726875,1.5057457638986738,0.7476235606160612,39885,224.05644103622194,0.7153120464441219,0.9885420584179516,0.8931771588649663,0.8131050696496206,0.006988854780942815,0.0018843972193250437,0.6611398542899144,0.995508534941625,SIRA
7747,39434,728.011,265.9602823693033,189.8956657054031,1.4005600463883359,0.7001456067386548,39831,224.0734884074562,0.7232942039618488,0.9900328889558384,0.9349853655353596,0.842507333844365,0.00674444089793841,0.00209614091913831,0.7098186075815404,0.994143581961706,SIRA
7748,39435,735.516,275.8602889585339,182.39019640589166,1.5124732271499595,0.7502372377306725,39841,224.07632950990416,0.770877316443819,0.9898094927336161,0.9160252816574277,0.8122819357431555,0.006995316063358283,0.0018785133456519895,0.659801943134648,0.9979327742126749,SIRA
7749,39451,754.844,275.0376296360391,183.42995292999575,1.499415036872438,0.7451232836647228,39918,224.1217822509604,0.7616023166023166,0.9883010170850243,0.870068539587353,0.8148767953953925,0.00697162631203364,0.0018961891915745019,0.6640241916738644,0.995647857842858,SIRA
7750,39451,742.1,278.384602266547,180.723853060841,1.5403866039356096,0.7606282672572934,39878,224.1217822509604,0.7998986212489863,0.9892923416420081,0.9002083085563365,0.8050796647020327,0.0070564650393284585,0.0018286154513491748,0.6481532665167374,0.9984066090394891,SIRA
7751,39461,737.8319999999999,282.58806117440895,178.47954412418304,1.5833078382236845,0.7753032870268212,39855,224.15018553370473,0.7778631973191406,0.9901141638439342,0.9108837977431166,0.7932047256425413,0.007161198681594713,0.0017486651604196465,0.6291737367816592,0.9961757090508864,SIRA
7752,39463,756.557,293.6881473456503,171.49770949287995,1.7124902030125557,0.8117932615163989,39969,224.15586575836852,0.7287719298245614,0.9873401886462008,0.8663964291759769,0.763244508790315,0.007442114064963391,0.0015578686527346435,0.5825421801985693,0.9975977764316247,SIRA
7753,39479,732.103,258.9186657708021,195.1284297231922,1.3269141054335458,0.6573008518847007,39880,224.20130237489587,0.7401387326584177,0.9899448345035106,0.9256176653629039,0.8659140186260714,0.00655838966971813,0.002274448262708391,0.7498070876531524,0.994929600961015,SIRA
7754,39480,750.41,285.25040089939836,177.49179439098071,1.6071188072562155,0.7828332636544993,40031,224.20414185769232,0.8057142857142857,0.9862356673577977,0.881028144791151,0.7859906284119974,0.007225187459457912,0.0017009766566518012,0.6177812679514867,0.9928478944954259,SIRA
7755,39489,747.39,281.88530845871867,178.9609375521399,1.5751219920637258,0.7726177763251892,39933,224.22969558478832,0.7755106048703849,0.9888813763053114,0.8883649893199524,0.7954642858502367,0.007138324810927566,0.0017630263831557873,0.632763430063227,0.9966795944662662,SIRA
7756,39491,777.711,300.82329747324303,168.06981230507384,1.789871085993719,0.8293701942728036,40200,224.23537379534102,0.6847516992648078,0.982363184079602,0.8204866362175682,0.7454056107980992,0.007617515319268771,0.001450653628967506,0.5556295246092874,0.994505220622599,SIRA
7757,39496,790.356,274.55071261648794,183.84628829121775,1.4933709849044752,0.7426984955030926,40281,224.24956869269556,0.7271656080272485,0.9805119038752762,0.7945431156478512,0.8167874217319675,0.006951354886988251,0.0019084702234587073,0.6671416922995551,0.9962900461002249,SIRA
7758,39498,740.1969999999999,279.5047389758598,180.44779746735577,1.5489506821296841,0.7636771401081291,39951,224.25524640005514,0.7950483091787439,0.988661109859578,0.9059210026306492,0.8023307483864291,0.0070764276412947445,0.0018088709258303219,0.6437346298063276,0.9971131939490109,SIRA
7759,39528,745.1659999999999,274.9432000220221,183.37163022006695,1.4993769739193505,0.7451081295799223,40021,224.3403947671741,0.8028924276893078,0.9876814672297044,0.8945582864688368,0.8159517847657448,0.006955656750202947,0.0019018483833745075,0.6657773150624042,0.9982511759624179,SIRA
7760,39530,742.108,278.3444836221757,181.38493417530324,1.534551283918453,0.7585143879485278,39940,224.3460701759248,0.7409004010945759,0.9897346019028542,0.9019915139400088,0.8060014959033704,0.007041347928716815,0.001833069614116633,0.649638411398471,0.996903458294268,SIRA
7761,39531,753.4649999999999,281.0787029028015,179.8964389741551,1.5624472863700365,0.7683569232314705,39966,224.34890782646062,0.6991069060040676,0.9891157483861283,0.8750270892229017,0.7981711368009323,0.007110336265280451,0.0017801392602280293,0.6370771636220925,0.9953994855096583,SIRA
7762,39542,740.9649999999999,271.68131754164847,185.7898430033219,1.4623044680477546,0.7296206465337215,39952,224.38011961383256,0.7853426017874876,0.9897376852222667,0.9050511139988198,0.8258945504393592,0.0068707024819596495,0.001971874667167698,0.6821018084454313,0.9974405221532078,SIRA
7763,39543,749.6569999999999,279.30379864106584,181.2005717453052,1.5414068286365792,0.7609947877452874,40104,224.38295683376344,0.7872073578595318,0.9860113704368642,0.8842076693748446,0.803365217105832,0.007063293089575041,0.0018148431133529306,0.6453956720555004,0.9948172960788426,SIRA
7764,39546,744.512,268.3643428683116,188.34241400684624,1.4248747117500393,0.7123581787087168,40022,224.3914682783121,0.7772100153295861,0.9881065414022288,0.8965386604223439,0.836144868874859,0.006786131160378081,0.002046105995897844,0.6991382417457551,0.996184400680912,SIRA
7765,39556,743.5079999999999,289.96916296176346,174.3072321928816,1.663552104601689,0.7991562601990687,39971,224.41983742874447,0.7650471917066378,0.9896174726676841,0.8991889072482525,0.7739438053912561,0.007330598719834247,0.0016223962114105598,0.5989890139034985,0.9964494347124552,SIRA
7766,39572,744.104,273.2721788006838,185.30326206532672,1.4747294556765251,0.7349784384891087,40306,224.46522061170157,0.726145038167939,0.9817893117649977,0.8981121798426567,0.821397998130719,0.006905695410913873,0.0019391068569244972,0.6746946713331528,0.9949921054029924,SIRA
7767,39578,756.0260000000001,276.60458941344723,182.56207157919863,1.5151262637455958,0.7512559352714836,40028,224.48223693987075,0.710926694329184,0.988757869491356,0.870142228233418,0.8115636743985184,0.006988847071945203,0.0018701468034304602,0.6586355976032244,0.997916092166421,SIRA
7768,39587,748.8019999999999,271.08773284754665,187.2801870315699,1.4474981958547983,0.7230008426178889,40022,224.50775901387215,0.7013500106300049,0.9891309779621208,0.8872141582572732,0.8281738043090648,0.006847897866661951,0.0019871149674332658,0.6858718501437492,0.9927982656706695,SIRA
7769,39595,753.1220000000001,286.3835259690033,176.44945197198544,1.6230343748218152,0.7876445592288269,40027,224.5304428664157,0.8040900044677308,0.9892072850825693,0.8772422553162715,0.7840201076744817,0.007232820456345581,0.0016857619686511567,0.614687529237906,0.9976589897274111,SIRA
7770,39595,736.1460000000001,273.68329943133443,184.9327726535526,1.4799069710810229,0.7371600792048513,39975,224.5304428664157,0.779766828153925,0.9904940587867417,0.9181683075314705,0.8204024262092364,0.006912067165837465,0.001931503309265967,0.6730601409300017,0.9960663945190851,SIRA
7771,39600,736.9559999999999,276.15157804206973,183.06530985283666,1.5084866612033905,0.7486937473251639,39961,224.5446191105733,0.7577497129735936,0.9909661920372363,0.9162667603485105,0.813120897959763,0.006973524698032064,0.0018804101988473248,0.6611655946988912,0.9973594804498848,SIRA
7772,39610,747.285,286.768817931263,176.4712709210357,1.625017015146796,0.788232012554192,40040,224.572968914248,0.7436402891204356,0.9892607392607392,0.8913374964261783,0.783115021132029,0.007239808581955643,0.0016796123679373505,0.6132691363226181,0.9965727813886344,SIRA
7773,39621,769.466,284.21343291585185,179.99724997546215,1.578987639836702,0.7738923368068356,40781,224.60414956530053,0.6879123550246545,0.9715553811824134,0.8409233801113943,0.7902657775918703,0.007173302867566489,0.0017258046369247636,0.6245199992328834,0.9861093596195493,SIRA
7774,39631,740.396,268.2960267660382,188.6837678118823,1.421934858930363,0.7109257279324762,40053,224.63249185591837,0.7611831364640353,0.9894639602526653,0.9084829212609897,0.8372561254953071,0.0067698525590078025,0.002052070642857239,0.7009978196794135,0.9967732358363389,SIRA
7775,39639,755.2529999999999,288.9601899702077,175.05101388132113,1.6507198876672218,0.7956197855229935,40186,224.65516311395365,0.6801475634866163,0.9863882944308964,0.8732681798917528,0.7774606015351665,0.00728979515048835,0.0016428906094848666,0.6044449869394228,0.9977693609416595,SIRA
7776,39642,748.914,278.47018240537983,182.12809977885408,1.5289797826008589,0.756467845830492,40182,224.66366424589293,0.7269626451009518,0.9865611467821412,0.8881810904418325,0.8067781703063681,0.007024624953468035,0.0018357750341083758,0.6508910160828913,0.9951992042672712,SIRA
7777,39645,741.562,272.8872000440379,185.8056139975798,1.4686703710017739,0.7323875754877641,40105,224.67216505616696,0.7892379359770664,0.9885301084652787,0.9059481700010606,0.8233151464044847,0.006883269013596618,0.0019509175985311705,0.677847830299038,0.9955350244080355,SIRA
7778,39654,799.7189999999999,278.5114444503709,181.74685112241124,1.532414139394284,0.7577326563086667,40462,224.6976655573621,0.7030352457272534,0.9800306460382581,0.7791517272433872,0.8067807267338413,0.007023539729923108,0.0018355146925380294,0.650895141029185,0.9974409173761597,SIRA
7779,39703,749.138,275.85734481299704,183.58116999240048,1.5026450960325421,0.7464039680389783,40147,224.83645088067942,0.7259379799605061,0.9889406431364735,0.8890159102148837,0.8150460921498953,0.006948022688789186,0.0018913402658516118,0.6643001323288156,0.9982073361376634,SIRA
7780,39712,748.9929999999999,270.6895484945176,187.6197853014602,1.4427558802478329,0.7208241848962296,40330,224.86193275101675,0.808732486151841,0.9846764195388049,0.889561761455815,0.83070046110617,0.006816316188923187,0.002002199260995278,0.6900632560820035,0.9955928204552765,SIRA
7781,39712,744.546,276.42766488857626,184.1283399212929,1.5012771255458959,0.7458628595405447,40142,224.86193275101675,0.8081400081400082,0.9892880275023666,0.90021978643207,0.8134566879970394,0.006960809450256252,0.0018800839614595696,0.6617117832471128,0.9934127638930743,SIRA
7782,39728,760.568,282.0889341555279,179.88071359219032,1.5681999949981023,0.7703065399127084,40293,224.90722672524006,0.6959446439520014,0.9859777132504405,0.8630390926231473,0.7972919157517853,0.007100506800129075,0.0017698585268068614,0.6356743989231519,0.9968645892117085,SIRA
7783,39731,739.9149999999998,276.8420649819997,184.05414585407954,1.5041338172381276,0.7469907199063157,40114,224.91571832993966,0.7890963257199602,0.9904522111980855,0.9119598042979832,0.8124333213038405,0.00696791082484709,0.0018725492806775284,0.6600479015647892,0.9928003697406621,SIRA
7784,39753,731.257,269.916905019617,187.95051928822252,1.436106194554849,0.7177243494451218,40147,224.97798030442206,0.7952667693600336,0.9901860662066904,0.9341996492234019,0.8335082987413149,0.006789849948925037,0.0020215274935645863,0.6947360840706412,0.9977147939146264,SIRA
7785,39758,768.26,283.82527435706544,179.80643505552044,1.5785045416724166,0.7737336786089208,40475,224.99212835026162,0.6734078590785908,0.9822853613341569,0.846482432792019,0.7927135060819532,0.007138821730395529,0.0017388868786498628,0.6283947027247428,0.9919238922138948,SIRA
7786,39774,765.885,290.0206250493738,175.44676572041251,1.6530405895970932,0.7962666332208395,40301,225.03739611961467,0.7127956989247312,0.9869234014044317,0.8520832059083133,0.7759358358782372,0.007291713809256645,0.0016304692658048433,0.6020764214000587,0.9952567626136609,SIRA
7787,39775,753.771,273.8009305952116,186.27385714749974,1.4698838301201016,0.7329097532893506,40304,225.04022505285826,0.6948812019566737,0.9868747518856689,0.8797133910705264,0.8219118341330938,0.006883744326718079,0.0019377842810803351,0.6755390630880262,0.992963945447573,SIRA
7788,39782,755.1080000000001,286.5736887225719,177.48640855710755,1.6146232889171608,0.7851232825097503,40287,225.0600265899172,0.8004426559356137,0.9874649390622285,0.8767551674422311,0.7853478370367587,0.007203601848136642,0.001690354022448232,0.6167712251383154,0.9958531840422935,SIRA
7789,39786,731.059,263.8930740843368,192.25069439973512,1.3726508240102375,0.6850273044863786,40202,225.07134097177538,0.7754950881022922,0.9896522561066614,0.935481678542885,0.8528883971386287,0.0066328123984400736,0.0021649421780393875,0.7274186179736993,0.9984917653619866,SIRA
7790,39789,746.535,274.509533707972,185.36002686955692,1.4809532472778077,0.7375973919315993,40254,225.07982638492368,0.7323982550113204,0.9884483529587121,0.8971654510871011,0.8199344603614659,0.006899131260096308,0.0019234935223654119,0.6722925192882484,0.9956337895605096,SIRA
7791,39797,759.848,282.4563606262679,180.09513102523093,1.5683731093579447,0.7703648007649306,40473,225.10245258953816,0.7007501056486829,0.983297506979962,0.8661772037892267,0.7969459497758751,0.007097428465117167,0.0017660226038205544,0.6351228468641716,0.9961095941606306,SIRA
7792,39802,750.5509999999999,279.3769561108798,183.50401785809976,1.5224568888018397,0.7540360375677259,40728,225.1165928125889,0.7966932884965672,0.9772637988607347,0.8878801434539729,0.8057808201018701,0.007019168788273951,0.0018252953672381039,0.6492827300440422,0.9885049651356174,SIRA
7793,39812,751.5260000000001,284.444997312662,178.76746698877955,1.5911452016630931,0.7778272361030123,40221,225.14487059446034,0.795603517186251,0.9898311827154969,0.8858003327913461,0.7915233972175684,0.0071447050465352656,0.0017298924187970084,0.6265092883428407,0.9968672479440701,SIRA
7794,39822,749.9839999999999,279.06483203702794,182.23952299405624,1.5313079591748584,0.7573264297568737,40271,225.1731448251404,0.7004256516691878,0.9888505376077078,0.8896699777008362,0.8068847055413386,0.0070078055355589355,0.0018323470721965055,0.6510629280365327,0.9969778436260306,SIRA
7795,39852,742.1579999999999,281.47826432910864,181.02543252679925,1.554910049931455,0.7657620365329542,40302,225.2579462234034,0.7711598746081505,0.9888343010272443,0.9092163549534409,0.800267639706732,0.007063090041380825,0.0017869628690751027,0.640428295161784,0.995808392407526,SIRA
7796,39861,758.014,277.83423981119927,183.76489543834086,1.5119005136888168,0.7500164442084969,40324,225.2833804182819,0.6811517429938483,0.9885180041662534,0.8717733731490864,0.8108553523545982,0.006970077012899809,0.0018586212170527635,0.6574864024420995,0.9940540295956224,SIRA
7797,39876,753.637,281.1481581090238,181.41521494091032,1.5497496072785186,0.7639583740073923,40552,225.32576436319783,0.7509887378055671,0.9833300453738409,0.8822608888811723,0.8014484813940017,0.007050560690867284,0.0017943446302921648,0.6423196683287514,0.9954346537397508,SIRA
7798,39882,773.1650000000001,297.0555479235033,171.37364207626527,1.733379441112109,0.8168093229969773,40377,225.34271570904565,0.6623376623376623,0.9877405453599821,0.8383829185164453,0.7585878038106029,0.007448361364111712,0.0015214718644025007,0.5754554560901936,0.9974826568625335,SIRA
7799,39887,764.323,279.1330621630542,183.22119031365656,1.5234758691677857,0.7544185034799983,40396,225.35684085656558,0.6872921512880159,0.9873997425487672,0.8580001821816984,0.8073455688488972,0.006998096175772913,0.001833992407379818,0.6518068675399495,0.9930120340549563,SIRA
7800,39891,742.199,278.316156946091,182.91454754483672,1.521563815900805,0.753700037908863,40309,225.36814033716118,0.7941352126134735,0.9896301074201791,0.910005585056259,0.8097558647334093,0.006976916019806247,0.0018503746357217054,0.6557045604701516,0.9976963331325239,SIRA
7801,39900,756.4209999999999,292.08646953869635,175.1400878909958,1.6677305182151443,0.8002869136797381,40361,225.39356209735226,0.6630109670987039,0.9885780828027055,0.8763056361984379,0.7716672478986281,0.007320462895706675,0.0016011741772709745,0.5954703414794427,0.99308406117726,SIRA
7802,39911,743.694,288.3252974506161,176.6128556288949,1.6325272383141538,0.7904340069431132,40230,225.42462924428884,0.6831735706949674,0.9920705940840169,0.9068050251448555,0.7818413133967171,0.007224206295272384,0.00166511549901136,0.6112758393339035,0.9979244578359441,SIRA
7803,39923,752.984,274.9605284952971,185.818282711215,1.47972806810738,0.7370851841189708,40504,225.45851579495042,0.7440824542438588,0.985655737704918,0.8848334590060688,0.8199668404361777,0.00688727120946064,0.001920490251988313,0.6723456194148881,0.9948886845172522,SIRA
7804,39935,736.112,266.59759687009205,191.35599858013254,1.3932021930237595,0.696279345405099,40353,225.49239725320837,0.7872067809974375,0.9896414145168885,0.9261381144273911,0.845815565858557,0.006675788077378041,0.0021075845088610727,0.7154039714486309,0.9967023819201395,SIRA
7805,39936,743.299,277.6154851412301,183.5212157234789,1.512716031477952,0.7503307488135085,40423,225.4952204782697,0.7692278059209893,0.9879524033347352,0.9083376810759938,0.8122573579191898,0.006951509543800834,0.0018665236738673611,0.6597620154938628,0.9980325777977713,SIRA
7806,39943,754.976,269.48057531444584,189.24570419571003,1.4239719546593261,0.7119195580650068,40487,225.5149820640673,0.7378269543372248,0.9865635883122977,0.8806112965141916,0.8368506034281807,0.006746628328228872,0.002041071801569575,0.7003189324581104,0.9972345191373079,SIRA
7807,39954,765.0079999999999,283.67965922469335,180.54790360008317,1.571215470067428,0.7713180064736956,40716,225.54603248638333,0.7311155028546333,0.9812849985263778,0.8579029787496105,0.7950729816258546,0.007100156660777228,0.0017501516251851135,0.6321410461114267,0.993229790914881,SIRA
7808,39961,748.391,278.48655779760963,183.3672582425786,1.5187365534429087,0.7526314338153414,40363,225.56578962059348,0.8132071632071632,0.99004038351956,0.8965801085746556,0.8099701163476754,0.0069689586796529025,0.0018502211290376308,0.6560515893762666,0.9963695297300537,SIRA
7809,39964,741.2889999999999,266.5584767293794,191.71395110118272,1.3903968657382437,0.694783324502546,40511,225.57425643409763,0.7638379204892967,0.9864974945076646,0.9139105757251899,0.8462467943313972,0.006669964886632454,0.002110043732550713,0.7161336369161662,0.9957099642179669,SIRA
7810,39964,738.327,261.74536289983587,195.90045042058597,1.336114145413576,0.6632035813554739,40451,225.57425643409763,0.7802420929324483,0.9879607426268819,0.9212580872362923,0.8618080333305461,0.006549528648279348,0.0022285991524700153,0.7427130863130638,0.9923494606066587,SIRA
7811,39981,746.035,277.1788318486531,184.05606927385557,1.5059477959199536,0.747702696215311,40469,225.62222904238965,0.8004204204204204,0.9879413872346735,0.9027034680975539,0.8139951652786577,0.006932763859049376,0.0018774720140458192,0.6625881290970294,0.997823132616397,SIRA
7812,39992,741.0179999999999,278.5575552580689,183.49463438865007,1.518069213228716,0.7523781094163963,40423,225.65326470726856,0.7601885644768857,0.9893377532592831,0.9152199382347022,0.8100777036839396,0.00696533194784129,0.0018502409858004542,0.656225886005845,0.9961963144692099,SIRA
7813,40005,739.199,269.1613974132207,189.55392670123504,1.419972680584237,0.7099630767460936,40461,225.68993771794564,0.7222683613779158,0.9887298880403351,0.9200287469228943,0.8384929632812947,0.006728193911091631,0.0020515209278200845,0.7030704494722466,0.9983408307766705,SIRA
7814,40011,748.892,274.69898169725946,186.1951955729562,1.4753279796074283,0.735232144396205,40506,225.70686171314904,0.707608234295416,0.9877795882091542,0.8965012250397527,0.8216516141362923,0.006865586506142297,0.0019302264272974881,0.6751113750127746,0.9960107009075898,SIRA
7815,40029,750.006,281.3352813903289,182.1284354062413,1.5447081657666724,0.7621746364657952,40510,225.75762608648202,0.7910869565217391,0.9881263885460381,0.8942421353080406,0.8024504604286102,0.0070282865270261275,0.0017976376002036163,0.6439267414420886,0.9946788956611189,SIRA
7816,40042,741.078,279.0221730868877,183.34368700004205,1.5218531799615422,0.7538089861630958,40391,225.79428214701406,0.7364452291620687,0.9913594612661236,0.9162158145749195,0.8092341897025567,0.006968237677610701,0.0018433152283275445,0.6548599737835533,0.9966007335320329,SIRA
7817,40066,761.588,287.786650802923,178.24151036492708,1.6145882640565379,0.7851126840687855,40549,225.8619392446612,0.6677666666666666,0.9880884855360181,0.8680518476499182,0.78482423911779,0.0071828146259402745,0.0016809858267644072,0.6159490863068181,0.9945041660073359,SIRA
7818,40079,757.6519999999999,269.4326171614446,191.5959773512683,1.406254039809365,0.7030817114844694,40819,225.8985783785294,0.6857323729190549,0.9818711874372229,0.8773789145125293,0.8384232791057011,0.006722538415665177,0.002049115167424898,0.7029535949463563,0.9885313326918296,SIRA
7819,40102,750.3149999999999,280.0596619096265,183.05993843734717,1.5298795809738448,0.7568002533614057,40594,225.9633869080774,0.7098201642594166,0.9878799822633887,0.8951352074164203,0.806840176008619,0.006983683155693645,0.0018256366767804976,0.6509910696216195,0.9959379448104383,SIRA
7820,40120,762.206,281.68286548910106,182.12859478483313,1.5466152683046912,0.7628519404132258,40818,226.014093664034,0.7177615571776156,0.9828997011122544,0.8678128209252702,0.8023707557490002,0.007021008611393346,0.0017950627474308425,0.6437988296812217,0.9957090997016689,SIRA
7821,40124,747.872,281.0285648750311,182.6141493411983,1.538919989983658,0.7600997908097833,40594,226.02536028718916,0.7441118652868959,0.9884219342760013,0.9014871452769897,0.8042789543038054,0.007004001716554459,0.0018078101689448917,0.6468646363360226,0.9954729196710147,SIRA
7822,40130,746.638,271.56802704640626,189.18918398458212,1.4354310395912357,0.7174064508165477,40637,226.04225916899273,0.7895565261873844,0.9875236853114157,0.9046047102599678,0.8323596176893314,0.006767207252589241,0.002003702538263801,0.69282253315993,0.9944989690259917,SIRA
7823,40138,738.5509999999999,267.3513784945818,191.76538308387782,1.3941587068279306,0.6967866397582297,40488,226.06478904637044,0.7866648374262587,0.9913554633471646,0.9247079930360615,0.8455718100999128,0.006660804686197165,0.0021004311263284527,0.714991686035643,0.9968118843961736,SIRA
7824,40143,754.0649999999999,292.7986201341453,175.13401933663744,1.6718546244938082,0.8013930225107535,40550,226.07886907958388,0.8227710596433695,0.9899630086313194,0.8871603479350858,0.7721309238957688,0.007293889847150072,0.001599199879248969,0.5961861636361336,0.9967365947342922,SIRA
7825,40149,762.033,285.21865225226867,180.45942088432676,1.580514061580037,0.7743924727828637,40686,226.09576396202573,0.6747731092436975,0.9868013567320454,0.8688344621264946,0.7927103019968335,0.007104003891809725,0.001730377911192154,0.6283896228919109,0.993178635131642,SIRA
7826,40154,762.7159999999999,284.77845577617035,180.84772459855876,1.5746864186890623,0.7724734402853666,40760,226.10984206640745,0.7181514138035877,0.9851324828263003,0.8673871116204848,0.7939850697277636,0.00709215659152688,0.001738631014576951,0.6304122909506017,0.9927016727345701,SIRA
7827,40158,760.511,278.44934287535995,184.98113080545372,1.5052851156381326,0.7474429749440787,40687,226.1211039188396,0.687955047710414,0.9869983041266253,0.8725110569811246,0.8120726793025917,0.006933844884589869,0.001860087967618143,0.6594620364696901,0.9926783878262362,SIRA
7828,40160,758.673,286.042906969191,179.18586783290692,1.5963474710847712,0.779477653922038,40688,226.12673463472677,0.7456922162804516,0.9870232009437672,0.8767874224634192,0.790534318891824,0.007122582344850374,0.0017159323231124395,0.62494450934576,0.9976285870624171,SIRA
7829,40163,772.111,300.77731638963246,171.13989376351716,1.7574938827836928,0.8223430413257113,40693,226.13518044567576,0.7420278609171194,0.9869756469171602,0.8465966191015571,0.7518358869614227,0.007488915578757375,0.001476015454825913,0.5652572009230692,0.9934360728217265,SIRA
7830,40167,754.25,276.6234307000793,185.206942563529,1.4935910440030777,0.7427874364335497,40724,226.14644103628356,0.7356593406593407,0.986322561634417,0.8872553415378746,0.8175245331313821,0.006886833238730284,0.0018975905407328747,0.6683463622716842,0.9982361409810241,SIRA
7831,40168,751.61,289.8910541884946,177.458562984668,1.633570391379426,0.7907369784493437,40679,226.1492560963268,0.8082092555331992,0.9874382359448364,0.893521430198667,0.7801180920515014,0.007216965101286959,0.0016488295707480789,0.6085842375460748,0.9941651911154912,SIRA
7832,40176,759.93,281.013713077452,182.80708165630645,1.5372145900003082,0.7594829030263021,40677,226.17177531531183,0.7258798872587988,0.9876834574821152,0.8742373967758793,0.8048424855799658,0.006994566733309737,0.0018104400784472487,0.6477714265945377,0.9957636879464368,SIRA
7833,40177,782.7909999999999,271.31368609410407,189.43648709317497,1.4322145129341293,0.7158838092928372,40985,226.17459006003443,0.7244320230796971,0.98028547029401,0.8239402548150981,0.8336276481886973,0.006752960303011775,0.0020116962191721126,0.6949350558246186,0.9952960724987081,SIRA
7834,40178,764.427,282.94746403083883,181.8921939385079,1.5555778282958894,0.7659938172373906,40883,226.17740476972799,0.7800644585096882,0.9827556686153169,0.8640246685395009,0.7993618375214581,0.00704234815149681,0.0017736621444056381,0.6389793472856818,0.9939821053765858,SIRA
7835,40184,753.0799999999999,278.5702405665919,184.18151803152517,1.512476623842957,0.7502385462879901,40691,226.19429229235158,0.7958803723509605,0.9875402423140253,0.8903910815373346,0.8119829736022361,0.0069323671253880125,0.0018588699527957561,0.6593163494199298,0.9972005662151187,SIRA
7836,40195,747.1270000000001,277.61288620481355,184.74407442880505,1.5026889877964524,0.7464212987256255,40628,226.22524947633468,0.7858260019550342,0.9893423254898099,0.9048842605038074,0.814894627439712,0.006906652225520924,0.0018786815449607268,0.6640532538301069,0.9978655118409042,SIRA
7837,40209,747.442,276.4890351408708,186.05294084216052,1.486077209472504,0.739722045195797,40680,226.2646434029324,0.7947699240986718,0.9884218289085546,0.9044366245387981,0.8183494267237429,0.0068762972255184355,0.0019023461045849185,0.6696957842190786,0.9952196422077884,SIRA
7838,40219,756.289,275.08651843447336,186.45436587001004,1.4753557373188826,0.7352439008869244,40710,226.2927777232484,0.733468286099865,0.9879390813068042,0.8836200558661382,0.8226240202940087,0.0068397155183986015,0.0019320721826669787,0.6767102787646776,0.9983883922781275,SIRA
7839,40225,758.276,269.2926818421209,190.52465780970925,1.4134269282408733,0.7067130260801878,40719,226.30965663659146,0.7203359478528706,0.9878680714162922,0.8791263470468794,0.8403854686599719,0.006694659585882433,0.0020597874064473363,0.7062477359348406,0.9982295679794533,SIRA
7840,40232,746.036,272.0725938204714,188.9822625735557,1.4396726450164883,0.7193938961010439,40685,226.32934711120666,0.7775200989486704,0.9888656753103109,0.9083681890682064,0.8318711706058542,0.006762591812996406,0.001997640027611876,0.6920096444851542,0.9962673552528617,SIRA
7841,40239,762.285,277.03410103878184,186.12704929921958,1.4884139735832767,0.740681704676869,40913,226.3490358729151,0.7338330233067075,0.983526018624887,0.8702064449152938,0.8170439488286267,0.006884716345803371,0.0018925505400060982,0.6675608143174758,0.993606844246762,SIRA
7842,40242,755.512,282.0370656351897,182.0451325935095,1.5492700168202425,0.7637896154370617,40729,226.35747338939888,0.805548883017055,0.9880429178226816,0.8859448486233898,0.8025805859226621,0.0070085250642410845,0.0017937462001484852,0.6441355968999636,0.9979399670437235,SIRA
7843,40251,755.9099999999999,285.23566572253304,180.21571236317902,1.5827458215614016,0.7751205342622688,40738,226.38278405200123,0.774772867262088,0.9880455594285433,0.8852100931837188,0.7936692751186951,0.007086424330390128,0.001734463595420427,0.6299109182674352,0.9969888738436886,SIRA
7844,40253,769.301,290.21078033018085,177.48611251543065,1.6351182423072674,0.7911852524194546,40881,226.3884082593994,0.7305975025410193,0.9846383405493995,0.8547035806158969,0.7800826971411298,0.007209668355903432,0.001646863599358877,0.6085290143789797,0.995016892384331,SIRA
7845,40276,750.386,281.7426336098752,182.71899544299757,1.541944957210373,0.7611877489916709,40803,226.45307660474256,0.7618507169068967,0.9870842830184056,0.8988490228529585,0.8037586420744144,0.006995298282100388,0.0018008959546913072,0.6460279547093066,0.9961395469809468,SIRA
7846,40292,742.5699999999999,261.41821153276754,197.52147249365765,1.323492622004231,0.6550603520708036,40759,226.4980523900132,0.7701364731067701,0.9885424078117716,0.9182351002836144,0.866420327267914,0.006488092215148604,0.0022553362887684594,0.7506841835030391,0.9935249783215425,SIRA
7847,40295,754.222,284.65579276285825,181.1419942726102,1.5714511364739898,0.771396754032604,40968,226.50648435553313,0.8052557953637091,0.983572544424917,0.8901488428935663,0.7957206215867587,0.00706429563873578,0.0017469926653969443,0.6331713076184177,0.9949977709396848,SIRA
7848,40297,752.0949999999999,279.9816048094219,183.91332407599373,1.5223562850385566,0.7539982245749598,40720,226.51210549150096,0.8292587562250484,0.9896119842829076,0.8952352544883363,0.8090249559276702,0.0069479515797558605,0.0018360487988748732,0.6545213793137687,0.9964147354904208,SIRA
7849,40303,744.9939999999999,266.9100244680328,192.86510079527645,1.3839207993951896,0.6912823929396246,40818,226.52896806250027,0.755983643457383,0.9873830172962909,0.9125185221445073,0.8487091053023792,0.0066225845338568545,0.002119545379477376,0.7203071454231649,0.9968480405040935,SIRA
7850,40306,739.706,277.80773399646625,185.22073964273662,1.4998737967050355,0.7453058157416704,40698,226.5373988773056,0.7345324658757495,0.9903680770553835,0.9256808550472215,0.8154466962398793,0.006892465985125447,0.0018799084689562736,0.6649533144085341,0.9973460523135251,SIRA
7851,40311,762.303,290.1587641706972,177.87560050728356,1.6312454509960512,0.7900607711293149,40886,226.55144953811075,0.7729076790336497,0.9859365063836032,0.8717223442128809,0.7807844446319498,0.007198004618359684,0.0016501236673622406,0.6096243489792225,0.9944469460887859,SIRA
7852,40313,746.912,273.9575245280284,187.7229889721072,1.4593712044971452,0.728329923291202,40727,226.55706955844173,0.7911956351075522,0.9898347533577234,0.908063268582884,0.826978817058419,0.006795761281175512,0.0019606289847385323,0.6838939638633422,0.9980551577915728,SIRA
7853,40318,756.566,280.4040598342656,183.92311864704143,1.524572125010431,0.7548289023674486,40856,226.57111899938238,0.7064533651066216,0.9868317994908948,0.8851465970492286,0.8080165427465584,0.006954810750391031,0.0018287152588911668,0.6528907333521009,0.9953790127462311,SIRA
7854,40319,747.4329999999999,278.4560902341341,184.65888033399224,1.507948546695891,0.7484842206701491,40744,226.57392878302883,0.7785694975475997,0.9895690162968781,0.906932737927891,0.8136792001658818,0.0069063243194060885,0.0018674096089868813,0.6620738407825891,0.9983732860134723,SIRA
7855,40337,767.18,291.0465729981739,177.38400577575848,1.6407712280784938,0.7928095253094987,40897,226.62449893156355,0.7985627177700348,0.9863070640878304,0.8612295332206726,0.7786537274671346,0.007215374792328975,0.0016361236610337433,0.6063016272984627,0.9948022656084878,SIRA
7856,40342,752.6999999999999,283.1664922891934,181.99451694655858,1.5559067220269238,0.7661078382935275,40768,226.6385441925224,0.7958414708725414,0.9895506279434851,0.8947948111734257,0.8003720438824382,0.0070191485868125875,0.0017767725741500216,0.6405954086285517,0.9967067023847477,SIRA
7857,40344,760.5859999999999,282.73208913299436,182.50171413562032,1.5492023758357198,0.7637657982736332,40944,226.64416205319608,0.7015127803860198,0.9853458382180539,0.8763794086800963,0.8016216438261626,0.007008033143292543,0.0017850634119336152,0.6425972598505592,0.9955132016660095,SIRA
7858,40347,746.003,266.1024440600195,194.05239546400693,1.3712917247103835,0.6842586127706815,41013,226.6525885831212,0.7511449528986857,0.9837612464340575,0.9110452841080191,0.8517493681192934,0.006595346470865727,0.0021412365995967897,0.7254769860916157,0.9948405874952625,SIRA
7859,40352,765.007,290.3844652130224,177.69887436384897,1.6341378990304858,0.7909015120737604,40887,226.66663210352175,0.7278499278499279,0.9869151564066818,0.8664512064517822,0.7805742360812654,0.007196284328237074,0.0016479534035193442,0.6092961380338512,0.9956739108940263,SIRA
7860,40362,760.534,277.919316969793,185.93945854616229,1.4946763809188748,0.7432253654679494,40984,226.694716534375,0.7322170418881411,0.9848233456958814,0.8768903157111732,0.8156853543181902,0.0068856676321736535,0.0018802538074976633,0.6653425972491915,0.9944718653275861,SIRA
7861,40364,764.5469999999999,288.7231376992648,178.935345904827,1.613561234865426,0.7848015367826656,40880,226.70033300304195,0.716894003978403,0.9873776908023484,0.8677521222193816,0.7851824235824632,0.007152986267447844,0.0016770632073862893,0.6165114383028305,0.9947789576965751,SIRA
7862,40366,778.838,292.80891571269683,176.8917082147613,1.655300401967979,0.7968933950942081,41144,226.7059493325651,0.6688982053788921,0.981090803033249,0.8362407254735053,0.7742453769918954,0.007253850163818481,0.001607914037491234,0.5994559037933223,0.9922795985111647,SIRA
7863,40369,757.0759999999999,285.590233820354,180.68026366776377,1.580638792654739,0.774433262961129,40884,226.7143735659779,0.782254001472697,0.9874033851873594,0.8850726032588222,0.793844980387491,0.007074493641664495,0.0017330773059979346,0.630189852886416,0.9961025282096523,SIRA
7864,40375,760.408,285.039672711999,181.00660630269343,1.5747473450517786,0.7724936382946695,40857,226.73122109379247,0.7560861423220974,0.9882027559536921,0.8774634690853267,0.7954374173130603,0.007059806135281709,0.0017433982403426097,0.6327206848616715,0.9963752186452602,SIRA
7865,40379,779.239,280.77137944526106,183.66922322703206,1.5286795169716692,0.7563567571630535,40981,226.74245208355038,0.7744936320392819,0.9853102657329006,0.8356493171243559,0.8075696765515799,0.006953401011547118,0.0018243033353377064,0.6521687824856233,0.9969570593941243,SIRA
7866,40400,745.9659999999999,274.7577875598962,187.5689205411799,1.4648364279495567,0.7307267363585291,40832,226.80140565547774,0.7074686980124333,0.9894200626959248,0.9123325341414196,0.8254594261719911,0.006800935335640995,0.0019477415692900416,0.6813832642561929,0.9981150268776504,SIRA
7867,40406,749.2,283.32155566254994,182.20984497015922,1.5549190314549135,0.7657651563973461,40837,226.8182467187527,0.6889343563512361,0.9894458456791635,0.9046075041777909,0.8005682666408359,0.0070118684270294,0.001776670970004873,0.6409095495523126,0.9965624560400869,SIRA
7868,40414,749.182,284.20517614298154,181.72786702813903,1.5639053095746442,0.7688535583189631,40860,226.8406995248579,0.7493510346362086,0.9890846793930494,0.9048300854756696,0.7981582271067998,0.0070323446365858746,0.0017604994231946247,0.6370565554982699,0.9962961296430782,SIRA
7869,40420,758.5469999999999,287.04863714013095,179.83321756218874,1.5961936344761538,0.7794291306541559,40903,226.8575376711016,0.7914317042606517,0.9881915751900838,0.8827570263259723,0.7903104502821752,0.0071016486180141255,0.0017089519084591308,0.6245906078252145,0.9969675523641991,SIRA
7870,40422,746.1509999999998,280.98014322556764,183.6846474409824,1.5296876856071826,0.7567294239690266,40760,226.863150108793,0.8152390940443297,0.9917075564278705,0.9123767528464987,0.8073992258117324,0.006951168750323281,0.0018221784624442858,0.6518935098413848,0.997193474331611,SIRA
7871,40438,767.9669999999999,297.96870981595583,173.9594667498092,1.7128628604300011,0.8118846336692019,40986,226.90804461279134,0.761429539805679,0.9866295808324794,0.8616173089316648,0.7615163510052582,0.007368532316532861,0.0015285430912174221,0.5799071528483637,0.993301424611666,SIRA
7872,40441,760.734,276.57482878226875,187.65801946503396,1.4738236584331135,0.7345937286665594,40925,226.91646134345282,0.6919733757678421,0.9881734880879658,0.878144723691538,0.8204523251177385,0.0068389710635807415,0.0019115423728418447,0.6731420177911032,0.9920926313059316,SIRA
7873,40441,738.262,269.38632507746684,192.05852135196622,1.4026262577737427,0.7012166053667415,40834,226.91646134345282,0.8261526832955405,0.9903756673360435,0.9324181533652505,0.8423458810620731,0.006661218196322218,0.002068689207745326,0.70954658334224,0.9952286689094713,SIRA
7874,40448,764.621,285.72637088699287,181.77861588002827,1.5718370915287907,0.7715256264669224,40980,226.93609916769051,0.6964187327823691,0.9870180575890678,0.8693896650256866,0.794242752124009,0.007064042001755164,0.0017339879574815292,0.6308215493015199,0.9915487093277866,SIRA
7875,40454,763.262,284.45842923528966,182.0710321077244,1.56234863911238,0.7683232599436397,40915,226.9529302360211,0.7729374450685926,0.9887327386044238,0.8726177688573413,0.7978421692271144,0.007031651486510349,0.0017575393100292833,0.6365521269970276,0.9945163493378968,SIRA
7876,40461,749.435,273.2820136382778,189.44726826561805,1.4425228515573933,0.7207165038778296,41197,226.97256490494487,0.7628393665158371,0.9821346214530184,0.9052708435242459,0.8305433712347086,0.006754208092688708,0.0019824555800077403,0.6898022915019151,0.9950555685481669,SIRA
7877,40462,751.445,278.92425774086263,185.01715877011557,1.5075588642425697,0.7483323125197239,40894,226.9753697189943,0.785975135975136,0.9894361030958087,0.9004566539108343,0.8137527067648166,0.006893486672454714,0.001864612054937263,0.6621934677670656,0.9982956321757661,SIRA
7878,40473,758.799,275.29136555686597,187.7241368842764,1.4664676057430532,0.7314354053337129,40976,227.0062203862842,0.7002491435689816,0.9877245216712222,0.8833275204598509,0.8246034884787998,0.00680185223622825,0.0019399370020910004,0.6799709132114062,0.9971553170720483,SIRA
7879,40473,759.236,279.35294557215445,185.11799847190468,1.509053403116563,0.7489141151062739,40911,227.0062203862842,0.7729755538579068,0.9892938329544622,0.8823109642488592,0.8126143789940832,0.0069022050644171285,0.0018565456477555367,0.6603421289479394,0.9964915369101245,SIRA
7880,40476,761.131,285.5691267566255,181.60849647861528,1.572443648253273,0.7717279238224867,41221,227.01463347700835,0.7063381264833171,0.9819266878532786,0.8779881007529408,0.7949550991570603,0.007055270450554044,0.0017380562458867235,0.6319536096758117,0.9937114395254583,SIRA
7881,40476,750.595,279.4193024177042,185.48809389621124,1.5064002036381463,0.7478797577484156,40910,227.01463347700835,0.7142151326933935,0.9893913468589587,0.9028094931502834,0.8124515075112596,0.006903332898945158,0.001855360793116909,0.6600774520573185,0.9943408081960934,SIRA
7882,40479,743.365,260.4392873301338,198.31734721326697,1.3132451144077781,0.6481972528271561,40965,227.02304625595758,0.7661253690665455,0.9881362138410839,0.9205246456368946,0.8716927794698743,0.006433935802024107,0.0022914494460358824,0.7598483017799149,0.9978670700035203,SIRA
7883,40485,764.309,288.2349681720853,180.60387375514279,1.5959511951712921,0.779352625632663,41179,227.03987087866983,0.7010025453223209,0.9831467495568129,0.8708955279855025,0.7876902386913718,0.007119549664618632,0.0016906516823621317,0.6204559121296702,0.9902173545144415,SIRA
7884,40494,760.31,286.9312508530055,180.20771722914375,1.5922251014819586,0.7781714535208613,40982,227.06510547529243,0.7865967365967366,0.9880923332194622,0.8802765594675588,0.7913571798131448,0.007085771987282202,0.0017141827629081536,0.626246186041814,0.9971248971231169,SIRA
7885,40495,754.9749999999999,285.69815996434744,181.10206170938133,1.5775533269345872,0.7734207609365946,40879,227.0679091462517,0.7988755178536201,0.9906064238361996,0.8927834394023465,0.7947825396375943,0.0070551465604234455,0.0017365171361369096,0.6316792853127841,0.9965077581008449,SIRA
7886,40504,749.99,271.23582079646775,190.99602575930538,1.4201123804444034,0.7100317891495378,40964,227.0931406272612,0.7483003251551877,0.9887706278683722,0.904892175388703,0.8372535012536906,0.006696519375776905,0.002029816516181288,0.7009934253615637,0.9954894419660864,SIRA
7887,40505,754.7979999999999,274.87203161406455,189.49907085294694,1.450519152293722,0.7243729299290099,40997,227.09594395210533,0.691683743169399,0.9879991218869674,0.8934227746048077,0.8261878904833815,0.00678612595022996,0.0019503698707850818,0.68258643038138,0.9901046903639968,SIRA
7888,40510,759.176,283.7997614461947,182.04862526802924,1.5589228483783262,0.7671493219511444,41001,227.10996005728467,0.79051614791687,0.9880246823248213,0.8832571603279846,0.8002471844936424,0.007005671721703152,0.001772254815138072,0.6403955562900019,0.9983272647004324,SIRA
7889,40514,766.818,299.5296828388759,172.72690210058764,1.734122937401173,0.8169839660910738,40949,227.12117231865543,0.7992661129633648,0.9893770299641017,0.8658255355618836,0.7582593156245863,0.007393238950458505,0.0015075979000390492,0.5749571897314661,0.9970464507370536,SIRA
7890,40517,746.698,283.64328264187014,182.33085252049648,1.555651601036554,0.7660194005792491,40950,227.12958115145327,0.7795478595478595,0.9894261294261294,0.9131816359451757,0.8007578358138964,0.0070005993198378495,0.0017754963047952447,0.641213111617355,0.997504203693169,SIRA
7891,40526,760.728,287.58606312579883,180.4545736613831,1.593675667458805,0.7786324811941324,41067,227.15480578217404,0.6843296183721715,0.9868264056298245,0.8800043136357634,0.7898672255296657,0.00709633477584264,0.0017038455848401297,0.6238902339659318,0.9942786850366866,SIRA
7892,40531,751.011,280.3221733161229,184.97792412330716,1.5154358264354768,0.7513743612286793,40966,227.16881825563314,0.7129212692605361,0.989381438265879,0.9030350075920591,0.8103847639603305,0.006916241230567293,0.0018399878885319403,0.6567234656590406,0.9952222679205787,SIRA
7893,40538,762.218,294.32861459732067,176.3989764873841,1.6685392424505978,0.8005045855180256,40996,227.1884342665225,0.8251170364339507,0.9888281783588643,0.8768267310022738,0.771887009957715,0.0072605608218787475,0.0015898818800488203,0.5958095561414617,0.9941316254491013,SIRA
7894,40552,754.842,276.9097806221669,187.15829470419075,1.4795485343560704,0.73700998999818,41013,227.22766120809393,0.7986135728071212,0.9887596615707215,0.894355184573915,0.8205837319922535,0.006828511062886342,0.0019098417875885697,0.6733576612103346,0.996265340741182,SIRA
7895,40556,765.979,287.64918749521763,180.49045870742808,1.5937085514392315,0.7786429148302804,41153,227.23886766193687,0.671512542429009,0.9854931596724419,0.8686228544528924,0.789986127340321,0.007092641964079733,0.001703984576520253,0.6240780813901579,0.9945985750772833,SIRA
7896,40557,747.8069999999999,273.8952745344396,188.72418985523765,1.4512992465064127,0.7247254294625931,41024,227.24166918904638,0.7285121517486662,0.9886164196567863,0.9113739995620059,0.829666264141673,0.006753341581833952,0.00197384117480917,0.6883461098548003,0.998996190567892,SIRA
7897,40560,753.898,287.4563604201493,180.70579612553675,1.5907423369002103,0.7776986045325134,41072,227.25007356315245,0.6973145824020905,0.987534086482275,0.896773214574704,0.7905550367054023,0.007087188373277842,0.0017075844006772432,0.6249772660602799,0.9941777967222339,SIRA
7898,40564,764.6840000000001,275.57961979594444,188.55128332643824,1.4615632147081934,0.729295422038302,41107,227.2612789118224,0.7610506566604127,0.9867905709489868,0.8717393123588428,0.8246664941337105,0.00679369933428519,0.0019382039939607463,0.6800748265467854,0.9939723497298366,SIRA
7899,40567,745.673,277.85667040999965,186.75747394863618,1.4877941135915045,0.7404277029854326,40998,227.269682560766,0.7722634684941938,0.9894872920630274,0.916823887153302,0.8179385516475508,0.00684932754233736,0.0018910822158313156,0.6690234742712932,0.9953691868753672,SIRA
7900,40567,745.977,280.41833383703556,184.52840879590195,1.5196485769689418,0.7529769636941549,40915,227.269682560766,0.8075927695492913,0.9914945618966149,0.9160767926157009,0.8104665606238258,0.00691247402659885,0.001839728255278293,0.6568560458894135,0.9981903554092931,SIRA
7901,40574,755.384,279.538361882112,186.0400770938731,1.502570662454956,0.7463745735089659,41130,227.28928986664658,0.7163615176821625,0.9864818867007051,0.8935567205260811,0.813088008158608,0.0068895933820208016,0.0018574775666614536,0.6611121090113325,0.9933676595941511,SIRA
7902,40585,745.6179999999999,271.7977943883079,190.8538700982732,1.4241146603333514,0.711988967667509,40972,227.32009793037784,0.710957344311115,0.9905545250414918,0.9173660142271948,0.8363574047463154,0.006697001216910384,0.0020212859901234596,0.6994937084739921,0.9961592450487554,SIRA
7903,40586,757.206,279.087595062509,186.92604248683242,1.4930375208803168,0.7425636246098869,41123,227.32289845640565,0.6828291665264645,0.9869416141818447,0.8895247203618276,0.8145216859441233,0.006876449885736683,0.0018670444219267774,0.6634455768732571,0.9905491393338594,SIRA
7904,40586,754.3800000000001,288.2094559207955,180.18518515883767,1.5995180495373789,0.7804739369481373,41079,227.32289845640565,0.78636751143145,0.9879987341464008,0.8962017408433132,0.7887419853388765,0.007101203762893498,0.0016953195660712283,0.6221139194363124,0.9950824430068247,SIRA
7905,40592,748.8889999999999,277.8225076459807,186.46735480441097,1.4899257188337005,0.7412994841017385,41038,227.3397008880977,0.767479674796748,0.9891320239777767,0.9095266123194674,0.8182911557971702,0.006844267531680644,0.0018929457556276414,0.6696004156558686,0.9976548806274147,SIRA
7906,40592,764.567,279.1337364184022,186.41723386704138,1.4973601454546264,0.7443030685926287,41246,227.3397008880977,0.7562411506073478,0.9841439169858895,0.8726080507175471,0.8144472388222225,0.006876570171915702,0.0018663945728353392,0.6633243048251423,0.993235377556564,SIRA
7907,40593,739.173,270.2981259984839,191.62075274066132,1.4105890000562944,0.7052851625683729,40976,227.34250117264583,0.7720823189287888,0.9906530652089027,0.9336171546263906,0.8410805673655355,0.006658737368474463,0.002055521599126421,0.7074165207999309,0.9978739626984775,SIRA
7908,40609,754.396,282.3668969308154,183.4200673704781,1.5394547662033136,0.760292708436419,40994,227.3873010353705,0.7597852117946415,0.9906083817143972,0.8966715802050483,0.8052902217184622,0.006953308304336857,0.0018037691361425703,0.6484923411953701,0.998324625499558,SIRA
7909,40609,747.0699999999999,274.95674308401897,188.29917407369453,1.4602121567267698,0.7287009968190145,40988,227.3873010353705,0.7883405808355335,0.9907533912364594,0.9143438864150675,0.8269929970980469,0.006770832650004161,0.0019535708686326675,0.6839174172492104,0.9986645268644715,SIRA
7910,40610,743.566,273.45620276251697,189.4949280364371,1.4430792718100367,0.7209735089576643,41048,227.39010073372796,0.7261381110753495,0.9893295653868641,0.9230044761358748,0.8315412063671669,0.006733715901564072,0.0019859561404248294,0.6914607778865633,0.9978327158377434,SIRA
7911,40617,754.554,282.6469537673738,183.5544259763301,1.5398536551977342,0.760436442800207,41012,227.4096976571318,0.7841271067009016,0.990368672583634,0.8964726729652268,0.804571549864628,0.006958833832320797,0.0017987670161506656,0.6473353788515697,0.9968017492633996,SIRA
7912,40619,750.1070000000001,276.45742569508076,187.3624135568547,1.475522333678683,0.7353144431581418,41042,227.41529646793236,0.7447561422808947,0.9896934847229667,0.9071783030768479,0.8226051295101058,0.006806111073514384,0.001922403056612767,0.6766791990963381,0.9984552710024508,SIRA
7913,40623,754.866,280.67074452891404,185.08647126869866,1.5164303614684578,0.751754212813135,41153,227.426493676037,0.8062678628135916,0.9871212305299735,0.8958640875759085,0.8102963992836384,0.006909158470051795,0.0018373020209985767,0.6565802546920299,0.9956582329556868,SIRA
7914,40635,778.032,280.7540364813466,184.6873232740367,1.5201586741541937,0.753169879352106,41309,227.46008199311223,0.7888453175958999,0.9836839429664238,0.8435585057354291,0.810175642864621,0.006909167872064638,0.0018362095306654748,0.6563845722911018,0.997808701149309,SIRA
7915,40637,761.358,286.0416946303042,182.22048361625292,1.5697559843639395,0.7708293516697204,41259,227.46567956375927,0.8022782910842612,0.9849245013209239,0.8809548929683948,0.7952186126492791,0.007038947132669838,0.001736335369485163,0.6323726419038442,0.992670738976594,SIRA
7916,40638,749.88,276.0423122478845,188.10060583752005,1.4675248440524848,0.7318930982376047,41051,227.46847829742816,0.7960275019098548,0.9899393437431487,0.908152219286058,0.8240348243901199,0.006792714017616136,0.0019319921444954484,0.6790333918076557,0.9964983724189598,SIRA
7917,40640,732.733,263.61831224540475,196.96039266672665,1.338433116811809,0.6646641110562557,41015,227.47407566146302,0.7450182404810354,0.9908570035352919,0.9512004800986935,0.862891783669813,0.006486671069030629,0.002218334193912675,0.7445822303248715,0.9965735152564064,SIRA
7918,40644,760.4,286.7542767951114,180.62445489867852,1.5875717214259084,0.7766820829506944,41112,227.48526997635682,0.7879034603082291,0.98861646234676,0.8833281897128783,0.7933108183034953,0.007055267119257736,0.0017237200408245386,0.6293420544373614,0.9991256487288394,SIRA
7919,40646,762.13,279.67266905790433,185.60012131097545,1.5068560682097243,0.7480579685901839,41100,227.49086692723606,0.7154978172088439,0.9889537712895378,0.8793657820992065,0.8134182996627948,0.006880693526002665,0.0018580942160826793,0.6616493302263122,0.9970103082784182,SIRA
7920,40647,750.745,281.1800423028752,184.55156835201146,1.5235852223512714,0.7544594912041517,41131,227.4936653510382,0.7536712897723059,0.9882327198463446,0.9062613622964948,0.8090676119395119,0.006917608736262829,0.0018284160364602081,0.6545904006895047,0.9973242611835267,SIRA
7921,40658,761.5129999999999,278.1741430600218,187.4217688296283,1.484214692866814,0.7389530026985838,41179,227.52444574120435,0.6782663819564927,0.9873479200563394,0.8810513726771082,0.8179209010526592,0.006841805869940031,0.0018888424519993687,0.6689946003787941,0.9929316153307689,SIRA
7922,40660,750.676,279.97524583281535,185.868635665395,1.5063071014134586,0.7478433362322013,41115,227.53004172840937,0.794885830466062,0.9889334792654749,0.9067178718390984,0.8126791390131571,0.006885766006709674,0.001852714371500247,0.6604473829871663,0.9948365831035029,SIRA
7923,40662,767.554,279.2703195200229,185.84985234964662,1.50266635130073,0.7464123609329762,41304,227.53563757798727,0.7235746316463805,0.9844567112144103,0.8673227166539293,0.8147505183116088,0.006868091080616371,0.0018668713476362386,0.6638184070890355,0.9974975837067435,SIRA
7924,40668,747.0,271.7315690179753,191.68762150118883,1.4175749424502617,0.7087795195023027,41257,227.55242430105992,0.7121618071972682,0.9857236347771288,0.9158439382604202,0.8374162233833313,0.006681704756023785,0.0020269009463892602,0.7012659311856014,0.9940970120427582,SIRA
7925,40672,775.8929999999999,298.19300719660134,174.13519226720533,1.7124224191226833,0.8117766340150149,41208,227.5636147618255,0.6731545845746442,0.9869928169287517,0.8489883394667906,0.7631420230179669,0.007331653402748853,0.001533921605390037,0.5823857472959552,0.9972904102471114,SIRA
7926,40674,748.346,275.7774682423914,188.39937844659025,1.4637918156432357,0.7302712945857712,41111,227.56920978585396,0.7091745998535411,0.9893702415411934,0.9126870008267823,0.8251914532257386,0.006780190496198835,0.0019392801113474617,0.6809409344768065,0.996755766823606,SIRA
7927,40678,773.745,296.98910576151104,174.83789398349546,1.6986541017792547,0.8083506014057709,41203,227.58039942125276,0.6762197656055191,0.9872582093536878,0.8538345902631196,0.7662920794273341,0.0073009760991570635,0.0015528804981175311,0.5872035509930679,0.9974557204737183,SIRA
7928,40679,781.5139999999999,289.4909694855137,180.015758022312,1.6081423796778547,0.7831478959799318,41498,227.58319674413946,0.6911967104480655,0.9802641091136922,0.8369636710386785,0.7861495546773105,0.007116472122852422,0.0016767379972326148,0.6180311223193335,0.9938820397615882,SIRA
7929,40685,755.663,287.18212417618156,180.8345809504605,1.5880929558205181,0.7768497041766141,41126,227.5999799594677,0.7914753715664151,0.9892768564898118,0.8953397542098511,0.7925283671898702,0.0070586733237355676,0.0017177585143102305,0.6281012128006416,0.9974831115910232,SIRA
7930,40693,770.418,290.2484929062158,179.23072031189153,1.6194126341797583,0.7865647245214771,41174,227.62235565494873,0.6898872594727473,0.9883178705008014,0.8615425479995941,0.7842326875698795,0.007132639345986185,0.0016642163649375913,0.6150209082530763,0.9959726291097419,SIRA
7931,40695,758.057,285.35857609666203,182.1732840620842,1.5664128665507975,0.7697037018157173,41207,227.62794923514434,0.6895938183112196,0.9875749265901425,0.8899122641889301,0.7976909345035347,0.007012128666830373,0.0017513311206665153,0.6363108269891223,0.9967254665213399,SIRA
7932,40712,754.969,284.01265250269535,182.81677868546544,1.553537123588292,0.7652843438712573,41105,227.67548911830175,0.7364155994501121,0.9904391193285489,0.897581852367394,0.8016385436072819,0.0069761410027189856,0.0017770898000750534,0.6426243545968041,0.9983407913881017,SIRA
7933,40718,779.5059999999999,293.95286328264757,178.49861996065002,1.646807484267662,0.7945218829894604,41399,227.69226553075174,0.6802659716653301,0.9835503273025918,0.8420878036172211,0.7745876770447254,0.007219236290649039,0.0016030731993275835,0.5999860694295439,0.98806154959291,SIRA
7934,40725,765.362,286.7409276162028,182.99726461996997,1.5669137361789371,0.7698729119612518,41226,227.7118364497979,0.7750942103460089,0.9878474748944841,0.8736493645114984,0.7941378942408451,0.0070409067554623155,0.0017273965003273349,0.6306549950692839,0.9881819745639207,SIRA
7935,40735,744.372,269.94664895311865,192.4672882898351,1.402558592432642,0.7011816325633099,41160,227.73979198810832,0.7903416697386547,0.9896744412050534,0.9238416282436728,0.8436474128177069,0.0066268969916071846,0.0020707796993641612,0.7117409571540106,0.9982583950425905,SIRA
7936,40740,757.1099999999999,263.45352329996956,199.13037132979667,1.3230202984136552,0.6547490876539335,41567,227.7537684704921,0.724343930019202,0.9801044097481175,0.8931263936462075,0.8644931584808242,0.006466704057436661,0.002227968219845378,0.7473484210601516,0.9887571310499758,SIRA
7937,40741,754.687,284.58128099358925,183.28815078655197,1.5526441822472097,0.7649728151016256,41265,227.75656366404738,0.7850811269125525,0.9873015873015873,0.8988926112905067,0.8003216615964914,0.006985132446272533,0.001767716822285444,0.640514762020569,0.9944915188946925,SIRA
7938,40750,750.179,280.49554570025043,185.40799242428199,1.51285574064344,0.7503845292348256,41120,227.78171886250635,0.7995212682467431,0.9910019455252919,0.9099293464010336,0.8120689342636609,0.006883326274852771,0.0018465016755152012,0.6594559539961179,0.9976617257045234,SIRA
7939,40751,770.797,295.0184998336789,176.40311599122396,1.6724109331966452,0.8015414853678062,41228,227.78451371307622,0.7320889623455016,0.9884301930726691,0.8619222722995292,0.7721024743922607,0.007239540129903043,0.0015870496717517169,0.5961422309626516,0.9969947848021782,SIRA
7940,40766,770.917,286.10004584248264,182.64090413291922,1.5664620540548229,0.7697203277989584,41300,227.82643235734005,0.7856537156953438,0.9870702179176756,0.8619711270984333,0.7963173570505957,0.007018104445922648,0.0017407817218370418,0.634121333140046,0.9933270060305391,SIRA
7941,40780,751.925,276.68249883483685,188.24459684755618,1.4698031362828399,0.7328750806528213,41235,227.86554946788235,0.7916601956825594,0.9889656844913302,0.9063752470063319,0.8235632915976542,0.006784759657548721,0.0019253165919005636,0.6782564952671628,0.996903523947883,SIRA
7942,40798,756.529,276.28850087614563,188.56552472421447,1.4652121657987585,0.7308902473274812,41249,227.91583303075979,0.7996158519854181,0.989066401609736,0.8957721929220119,0.8249197209004717,0.006772108948383392,0.0019344185302126058,0.680492545930512,0.9970659570327568,SIRA
7943,40819,744.823,277.7432343810292,187.64101959075353,1.480183997010831,0.7372759834368292,41162,227.97448316981576,0.7381908275462963,0.9916670715708663,0.924625926283429,0.8208102122734809,0.0068042635630718344,0.0019051619318731128,0.6737294045724369,0.9972434829637569,SIRA
7944,40820,749.427,280.6452707497073,185.43971423168355,1.5134043530668755,0.750595533858804,41206,227.97727565722278,0.7965655185871793,0.9906324321700724,0.9133225766444071,0.812332504475173,0.006875190366234869,0.0018467147410107408,0.6598840978269072,0.9986714661708491,SIRA
7945,40832,748.161,272.71095150436264,191.11278667570411,1.4269633981483458,0.7133687866778606,41306,228.01078283850123,0.8178012778144966,0.9885246695395342,0.9166855499679798,0.836089572423547,0.006678853632062173,0.0020132277904754163,0.6990457731153897,0.997512731865974,SIRA
7946,40843,757.505,285.9848768580115,182.8232566787619,1.564269678012106,0.7689774034755846,41264,228.04149342963495,0.807493080268881,0.9897974020938348,0.8944508699836753,0.7973900436100864,0.00700205364096691,0.0017461776726258355,0.6358308816484954,0.9946109685064456,SIRA
7947,40845,765.9219999999999,281.50092477690697,186.02037598886778,1.5132800548352463,0.7505477521840711,41270,228.04707672914319,0.8046056260341975,0.9897019626847589,0.8749428290271353,0.8101112879464726,0.006891931075453715,0.0018310467072380852,0.6562802988582926,0.9931358866435687,SIRA
7948,40851,762.351,289.0494353040599,180.95668685552758,1.5973404482965117,0.7797904498759916,41340,228.06382580754916,0.7991197183098592,0.9881712626995646,0.8832885638935389,0.789013220412079,0.007075700357495775,0.0016915557524848433,0.6225418619850399,0.9944112969065286,SIRA
7949,40854,780.21,298.06982116824275,176.16194248370255,1.6920216532910812,0.8066649735708787,41664,228.07219988549753,0.6655588680905137,0.9805587557603687,0.8433763606022334,0.7651636753818304,0.007295976432374865,0.001542696746149298,0.5854754501238312,0.9906371390798647,SIRA
7950,40855,761.6419999999999,282.6441242242141,184.53130921255368,1.531686549184174,0.7574655843300844,41351,228.074991176488,0.7614530137547992,0.988005126840947,0.8850204567737449,0.8069334248588947,0.006918226024335189,0.0018093614384434471,0.6511415521545055,0.9973447570499614,SIRA
7951,40870,761.733,283.9426676287615,183.51367683568748,1.5472561638171256,0.7630788566775739,41388,228.11685644275852,0.7566416736091827,0.9874842949647241,0.8851338719803021,0.803390551859603,0.006947459447730891,0.0017853059941514802,0.6454363788172773,0.9986554154768377,SIRA
7952,40877,752.703,282.7731545410059,185.05683204165365,1.5280341256320529,0.7561177060125545,41394,228.13639093783186,0.7962638304503662,0.9875102671884814,0.9066540066304245,0.8067823528302756,0.006917659185874842,0.0018078587053051228,0.6508977648383552,0.9945939969706337,SIRA
7953,40896,760.258,286.5936294078799,183.3447327591285,1.5631407845481766,0.7685933574380928,41290,228.18940470909078,0.8127509042489766,0.9904577379510777,0.8891370316516323,0.7962124112128527,0.007007864568854653,0.0017373256633347774,0.6339542037693847,0.9909596714476905,SIRA
7954,40900,749.1220000000001,283.02388936572936,184.20320695522662,1.536476449264657,0.7592151051370358,41244,228.2005639337207,0.7728500973148655,0.9916593928813888,0.9158578433543645,0.8062943536149176,0.006919899495494606,0.001804072653903347,0.6501105846712979,0.9988796027651259,SIRA
7955,40901,753.0649999999999,278.68875347878856,187.60949122337558,1.4854725721044157,0.7394727920836489,41488,228.20335365461412,0.7998474655819775,0.9858513305052063,0.9063143645966396,0.8188466552956291,0.006813739357932289,0.0018896248741364574,0.6705098448888389,0.9960239839083563,SIRA
7956,40902,764.048,282.79935399143767,184.7136204310211,1.5310151646182768,0.7572187218161458,41426,228.2061433414044,0.8070639305445936,0.9873509390238014,0.8804670785177832,0.8069542596915332,0.006914071536634827,0.0018084616567593716,0.6511751772343105,0.9969590711687234,SIRA
7957,40903,751.858,286.49408703303266,182.46604697191518,1.5701227257755481,0.7709522988174295,41303,228.20893299409283,0.8103134038591069,0.9903154734522917,0.909271075199432,0.7965572181871259,0.007004231646408152,0.0017394348750445004,0.6345034018460126,0.9962482108203193,SIRA
7958,40904,754.2389999999999,277.1983640377752,188.37984607812763,1.471486307101087,0.7335967885059228,41398,228.21172261268063,0.7927592689497451,0.9880670563795353,0.9035614083387525,0.8232794713809389,0.006776803345339703,0.0019204092590219975,0.6777890879972782,0.9973573620905287,SIRA
7959,40911,760.088,287.49755812647965,182.28185432229074,1.5772143595717325,0.7733090845739938,41291,228.23124898808277,0.7268931452329341,0.9907970259862924,0.8898610690726538,0.7938545651496501,0.007027390142662845,0.001721621248700383,0.6302050706089402,0.9939684868393382,SIRA
7960,40917,753.1139999999999,273.01005037467377,191.1004806856454,1.4286204273016307,0.71416637515333,41340,228.2479845517341,0.8018224573780129,0.9897677793904209,0.9065509266288739,0.8360424249528211,0.006672289033278924,0.0020107953802750386,0.6989669363209936,0.9985584432366095,SIRA
7961,40923,760.932,287.8847413535973,181.2379133873428,1.5884355319095307,0.7769597620237417,41423,228.26471888839296,0.7108636742634797,0.9879294111966782,0.888148591350049,0.7929031521959844,0.007034790737570493,0.001715187185874,0.6286954087623284,0.9986421260264691,SIRA
7962,40966,751.331,276.3031144825421,189.61023556090112,1.4572162397519728,0.7273752336719139,41516,228.3846124186581,0.7458670162406235,0.9867520955776087,0.9119495391266382,0.8265727038451037,0.006744693513707517,0.0019420759930378981,0.6832224347418056,0.9956028272686417,SIRA
7963,40968,751.828,269.61721458040597,194.49609504893,1.386234590018774,0.6925408883013443,41527,228.39018733017002,0.7054083372075004,0.9865388783201291,0.9107887026302196,0.8470905230795598,0.006581166143829476,0.002090267700675282,0.7175623542912022,0.994709756013771,SIRA
7964,40971,769.264,296.3083827389341,177.50634445887465,1.6692833354335903,0.8007045300064071,41552,228.39854944229472,0.785426731078905,0.9860175202156334,0.8700327695901549,0.7708136615342668,0.007232149147907888,0.001574870143992645,0.5941537008078632,0.9918108714447617,SIRA
7965,40983,765.7620000000001,289.98589242104896,180.6880558216103,1.6048979613093308,0.7821480969492232,41523,228.43199482971113,0.7215316901408451,0.9869951593092985,0.878265832670884,0.7877348546943662,0.00707576049632894,0.001680633960405441,0.6205262013003544,0.9958812354059623,SIRA
7966,40987,749.125,272.5650427706523,192.2107189707184,1.4180532918779374,0.7090162769806471,41441,228.44314220405067,0.7087007642563198,0.9890446659105716,0.917798649615589,0.8381234067358826,0.006650036420588292,0.002024117245072585,0.7024508449185616,0.9961127330192049,SIRA
7967,40987,763.823,283.4743918066799,184.7669779121638,1.534226489007362,0.7583958457418493,41469,228.44314220405067,0.7877267835178352,0.9883768598230003,0.8828166850249798,0.8058687091560683,0.006916202498516112,0.0017993043718583053,0.6494243763968679,0.9963640808751622,SIRA
7968,40988,750.312,272.47317834399,191.99290191483612,1.4191836032816108,0.709574457036395,41456,228.4459289626428,0.7668762161353091,0.9887109224237746,0.9149193376523101,0.8384162079771242,0.00664763292534376,0.002026214665230439,0.7029417377987405,0.997603388346254,SIRA
7969,40991,757.012,273.8372709767107,191.16421460625241,1.4324714044453501,0.7160059130793938,41456,228.45428903445662,0.7236728280634853,0.9887832883056735,0.8988616456976312,0.8342702518894375,0.006680424263294644,0.0019962312005808763,0.6960068531876656,0.997009914489324,SIRA
7970,40994,759.102,278.0092853326446,188.73038243433462,1.473049976091544,0.7342644084941016,41557,228.4626488003526,0.794272649771371,0.9864523425656327,0.8939842951107736,0.8217806413443771,0.006781706721292008,0.0019078419452322108,0.6753234224883757,0.9947851513505617,SIRA
7971,40995,768.551,284.82353215558635,184.0812790570232,1.547270497112072,0.7630839275475557,41509,228.46543532100867,0.6810705741626795,0.9876171432701342,0.8721584057126072,0.802129773449366,0.006947762706563882,0.0017742029091270316,0.6434121734539312,0.9955326734680227,SIRA
7972,40998,765.659,283.0162097409547,184.85698507734753,1.5310008957602308,0.7572134708771315,41551,228.47379467906643,0.7606307977736549,0.9866910543669226,0.8788236818955533,0.8072816567227331,0.006903171123980553,0.0018085425868107098,0.6517036732810007,0.9977589075634448,SIRA
7973,41019,772.852,301.2666434814686,174.60299431178208,1.7254380124977005,0.8149274506034376,41505,228.53230162384406,0.6778319424935967,0.9882905674015179,0.8629830430853408,0.758571539759268,0.00734456333605082,0.0015001404512768053,0.5754307809327468,0.9928701429825982,SIRA
7974,41028,762.898,298.33889705527423,175.45588200247553,1.7003641807292897,0.8087814556501669,41415,228.557371444008,0.8121783197402803,0.9906555595798624,0.8858440207965933,0.7660998069643679,0.007271592499153608,0.0015450790623292097,0.5869089142308418,0.9979588951088423,SIRA
7975,41029,768.1809999999999,294.6773360787239,177.8312026841116,1.6570620432802818,0.7973798710666761,41473,228.56015680984072,0.8177994817620091,0.9892942396257807,0.8737228095023312,0.7756285564790779,0.007182172026584218,0.0016034326646472156,0.6015996576258182,0.9968879579021563,SIRA
7976,41035,765.0149999999999,294.1168060570727,177.99558245882736,1.6523826153107237,0.7960835666117744,41374,228.5768682920636,0.8039772727272727,0.9918064484942234,0.8810983754184558,0.7771635744191672,0.007167462070356348,0.0016128534753689244,0.6039832214039765,0.9980113749872985,SIRA
7977,41036,758.004,283.5890854303304,185.65801238044705,1.5274809947291945,0.7559125264273527,41645,228.5796534203168,0.7809389689230594,0.9853763957257774,0.8974946952970441,0.806024156654196,0.006910738995767871,0.0017992706058448734,0.6496749411101078,0.9923661252974985,SIRA
7978,41040,760.277,289.6124265791193,180.96543199252525,1.600374300165137,0.7807417624538444,41401,228.59079359399206,0.775495549970711,0.9912804038549794,0.8922231992695395,0.7892989824162233,0.007056833006313823,0.001689490580230491,0.6229928836432856,0.997021800168484,SIRA
7979,41058,753.867,281.6904734875704,186.20092745709866,1.512830668109711,0.750374879055383,41476,228.64091765853354,0.8055642756239209,0.9899218825344778,0.9078585516815859,0.8116742991971375,0.006860793840118135,0.0018368822223250585,0.6588151679771643,0.996675790731705,SIRA
7980,41062,752.973,278.3714328805182,188.74667417462214,1.4748415255411507,0.7350259735043319,41528,228.65205484734935,0.8046639231824417,0.9887786553650549,0.9101042772927301,0.8213919527636685,0.006779295525802889,0.0019035579557716601,0.6746847400649126,0.9950530712966704,SIRA
7981,41063,752.3609999999999,272.94954509817023,191.78850873885128,1.4231798708536383,0.7115337990688111,41507,228.65483905979332,0.7980216106965174,0.98930300913099,0.911607708875472,0.8377183372024097,0.0066470921534756405,0.002019312578562267,0.7017720124851703,0.9987478020973425,SIRA
7982,41066,779.348,298.5798870397327,175.5292485306846,1.701026407502322,0.8089478932210755,41557,228.66319149372114,0.7234769740319228,0.9881849026638112,0.8496291737240167,0.7658358831895882,0.007270732163827319,0.0015427684704956656,0.5865045999807765,0.9976598126888868,SIRA
7983,41097,763.9830000000001,278.3884277683469,188.86971560611408,1.4739707044877601,0.7346562439375423,41603,228.7494821195908,0.719787725935267,0.9878374155709925,0.8848152408844748,0.8216917777557128,0.00677393551277093,0.0019048315930733396,0.6751773776313436,0.9951916749614701,SIRA
7984,41103,749.1329999999999,279.9022806003244,187.54006409173715,1.492493254472854,0.7423432468989504,41525,228.76617977150684,0.7426284599262846,0.9898374473208911,0.9203765141007851,0.8173073091110845,0.006809777403117155,0.0018743651891424307,0.667991237526402,0.9969724160551288,SIRA
7985,41106,760.0649999999999,287.0173765122298,182.94293200440998,1.568890218209201,0.7705386903695214,41585,228.7745281404457,0.7048837368818163,0.9884814235902368,0.8941566551566947,0.7970755322219929,0.006982371831660337,0.0017385238244811787,0.6353294040669735,0.9967620873813557,SIRA
7986,41110,758.986,288.1748224459972,182.66923001213794,1.5775772549479115,0.7734286409431058,41566,228.78565882516006,0.790957190957191,0.9890294952605495,0.8967880459867422,0.7939127259045455,0.007009847298613409,0.0017178268003989713,0.630297416353186,0.9943428678912202,SIRA
7987,41112,762.4350000000001,291.41046753254125,180.2244616461465,1.6169307144592717,0.7858196739945045,41598,228.79122396445192,0.8093072698281463,0.9883167459974037,0.8887360961602256,0.7851166977689408,0.007088209465181486,0.001661319496000635,0.6164082291156064,0.9966893983024719,SIRA
7988,41116,783.226,296.7691431107022,177.16383348787946,1.6751113207933912,0.8022596528164004,41778,228.80235383695455,0.6921885521885522,0.9841543396045765,0.8422606858511428,0.7709775734723392,0.007217850547492514,0.001573093835638114,0.5944064187972963,0.9956969212796085,SIRA
7989,41126,782.98,293.62678434623666,179.30024272879126,1.6376262512392423,0.7919083662545594,41827,228.83017614986514,0.6857076163798853,0.9832404905922012,0.8429949977120216,0.7793232373516541,0.007139687408117411,0.0016245364655387208,0.6073447082762625,0.9946036378244469,SIRA
7990,41130,751.167,278.9962562992226,187.79382327432162,1.4856519316488708,0.739546771006943,41511,228.8413041278983,0.7190056639395846,0.990821709908217,0.9160002089107306,0.8202307341445713,0.006783278781892112,0.0018939285125005418,0.6727784572353424,0.9995146145634335,SIRA
7991,41130,767.8129999999999,268.9152404179264,197.63329550691813,1.3606778135646331,0.6781453214246688,42068,228.8413041278983,0.7053678614302864,0.9777027669487497,0.8767134142696957,0.8509793040076553,0.006538177496181045,0.002115010177420409,0.7241657758493536,0.9853563045410344,SIRA
7992,41133,761.4929999999999,273.1021612150211,193.15164607436606,1.413926139205011,0.7069630111631904,41714,228.84964975632244,0.7710028116213683,0.9860718224097426,0.8913913567108005,0.8379635252177392,0.006639490463010748,0.002019365697055485,0.7021828695953407,0.9928347138228357,SIRA
7993,41137,759.0029999999999,280.8884724390905,187.16082985288193,1.5007866371392098,0.745668387729051,41644,228.8607767874836,0.7930788509735878,0.9878253770050908,0.8973368354152782,0.8147745430781647,0.0068281224308795125,0.0018562260699070225,0.6638575560482319,0.9963085490810805,SIRA
7994,41138,751.833,273.18441144060296,192.0701763864695,1.42231561703219,0.7111119171554724,41557,228.8635584607456,0.7816157470740234,0.9899174627619896,0.9145559288899898,0.8377621448232092,0.006640682858685472,0.0020177875235126374,0.7018454112987839,0.9982456892326411,SIRA
7995,41139,747.774,277.9911064839319,188.90390504367724,1.471600634299521,0.7336456940817758,41517,228.86634010019878,0.7438702444669464,0.9908952959028832,0.9245339706596719,0.8232865540014225,0.006757361785262935,0.001914965809274259,0.677800749999537,0.9974520136280097,SIRA
7996,41143,767.082,283.162711695982,186.66552604864748,1.5169523676385006,0.7519532117111546,41815,228.8774663199477,0.7851417884813556,0.9839292120052613,0.8786627916605841,0.8082895694461433,0.006882403123155385,0.0018121233967065987,0.6533320280754318,0.9910735668430896,SIRA
7997,41157,761.674,286.9061272553761,183.18188934516522,1.566236314523243,0.7696440091905107,41570,228.91640383044873,0.7717709270927092,0.9900649506855905,0.8914876121562694,0.7978791042921488,0.006971016528303231,0.0017427064597205942,0.6366110650660419,0.9970833683337538,SIRA
7998,41161,761.265,283.93630585549596,186.84200490533962,1.5196599180111963,0.752981255456611,41917,228.92752761702565,0.7048719924651083,0.981964358136317,0.8925325329819039,0.806263668632549,0.006898187747029857,0.001798138477340058,0.6500611033568164,0.9878718030294877,SIRA
7999,41163,748.452,282.65864612090036,185.83998927216058,1.5209785968452136,0.7534794592086477,41549,228.93308930762606,0.7918093332820375,0.9907097643745939,0.9233980999901924,0.8099277784331618,0.006866813549082923,0.0018227209937532094,0.6559830062776769,0.997736112442526,SIRA
8000,41164,749.228,276.60886598039775,190.39547207880992,1.4528122069305396,0.725406983488662,41523,228.93587010225863,0.780952380952381,0.9913541892445151,0.9215086894710289,0.8276519600730458,0.006719678990875467,0.001944998545935729,0.6850077670127546,0.9951876457583607,SIRA
8001,41175,747.36,276.1451823559041,190.2841646071187,1.4512252395046292,0.724692019835253,41595,228.96645661421746,0.8052057259073843,0.9899026325279481,0.926368485029623,0.8291524576341103,0.006706622522304897,0.001955335094714644,0.6874937980006852,0.9977083516614913,SIRA
8002,41187,756.309,275.2738998171068,190.8468223443818,1.4423813634181286,0.7206510898228481,41706,228.99981905889607,0.7289476478708719,0.9875557473744785,0.9048393660383872,0.8318980448602086,0.006683514211210013,0.0019745359852616057,0.6920543570422377,0.9982063070700392,SIRA
8003,41191,776.0629999999999,282.042325380544,186.44161046077699,1.5127649063076465,0.7503495650945708,41770,229.01093879373119,0.7909178187403993,0.9861383768254728,0.8594453040985972,0.8119736585093725,0.0068471832531510285,0.0018359441912651246,0.659301222113095,0.9973677514984332,SIRA
8004,41191,758.127,282.5506900956383,186.76703823762622,1.5128509439451796,0.750382683078064,41695,229.01093879373119,0.7994837156942666,0.9879122196906104,0.9005923876136377,0.810512756901125,0.006859524898537018,0.0018260523271737767,0.6569309290994622,0.9938385761949052,SIRA
8005,41195,759.615,284.0638731023806,185.4795379238593,1.5315105713655104,0.7574009179250607,41821,229.02205798866848,0.7982598922605898,0.9850314435331532,0.8971546388026438,0.8062343707681747,0.006895591045087526,0.0017972003505013609,0.6500138606079546,0.99550309905519,SIRA
8006,41196,756.365,274.9410718651875,191.28195732000162,1.4373601970479102,0.7183132397090026,41620,229.02483770305298,0.7795628725518025,0.989812590100913,0.9049030776065872,0.8329960894869548,0.006673974945751711,0.0019821484862721952,0.6938824851005588,0.9973590655122329,SIRA
8007,41198,776.727,303.90093807255363,172.7715856799355,1.7589752208186544,0.82267438858975,41696,229.03039703061083,0.7238640756228696,0.9880564082885649,0.8581223100769438,0.7536350446405397,0.007376594448093442,0.0014678443696640657,0.5679657805103482,0.9990377341906292,SIRA
8008,41201,770.5129999999999,283.13992172997865,186.3873856725749,1.51909379869391,0.7527668730480358,41667,229.0387357689381,0.7854991230077023,0.9888160894712842,0.8720827178079827,0.808924203868944,0.006872161397295664,0.0018151162046687404,0.6543583676050048,0.9940317383522327,SIRA
8009,41201,755.565,277.08494680604014,190.00662806057065,1.4582909535014248,0.7278520374951339,41629,229.0387357689381,0.7248592540464461,0.9897187057099618,0.9069303951593817,0.8266011503297779,0.0067251995535554995,0.0019367294634060849,0.683269461726512,0.9964056748395604,SIRA
8010,41204,757.396,285.63861357193156,184.55036120346466,1.547754291615925,0.7632549832525285,41584,229.04707420368337,0.7001529311809686,0.9908618699499807,0.9026164167329594,0.8018771388764043,0.00693230301844315,0.0017680259262190553,0.6430069458526085,0.9952167599822236,SIRA
8011,41204,760.847,277.6404162841801,189.58903879241777,1.4644328493493253,0.7305509288203974,41737,229.04707420368337,0.7451533564814815,0.9872295565086134,0.8944469292852135,0.8249774196032079,0.006738190862153677,0.0019252685557211542,0.6805877428551675,0.9966750475016188,SIRA
8012,41210,755.9029999999999,281.6940689788411,186.98799165525108,1.506482135484931,0.7479118023690164,41735,229.06375016256078,0.7776645531400966,0.9874206301665269,0.9063174474264266,0.8131649735932724,0.006835575563670009,0.0018436119108621665,0.6612372742789475,0.9961421410179837,SIRA
8013,41221,748.624,278.54728238397064,189.12122593068398,1.4728504482413982,0.7341793706978197,41637,229.09431960118116,0.790537560171068,0.9900088863270649,0.9242743383645051,0.8224611550342833,0.0067574120565723934,0.0019073120225659656,0.6764423515403274,0.9962984206756367,SIRA
8014,41225,754.38,284.40594673740316,185.7517620180969,1.531107665668845,0.7572527577543982,41661,229.10543474939018,0.8059313418830153,0.9895345767024315,0.9103118505461388,0.80555782105684,0.006898870751665329,0.0017920273988648926,0.6489234030658438,0.993571596866027,SIRA
8015,41229,758.9319999999999,278.99102232008306,188.713597427158,1.4783832544327997,0.736521082588965,41675,229.11654935836918,0.7148876404494382,0.9892981403719256,0.8995119455790794,0.8212326957801047,0.006766863671689419,0.001898594053634497,0.6744231406182581,0.9970558774920102,SIRA
8016,41229,773.459,296.35524574322557,177.6131469496474,1.6685434092738702,0.8005057060649564,41706,229.11654935836918,0.7163782318598833,0.9885627967198964,0.8660402379194985,0.7731145395579913,0.007188028953969913,0.0015840356230655361,0.597706091275965,0.9972985592813576,SIRA
8017,41236,768.3299999999999,277.4306178846667,190.73834091922782,1.454508918068814,0.7261680273624651,41913,229.13599862679624,0.8123719464144996,0.9838474936177319,0.8777903725150603,0.8259218119971623,0.006727874136304847,0.0019311382392518124,0.682146839532676,0.9921886615327333,SIRA
8018,41240,772.337,289.1250411090055,181.97016867044113,1.5888595544065702,0.7770958656459857,41803,229.14711175329728,0.7041868724813879,0.9865320670765256,0.868790050872112,0.7925536676946102,0.0070107914914889794,0.0017063241363892375,0.6281413161761787,0.9980283317240397,SIRA
8019,41241,762.145,283.5379879151762,186.40670138748555,1.5210718595668018,0.7535146328458082,41750,229.14988995071073,0.7791022783088374,0.9878083832335329,0.8922033339799751,0.8081805603391095,0.00687514822422289,0.0018092368635607558,0.653155818110037,0.9934969348395097,SIRA
8020,41241,753.95,284.1485805355792,185.44906282826287,1.5322190158421998,0.7576610800976895,41618,229.14988995071073,0.7961583011583011,0.9909414195780671,0.911704210127718,0.8064439017038064,0.0068899536998515845,0.0017975985735471408,0.6503517665952586,0.996481343763823,SIRA
8021,41243,754.082,278.44257817971254,189.49644681281205,1.4693815259489433,0.7326938029479416,41706,229.1554462444921,0.8117741998976499,0.9888984798350358,0.911429253396223,0.8229899598781566,0.006751268777240078,0.001910483578519964,0.6773124740602499,0.9952304366789041,SIRA
8022,41248,750.6739999999999,280.9798517571144,187.2193104695994,1.5008059321035678,0.7456760424750088,41620,229.1693363895702,0.8167112167112167,0.9910619894281595,0.9198351713489976,0.8156077204698278,0.006811963046865651,0.0018594194032902599,0.6652159536899889,0.9983600494278676,SIRA
8023,41249,764.183,287.481376650713,183.43842851237704,1.5671818548713523,0.769963409299742,41769,229.17211431755985,0.7313652482269504,0.9875505757858699,0.8876229939112922,0.7971720359333108,0.00696941445006456,0.0017361381354950504,0.63548325487406,0.9959178261132134,SIRA
8024,41280,761.074,285.87476138720564,184.88813753786235,1.5462039111549963,0.7627061104654403,41706,229.25821338976607,0.7069098381710763,0.9897856423536182,0.895562254988151,0.8019533178700068,0.0069252606925195165,0.0017669011087215278,0.6431291240427122,0.9944087669725283,SIRA
8025,41287,757.54,284.5722259118325,185.69326402597582,1.5324854533873933,0.7577588075608667,41777,229.27765064105282,0.8101844583987441,0.9882710582377864,0.904090804528092,0.8056922979970951,0.006892538230237908,0.0017915783040364183,0.6491400790518398,0.9947977283576872,SIRA
8026,41287,761.858,278.16855329244623,189.95279715313225,1.4644088292535014,0.7305404592310127,41809,229.27765064105282,0.7219269102990034,0.9875146499557511,0.8938715744771499,0.824240008179526,0.006737436803169187,0.0019181794404367584,0.6793715910837852,0.9948777563270943,SIRA
8027,41288,775.396,281.86740012215694,189.3925711240194,1.4882706246042907,0.7406230001319984,42388,229.28042725672287,0.7088068669527897,0.9740492592243087,0.8629519162785134,0.8134336470175562,0.00682686010758954,0.001843695930320559,0.6616742981002822,0.9847504209183128,SIRA
8028,41292,766.2439999999999,288.019701623701,182.83520238370198,1.5752967583302504,0.7726756474317681,41722,229.29153338316777,0.694286579009315,0.9896936867839509,0.8837747900404729,0.7960966978666556,0.006975193781451637,0.0017282212077484875,0.6337699523541931,0.9983757514706775,SIRA
8029,41292,761.7969999999999,274.4736976623557,191.81696508620917,1.4309146093464555,0.7152646194511726,41782,229.29153338316777,0.7918992002761637,0.9882724618256665,0.8941229999499606,0.8353861784790438,0.006647139825204778,0.001996934036784589,0.6978700671938209,0.9985924745732306,SIRA
8030,41293,751.089,272.7934330638995,192.97676044168534,1.4136076926544403,0.7068035865411909,41714,229.2943098307262,0.770204987596292,0.9899074651196241,0.9198213737408785,0.8405418974180952,0.0066062875805560145,0.00203411125148188,0.7065106813152117,0.998728934049713,SIRA
8031,41307,771.903,296.3020924764982,178.95158274655148,1.6557668165257295,0.7970223752024062,41822,229.33317656714075,0.7792303338992643,0.9876859069389317,0.8711803298512036,0.7739843301489029,0.007173169014367982,0.0015878866566485027,0.599051743316046,0.9918899979645981,SIRA
8032,41308,764.195,285.3607789913197,185.29804568560812,1.5400096527487734,0.7604926166879578,41755,229.33595251054751,0.6790951535477083,0.9892946952460783,0.8888646785642599,0.8036701936446691,0.006908123825683153,0.0017776707341831824,0.6458857801528598,0.9946703360085762,SIRA
8033,41308,771.737,296.5691176743473,177.87300823738687,1.6673081577309934,0.8001730839177639,41847,229.33595251054751,0.7696521398893257,0.9871197457404354,0.8715762499712567,0.7732968095564613,0.007179459612528985,0.0015836397457704547,0.597987955670202,0.9970301967138074,SIRA
8034,41315,758.9200000000001,287.43826773864384,183.44758049410808,1.5668686769508835,0.7698576976439441,41704,229.3553831736531,0.7919302281004409,0.9906723575676194,0.9014167525289134,0.7979291865973699,0.006957237510314507,0.0017396985294870781,0.6366909868239404,0.99761116415138,SIRA
8035,41315,759.3679999999999,281.5734570485018,188.01932437115317,1.49757721973658,0.7443899166254665,42037,229.3553831736531,0.7716083968325116,0.9828246544710612,0.9003534588923471,0.8145490188521073,0.006815283965835696,0.0018506854824491361,0.6634901041129309,0.9936276654401769,SIRA
8036,41318,764.817,289.44679352788035,182.72371034306704,1.5840680609234499,0.7755501132488655,41862,229.3637100967968,0.7807634164777022,0.9870049209306769,0.8876343287689662,0.7924209741667214,0.00700534376126338,0.0017038566859367084,0.6279310002993357,0.994685442037891,SIRA
8037,41320,758.763,284.7797237730747,185.68556842335286,1.5336664350984597,0.7581912192288759,41894,229.36926121094982,0.8121867321867322,0.9862987539981859,0.9018989616189113,0.8054269390110146,0.0068920552704035505,0.001789093836459174,0.6487125540846527,0.9949086702266258,SIRA
8038,41322,770.141,268.4456957301564,196.92801597492772,1.3631666088807501,0.679596583249344,41861,229.37481219075994,0.7710766934129502,0.9871240534148731,0.8754890292345158,0.8544551685467485,0.006496435209577377,0.002136052874759995,0.7300936350562525,0.9952392646650514,SIRA
8039,41325,756.1189999999999,277.4222720869991,190.01002944195056,1.4600401510476773,0.7286251661508495,41826,229.3831384086036,0.7280783664264698,0.9880218046191365,0.9083274181151874,0.8268375018450915,0.006713182627634582,0.0019354808977640912,0.6836602544574317,0.9981714211833221,SIRA
8040,41344,778.307,293.3547028129176,180.0693260623909,1.6291209015314205,0.7894398045850312,41813,229.43586410483118,0.6887796751353603,0.9887833927247507,0.8576705207787829,0.7821107413817406,0.007095460110606559,0.0016376961476476633,0.611697211784696,0.9965287131269405,SIRA
8041,41362,771.5989999999999,296.75285550862105,178.32310101534057,1.66413018738998,0.799313289288891,41880,229.4858035899733,0.7615628222124025,0.9876313276026744,0.8730278176973518,0.7733229835198888,0.007174528685958635,0.0015827663566998704,0.5980284368401022,0.9951971746632562,SIRA
8042,41372,763.305,286.8575576285928,183.86157179430558,1.5601822329111468,0.76758199127679,41820,229.51354305309118,0.7790163440536265,0.9892874222859875,0.8923190516723978,0.8000958557635512,0.006933615914835947,0.0017527001618930977,0.6401533784100095,0.9987559273333431,SIRA
8043,41378,752.6039999999999,281.6600886931987,187.31210559521747,1.5036939967023155,0.7468176021093041,41804,229.53018512180824,0.742979242979243,0.9898095875992728,0.9180076807798364,0.8149190969396679,0.006807001031784975,0.0018517977844352237,0.6640931345569638,0.9985928596845295,SIRA
8044,41393,773.1639999999999,293.4592078967491,180.2158038059539,1.6283766556496302,0.789221584266671,41883,229.5717850155428,0.7116234290920969,0.9883007425447079,0.8701487868080799,0.7822953883809143,0.007089585386339456,0.001637886037125832,0.6119860746820454,0.9965438375948938,SIRA
8045,41410,768.0749999999999,287.390256981166,184.36393180730587,1.558820394878221,0.7671140665369375,42028,229.6189224508361,0.7830641806285693,0.9852955172741982,0.8820797163146897,0.7989794952091368,0.006940117290054721,0.0017445728454283825,0.6383682337646471,0.9951014222347198,SIRA
8046,41417,760.4929999999999,275.38741597797826,192.72265007132845,1.428931243297323,0.7143155742936399,41886,229.63832917066833,0.7269966649113568,0.9888029413169078,0.8999078913361309,0.8338737206097743,0.0066491396281231924,0.0019831079933345782,0.695345381923588,0.9936007411131244,SIRA
8047,41418,782.706,296.5166879787981,179.2053997937076,1.6546191594680373,0.7967047738467796,42087,229.64110142533494,0.7512787955740976,0.9841043552640958,0.849574877943951,0.7744626550049521,0.007159126176512581,0.0015886992928806712,0.5997924039973196,0.9924280033573584,SIRA
8048,41422,765.454,285.64926787290227,185.539582560994,1.5395597205194658,0.7603305407990559,41868,229.65219010934754,0.7571470351685311,0.9893474730104137,0.8883881042880646,0.8039656177642638,0.006896076188327513,0.0017771812330476904,0.6463607145470743,0.9951109210428559,SIRA
8049,41428,762.0509999999999,292.3692207084046,181.00819825662455,1.6152264014798814,0.7853056524114562,41854,229.66882213153863,0.7211265644310606,0.9898217613609213,0.8964699923641111,0.785543777744647,0.00705728542793291,0.001657673585163471,0.6170790267533312,0.9967223358114907,SIRA
8050,41431,759.449,284.7379608404259,186.27146457030534,1.528618253457474,0.7563340815784406,41945,229.67713769098248,0.7941537281962814,0.9877458576707593,0.9026887929088152,0.8066263346589714,0.006872582386146265,0.0017946894270326004,0.6506460437653669,0.9945894190396305,SIRA
8051,41445,766.338,293.213636236577,180.60293800654077,1.6235263915028773,0.7877905847255947,41871,229.715939654933,0.7849431818181818,0.9898258938167228,0.8868318569764011,0.783442211635712,0.007074765019582024,0.0016440675313993266,0.6137816989726557,0.996490786903581,SIRA
8052,41445,760.833,282.8116242705882,187.39228832449842,1.5091956387279748,0.7489693718236378,42088,229.715939654933,0.7169174883238194,0.9847224862193499,0.899711611768989,0.8122577713960782,0.006823781500074513,0.0018322316281597442,0.6597626871933238,0.995710970107613,SIRA
8053,41448,780.9469999999999,293.1096562296952,180.7261375040022,1.6218443014265396,0.7872906957435211,42042,229.72425350881656,0.6904317697228145,0.9858712715855573,0.8540244836897951,0.7837485003523503,0.007071744263407045,0.0016459369728802414,0.6142617118045582,0.9962368568747341,SIRA
8054,41449,784.715,303.1167781745356,174.31903519491368,1.738862183556762,0.818091059877396,41924,229.7270247265823,0.7143300301594141,0.9886699742390993,0.8458629693293521,0.7578829060867912,0.007313005818585144,0.001488278228534869,0.5743864993385601,0.998778962445373,SIRA
8055,41461,781.5569999999999,298.1568983500055,177.71515226855502,1.6777235623636888,0.8029504736979991,42068,229.76027673265145,0.7034680511724185,0.9855709803175811,0.8529593265756822,0.7706019146433987,0.007191261627794928,0.0015642464819679203,0.593827310852072,0.9962780713915879,SIRA
8056,41463,748.2899999999998,276.9729423531837,191.0059060042699,1.450075278546581,0.7241720269124788,41816,229.76581826580306,0.7141897478296817,0.9915582552133155,0.9305306934168679,0.8295605206548147,0.006680002468542646,0.001951410725743792,0.6881706574290873,0.9978992577590675,SIRA
8057,41463,760.1030000000001,283.6870368040611,186.56013118731596,1.5206198398264672,0.753344079873715,41829,229.76581826580306,0.7933073125932729,0.9912500896507208,0.9018321059230162,0.8099270973192169,0.006841932248126308,0.0018161104138571037,0.6559819029719324,0.997499096226241,SIRA
8058,41466,769.004,292.91555830568564,181.64952648490257,1.6125313617595955,0.7844888064546289,42220,229.77413031494265,0.7143767766388147,0.9821411653244908,0.8811397828212805,0.7844381214983166,0.007063993592477828,0.0016499273565125695,0.6153431664598078,0.9922601541608952,SIRA
8059,41468,760.467,287.5059106391361,183.88403219735903,1.5635175452894234,0.768721644097361,41863,229.77967151399125,0.7769034772182254,0.9905644602632396,0.9010776301525959,0.7992172091460056,0.006933199349839301,0.0017449088984724647,0.6387481473951302,0.9986939354734009,SIRA
8060,41477,762.7069999999999,286.30573076205803,184.82891920629123,1.5490310282153763,0.7637054475303804,41886,229.8046052562488,0.8052848211858813,0.990235400849926,0.8959870570111762,0.8026545771353562,0.00690275889678757,0.0017673282255516733,0.6442543701963374,0.9979700094974824,SIRA
8061,41480,779.505,285.9467104350741,186.6731890890346,1.5318038537322602,0.7575086746787754,42221,229.8129159025109,0.716580865839754,0.9824494919589778,0.8578489050191425,0.8036914135254277,0.006893604398145471,0.001774121804381883,0.6459198881745002,0.9894225739080099,SIRA
8062,41484,776.644,293.94979305437687,181.0133639692473,1.6239121057620725,0.7879049490531675,42139,229.8239962967172,0.7114266604928744,0.9844562044661714,0.8642641660607613,0.7818477907695032,0.007085859441094805,0.0016332819000656556,0.6112859679311529,0.9926746834058852,SIRA
8063,41489,797.126,307.0775720556358,173.10799735129004,1.7739074840804714,0.8259610038160787,42189,229.83784603828232,0.7572229015714259,0.9834079973452796,0.8205194526268322,0.7484683576846852,0.007401421390142829,0.0014328102272701624,0.5602048824552099,0.9937516336057176,SIRA
8064,41491,776.189,291.5147858059422,182.270551137639,1.5993520839568265,0.7804219643716744,42065,229.8433857012349,0.7080858761690217,0.9863544514441935,0.8654237286691805,0.7884450356979107,0.007025976375742745,0.0016748354324555156,0.6216455743166798,0.9942301447659199,SIRA
8065,41492,761.691,279.9995221369648,189.14688907902755,1.4803284553095561,0.7373363899726352,42008,229.84615548264316,0.7420814479638009,0.9877166254046849,0.8987038146048357,0.8208805276825131,0.0067482773097697095,0.0018901335840994318,0.6738448407283211,0.9975116921936694,SIRA
8066,41493,778.0159999999998,289.4416224027647,183.7740605289278,1.5749862715647176,0.7725728183300418,42079,229.8489252306743,0.7367757515492658,0.9860738135411963,0.8614055057289056,0.7941115148630358,0.006975673545001921,0.0017111649834669418,0.6306130980380655,0.9932069720788486,SIRA
8067,41514,757.89,279.158286795678,189.5482508767295,1.472755804943963,0.7341390186546773,41958,229.90708223135613,0.7528016537917528,0.9894179894179894,0.9082221542273056,0.8235724787909667,0.006724437221074288,0.0019082839950433572,0.6782716278218972,0.9989284772034905,SIRA
8068,41517,752.8669999999998,271.5677724028927,195.34455396124042,1.3901988404385013,0.6946772573543032,41977,229.91538917342996,0.7932628924088121,0.9890416180289205,0.9204480994622124,0.8466225102451845,0.006541122248787067,0.0020729616818229257,0.7167696748538576,0.9964523708433146,SIRA
8069,41532,776.965,299.8327940767763,176.7511302056955,1.6963557388733161,0.8077691112797757,41939,229.95691938261126,0.795403619649526,0.9902954290755621,0.8645493692313682,0.7669505268450644,0.0072193198997586505,0.001540797090578335,0.5882131106279219,0.9978186858942001,SIRA
8070,41532,763.002,287.93198062140823,183.99819651783247,1.564863058826247,0.7691788598887175,41939,229.95691938261126,0.7116274288064152,0.9902954290755621,0.8964815513884876,0.79865014954686,0.006932774261326404,0.0017398553035249493,0.6378420613712217,0.9981354792054089,SIRA
8071,41546,752.073,274.51622144690987,193.01177866991517,1.422277041010963,0.7110930626578338,41999,229.9956741453349,0.779065406540654,0.9892140289054502,0.9230369485496958,0.8378217976813256,0.00660752470627521,0.0020082842365793134,0.701945364669968,0.9983607762141637,SIRA
8072,41551,763.718,281.191367600544,190.10868122472934,1.4791085067185594,0.7368255449265031,42124,230.00951354952852,0.75828527629754,0.986397303200076,0.8952107551534539,0.8179821290825555,0.006767379066702222,0.0018688546624839584,0.6690947634984306,0.9896637564913713,SIRA
8073,41556,774.665,275.45948520763545,194.30706512664514,1.4176503825432025,0.7088168795015081,42272,230.0233521210714,0.7535905991585666,0.9830620741862226,0.8701932944199707,0.835053299935142,0.00662863329501481,0.0019882021680394943,0.6973140137325704,0.9885474783207143,SIRA
8074,41560,756.937,286.9308353215728,185.12994418404398,1.54988884475828,0.764007332654878,41972,230.03442237889823,0.8068962839280861,0.9901839321452397,0.9115194366657208,0.8017068716964182,0.00690401432438818,0.0017593160750014655,0.6427339081252572,0.9961661143512294,SIRA
8075,41565,770.0339999999999,293.1837406717755,180.818431117836,1.621426194549344,0.7871661505325875,41998,230.04825945204854,0.8079973562458691,0.9896899852373923,0.8808822239404517,0.7846555846682907,0.007053620610412018,0.0016493322082655971,0.6156843865511371,0.9982867919290576,SIRA
8076,41567,768.3629999999999,286.8489529062169,185.11020009700098,1.5496118136974786,0.7639099069796018,42083,230.05379404827582,0.7968522352580324,0.9877385167407267,0.8847603635604685,0.8020032554327998,0.006900881778964489,0.001761119698380528,0.6432092217248088,0.9967246086639248,SIRA
8077,41569,753.915,281.47200602028516,188.43829559795154,1.4937091482764662,0.7428351498486171,41969,230.05932851135591,0.7133247533247533,0.9904691558054755,0.9190405477517597,0.817343549591841,0.006771199836904549,0.0018640774474987017,0.6680504780593901,0.9978731105877778,SIRA
8078,41570,762.2629999999999,276.3994271513277,192.34824681436126,1.4369739871769445,0.7181320879785483,42060,230.06209569296874,0.7455164992826399,0.9883499762244413,0.8990424722233682,0.832353735548846,0.0066490119593776206,0.001968650441979159,0.6928127410821184,0.9955538869197597,SIRA
8079,41579,764.5609999999999,280.32788055008496,189.7016986364134,1.4777299442498286,0.7362463298029187,42117,230.08699882988464,0.7633656458838217,0.98722606073557,0.8938396630342802,0.8207781487106702,0.0067420544156926564,0.0018874487131738302,0.6736767694009151,0.995512334889219,SIRA
8080,41581,766.314,288.9771986410218,184.10784622180876,1.5696082734728696,0.7707798028751206,42050,230.09253249428326,0.8150739978437714,0.98884661117717,0.8897976899869842,0.796230753070981,0.00694974143577648,0.001723075072558212,0.6339834121359816,0.9951056089331968,SIRA
8081,41586,755.6359999999999,276.24075722477414,192.89627320024908,1.4320689178790078,0.715814567691157,42099,230.106366073076,0.8162440135039648,0.9878144373975629,0.9152331299012652,0.8329920913366196,0.006642638321184393,0.0019728037363153875,0.6938758242293553,0.9936780007465374,SIRA
8082,41587,756.439,277.58327364469955,191.11509852063796,1.4524403136820931,0.7252397108228632,41994,230.1091326890378,0.8089596949891068,0.9903081392579892,0.9133129860422504,0.8289733371455674,0.006674760709950214,0.0019443646318331885,0.6871967936982586,0.9981123266004274,SIRA
8083,41602,768.1819999999999,289.1209306643633,184.1740279922526,1.569824658863004,0.7708523823002381,42095,230.15062793760143,0.7527185221371836,0.9882883952963535,0.8859226811657415,0.7960358574135205,0.006949688252111997,0.001721375470884903,0.6336730862880786,0.9947556365128498,SIRA
8084,41604,766.77,281.26897184507044,189.45854001842937,1.4845937893203986,0.7391098331074474,42204,230.15616007215993,0.7875369122435072,0.9857833380722206,0.8892312699644797,0.8182778162922832,0.006760623301727489,0.0018696900236585667,0.6695785846360677,0.9940522082126491,SIRA
8085,41606,775.252,284.4384318896191,187.2336056270638,1.5191633517765506,0.7527932281489241,42111,230.16169207374884,0.8223179697999842,0.9880078839258151,0.8699214471929451,0.8091793030382997,0.006836476274806977,0.001807969657589915,0.6547711444655484,0.9947043264728505,SIRA
8086,41608,760.435,288.46978847790814,184.84170649780197,1.5606314935278878,0.7677360252297748,42168,230.16722394237772,0.7628896222955629,0.9867197875166003,0.9041958502935987,0.7978902232945777,0.006933036639057588,0.0017333083632235906,0.636628808429071,0.9935429681215405,SIRA
8087,41609,769.25,283.62429849587363,187.30790871232014,1.5142142178923292,0.7509064928920807,42259,230.16998982683512,0.7358563975594659,0.984618661113609,0.8836130729630454,0.811531279398418,0.006816417085146811,0.0018237150169672356,0.6585830174420332,0.9972357686731584,SIRA
8088,41613,780.132,302.55155372970864,175.55351127605113,1.7234149948385709,0.8144431934850573,42029,230.18105303231263,0.8098908156711625,0.9901020723785957,0.8592166921484048,0.7607994412679505,0.0072706018246631735,0.0015025566805943464,0.5788157898336257,0.9975398114486014,SIRA
8089,41619,766.974,287.3127706301526,184.9698994598433,1.5532947331926716,0.765199844534674,42093,230.19764684360425,0.8153873280827554,0.9887392202979117,0.8890787317358197,0.8012092408517734,0.006903403989287408,0.0017547968675326753,0.6419362476262749,0.9971161924833595,SIRA
8090,41627,761.6709999999999,288.52093813419657,184.80312855970462,1.5612340569276872,0.7679423635568551,42042,230.21977006480267,0.7155356160616062,0.9901289187003472,0.9016752232278764,0.797930893867131,0.006931100923299699,0.0017331777541148108,0.6366937113875988,0.9940279060500067,SIRA
8091,41635,765.73,289.9573018800539,183.3849907920292,1.5811397684605757,0.7745969757135942,42018,230.2418911602502,0.6943332666266426,0.9908848588700081,0.8923127701011457,0.7940544682523427,0.006964268088868833,0.0017078763291430404,0.6305224985515108,0.9969441973689195,SIRA
8092,41637,754.847,279.45919490683997,190.4777582412899,1.4671486975021608,0.7317304054443955,42111,230.2474211020353,0.7359481052036199,0.9887440336254185,0.918272181389072,0.8239035440533283,0.006711799478993203,0.0019077621133737107,0.6788170499036348,0.9959255506083772,SIRA
8093,41643,768.91,294.5045375703169,180.98059687679833,1.6272713354503934,0.7888968289445488,42233,230.26401013055943,0.8089160839160839,0.9860298818459499,0.8851173517836692,0.7818691420860733,0.007072125869181301,0.0016302944019113694,0.6113193553464122,0.99478246376123,SIRA
8094,41646,767.796,287.9063394306088,185.6231137565491,1.5510263436707972,0.764406688836981,42225,230.27230419666319,0.7378155726813712,0.9862877442273534,0.8877516094652766,0.799816720437875,0.006913181084152351,0.0017450971592367923,0.639706786291998,0.9922020777638736,SIRA
8095,41646,762.458,285.62810865474586,186.10543632829265,1.5347649928446678,0.7585923353404704,42074,230.27230419666319,0.8112435717625058,0.9898274468793079,0.9002254937240137,0.8061962293599254,0.00685847641201426,0.0017871889164829417,0.6499523602341615,0.9975241295041578,SIRA
8096,41674,782.9849999999999,305.3166730009417,174.24838525501013,1.752192265966281,0.8211491692216222,42098,230.34970107923553,0.7796236016013769,0.9899282626253029,0.8542169152373381,0.7544615851310716,0.007326310721335646,0.001464244574663233,0.5692122834384894,0.9973693607339276,SIRA
8097,41680,770.87,298.9914796683224,178.29248994419112,1.676971810545202,0.802752060685177,42174,230.36628274242216,0.8148104705491369,0.988286622089439,0.8814045442115975,0.7704777507304634,0.007173499992042285,0.0015593775336361123,0.593635964370674,0.9955107779754365,SIRA
8098,41680,761.137,283.04496481799265,188.26051541154075,1.5034749278108128,0.7467313027093997,42131,230.36628274242216,0.7664018829067373,0.9892952932519997,0.9040905004498283,0.8138858180733063,0.006790906065690803,0.0018380673043102238,0.662410124860855,0.9959170146563256,SIRA
8099,41683,768.766,295.50307679793804,181.1555415800095,1.6312119089518748,0.7900509900412053,42412,230.37457312645373,0.7372433187711137,0.9828114684523248,0.8862994852255317,0.779601267177267,0.0070892948395734,0.0016153734735039618,0.6077781357844005,0.9914149330920836,SIRA
8100,41698,754.669,265.89375005057815,201.32987155519064,1.320687029682471,0.6532043561282069,42263,230.41602057228314,0.8109769142501507,0.9866313323711048,0.9200513520320368,0.8665717811285656,0.006376654756836735,0.0022181496220161447,0.7509466518483348,0.9917655030795739,SIRA
8101,41698,773.8239999999998,288.61987380678266,184.58021453801695,1.5636555333363602,0.768768600338832,42268,230.41602057228314,0.7402449849103497,0.9865146209898742,0.8750657757813559,0.798337333923636,0.006921671874113451,0.0017343491332053463,0.6373424987362992,0.9965841247794364,SIRA
8102,41702,767.792,290.04341645801344,183.8698887733057,1.5774383635789857,0.7733828949247523,42233,230.42707196539592,0.69750949203004,0.9874268936613548,0.8889546020985742,0.7944571705138236,0.006955144032852464,0.001709101469792969,0.6311621957808305,0.9956194612654328,SIRA
8103,41702,788.106,303.6900651176105,175.33405285418573,1.7320655068081405,0.8165000455201918,42304,230.42707196539592,0.6992287055667338,0.9857696671709532,0.8437183218969896,0.7587573596658754,0.007282386099410352,0.0014888986285302279,0.5757127308471306,0.997172162930634,SIRA
8104,41704,778.2579999999999,292.0013691406093,182.60320129101046,1.5991032308094837,0.7803439985110064,42191,230.43259746319578,0.7274757095260523,0.9884572539167121,0.865247570727332,0.7891490308466125,0.007001759283057005,0.0016750317698053067,0.6227561928861478,0.9958514400508529,SIRA
8105,41706,779.458,293.9793720142606,181.36701226325516,1.6209087217445475,0.7870118455042715,42292,230.438122828504,0.6782014797951053,0.9861439515747659,0.8626268370759994,0.7838581368808615,0.007048850813174618,0.0016415267539926824,0.6144335787543354,0.9959407467356176,SIRA
8106,41706,768.9879999999999,287.32438521381795,185.95652306150296,1.5451159253971893,0.7623197129895779,42248,230.438122828504,0.7047075124193167,0.9871709903427381,0.8862765888104948,0.8020138028208745,0.00688928176314722,0.0017582518398592689,0.6432261399152007,0.9938589524147373,SIRA
8107,41708,775.92,292.9688048209172,181.91323975237006,1.6104864341909466,0.7838656947386895,42212,230.4436480613301,0.6892175493679253,0.9880602672225908,0.8705532400866871,0.7865808381960433,0.007024283226741086,0.001658651809458849,0.6187094150171901,0.996423119591401,SIRA
8108,41711,766.5100000000001,290.5573503280105,183.4972522371139,1.5834425136380477,0.7753470445715988,42124,230.45193566218612,0.8275992063492064,0.9901956129522362,0.8921231636048251,0.793137517953095,0.00696596462151496,0.0017004152950079651,0.6290671223847961,0.9960916255160346,SIRA
8109,41713,764.6020000000001,282.4824879903738,189.16323404249562,1.4933265939348126,0.7426805480191885,42252,230.4574605638486,0.8067030246770326,0.9872432074221339,0.8966241457819562,0.8158291942391203,0.006772049193066281,0.0018505330098630812,0.6655772741728523,0.9939242438409625,SIRA
8110,41714,773.739,298.36608762254644,179.41579382912073,1.6629867485730738,0.7990024998646557,42130,230.46022296501098,0.8201407730722347,0.9901258010918585,0.8755938956184285,0.7724075641483725,0.007152660680408171,0.0015704837899495599,0.5966134451536222,0.9921602533110022,SIRA
8111,41714,760.1099999999999,284.0140142530994,187.5961315577679,1.5139651969083423,0.7508109446060078,42187,230.46022296501098,0.789365124420475,0.9887880152653661,0.9072747169263928,0.8114396170593051,0.0068086017704631395,0.0018208011801933942,0.6584342521333517,0.9968465421822671,SIRA
8112,41724,769.477,282.90242326214405,189.42993509264434,1.4934409554845975,0.7427267808175668,42394,230.487845155726,0.691710875331565,0.9841958767750153,0.8855325196435637,0.8147255951291394,0.006780328426376763,0.00184279037050001,0.6637777953585304,0.9913129449297032,SIRA
8113,41727,782.663,293.4233837199442,181.99789395859597,1.612235050295127,0.7843986946148429,42312,230.49613116745394,0.7234097883185104,0.9861741349971639,0.8560072034615729,0.7855411121134411,0.007031978903825921,0.0016517069599023709,0.6170748388204219,0.9948696838015006,SIRA
8114,41727,772.2429999999999,301.88500329348193,176.66651110674465,1.708784542142672,0.8108808484174229,42169,230.49613116745394,0.8148531479456335,0.9895183665726007,0.8792635407315603,0.7635229595799886,0.007234764140568024,0.0015166750565515773,0.5829673098057849,0.9961655275706235,SIRA
8115,41736,766.428,288.5131396162089,184.79819527044447,1.561233534743031,0.7679421848703727,42241,230.52098741560766,0.8176795580110497,0.988044790606283,0.8928488894188847,0.7989964953494161,0.0069128124309039895,0.0017378569829401749,0.6383953995806495,0.9966843062509869,SIRA
8116,41739,751.5680000000001,271.14795753556865,197.12348610086875,1.3755233478207733,0.6866416723051569,42121,230.52927223608924,0.7724723779912276,0.9909308895800195,0.9285714843261601,0.8501973399738734,0.006496273450144197,0.0020937413380153285,0.7228355168986501,0.9942771301281904,SIRA
8117,41741,756.9559999999999,281.03102090516563,189.7241324426638,1.4812613307908815,0.7377259358977397,42253,230.5347952843354,0.7477115987460815,0.9878825172177124,0.9154432818333701,0.8203179654040033,0.006732733305506951,0.001880615737935966,0.6729215643645635,0.9967726919485352,SIRA
8118,41749,769.125,278.6544177437406,191.34556466915737,1.4562888783209742,0.7269627028411587,42266,230.5568861542598,0.7422836213640566,0.9877679458666541,0.886874331129902,0.8273936154361894,0.006674517179902288,0.0019295155343252305,0.6845801948645689,0.9969465241000768,SIRA
8119,41759,773.648,286.051006542607,186.48742454304124,1.53388898604574,0.7582725659659739,42367,230.58449676549301,0.7583996222440158,0.9856492081100857,0.8767446810130216,0.8060957363949974,0.006850044458502526,0.0017841018734388908,0.649790336234193,0.9967062399885871,SIRA
8120,41761,761.423,286.00894821777035,186.26435629359884,1.535500156384989,0.7588601665842735,42214,230.59001849101173,0.704470310391363,0.9892689629033022,0.9051671226583652,0.8062335808998464,0.006848709279417886,0.0017849745442342255,0.6500125869705892,0.998094428945551,SIRA
8121,41768,775.5419999999999,293.6663322374976,181.961536228542,1.6138923550780282,0.7849019308497974,42331,230.60934348915325,0.7897592981261936,0.9867000543337034,0.8726556394805661,0.7852767517886657,0.007030892842307451,0.0016492299115406566,0.6166595768997578,0.9952221768441706,SIRA
8122,41774,760.786,285.19067599587333,186.96985856417032,1.525329687822342,0.755111859861054,42202,230.62590648443353,0.7131711481007256,0.9898583005544761,0.9069657817963646,0.8086726737439713,0.006826989897923908,0.0018009435265163801,0.6539514932602237,0.9974916270655714,SIRA
8123,41776,763.46,281.2932671554341,189.6159949866479,1.483489128515987,0.738652411798177,42174,230.63142721853012,0.8007206792785541,0.9905629060558638,0.9006667757206142,0.8198967204255558,0.00673337004872257,0.0018769333131241604,0.6722306321645821,0.997246834671587,SIRA
8124,41781,775.884,282.8440697899697,188.33174140741124,1.5018396138445052,0.7460855815038077,42279,230.64522847563924,0.7140220456293258,0.9882211026750869,0.8721578661848851,0.8154501123071397,0.006769681668461015,0.0018464501939932647,0.6649588856617268,0.9986615960646803,SIRA
8125,41782,758.9209999999999,279.5475109754648,191.19052276043203,1.4621410462157005,0.7295490002497422,42259,230.64798862796218,0.7727533337032311,0.9887124636172177,0.9116034249103168,0.825076166205628,0.006690620625519716,0.001912592002589352,0.6807506800405769,0.9953535115265788,SIRA
8126,41784,767.352,295.03536323924067,181.47545484741045,1.6257590509268294,0.7884512119068305,42256,230.65350883351857,0.6918453514363772,0.9888299886406664,0.8917243338853055,0.7817825846404872,0.007060965040188605,0.001627000890349282,0.6111840096471607,0.9936379354656221,SIRA
8127,41791,769.719,288.91866545466615,184.5118612854483,1.5658541594119835,0.7695147166814709,42233,230.67282851265162,0.7953827414259069,0.9895342504676438,0.8863968691770425,0.7984005746033954,0.006913418330613437,0.0017328300188966827,0.6374434775270319,0.9981435206757422,SIRA
8128,41818,780.604,307.29954886769195,174.2504505270935,1.763550957476068,0.8236917923675663,42245,230.74733212268137,0.7885278977240586,0.9898922949461475,0.8624056191015141,0.7508873116570366,0.007348499422920559,0.0014410448252290071,0.5638317548075319,0.9943460310462343,SIRA
8129,41821,761.8149999999999,284.76846881467964,187.95898843225086,1.5150564024094193,0.7512291965732929,42275,230.75560881670728,0.7608383211745229,0.9892607924305145,0.9055349939160047,0.8103271046025724,0.006809221893658201,0.001811001095384264,0.6566300164535883,0.9948315104422113,SIRA
8130,41822,764.967,288.5353028261917,184.9731110222425,1.5598770071586032,0.7674772476748617,42230,230.75836764874632,0.7479032171533826,0.9903386218328203,0.8981094389358966,0.7997578299378876,0.00689912732117526,0.0017410366975526726,0.6396125865469592,0.9977169672438438,SIRA
8131,41824,776.7570000000001,293.3454116990785,182.65438458674384,1.606013523095947,0.7824926959924786,42377,230.7638852138771,0.8186978820028971,0.9869504684144701,0.8710941124886628,0.786662671412774,0.007013805750264884,0.0016568670714331637,0.618838158594282,0.9938624513102111,SIRA
8132,41829,763.0219999999999,279.4653275724469,191.27943953242473,1.4610317149380465,0.7290618325547237,42283,230.77767854956667,0.7615796373170198,0.9892628243029113,0.9028450598996202,0.825782863850047,0.0066811381475160025,0.0019164331750406878,0.6819173382283852,0.9963028581178055,SIRA
8133,41831,765.4580000000001,284.64399571720156,187.70425848090557,1.516449323104501,0.7517614458767938,42315,230.78319565301237,0.6988605987703822,0.9885619756587498,0.8971506542439125,0.8107783727231654,0.0068046184819201445,0.0018138115585766374,0.6573615696756243,0.9968555073695129,SIRA
8134,41838,793.242,301.2973987260917,182.03901446715483,1.6551254114840015,0.7968449705200155,42690,230.80250447651068,0.6940725625839844,0.9800421644413212,0.8355441019670702,0.7660288653415568,0.007201524899041343,0.0015296242815568965,0.5868002225364731,0.9712279597845835,SIRA
8135,41845,779.103,294.79590584833386,181.76229744894246,1.6218759885071483,0.7873001299266571,42528,230.8218116847775,0.7031118728366434,0.9839399924755455,0.8662907615400304,0.7829885256396008,0.007044949357111575,0.001633349895468997,0.6130710312832759,0.9943251848876596,SIRA
8136,41847,763.857,286.1000096699566,187.63638422962057,1.524757636130106,0.7548982414820408,42322,230.82732773337813,0.7966608285105087,0.9887765228486366,0.9012599393708643,0.8068064310786263,0.006836810516164996,0.001786943049216339,0.65093661722983,0.9925205777578835,SIRA
8137,41848,762.0550000000001,282.05382911264144,189.5305635101368,1.488170688088289,0.7405820611509001,42261,230.83008570824794,0.8122355498621948,0.9902273964175008,0.9055489622150648,0.8183901861373536,0.0067399595945479215,0.0018649994454157056,0.6697624967659322,0.9967209156678879,SIRA
8138,41851,775.4019999999999,283.08622699241283,190.12533545166076,1.4889453124167522,0.7408991111578443,42604,230.83835943514953,0.7466992577790466,0.9823256032297437,0.8747055254322369,0.8154347948596466,0.006764144870909007,0.0018448013986945976,0.6649339046677942,0.9900502204220796,SIRA
8139,41854,764.973,289.01487248672686,185.50328515856694,1.5580040657483716,0.7668328518657044,42437,230.84663286551418,0.6833975573117367,0.9862619883592149,0.8987825259418566,0.7987361718768156,0.006905310662940862,0.0017337097620288321,0.6379794722644299,0.9939746116519822,SIRA
8140,41861,773.212,290.91075105873216,183.8934816941429,1.581952488901067,0.7748621586155282,42423,230.86593638334486,0.7437988628287135,0.9867524691794546,0.8798776613004913,0.7935971274459196,0.006949445810151027,0.0017003185156148192,0.6297964006904154,0.9963079835731362,SIRA
8141,41867,763.9309999999999,281.9307646683507,189.52907068316668,1.4875330926918897,0.7403206226258487,42267,230.8824809712228,0.8024648764686715,0.9905363522369698,0.9015159995170756,0.8189332627208011,0.0067339614653151815,0.0018682906254487756,0.6706516887905366,0.9976165807456256,SIRA
8142,41885,761.417,275.58523167371413,193.8251484719996,1.4218239162784687,0.7108714400853369,42351,230.93210762306805,0.8091999768165221,0.9889967179051262,0.9078691230091867,0.8379698223324454,0.00657956862059721,0.0020012009407557258,0.7021934231398702,0.9983954028737144,SIRA
8143,41889,771.13,283.53296397115355,188.65544466512497,1.5029142915776537,0.7465102298146142,42520,230.94313431970917,0.7094419510542807,0.9851599247412982,0.8852270134419401,0.8145195221223207,0.0067686734935461235,0.001837762219247065,0.6634420519183737,0.9970965414617277,SIRA
8144,41900,765.816,283.7377751235943,188.45042764867813,1.5056361434878631,0.7475806056480251,42419,230.9734550211416,0.8016990662788918,0.9877649166647021,0.8977905206258336,0.814038437146873,0.006771784609154995,0.0018342669714261812,0.6626585771525234,0.99772270455308,SIRA
8145,41908,781.763,293.4159601700726,182.57393674502114,1.6071075937845996,0.7828298127545413,42480,230.99550394057715,0.7145560879128374,0.9865348399246704,0.8617009574050446,0.7872629144191247,0.007001430757136409,0.0016589975142150706,0.6197828964196941,0.9960577993339043,SIRA
8146,41912,773.0229999999999,284.66624871186286,188.02116119761868,1.5140117574992842,0.7508288142134297,42456,231.00652761110484,0.7100840336134454,0.9871867345016017,0.8813804595197754,0.8114995320183813,0.006791998680851853,0.0018168975967183833,0.6585314904660517,0.9970244192491301,SIRA
8147,41915,803.1,305.64876552801644,175.22616433643924,1.7443100845440072,0.8193507408763088,42534,231.0147950187917,0.6823991013138401,0.9854469365683923,0.8166577403559598,0.7558178572051728,0.007292109400644553,0.001467917108765707,0.5712606332702191,0.9964556835162391,SIRA
8148,41915,773.699,289.56393072924453,185.18247347838522,1.5636681230691245,0.7687728837637816,42450,231.0147950187917,0.7310670806153416,0.987396937573616,0.8799039421755112,0.7978023866335792,0.006908360508869009,0.0017263787447436365,0.636488648118235,0.9952570097578449,SIRA
8149,41928,774.5919999999999,295.1548320875479,181.78381504927907,1.6236584759074153,0.7878297588144424,42445,231.05061703370518,0.7960357692088625,0.9878195311579692,0.8781485653968547,0.7828115684217282,0.007039563825785821,0.001630626342000914,0.612793951654886,0.9949680935892546,SIRA
8150,41936,782.3,283.0023939096562,189.4005477951132,1.4942005036637915,0.7430335001775134,42603,231.0726585903529,0.7481090338233195,0.9843438255521911,0.8610932941499511,0.8165042542506513,0.006748435566330984,0.0018501914765806221,0.6666791972094122,0.9961523922524762,SIRA
8151,41943,754.232,277.8627259408087,192.819816971071,1.441048592959181,0.7200336731616067,42276,231.0919432278567,0.7748854566952409,0.9921231904626738,0.926529914301133,0.8316766577647581,0.0066247699482824,0.0019550983736447976,0.6916860630707583,0.9967532279575917,SIRA
8152,41943,760.064,276.5469405348518,193.29979253643427,1.4306634109952634,0.7151447082740673,42362,231.0919432278567,0.7737133370226895,0.9901090600066097,0.912365865632977,0.8356337003075012,0.006593399149675793,0.0019831379063442235,0.6982836810896066,0.9990089130299853,SIRA
8153,41944,776.608,283.7794886234071,189.03032157185694,1.5012379297864797,0.7458473278392642,42439,231.0946980447013,0.7638959714431413,0.9883362001932186,0.873928673526533,0.8143460232651918,0.006765675391555576,0.001835383568934589,0.6631594456078322,0.9955601132426517,SIRA
8154,41944,762.595,287.6225866659901,186.00929212433837,1.5462807442637225,0.7627333594767483,42351,231.0946980447013,0.7447839906245006,0.9903898373119879,0.90634136572077,0.8034650571899159,0.006857299891903255,0.0017627912317829911,0.6455560981251948,0.9982109638730108,SIRA
8155,41945,779.596,305.90308093373983,175.36776352078218,1.7443518397695048,0.8193603426567094,42389,231.09745282870688,0.7253908411732153,0.9895255844676685,0.8672630798019381,0.7554597100601408,0.007292956989718437,0.0014653070718117507,0.570719373524152,0.9955353891989537,SIRA
8156,41949,774.378,296.49843135689235,180.72570452570926,1.6405991175135453,0.7927603693274363,42497,231.10847163636245,0.7883075882286616,0.9871049721156787,0.8790740580252355,0.7794593400670622,0.007068069116233817,0.0016093644814000043,0.60755686281778,0.996757252978148,SIRA
8157,41955,765.6419999999999,292.8365735201931,183.20440901693183,1.5984144436891201,0.780127970430093,42360,231.12499886287452,0.69421692727724,0.9904390934844193,0.8993776508915108,0.7892627484487926,0.006979777702781387,0.0016707357892071742,0.6229356860889421,0.9957093981339566,SIRA
8158,41957,767.143,287.96297398024427,186.1666945569286,1.5468017771147944,0.7629180120181865,42310,231.13050767575712,0.7215429328105385,0.9916568187189789,0.8959043364388424,0.8026396744034664,0.006863287984847446,0.0017570919025704501,0.6442304469265026,0.9964968001773723,SIRA
8159,41967,793.339,314.85870540605407,170.70369289856066,1.8444750670576084,0.8402754837014136,42402,231.15804977093177,0.7817995529061103,0.9897410499504741,0.8379154148361301,0.7341643912078636,0.007502530688542285,0.0013445000062037324,0.538997353317613,0.9941671794043779,SIRA
8160,41971,776.919,284.1330704718621,189.84325713671882,1.4966719111189652,0.7440273997684975,42834,231.16906569019895,0.6890771478763401,0.9798524536583089,0.8737912588648926,0.8135943672670507,0.006769747455906747,0.0018297171687323974,0.6619357944486726,0.9907007105155452,SIRA
8161,41973,777.9159999999999,305.72670577456853,175.50057064553354,1.7420268472634122,0.8188244777023689,42458,231.17457345298376,0.6578840125391849,0.9885769466296105,0.8715944722319202,0.7561477917583139,0.007283889780920319,0.001468824408717017,0.5717594829809745,0.9960203695303056,SIRA
8162,41974,780.738,287.8867488730743,186.98345005918583,1.539637592428365,0.7603586046846174,42558,231.17732728516808,0.7050661828932339,0.986277550636778,0.8653256685355144,0.803014825066128,0.006858692258852487,0.0017592004706234773,0.6448328092759843,0.9928088339924955,SIRA
8163,41976,776.646,290.09128946641647,185.36045193390822,1.5650117726830473,0.7692293049827563,42510,231.18283485112642,0.6996,0.987438249823571,0.8745098300196246,0.7969313221239971,0.006910884540366316,0.0017194794337604708,0.635099532182302,0.9939382446907984,SIRA
8164,41982,766.608,284.0844061189654,189.27695727657238,1.5008927140764414,0.7457104662127406,42506,231.1993567618033,0.6865862035129036,0.9876723286124311,0.8976898075708151,0.8138403649828794,0.006766814494758834,0.001831137424118327,0.6623361396754662,0.9940954863084236,SIRA
8165,41986,776.2119999999999,293.95427222192274,183.22881404241681,1.6043015600912713,0.781963510149944,42584,231.21037071301654,0.7891511916397264,0.9859571670110839,0.8756965937883643,0.7865521700547449,0.0070012449917096825,0.0016529707632559555,0.6186643162178284,0.9925241276810617,SIRA
8166,41993,759.6740000000001,284.92508697171263,187.92664461978453,1.5161505572995067,0.7516474396881416,42368,231.22964386527883,0.7691025641025641,0.9911489803625377,0.9143916263323759,0.8115454006625795,0.0067850614857645946,0.0018154522618015888,0.6586059373365868,0.99854575893363,SIRA
8167,41995,781.3139999999999,302.51655905632447,177.17235729653243,1.7074704184807121,0.8105556071931501,42526,231.23515018515923,0.8033937863483318,0.9875135211400085,0.8644825614793853,0.7643718773824424,0.00720363279095903,0.0015168761741813912,0.5842643669331596,0.9976141231107305,SIRA
8168,42001,768.5129999999999,285.17785826879634,188.82184654057167,1.510301183330081,0.74939819107494,42528,231.25166835813653,0.77230435422183,0.9876081640331076,0.8936491733823794,0.8109033070168046,0.006789787344796465,0.0018109740257715964,0.65756417333079,0.9931199490969587,SIRA
8169,42001,767.935,282.0922742841566,190.61285936264937,1.479922578295012,0.7371666112854512,42496,231.25166835813653,0.7954734848484849,0.9883518448795181,0.8949949216805804,0.8197731360951509,0.006716322808603524,0.0018710528464474623,0.6720279946632789,0.9945494025485062,SIRA
8170,42021,757.871,283.8435552819992,189.65808157040726,1.4966066983896347,0.7440012541066818,42517,231.3067204153746,0.793987604867357,0.9883340781334525,0.919360137483103,0.8149091853981707,0.006754802486423436,0.0018375081311213116,0.66407698044631,0.9938620571823101,SIRA
8171,42026,775.61,282.660500815,190.17289415240882,1.4863343279009549,0.7398279210050083,42503,231.32048138251818,0.7073297988723386,0.9887772627814507,0.8778920588283892,0.8183686108088954,0.0067258483037881305,0.001860898491697436,0.6697271831572814,0.9954385026550775,SIRA
8172,42033,781.9680000000001,292.68352323534833,184.37825630428964,1.5874080225182112,0.776629398271788,43083,231.3397453613475,0.795657605815098,0.9756284381310494,0.863818079938112,0.7904091860180528,0.006963184241794503,0.0016764691455483265,0.6247466813417205,0.9917278940034758,SIRA
8173,42037,772.972,290.29073182861435,184.96380085886148,1.569446186122244,0.7707254118105306,42536,231.35075262905895,0.7832640816858895,0.988268760579274,0.8841257794339724,0.7969622425480908,0.006905600585879448,0.0017184314168945413,0.6351488160472821,0.9968318869654655,SIRA
8174,42039,774.1299999999999,284.2984725575181,189.12801517897515,1.5032065571485085,0.7466255164724901,42569,231.35625606652937,0.7403187461477503,0.9875496253141958,0.8815246168188857,0.8137794550398871,0.006762731572052572,0.0018294847664491762,0.6622370014450155,0.9954790029585138,SIRA
8175,42040,765.5749999999999,278.44410632758775,193.24161939817614,1.4409116793512846,0.7199701197316541,42520,231.35900773617232,0.6867710000980168,0.9887111947318908,0.9013575177753299,0.8308992809636987,0.006623313661455465,0.0019473706392177526,0.6903936151059914,0.9947962233557786,SIRA
8176,42041,776.5519999999999,287.8691487146932,186.37297208366903,1.544586350135894,0.762131268112712,42536,231.36175937308866,0.7417254763585038,0.9883627985706225,0.8760760677656247,0.8037046012262712,0.006847343039287677,0.0017623317569730639,0.6459410860322795,0.9977117844774143,SIRA
8177,42043,800.405,307.2187099571035,177.7202562227026,1.728664568050844,0.8156956971043787,43251,231.3672625487462,0.6656375668914853,0.9720700099419667,0.8246771775949175,0.7531027735291632,0.007307249957355648,0.0014499422808856,0.5671637874973181,0.9804359437281319,SIRA
8178,42044,777.85,294.5178512986979,182.9759505701588,1.6095986952436703,0.7835942966416827,42486,231.3700140874897,0.7895142057724448,0.9895965729887493,0.8732169945170447,0.7855891011945346,0.007004991230584576,0.0016457700600866296,0.6171502359156369,0.9933642144991324,SIRA
8179,42049,766.9580000000001,278.7738538980816,192.53439959258284,1.4479171227998107,0.7231917837746661,42511,231.38377129040154,0.7610678733031674,0.9891322246006916,0.8983020117333419,0.8300052822564714,0.006629738017505329,0.001940883888572815,0.6889087685736449,0.9974828020647126,SIRA
8180,42057,767.1249999999999,281.48900804491615,190.67280797853294,1.476293400350027,0.7356405387003879,42444,231.40578111388388,0.7406487743026204,0.9908821034775234,0.8980817722509633,0.822077503917877,0.0066930358333907826,0.00188561909994319,0.6758114224478472,0.9976959428409208,SIRA
8181,42058,789.819,280.6121809083747,191.64638636738374,1.464218481899495,0.730457469395096,42822,231.40853219462645,0.7417636684303351,0.9821587034701789,0.8472339040127508,0.8246560482354321,0.0066720286487321,0.001903395592662068,0.6800575978912795,0.9957529035885865,SIRA
8182,42060,765.942,273.22950660392604,198.55763464276163,1.376071522485205,0.6869481708608205,42823,231.41403425799598,0.779842029146735,0.9821824720360554,0.9009223550607498,0.8469584311530971,0.006496184179836568,0.002061989619971754,0.7173385841013156,0.9871091975616785,SIRA
8183,42061,758.6759999999999,284.189034727617,188.74819531766695,1.5056516659633288,0.7475866888800021,42460,231.41678524062527,0.7330509951549374,0.9906029203956666,0.9182834691788985,0.8143058209913987,0.006756592442586173,0.0018325576381790862,0.6630939701004758,0.9983885407720191,SIRA
8184,42062,756.391,275.7426590418454,194.44065274973232,1.418132757437089,0.7090555773416963,42474,231.41953619055246,0.7637360642045248,0.9902999482036069,0.9238619435173389,0.8392591012021586,0.006555624055961329,0.0020062176241151084,0.7043558389506551,0.9988700881080067,SIRA
8185,42065,761.073,279.4033065443295,192.1554855856816,1.4540480366340849,0.7259616457024872,42566,231.427788844133,0.7407766135423087,0.9882300427571301,0.9125950884873765,0.8282929493800217,0.0066421801151629505,0.001928529422776459,0.6860692099926553,0.9975775877849181,SIRA
8186,42070,767.2099999999999,283.8013456828642,189.15212004413328,1.5003868083352554,0.7455096824831621,42564,231.44154261283407,0.7215875956227916,0.9883939479372239,0.8981603238722602,0.8155054446833385,0.006745931677748139,0.0018404717717469398,0.6650491303081698,0.9978309420092123,SIRA
8187,42079,783.081,292.22488381380464,184.8763207213791,1.5806506894639414,0.7744371528983773,42926,231.46629733702252,0.6972724862464373,0.9802683688207613,0.8623069786491191,0.7920827765116152,0.006944672730193318,0.0016862184094247137,0.6273951248463492,0.9916925366546975,SIRA
8188,42080,771.343,296.3816039770312,181.46484327245554,1.6332728622923227,0.7906506356360016,42469,231.4690476985112,0.7612844866576209,0.9908403776872542,0.888772298491786,0.7809831804420946,0.007043289067895228,0.0016163000970379306,0.6099347281334493,0.9961898392300084,SIRA
8189,42088,762.9639999999998,289.7585711700082,185.62229408109616,1.5610116909955665,0.7678662521253382,42432,231.49104941404005,0.7997871693523867,0.9918929110105581,0.9085734874800033,0.7989101011897893,0.006884588746673832,0.0017300131908796475,0.6382573497830795,0.9963271848752335,SIRA
8190,42090,774.855,283.4433120375022,190.58243225473262,1.4872478469508232,0.7402035221406417,42839,231.49654951619257,0.7576957695769577,0.9825159317444385,0.880943205197777,0.8167296234725179,0.006734219815573823,0.0018483332810452025,0.6670472778575608,0.9920646278080647,SIRA
8191,42095,780.972,299.4611593192361,179.39838543063019,1.6692522544191561,0.8006961846071496,42586,231.51029919989884,0.6790173242571862,0.9884703893298267,0.867300208658278,0.7730895710354903,0.007113936555867351,0.0015675052684155225,0.5976674848438382,0.9976577964686035,SIRA
8192,42096,764.0089999999999,289.85427996663645,185.81275402766508,1.5599267202265403,0.7674943127575582,42462,231.51304903864792,0.7885804203664156,0.9913805284725166,0.9062619486759176,0.7987222029817745,0.006885553971081254,0.0017286285367694096,0.6379571575360593,0.9951664164002711,SIRA
8193,42106,764.759,284.08071402226665,189.31020107241477,1.5006096470923949,0.7455981543547838,42514,231.5405456299582,0.7736375996766252,0.9904031613115679,0.9047001386209275,0.8150519700954064,0.006746798889048274,0.001836617565061274,0.6643097139564035,0.9968695654201685,SIRA
8194,42111,770.7139999999999,281.0600854243813,191.32602335042927,1.4690112745906854,0.7325344420305574,42682,231.55429270117716,0.8001330039901197,0.9866219952204677,0.8908794120563296,0.8238604651085414,0.006674267659860401,0.0018966973301109786,0.6787460659688622,0.9970856234923318,SIRA
8195,42116,766.156,291.47792231515166,184.2718623372962,1.5817820399601898,0.7748065841473166,42500,231.56803895629923,0.8003192459714199,0.990964705882353,0.9016179866362057,0.7944616769496639,0.006920835841845181,0.0017007094368212139,0.6311693561416719,0.9983723517181335,SIRA
8196,42119,770.656,296.32737889097547,181.43799235081732,1.633215706653186,0.7906340426106224,42501,231.57628631770638,0.7976327999242496,0.9910119761887956,0.8911827827689248,0.7814879852965181,0.0070354799233356795,0.0016186863812252144,0.6107234711628109,0.9974431655248567,SIRA
8197,42122,771.2429999999999,287.8738128309217,187.23252521629414,1.537520323984121,0.7595936829339326,42610,231.58453338540232,0.7655761541257724,0.9885472893686928,0.8898901039962055,0.8044654395897414,0.006834286425880102,0.0017656414017579699,0.6471646434943157,0.9950287923364485,SIRA
8198,42135,883.8199999999999,302.1162230855475,178.15169048674588,1.695836970505898,0.8076374766699247,42931,231.62026728552075,0.6797612325562636,0.9814586196454776,0.6778369078894714,0.7666594826320695,0.007170196347111606,0.00152799121778166,0.5877667623096725,0.9967566055592954,SIRA
8199,42136,766.3729999999999,284.275800649523,190.479228999541,1.4924241458905108,0.7423152423586324,42693,231.62301581872387,0.7962207105064248,0.9869533647202118,0.9015353860924036,0.8147827401752233,0.006746625229008994,0.0018341448521182126,0.6638709136874457,0.990776981341539,SIRA
8200,42140,779.769,289.65735732820855,187.09607803975285,1.5481743944769606,0.7634033583229423,42663,231.63400962539967,0.7581318364997122,0.9877411340037034,0.8709083690934263,0.7996828106214369,0.006873691441106041,0.0017339670440163265,0.6394925976034009,0.9900460650671441,SIRA
8201,42145,771.568,287.10956068643196,187.91729493105652,1.5278506472316309,0.7560496770040186,42675,231.64775115002396,0.7167029453778655,0.9875805506736965,0.8896260826309311,0.8068270196094902,0.00681242284224539,0.0017807505789934803,0.6509698395719328,0.9945846907182484,SIRA
8202,42146,761.926,284.2125341243664,189.54630447316123,1.4994359025586248,0.7451315903444355,42744,231.65049935713103,0.7266551724137931,0.9860097323600974,0.9123062275061931,0.8150608138055052,0.006743523326635183,0.0018358055649030243,0.6643241302012927,0.9961114517598486,SIRA
8203,42160,766.9929999999999,278.63748069680764,193.00477296147542,1.4436818137778638,0.721251379052611,42738,231.6889708338195,0.7321478188385663,0.9864757358790772,0.9005911305579634,0.8315068391173333,0.00660904840362447,0.001948866084721952,0.6914036234988988,0.9981668372254775,SIRA
8204,42164,784.8,296.84649345114366,181.68444680545159,1.6338574857153736,0.7908202394594042,42724,231.69996151103135,0.6925869347394011,0.9868926130512125,0.8602678246907869,0.780537977111613,0.007040283024645282,0.0016119294699583333,0.6092395337134888,0.9954105727515273,SIRA
8205,42181,773.0799999999999,295.77133262395535,182.1958651949868,1.6233701698302516,0.787744237056012,42596,231.7466660741291,0.7409925340360123,0.9902573011550381,0.8869065444633871,0.7835332248672409,0.007011956393256569,0.001630229085330215,0.6139243144708583,0.996626418645478,SIRA
8206,42184,769.735,289.79520364907876,186.08411203926497,1.5573344788722752,0.766601780600224,42680,231.75490707881053,0.6861529953317393,0.9883786316776008,0.8946952948490101,0.7997196094364941,0.0068697895801507385,0.0017333017621504719,0.6395514537172587,0.995995529886773,SIRA
8207,42188,765.8439999999999,285.14257452875165,189.14903702228114,1.5075021211721147,0.7483101802252058,42731,231.76589462922936,0.7681159420289855,0.9872925978797594,0.9038953930580417,0.8128070492884598,0.0067588549949926914,0.0018197123303101683,0.6606552993730126,0.995939265168415,SIRA
8208,42188,767.213,287.2544149797795,187.9829307248008,1.5280877570757103,0.7561375853701486,42514,231.76589462922936,0.8130588960838729,0.9923319377146351,0.9006724842503021,0.8068314446813425,0.006808912842035163,0.0017798721201253765,0.6509769801265822,0.9947499534695483,SIRA
8209,42190,768.648,282.169225908355,191.2645439866143,1.4752824544841026,0.7352128608587487,42592,231.77138820910685,0.7331526083481041,0.990561607813674,0.897355205374685,0.8213914450202422,0.006688059395789404,0.0018779351252888497,0.6746839059524415,0.9953493287744395,SIRA
8210,42196,786.561,299.68111487115254,179.71473837654742,1.6675377744659179,0.8002349803289718,42648,231.7878681675228,0.7000116126677616,0.9894016132057776,0.8570700708108541,0.7734483644963068,0.007102121406558739,0.0015678090122554717,0.5982223725420119,0.9975584037444278,SIRA
8211,42205,762.2949999999998,284.04260147207964,189.9168647438741,1.495615472881492,0.7436033086634177,42702,231.8125859084177,0.7717979664984274,0.9883612008805208,0.9126991083800808,0.8161190775856347,0.006730069931810914,0.0018416769807277074,0.6660503487992275,0.9961552073822392,SIRA
8212,42206,779.537,292.501733410383,184.23820587946827,1.587627995041064,0.7767001894008412,42781,231.81533216138286,0.758050900731002,0.986559453963208,0.8727916683372331,0.7925263534631555,0.006930335341192792,0.0016865097732009391,0.6280980209336064,0.9971860016640821,SIRA
8213,42212,766.7459999999999,289.6763495628399,186.75068821641193,1.5511393951445835,0.7644463198787563,42783,231.83180899600617,0.7700530857215827,0.9866535773554916,0.9022829597101626,0.8003132093658014,0.006862417074832747,0.001736588067607979,0.6405012330853891,0.9935066952774303,SIRA
8214,42215,767.14,282.8846157506578,190.581634489718,1.4843225398296163,0.7389976340947351,42674,231.84004697419056,0.7893605086013463,0.9892440361812813,0.9014204392123711,0.819556929099816,0.006701045025480465,0.0018648280998055555,0.671673560035521,0.9969802045683248,SIRA
8215,42217,768.1909999999999,287.85391863787186,188.0462679171878,1.5307611356830413,0.7571252117674466,43040,231.8455387970283,0.7620397111913357,0.9808782527881041,0.8989981603762324,0.8054277666051035,0.006818436142735672,0.0017699904799030406,0.6487138872184851,0.9930260067319288,SIRA
8216,42219,769.8839999999999,288.7779838344965,187.10608510897106,1.5433917270318145,0.7617052873278232,42680,231.85103048978203,0.807200351796264,0.9891986879100281,0.8950910574967043,0.8028694826772519,0.006840000564544317,0.0017531363819551268,0.6445994062144381,0.9948693908009837,SIRA
8217,42234,775.133,288.6467334748902,186.53728187217362,1.547394336284411,0.763127732417809,42719,231.89221403993895,0.7120770177538737,0.9886467379854398,0.8833231780704804,0.80337723295286,0.006834463547731453,0.0017561526942755491,0.6454149784269939,0.9987114821710557,SIRA
8218,42236,770.8409999999999,290.0046087782262,186.1102610625978,1.5582408359562925,0.7669144722212375,42820,231.89770462735146,0.7759406231628454,0.9863615133115367,0.8932294490053491,0.7996345492725926,0.006866289629184255,0.00173168175724914,0.6394154123903821,0.9963632067265266,SIRA
8219,42238,765.308,283.3113131175109,190.64456200704092,1.4860707808022744,0.739719397109948,42778,231.90319508476765,0.7276141257536607,0.9873766889522652,0.9062347336227581,0.8185454810573682,0.006707498298155947,0.0018574263181235047,0.6700167045594384,0.9956922472952114,SIRA
8220,42242,772.9229999999999,290.6901359428452,185.80341605875336,1.564503721777243,0.7690568964432928,42734,231.9141756096482,0.7523733190845133,0.9884869190808255,0.8885500067669567,0.7978054530727063,0.006881542918016315,0.0017197035477555995,0.6364935409525463,0.9957965137074345,SIRA
8221,42246,775.6120000000001,286.0523306232779,188.56133626597477,1.5170253684445014,0.7519810204712204,42726,231.92515561465444,0.7219070403280929,0.9887656228057857,0.8824831449476016,0.8107787659317929,0.006771110415738245,0.0018048832853914518,0.657362207285881,0.9972351447093543,SIRA
8222,42247,773.978,290.3938899861304,185.96589514494158,1.5615437968332728,0.7680483146155247,42686,231.9279005346843,0.8157523798490027,0.9897155976198285,0.8862342015167717,0.7986665991690167,0.006873716239878107,0.0017251761739928595,0.6378683366282027,0.9960593442581278,SIRA
8223,42248,781.8629999999999,294.79296629823205,182.91906801611358,1.6116032598212415,0.7842063589939039,42761,231.9306454222278,0.7010021902170306,0.9880030869250017,0.8684697488426991,0.7867577314839711,0.006977678619064382,0.001649129661676026,0.6189877280498044,0.9975626403144088,SIRA
8224,42251,790.637,295.44224618315997,182.7716595547065,1.6164554554188384,0.7856765329038432,42813,231.93887988995152,0.6953752468729427,0.9868731460070539,0.8493615314465158,0.785056581739365,0.006992550381840903,0.0016383972215971167,0.6163138365322964,0.9962438633127444,SIRA
8225,42257,772.737,285.23067266212894,189.54783097266173,1.5047952339969928,0.7472506991084406,42749,231.95534794842254,0.7963402683551938,0.9884909588528387,0.8892934844863425,0.8132202114994348,0.006749903510947983,0.0018210001562217614,0.6613271123911855,0.9951618868392493,SIRA
8226,42258,775.619,300.09369651878666,180.45787913200905,1.6629570177939488,0.798994408800736,42702,231.9580925111657,0.787807606263982,0.9896023605451735,0.8827178814188494,0.7729522319261528,0.007101464729016675,0.0015636455720195524,0.5974551528396211,0.9935422392318043,SIRA
8227,42259,797.0379999999999,302.53597725376386,179.2717579981864,1.687583033892179,0.8055237892745796,42834,231.96083704143516,0.7090436241610738,0.9865760844189195,0.8359321428118367,0.7667214958929296,0.0071590898330240625,0.0015261180613653869,0.5878618522642918,0.9920656881536493,SIRA
8228,42263,770.713,286.82779582550177,189.56605715455458,1.5130757063309546,0.7504691660503321,42902,231.97181483779914,0.7779659456971928,0.9851055894830077,0.8940973687812571,0.808749424616171,0.0067867353435748,0.001791004245155567,0.6540756318169878,0.9896659486053542,SIRA
8229,42269,776.825,283.92121747513374,189.83557444766367,1.4956165002329889,0.7436037216322998,42786,231.98828055833036,0.742655843699487,0.987916608236339,0.8802082808411457,0.8170868053517284,0.006717008149592698,0.0018468364080050268,0.6676308474798932,0.9985197115554623,SIRA
8230,42273,747.1969999999999,263.3474916993322,204.5506204109993,1.2874441112434347,0.6298303272369955,42638,231.99925705611543,0.7781500230096641,0.9914395609550166,0.9514866398385984,0.8809624711405738,0.0062296854185729,0.002314597666954174,0.7760948755581065,0.9991787773034905,SIRA
8231,42281,773.575,298.89406764967356,181.03962805994672,1.6509869736956282,0.7956943959780125,42703,232.02120849385173,0.7908903853348298,0.9901177903191813,0.8878717999570473,0.7762656860951758,0.007069228912506174,0.001583409930040403,0.602588415408814,0.9948656243398419,SIRA
8232,42282,775.7929999999999,290.4068701923246,186.08886048457367,1.560581699711137,0.7677189609482075,42728,232.02395227754428,0.733998784827706,0.9895618797977906,0.8828230679375247,0.7989616503352152,0.006868333337881951,0.0017263739055608535,0.6383397187063706,0.9961812832119171,SIRA
8233,42287,760.138,281.75337563447215,191.72302167990154,1.4695855154259159,0.7327815363740238,42736,232.03767070933938,0.8019381388557015,0.9894936353425683,0.9196696446512388,0.8235488578861586,0.006662883998261219,0.0018905992962307701,0.6782327213255964,0.9967209833479983,SIRA
8234,42289,777.408,295.23165549799654,182.94608533428146,1.613763174864034,0.7848627729051597,42739,232.04315785496732,0.684886470378648,0.9894709749877162,0.8793044451767524,0.7859697750349877,0.006981287225945199,0.0016433824703650827,0.6177484872685494,0.9968997600819484,SIRA
8235,42290,773.065,282.39274086221576,191.08405091234658,1.477845688920181,0.736295040825764,42768,232.04590137912376,0.7075574294366644,0.9888234193789749,0.8892329083764596,0.8217134076132039,0.006677529932897039,0.0018779200520169955,0.6752129242513034,0.9978605092079774,SIRA
8236,42293,775.769,290.69946214525555,185.7932767643649,1.5646392980836412,0.7691029248645664,42758,232.05413175697655,0.7150489458467885,0.9891248421348052,0.8831073803385381,0.7982613041128527,0.006873465163153608,0.0017216140872746788,0.6372211096439524,0.9970211897173924,SIRA
8237,42297,791.9409999999999,316.11852561821826,171.1496863997285,1.8470295346022891,0.8407588028190494,42751,232.06510514005154,0.7996256805807622,0.9893803653715703,0.8474884224241293,0.7341078941394297,0.0074737812520561326,0.0013389357025105474,0.5389144002378281,0.9953908138617473,SIRA
8238,42309,760.0799999999999,274.98599543467924,196.89931226859613,1.3965817973988794,0.6980654431007426,42731,232.09802217640717,0.7348501953973079,0.9901242657555405,0.9202885411123206,0.8440357910210021,0.006499468090351444,0.0020347030264751577,0.7123964165244489,0.9949198678502356,SIRA
8239,42311,772.834,289.7912793380095,186.66533800811118,1.552464332319786,0.7649099887641226,42883,232.10350789526956,0.7051833333333334,0.9866613809668167,0.8902064026080125,0.8009333766891809,0.006849076583820034,0.0017385907046541696,0.6414942738947333,0.995896979608953,SIRA
8240,42316,770.012,293.4460477874173,184.4029549867344,1.5913305066533627,0.7778863626014971,42757,232.11722162522355,0.7746494343352982,0.989685899384896,0.8968493253711312,0.7910047634833968,0.006934635782857956,0.0016746336528414114,0.6256885358534244,0.9956772547668307,SIRA
8241,42329,778.504,298.92543228503126,180.93187499419682,1.6521435611863247,0.7960169905433936,42765,232.15287353184905,0.7348146862251541,0.9898047468724425,0.8776597381808839,0.7766246978627324,0.007061953561034545,0.0015847085851894028,0.6031459213303804,0.9964836503817813,SIRA
8242,42334,781.9300000000001,290.81275447825703,185.6955519414544,1.5660728080872055,0.7695887051698442,42863,232.16658434584934,0.7024291497975709,0.9876583533583744,0.8700884783123037,0.7983370081631257,0.006869484444613243,0.001721269826520625,0.6373419786028506,0.998123942142422,SIRA
8243,42334,775.299,290.0096030332943,187.07779104991437,1.5502086132496433,0.764119707772207,42994,232.16658434584934,0.693283985392136,0.9846490207935991,0.8850355625120011,0.8005479195087056,0.0068505126620044005,0.001735610100700123,0.640876971429717,0.9934930011436929,SIRA
8244,42343,777.5049999999999,287.2648556431465,188.77549626372277,1.521727455780767,0.7537616594123084,42866,232.1912617708104,0.7314894793214248,0.9877991881677787,0.8802075864191992,0.8082828693087641,0.006784234835584312,0.0017862166499298627,0.6533211968180087,0.9941768026415141,SIRA
8245,42348,775.415,288.483371087726,187.6296383634794,1.5375149342284136,0.7595917307174165,42959,232.20497031813224,0.6941384736428009,0.9857771363393003,0.8850633811894132,0.8049163091883037,0.006812207686023568,0.0017638861544645623,0.6478902647973209,0.9961409578670822,SIRA
8246,42354,785.0899999999999,296.69795840390896,182.70573129581555,1.6239116107612992,0.7879048023482303,42940,232.22141950671363,0.6862058909303004,0.9863530507685142,0.8635060904630399,0.7826862737982836,0.007005193332481205,0.0016216262225623702,0.6125978031922417,0.9948046853307467,SIRA
8247,42354,767.7349999999999,286.43202262043076,189.39727079953556,1.5123344777422905,0.750183775795792,42806,232.22141950671363,0.8295434514366297,0.9894407326075784,0.9029872462242844,0.8107383294026623,0.006762809241640241,0.001802310957303749,0.6572966387626199,0.9940523689048297,SIRA
8248,42370,767.68,291.2183681182996,185.81987852453705,1.5672078274437413,0.7699721727157174,42854,232.26527831432068,0.78550241008528,0.9887058384281514,0.9034578077494025,0.7975639717202493,0.006873220866610801,0.0017155452285505894,0.6361082889861788,0.9969138896009846,SIRA
8249,42394,770.8190000000001,291.92732193178176,185.60940419574456,1.5728045849655001,0.7718481663864176,42735,232.331051001588,0.6843923543846054,0.992020592020592,0.8966220961730302,0.7958523699123977,0.006886052788880072,0.0017040414945494208,0.63338099469518,0.9961845324865881,SIRA
8250,42402,775.087,288.05993537483954,188.65328902983066,1.5269277140950894,0.755707012368921,42920,232.35297109324935,0.7944019784172662,0.9879310344827587,0.8869421617919248,0.8066132861930236,0.006793545950069325,0.0017739352550414946,0.6506249934631088,0.9934573340017572,SIRA
8251,42406,773.9060000000001,291.31636056417466,185.6808184411619,1.5689092875066484,0.7705450988173471,42948,232.36393036364166,0.7901395591496022,0.9873800875477321,0.8897351447081706,0.7976343309851757,0.006869696754331337,0.0017152707511582086,0.6362205259661686,0.9981722920906868,SIRA
8252,42411,775.906,289.1281693546739,187.95537806417948,1.5382809065242486,0.7598689166118439,42962,232.37762872480428,0.8176402544823598,0.9871747125366603,0.8852586036484532,0.803718396735485,0.006817291960922258,0.0017547178475939326,0.6459632612510584,0.9936729510986383,SIRA
8253,42412,762.5219999999999,279.0436428529677,194.1209660992493,1.437472976052981,0.7183661025443223,42819,232.38036830013786,0.7243104773290069,0.9904948737709895,0.9166295634604866,0.8327742783324491,0.006579355909953968,0.0019519664732897829,0.6935129986521315,0.9969061941039065,SIRA
8254,42414,768.0169999999999,289.01652334733774,187.33631134386636,1.542768304094723,0.7614824981866674,42814,232.38584735391524,0.7973155876381682,0.9906572616433876,0.9036025121180088,0.8040573066981218,0.006814177473177199,0.0017568764224221202,0.6465081524546377,0.997412285945854,SIRA
8255,42415,784.924,295.52160019532323,183.47632306030033,1.6106797611057353,0.7839247263858162,42928,232.38858683236128,0.6925350226953597,0.9880497577338799,0.8651155506489356,0.7863675165496039,0.0069673841847300065,0.0016434321630691333,0.6183738710843917,0.9960022789522368,SIRA
8256,42418,780.3969999999999,288.33889682520504,188.17947715981273,1.5322547451884523,0.7576741890686008,42956,232.39680507394272,0.7426640521044892,0.9874755563832759,0.8752434500331493,0.8059849282659385,0.006797559923268542,0.0017694589433669688,0.64961170459185,0.9953706168908214,SIRA
8257,42419,780.557,302.7231965005022,178.95554910481042,1.6916111180391713,0.8065598679645383,42909,232.3995444232214,0.7311729725071102,0.988580484280687,0.874905294122026,0.767696519823303,0.007136500070734864,0.0015290557649828456,0.589357946548811,0.9969644548867046,SIRA
8258,42420,775.479,279.89566292124147,193.88719892427008,1.4436005289372673,0.7212139200333442,42942,232.40228374021112,0.7030978071702053,0.9878440687438871,0.8864218342372936,0.8303175594600253,0.006598200446045296,0.0019345597925297037,0.6894272495476528,0.995257542110757,SIRA
8259,42421,786.4119999999999,302.651397839316,179.1325303404904,1.6895390092689708,0.8060279849635915,42926,232.405023024913,0.697989337896538,0.9882355681871127,0.8619667280123517,0.7678967441885125,0.00713447108364527,0.0015302163913051006,0.5896654097353179,0.9962627121643907,SIRA
8260,42424,764.1220000000001,283.92100717669166,190.61917285446432,1.4894672079679114,0.7411123653075031,42872,232.41324068530292,0.7859498314127978,0.9895502892330659,0.9130531743118806,0.8185841653508432,0.006692461983233351,0.0018536128575021083,0.6700800357631367,0.9980622399831574,SIRA
8261,42428,774.635,284.8893187750936,190.15338353173783,1.498207991274285,0.744642006895424,42844,232.42419711386222,0.7244847429264211,0.9902903557090841,0.8885220152054744,0.8158403344610822,0.0067146535018170455,0.001834949261315668,0.6655954513335705,0.9972004241437696,SIRA
8262,42429,762.767,283.34496628724924,191.3369868538169,1.4808687590744136,0.7375621223581788,42860,232.42693614030242,0.7591519055287171,0.9899440037330844,0.9164079936224158,0.8202966835298313,0.00667809673306581,0.0018651608505068093,0.6728866490100402,0.9964568169172389,SIRA
8263,42429,779.817,285.3447963578767,190.76629191549998,1.4957820561101556,0.7436702567254553,43035,232.42693614030242,0.8279637037759782,0.9859184384803067,0.8767731930400017,0.8145476599082423,0.006725230299037844,0.0018262192866298364,0.6634878902619936,0.992433280700274,SIRA
8264,42431,778.43,297.2335619944784,182.62661904170417,1.6275478544921367,0.7889781479090274,43023,232.4324140963512,0.7472351366582136,0.9862399181832973,0.8799419071136918,0.7819857641132364,0.007005103862611732,0.001615807907348155,0.6115017352757622,0.9952483372662853,SIRA
8265,42432,776.089,290.07171232074205,187.17217320253712,1.5497587454245048,0.7639615876608016,42908,232.4351530259621,0.7569573283858998,0.9889064976228209,0.8852793021255364,0.8013023785268338,0.006836154607860625,0.0017385106939554527,0.6420855018327615,0.9950776217756039,SIRA
8266,42435,783.8879999999999,301.46297523786944,180.72653362463453,1.6680615136679495,0.8003760480544209,42968,232.44336962115446,0.7671517671517671,0.9875954198473282,0.8678127732300209,0.7710511363385336,0.007104111588025673,0.001548896018601432,0.594519854848944,0.9916956889849791,SIRA
8267,42436,761.749,280.4273572645943,193.30434859236442,1.4507038217539163,0.72445644300886,42920,232.44610842167558,0.7918346021794298,0.9887232059645853,0.9190105970301554,0.8288995435005061,0.00660824199416991,0.0019243023182059962,0.6870744532153475,0.996741535108987,SIRA
8268,42438,762.303,287.5245902286867,188.87207311524062,1.522324531553445,0.7539862877400573,42893,232.45158592591025,0.8092677345537758,0.9893922085188726,0.9177185592941439,0.8084581069780037,0.006775168250829132,0.0017853769721538602,0.6536045107384573,0.9949981806311403,SIRA
8269,42438,782.1419999999999,297.97356212068956,182.22106780620308,1.6352311272678541,0.7912178853804772,43022,232.45158592591025,0.790735806517729,0.9864255497187485,0.8717532143076702,0.7801080883536887,0.0070213856006571835,0.0016040640670284328,0.6085686295148467,0.9951503660614157,SIRA
8270,42440,775.99,296.23524923643043,183.0214380326035,1.6185822405332593,0.78631590765196,42863,232.4570633010757,0.7772324371840891,0.9901313487156755,0.8856721530194676,0.784704264263797,0.006980095410848973,0.0016325450424937676,0.615760782353787,0.9966594667347052,SIRA
8271,42447,770.203,289.53051826318136,187.13405982305972,1.5471823704190475,0.7630527470952285,42916,232.47623309786627,0.7254037426300949,0.9890716748998043,0.8991796169363542,0.8029420680501351,0.006820988957127273,0.001748895893885107,0.6447159646446279,0.997493174425878,SIRA
8272,42454,764.4209999999999,285.0157505892319,190.05341664086933,1.4996612827424527,0.7452212867393772,42869,232.4954013140617,0.7701685321916442,0.9903193449812219,0.9129841980499728,0.8157282565381336,0.006713519352457529,0.0018336313829694928,0.6654125885147432,0.9978934960449957,SIRA
8273,42457,771.2439999999999,281.63505834274434,193.74870832728698,1.4536099919024839,0.7257652538091347,42896,232.50361578010094,0.7577006817289503,0.9897659455427079,0.896965152853352,0.8255492663031625,0.00663341871405762,0.0019005931402577985,0.6815315910936899,0.9906811306109854,SIRA
8274,42458,787.486,292.7073322754275,185.61222294830938,1.5769830651559125,0.7732328315939054,43109,232.50635387095454,0.7171717171717171,0.9848987450416387,0.8603669389235908,0.7943304735946077,0.006894044285539298,0.001693006899381058,0.6309609012810338,0.9950146560957017,SIRA
8275,42463,796.355,308.3238597987627,175.96243948538486,1.7522140560251303,0.821154101887088,43014,232.5200438415777,0.6713517786561265,0.987190217138606,0.8414089269996187,0.7541422321105451,0.007261000395609419,0.001448736063989637,0.5687305062526753,0.996537587146226,SIRA
8276,42464,790.375,301.7244665178105,179.84349260081902,1.677705777142122,0.8029457832158886,42978,232.52278173898134,0.6796414852752881,0.9880403927590861,0.8542094576850897,0.770646094506412,0.007105417919127038,0.0015459281911484083,0.5938954029779856,0.9963817485943149,SIRA
8277,42472,764.912,287.41634708216327,188.74354242256007,1.522787711797281,0.7541603147079367,42930,232.5446837577497,0.760329394915861,0.9893314698346145,0.9121990758299163,0.8090864911426646,0.006767195966334604,0.001788826895854927,0.6546209501495492,0.9968487387727939,SIRA
8278,42476,775.825,298.45185823986765,181.8538174131407,1.641163559200059,0.7929215086419464,42879,232.55563399361188,0.7820739431433201,0.9906014599221064,0.8868005135985955,0.7792065204925125,0.007026364493828695,0.0015977938688503306,0.6071628015780485,0.9964534644517091,SIRA
8279,42479,777.852,285.21827191790067,190.68078643784037,1.495789257251036,0.7436731501486409,43076,232.56384633215237,0.7077002532320406,0.9861407744451667,0.8822470260336566,0.8153890168687904,0.006714335834598288,0.0018308056823911878,0.6648592488302526,0.9944893219842852,SIRA
8280,42483,759.66,273.92630598988535,197.9284272631023,1.3839664659476154,0.691307314756279,42954,232.57479566578988,0.7289464653397392,0.9890347813940494,0.9250954036935958,0.8490414778724379,0.006447904008424201,0.002066873774766592,0.7208714311478135,0.997661886968239,SIRA
8281,42487,769.3839999999999,286.1838545203661,190.23268598604122,1.5043884442727447,0.7470908559670566,43070,232.5857444839706,0.7275794160458944,0.986463895983283,0.9019441158884607,0.8127144170092194,0.006735798115196792,0.0018126780691793245,0.6605047236146355,0.9936556735934204,SIRA
8282,42490,771.6229999999999,296.87667223787713,183.89158021775472,1.614411447692882,0.7850591671336439,43065,232.59395575938137,0.7973502974347426,0.986648090096366,0.8967807277474334,0.7834699641641489,0.006986977459116901,0.0016238971190077139,0.6138251847473728,0.990966405138357,SIRA
8283,42495,767.735,283.20239140831245,191.8966183210016,1.4758070980415925,0.7354349506047735,42943,232.6076405742527,0.8058826876031178,0.989567566308828,0.9059933661118419,0.8213477273886653,0.006664369723692492,0.0018708849642708235,0.6746120892865254,0.9955973097937226,SIRA
8284,42504,784.858,307.9478153500756,176.28379414655646,1.7468866996024492,0.8199417450686098,42894,232.63227121236503,0.7022552664188352,0.9909078192754232,0.8670766443686713,0.7554275744671488,0.0072451490530320815,0.0014554537872963269,0.5706708202653198,0.9968972657727069,SIRA
8285,42505,769.399,282.28642835734416,192.987076807013,1.4627219243267282,0.7298035239579728,43036,232.635007788957,0.768875945153938,0.9876614927037829,0.902291049946491,0.8241097850246849,0.006641252284609909,0.0018896006254705633,0.6791569377734324,0.9934177429398029,SIRA
8286,42510,779.5519999999999,288.23661050919736,188.6150841067773,1.528173697635037,0.7561694351678643,43051,232.64869018907407,0.7992103778905809,0.9874335090938654,0.8790443538901007,0.8071448306933601,0.006780442496099679,0.001775185241730811,0.651482777715013,0.9955788453662962,SIRA
8287,42515,803.0740000000001,312.7763644047019,174.09577391581288,1.7965764324408615,0.8307710898062619,43105,232.66237178455702,0.7166093581445523,0.986312492750261,0.8284015756236339,0.7438617436051362,0.007356847333992753,0.001389441932967577,0.5533302935992735,0.9941001648360372,SIRA
8288,42520,787.42,313.1561138859614,173.4972612356546,1.8049628660167356,0.8324980208948877,42846,232.67605257554789,0.7857486047972798,0.9923913550856556,0.8617677492464899,0.7430033847599697,0.00736491330870088,0.001384556142599549,0.5520540297647716,0.9964370237603104,SIRA
8289,42522,778.9279999999999,288.85580620421325,188.11739014194052,1.5355082588922928,0.7588631157813716,43001,232.68152466671822,0.6942367346938776,0.9888607241692053,0.880701864756342,0.8055282935951049,0.006793090781341735,0.0017642916486659513,0.6488758317822414,0.9963541986972377,SIRA
8290,42528,781.67,293.0467025879171,186.31690091107063,1.572840151134699,0.7718600094170074,43237,232.69794016814373,0.802536231884058,0.9836020075398386,0.8746573190468262,0.7940643525867073,0.006890676791476606,0.0016899133713344228,0.6305381960489467,0.9917357915698255,SIRA
8291,42530,775.4029999999999,281.21282399568486,193.23687775602883,1.4552751382721576,0.7265105756671836,43028,232.7034117446207,0.7298155298155298,0.9884261411174119,0.88889465110575,0.8274992883972868,0.006612104961102395,0.0019124496831915507,0.6847550722980162,0.9965070325210565,SIRA
8292,42547,781.126,292.3764812955531,185.87811124859368,1.5729473434584684,0.7718956969846394,43158,232.74991495132056,0.7177294197031039,0.9858427174567866,0.8762673297011228,0.7960623710907918,0.00687184716420789,0.001702321710297075,0.6337152986666937,0.9968007955467659,SIRA
8293,42552,771.4340000000001,283.1626198538046,191.90194155021436,1.4755589107977334,0.7353299269853436,42998,232.76359059692012,0.7606177606177607,0.9896274245313735,0.8985293950263087,0.8220138333127966,0.006654507892785406,0.001874183939108375,0.6757067421575983,0.9970451044767504,SIRA
8294,42553,771.616,294.99539420285464,184.138433519753,1.6020305406324082,0.7812583380058041,42956,232.76632562962234,0.7520855425945564,0.9906183071049446,0.898126681312756,0.7890507113123256,0.006932422959670403,0.0016576180889311593,0.6226010250224868,0.9974258567150662,SIRA
8295,42553,775.735,289.91294252471613,188.27692896615426,1.5398219214465334,0.7604250130474736,43164,232.76632562962234,0.7306490384615385,0.9858446853859698,0.8886142516794439,0.8028835263530126,0.006812984807762464,0.00174633424992113,0.6446219568890486,0.9926030202635192,SIRA
8296,42556,775.0429999999999,294.591718725978,184.7468111754394,1.5945699785109015,0.7789159542348134,43167,232.77453053491394,0.6979482721860496,0.985845669145412,0.8902645246002171,0.7901597897646101,0.006922448508458925,0.001664559016522651,0.6243524933608529,0.9955737419216429,SIRA
8297,42558,776.179,299.3323868708561,182.07552084669305,1.6440012665013488,0.793728623911121,43129,232.78000031110716,0.8119276556776557,0.986760648287695,0.8877022023288985,0.7776639298691648,0.007033516304122753,0.0015867922985976825,0.6047611878195535,0.9942281587062058,SIRA
8298,42559,776.3779999999999,299.55484728536544,181.43521763952165,1.651029227856555,0.7957061957156251,42948,232.78273515100682,0.8216340399243214,0.9909425351587967,0.8872680397109829,0.7770955377972922,0.007038578145289256,0.0015832968952888275,0.6038774748644631,0.9970193610454405,SIRA
8299,42567,775.116,289.47569751191344,187.9425573873612,1.540234960809255,0.7605737114760908,42999,232.8046127136266,0.7133137829912023,0.9899532547268541,0.8903269180958406,0.8042285232045964,0.00680047213832108,0.001754836731216404,0.6467835175358461,0.9961985857838959,SIRA
8300,42568,767.0949999999999,283.47785282307206,191.79707460924885,1.4780092626574513,0.7363638556555747,43030,232.80734726439886,0.7123159303882195,0.9892633046711596,0.9090647251696584,0.8212540942649994,0.006659412065943245,0.001868640865221864,0.6744582873470246,0.9968555959749834,SIRA
8301,42588,765.4359999999999,280.88210199255974,193.94288840067955,1.4482722429722026,0.723353473509622,43076,232.862031536232,0.8179775280898877,0.9886711858111246,0.9134385603630484,0.8290383398740026,0.006595334413275095,0.001921830342136518,0.6873045689810422,0.9954041297232169,SIRA
8302,42592,776.833,292.4991026139032,186.7620959977162,1.5661588131752386,0.7696177979770877,43052,232.87296684965398,0.7632564557461068,0.9893152466784354,0.8869161547287344,0.7961493377880366,0.006867465782632963,0.0017019798722400315,0.6338537680603293,0.9927156651120184,SIRA
8303,42595,777.5269999999999,285.04887349551456,190.857090225775,1.4935199586157113,0.7427587114303693,43136,232.8811679977457,0.7678095032085948,0.9874582715133531,0.8853959447473623,0.8169868034977877,0.00669207356486711,0.0018390800594620487,0.6674674370895328,0.9968759390192939,SIRA
8304,42598,785.173,294.274185025084,184.9867064341422,1.5907855796646104,0.7777124173109381,43156,232.88936885703575,0.6824524583860684,0.9870701640559829,0.8682971175513967,0.7914026466072251,0.006908169046083948,0.001671601346648413,0.6263181490569206,0.9963378798019793,SIRA
8305,42600,776.305,283.74264177950243,191.9858034580502,1.477935538298807,0.7363328437314025,43165,232.89483593613218,0.7785087719298246,0.9869106915324916,0.8882898432656399,0.8207960371254868,0.006660625393885034,0.0018648150924206698,0.6737061345609036,0.9956942386374776,SIRA
8306,42601,793.4,297.6150348630477,182.70505537446044,1.6289370551519509,0.7893859324170892,43137,232.89756942755469,0.6960947712418301,0.987574472030971,0.850443106953127,0.782546384240051,0.006986104430953445,0.0016160514847632101,0.6123788434871777,0.9975265899473605,SIRA
8307,42613,782.51,284.9225259316616,191.3215620309696,1.489233742956482,0.7410170033919095,43152,232.93036882252923,0.698883112197202,0.987509269558769,0.874524904143123,0.8175217738958181,0.006686281790337728,0.0018423059406014628,0.6683418507937651,0.9953172360320613,SIRA
8308,42616,791.872,302.53827753789267,180.74284448410629,1.6738603312425822,0.8019274645046331,43110,232.93856794964995,0.6776707057214643,0.9885409417768499,0.8540289131519109,0.7699474256459155,0.007099171145529676,0.001538975456807001,0.5928190382587727,0.9922962717467381,SIRA
8309,42617,787.0749999999999,294.13090348183107,185.12704711725726,1.5888056773008001,0.777078579425408,43193,232.94130092789132,0.6889600206928884,0.9866645058227027,0.8644910520879859,0.7919647278487365,0.006901727092048503,0.0016747920999172067,0.6272081301565233,0.9965118380419036,SIRA
8310,42619,793.846,297.99971642884367,183.30309486766956,1.625721140409419,0.7884400217900696,43149,232.94676678818254,0.6938606059619361,0.9877169806948017,0.8498467104847303,0.781701303544044,0.006992179929816365,0.0016104813612049086,0.6110569279624575,0.9934081657822025,SIRA
8311,42622,766.745,286.94793888556825,189.68552531052129,1.5127561178736504,0.7503461818117713,43107,232.9549653381574,0.7721376811594203,0.9887489270884079,0.9110491002905198,0.8118370399972008,0.006732390288714004,0.0018039499994729898,0.6590793795114165,0.9970263635202649,SIRA
8312,42625,773.7310000000001,292.4884613485772,186.57682013675486,1.567657017276811,0.7701236493723734,43203,232.96316359960497,0.8201531593935196,0.9866212994467977,0.8947346596128763,0.7964866802795612,0.006861899386476884,0.0017034844691087652,0.6343910318627559,0.9945075527971263,SIRA
8313,42640,764.772,278.39961750002936,195.58444311441386,1.423424138785772,0.7116528529101726,43082,233.00415058000004,0.720513687056438,0.9897404948702474,0.9161426503886148,0.8369413459412367,0.0065290717049725465,0.001976110807079774,0.7004708165459288,0.9970670687864552,SIRA
8314,42657,773.7989999999999,296.9344797759345,184.15084056085803,1.6124524811919272,0.7844648237989319,43239,233.05059377690466,0.8021851963291711,0.9865399292305558,0.8952490002331743,0.7848552783521929,0.006960978966545573,0.001629327612581712,0.6159978079572982,0.9932671938495335,SIRA
8315,42657,793.3199999999999,304.9521783722829,179.8564818056008,1.6955306548356301,0.8075596839328648,43551,233.05059377690466,0.6744189723320159,0.9794723427705448,0.8517327890386863,0.7642201312377529,0.007148936361494782,0.0015041636489791243,0.5840324089890483,0.9902448528584316,SIRA
8316,42662,771.819,286.3884683972163,190.95394826826848,1.4997776741168674,0.745267587908625,43275,233.06425177939988,0.7053902116402117,0.9858347775852109,0.8999536536455204,0.8138045958475655,0.006712963958492717,0.001816245832496596,0.6622779202226196,0.9932696388104365,SIRA
8317,42668,769.4670000000001,286.4961934619902,190.01160942456247,1.507782573547084,0.7484195382759472,43127,233.08064032596084,0.7321836121836122,0.9893570153268254,0.9055911138523789,0.8135558015952625,0.0067145447047433715,0.001814452979463341,0.6618730423093102,0.9979606390945699,SIRA
8318,42669,770.878,287.2991309343057,189.3883160612432,1.5169844524168046,0.7519654346343756,43062,233.08337163835745,0.801988572287798,0.9908736240769124,0.902300141857885,0.8112916000837284,0.006733205159115651,0.0017993246428897062,0.6581940603664163,0.9984701562489411,SIRA
8319,42670,773.9060000000001,289.50113722240746,188.4461701527939,1.53625375876664,0.7591342185178845,43215,233.08610291874845,0.7680676806768068,0.9873886382043272,0.8952742212115653,0.8051301806793301,0.006784652852646062,0.0017586192418223385,0.6482346078407307,0.9958528528579416,SIRA
8320,42674,773.8879999999999,285.47778678762745,190.9913446674024,1.4947158327240764,0.743241261290382,43160,233.0970277202786,0.7820190950906192,0.9887395736793327,0.8953997976894293,0.8165154646294216,0.006689735829489325,0.0018341987341953974,0.6666975039790003,0.9965233148350348,SIRA
8321,42675,780.6139999999999,296.73826786651244,183.8854019943548,1.6137130226118883,0.7848475673682452,43194,233.09975884065832,0.8002662866144095,0.9879844422836505,0.8800568385070254,0.7855399322662291,0.0069534450583834196,0.0016332507186581217,0.6170729851848317,0.995778712094756,SIRA
8322,42678,779.3179999999999,288.72682157225194,188.76026136973783,1.5295953686284778,0.7566953375210322,43156,233.10795200980868,0.688521416471727,0.9889239039762722,0.8830484010642287,0.807365075196088,0.006765237864291953,0.0017731385384892422,0.6518383646463851,0.9970489436574713,SIRA
8323,42680,788.957,302.7590200441134,180.91267145009928,1.6735091998662057,0.8018340662279462,43268,233.1134139625962,0.7912788757462271,0.9864102801146344,0.8616434822030296,0.7699635635253096,0.00709369775173649,0.0015379178518187373,0.5928438891565936,0.9921297025880204,SIRA
8324,42685,766.4519999999999,289.8154106004867,188.0965917661095,1.5407797019568565,0.7607695966954201,43145,233.12706828470266,0.7007995534321693,0.9893382779001043,0.9130934473347738,0.8043984541804458,0.006789631266264184,0.0017535205553216074,0.6470568730878906,0.9969720960654956,SIRA
8325,42686,794.621,307.0341193716604,178.55306796989638,1.7195678733642683,0.8135167719093209,43365,233.12979905315655,0.8307740215254666,0.9843422114608555,0.8495232074652479,0.7592960662816639,0.007192852911297858,0.0014747742353466617,0.5765305162708091,0.9913833537933988,SIRA
8326,42688,781.306,289.2129121810671,188.33741711507247,1.5356104836266318,0.7589003191326622,43254,233.1352604941059,0.7818315018315019,0.986914505016877,0.8787662176025203,0.806102530955282,0.006775040109189166,0.001764626400026575,0.6498012904125114,0.9978416738315662,SIRA
8327,42692,777.834,293.40519121894505,186.06524465042713,1.5768941253385846,0.7732034990426867,43232,233.14618299220245,0.8000749625187407,0.9875092524056255,0.8867118641193956,0.7946218743560809,0.006872603560829782,0.0016902195477532908,0.6314239232051715,0.9956886751004764,SIRA
8328,42701,782.092,292.2659627676126,186.63429534071483,1.5659820840219065,0.7695580096939045,43179,233.1707567422128,0.8074006844782272,0.9889298038398295,0.8772678682431598,0.7978033245274347,0.006844475838214857,0.0017104221985921916,0.6364901446270275,0.9967321631424371,SIRA
8329,42703,778.007,289.10299453433333,189.3171336223456,1.5270830959813864,0.7557647566028991,43263,233.17621722385337,0.7666056297572885,0.9870559138293692,0.8865459322289128,0.8065506813564388,0.006770086282798242,0.001767260684804847,0.6505240015965358,0.9934042063682382,SIRA
8330,42711,769.073,289.0850651072189,188.38276728659787,1.5345621538058025,0.7585183535699292,43187,233.19805787180889,0.7074637249055854,0.988978164725496,0.9074328022371223,0.8066762556042733,0.006768398424462525,0.0017679206695826255,0.650726581355731,0.9985803842239371,SIRA
8331,42716,777.283,295.27205527387855,184.485844266647,1.600513342623223,0.780785204136931,43147,233.21170723809558,0.7030283080974326,0.9900108929937191,0.8884686398881189,0.7898197715384238,0.00691244627947089,0.0016592947412214535,0.623815271513008,0.9984246653886977,SIRA
8332,42721,776.9749999999999,289.1370423515748,188.56377841396642,1.5333647044174799,0.7580808602254931,43251,233.22535580556175,0.7753357531760435,0.9877459480705648,0.8892772533397141,0.8066256537340258,0.006768030765936537,0.001767381103702097,0.6506449452618449,0.997675994172156,SIRA
8333,42722,765.843,284.2304289049076,192.0571927380373,1.47992597857344,0.7371680343674332,43176,233.22808542320888,0.7765800810717467,0.989484899017973,0.9153389548828592,0.8205598757381387,0.006653022538853697,0.0018605436543683365,0.6733185096713897,0.9964615543170418,SIRA
8334,42740,784.924,284.3488827464831,192.4117510876154,1.4778145364780961,0.7362819317958874,43400,233.2772130791622,0.6931335344296325,0.9847926267281106,0.8717443978482969,0.8203908199883632,0.00665299210918304,0.0018590023522456573,0.6730410975211789,0.99462991756397,SIRA
8335,42745,767.781,285.6236225182753,191.0934162588621,1.4946806023466508,0.7432270664314239,43142,233.29085781424126,0.7222391186807245,0.990797830420472,0.9112141690997628,0.8167771830542988,0.006682035852573992,0.0018344376386966476,0.6671249667581154,0.9971387471545095,SIRA
8336,42748,774.1639999999999,294.589186061153,184.95562647069937,1.5927560122526023,0.7783403686443241,43153,233.29904427223602,0.7287915984724496,0.9906147892382917,0.8963130523141858,0.7919470751509734,0.006891297512425213,0.0016721121372375279,0.6271801698401815,0.9989449862785572,SIRA
8337,42766,779.9889999999999,292.3472835772715,186.76117187026657,1.565353658095218,0.7693452085793021,43256,233.34815698895923,0.6855832892479841,0.9886720917329388,0.8833474093168037,0.798188216882412,0.006835974455812363,0.0017115967104388708,0.6371044295699245,0.9972937494159486,SIRA
8338,42767,767.6719999999999,280.7109963739557,194.8580427747077,1.4405923018456572,0.719821776778264,43235,233.3508851701418,0.7578232980118368,0.9891754365675957,0.9119420668924296,0.8312851587020765,0.006563728958635296,0.0019334391552044256,0.6910350150783365,0.9954997230276492,SIRA
8339,42769,763.413,282.8155597056411,193.1404502018478,1.4642999921045816,0.7304930122713181,43159,233.35634143682097,0.7737914314662035,0.9909636460529669,0.9221888301588702,0.8251184683038725,0.006612629701551149,0.0018906850826823404,0.6808204867361288,0.9969254333523507,SIRA
8340,42776,773.343,284.4790359809731,192.8817986709462,1.4748879258757357,0.7350456503757279,43299,233.37543736561335,0.7874815905743741,0.9879211991039054,0.8988054920807711,0.8203607572025879,0.006650435664413996,0.0018580156525585334,0.6729917719580035,0.9925874386745759,SIRA
8341,42789,773.179,287.9845104170695,190.24366100657133,1.5137666553164262,0.7507347225407568,43248,233.41089708853113,0.7556155965246875,0.9893867924528302,0.8994600968451295,0.8104980950207951,0.0067303398167068516,0.001791532738464421,0.6569071620323378,0.9944041575230977,SIRA
8342,42791,773.4029999999999,290.7249166076854,188.21960123893626,1.5446048907447383,0.7621378696933648,43176,233.41635195239076,0.7693178957966272,0.9910830090791181,0.8989811699954632,0.8028770105982046,0.006794066897424351,0.0017414285968863573,0.6446114941471095,0.9956700664898985,SIRA
8343,42795,767.708,282.0424440484852,194.24095314600856,1.4520235793760614,0.7250520706076136,43198,233.42726129769264,0.7211830131445905,0.99067086439187,0.9124535437789734,0.8276316782220364,0.006590546653779302,0.0019074344515162148,0.6849741947966248,0.9945986821088306,SIRA
8344,42802,793.3230000000001,300.6881074939738,182.69554820961446,1.6458425530379175,0.794249664108114,43471,233.44635142523524,0.7650318152570244,0.9846104299418003,0.8546215419913239,0.7763737427823407,0.007025094796831312,0.0015744008213546884,0.6027561884818603,0.992041784110389,SIRA
8345,42811,769.4639999999999,285.173548486349,191.83853014346408,1.4865290527043,0.7399080578375034,43273,233.4708935813136,0.817627960275019,0.9893235967000208,0.9086332493742555,0.8186975784413948,0.006661221379700287,0.0018459828134652293,0.6702657249458037,0.9963694731638466,SIRA
8346,42813,784.783,296.4027175508653,184.6307561951267,1.6053810516684046,0.7822974312551293,43349,233.47634704343503,0.7204301075268817,0.9876352395672334,0.8735471504024797,0.7876997517857387,0.006923194299648829,0.0016441033621890564,0.6204708989633145,0.9960922243073662,SIRA
8347,42817,776.0729999999999,298.4059491674072,183.38196223226996,1.6272371913517256,0.7888867843605928,43310,233.4872535855554,0.7910615970143738,0.9886169475871623,0.8933485775154175,0.7824483869608374,0.006969333422878931,0.0016113645440054628,0.6122254782576164,0.9962360677138908,SIRA
8348,42823,798.461,299.2297177688377,183.19355842227128,1.6334074207953135,0.7906896914677225,43256,233.50361244356344,0.7654618904618905,0.9899898280007398,0.8440720823622798,0.7803490047200149,0.006987593530785739,0.0015983170047451287,0.6089445691675177,0.9946545781312284,SIRA
8349,42826,782.424,290.2968170677428,188.6197057116645,1.5390587954341741,0.7601498881556218,43311,233.51179144280502,0.7489550724891135,0.9888019209900487,0.87908941276964,0.8043897752703001,0.00677851812141556,0.0017505748727314034,0.647042910559404,0.9958370825197782,SIRA
8350,42827,771.3599999999999,285.85080141461475,192.7730394564893,1.4828359931479629,0.7383813448561815,43593,233.5145177122245,0.7923149501415278,0.9824283715275388,0.9045098261761555,0.8169104881169158,0.0066745464640207055,0.0018335780909252135,0.6673427455954177,0.9895598429350696,SIRA
8351,42827,798.445,315.1007629613154,173.40567499415192,1.8171306271951142,0.8349550362871422,43517,233.5145177122245,0.7400169336305358,0.9841441275823242,0.8441847573713315,0.7410788711447608,0.007357525929000757,0.0013688923271788535,0.5491978932571931,0.9979643122286787,SIRA
8352,42837,789.064,279.5822057107878,197.54498820376912,1.415283719688179,0.7076410512630836,43683,233.54177865602585,0.7393465541345208,0.9806331982693496,0.8645785426512693,0.835324186896257,0.006526652326511842,0.001960155239489608,0.6977664972138928,0.9875375636506694,SIRA
8353,42839,773.1289999999999,287.0417193807717,190.6061254371536,1.5059417357256693,0.7477003230326867,43427,233.54723046294006,0.7539953534215714,0.9864600363828955,0.900627618061731,0.8136351432355058,0.006700476654001534,0.0018113578437204446,0.662002146307862,0.9969366612649803,SIRA
8354,42841,787.7839999999999,303.1991153794079,180.55929446836262,1.6792218659922493,0.8033449870544795,43334,233.55268214259306,0.6998448092787716,0.98862325194997,0.8674713728643518,0.7702947347004531,0.007077311812969069,0.0015370068749175744,0.5933539783072413,0.9963729746470106,SIRA
8355,42843,776.1959999999999,284.0933385142486,192.78756657467406,1.4736081976749693,0.7345020840980536,43422,233.55813369499373,0.8039745538478861,0.9866657454746441,0.8936077717591652,0.822117600210044,0.0066310328061585,0.0018685155767079482,0.6758773485751218,0.9959784014831223,SIRA
8356,42849,799.79,310.4201699775496,177.47096432671555,1.7491321532804711,0.8204543165338825,43595,233.5744875887711,0.7935,0.9828879458653516,0.8417800240941763,0.7524462331351207,0.007244513757090005,0.0014324876741340562,0.5661753337592325,0.9903154806725757,SIRA
8357,42853,776.373,283.2678336337636,193.36694264290952,1.4649237856383441,0.730764766557122,43448,233.58538954852446,0.7335079250967101,0.9863054686061499,0.8934088453062591,0.8246096514104264,0.00661022177289253,0.001885338982285471,0.6799810771992251,0.9961204537731281,SIRA
8358,42853,776.1659999999999,279.26567663246783,197.15862678344365,1.4164517231052205,0.7082223305719273,43392,233.58538954852446,0.7267161850495184,0.9875783554572272,0.8938854451360151,0.8364271340653808,0.006516829081568801,0.0019675625414535877,0.6996103506008267,0.9909642866107883,SIRA
8359,42861,767.736,291.27620309546774,188.10179819938085,1.5485030227447687,0.763519321462091,43358,233.60719194171614,0.8055973235095105,0.9885372941556345,0.9137941053248769,0.8020126239600487,0.006795833113913995,0.0017343920939702643,0.6432242489912825,0.9960346938657347,SIRA
8360,42864,775.687,290.38304745225486,188.5424362998743,1.5401468929276185,0.7605420186033371,43376,233.615367314584,0.7186158798283262,0.9881962375507193,0.8952195013727399,0.8045075956198694,0.00677452051726985,0.001750567737327147,0.6472324714100635,0.996833079844073,SIRA
8361,42867,776.9379999999999,297.8980591780951,184.17862552753078,1.6174409941698997,0.7859731933726719,43464,233.62354240136463,0.6984781333507136,0.9862644947542794,0.8924013701222775,0.7842398941635782,0.006949356362192248,0.0016215116364028455,0.6150322115977003,0.9947783117730966,SIRA
8362,42875,766.5869999999999,290.13210844440897,188.63497279737584,1.538061071824986,0.7597894167379707,43198,233.64534123435908,0.8103383103383104,0.9925228019815732,0.9168348160003849,0.8053067359110545,0.006766929643018285,0.001755564340239284,0.648518938903717,0.9974617342690535,SIRA
8363,42876,776.8159999999999,294.5524698885513,185.80199104849393,1.5853030865082265,0.775950173044791,43305,233.64806594548315,0.7607793037368253,0.9900935226879113,0.8928691178597872,0.7932307138143764,0.006869868222048495,0.0016777461697944755,0.629214965338465,0.9974964266282353,SIRA
8364,42883,784.774,297.81363165537823,184.07413933864913,1.6179004434049133,0.7861112703581176,43587,233.667138033738,0.7328923981405524,0.9838483951636956,0.8749954842176236,0.784608604834218,0.006944794712482294,0.0016234968198994672,0.6156106627798982,0.9959967642763897,SIRA
8365,42891,771.513,289.3309151176641,189.7893203921402,1.5244846997705264,0.7547962141567733,43430,233.6889328000705,0.6960564751703993,0.987589224038683,0.9055022614161379,0.8076873938792012,0.006745725562884151,0.001770849486753562,0.6523589262313758,0.994511201798462,SIRA
8366,42892,776.6609999999998,277.8206481786312,198.35882534849497,1.4005963570843414,0.7001644830991534,43478,233.69165700294178,0.7146165508738608,0.9865219191315148,0.8935588614626556,0.8411601460690724,0.006477213657060318,0.0020002428959430855,0.7075503913349434,0.9909925005573218,SIRA
8367,42893,773.5429999999999,290.7659630704818,188.08613974491917,1.545919138245998,0.7626050712644136,43404,233.69438117405676,0.7601098706361864,0.9882268915307345,0.9007979012596778,0.8037198670238068,0.006778867485848082,0.001744840454706339,0.6459656246487658,0.9986106217935578,SIRA
8368,42893,771.015,282.45775722285373,194.18811765769019,1.4545573675149526,0.7261897081146792,43311,233.69438117405676,0.7099139357828533,0.9903488721110111,0.9067146482962684,0.8273604643460948,0.006585171408454846,0.0019033817605900295,0.6845253379629855,0.9956813735847234,SIRA
8369,42900,786.394,299.5833627519218,183.1089411737142,1.6360935781268549,0.791466936790052,43468,233.7134494827768,0.7626395505937567,0.9869329161682157,0.8717395975687338,0.7801282665897226,0.006983295169042466,0.0015955272218006083,0.6086001123322853,0.9957267354341346,SIRA
8370,42903,768.0849999999999,276.3812497695551,198.96766673290432,1.3890761966896428,0.6940747771268416,43451,233.72162113885116,0.7414967162115451,0.9873880923338934,0.9138585043994303,0.8456493388524972,0.006442002884869475,0.002032178874545456,0.7151228043016657,0.9933600651653895,SIRA
8371,42909,766.4419999999999,281.37163773222807,195.02472295907475,1.4427485575317183,0.7208208021562628,43341,233.73796359393802,0.734994861253854,0.9900325327057521,0.9179090810122015,0.8307090418842378,0.006557403755208187,0.0019262268759765193,0.6900775122682283,0.995608335410063,SIRA
8372,42910,775.828,294.152807793547,186.53490811271013,1.5769316894605638,0.7732158885155311,43416,233.7406872253648,0.733955938697318,0.9883453104846139,0.8958545002506035,0.7946233421284122,0.006855110878432697,0.0016859299266582797,0.6314262558553279,0.9957160724157005,SIRA
8373,42913,773.0049999999999,292.0289240709876,187.46949827833382,1.557741001885094,0.7667421136105742,43294,233.74885792923146,0.7940528838147402,0.9911997043470226,0.9024728273213155,0.8004305007555033,0.006805138864003626,0.0017231031307533716,0.6406889865397059,0.9980275037891068,SIRA
8374,42919,773.758,293.24540571230585,186.74480511346164,1.570300204785547,0.7710117592840063,43376,233.76519848020246,0.7999813606710159,0.9894642198450756,0.900843094828567,0.7971657660326396,0.006832531179950741,0.0017019858467305874,0.6354732585344051,0.9978837880123149,SIRA
8375,42922,774.96,286.12358638641933,191.65480064364516,1.4929111372400499,0.7425124782032754,43383,233.7733683273667,0.7037200990277572,0.9893737178157342,0.898113533588554,0.8170363418122687,0.006666128940553081,0.00183239446027476,0.6675483838419743,0.9965904168842793,SIRA
8376,42927,767.794,280.72675521734226,195.063215761924,1.4391578346579255,0.7191539052348436,43403,233.78698410486055,0.7844129739607126,0.9890330161509573,0.9150629562231121,0.8327919578732695,0.006539631355961102,0.0019403457365392012,0.6935424450983937,0.9981170435311675,SIRA
8377,42933,769.443,286.1550205019532,191.39699760227083,1.495086255723784,0.7433904332620415,43310,233.80332199118718,0.7288515406162465,0.9912953128607712,0.9112723529496701,0.8170512667611621,0.006665153157290504,0.0018322601104412413,0.6675727725160198,0.9980788768841213,SIRA
8378,42934,761.1279999999999,276.0931486124983,198.82794699639086,1.388603326561079,0.693820411275839,43347,233.80604486124705,0.8064994834225604,0.9904722356795165,0.9313133282352148,0.8468375475314603,0.006430641184434208,0.002040020179139221,0.7171338319090985,0.9958144245784678,SIRA
8379,42935,768.8259999999999,287.5230778659216,191.2859613342517,1.503106008723274,0.7465858638816057,43389,233.8087676995972,0.693349912796331,0.9895365184724239,0.912778091661282,0.8131826128010059,0.006696706134061293,0.0018063143861001944,0.6612659617618708,0.9939528404884426,SIRA
8380,42944,781.224,300.1481306651501,183.2049856526596,1.6383185730229217,0.7921072772617795,43471,233.83327181799177,0.7861457913813935,0.9878769754549009,0.8842217727177899,0.7790595640219388,0.006989291418245858,0.0015881647976284505,0.6069338042940534,0.9943509241704069,SIRA
8381,42945,771.134,285.026645278766,192.373160509388,1.4816341558460617,0.7378813553225952,43412,233.8359943393052,0.8055409663865546,0.9892426057311342,0.9075337129537483,0.8204004720702706,0.006637015840697777,0.001854625485131892,0.6730569345731227,0.9972241430925867,SIRA
8382,42948,778.088,285.0214146280362,193.0020562726656,1.4767791604529297,0.735845637588846,43496,233.8441617130643,0.7894272479964708,0.9874011403347435,0.8914466832605673,0.8204441831791475,0.00663643044211689,0.0018548571593735358,0.6731286577124985,0.9940623740134712,SIRA
8383,42953,782.1169999999998,291.42340490604244,188.34177613561394,1.5473115465164002,0.763098449145363,43523,233.85777336879232,0.8031300250551587,0.9869034763228638,0.8823886525872932,0.802467370265577,0.006784704325798953,0.001735482416367706,0.6439538803409508,0.9963972744755935,SIRA
8384,42957,763.8579999999998,277.71289480961065,197.2265433943552,1.408090868653124,0.7040186950905477,43389,233.86866212297102,0.790711800762052,0.9900435594275047,0.9251636162091545,0.8421238858328939,0.006464904318495487,0.002005606864798567,0.7091726390902929,0.9985795174016789,SIRA
8385,42963,789.2309999999999,311.4863791483443,175.87792578565353,1.7710373701356925,0.8253367433222856,43364,233.8849943037321,0.7592245705803351,0.9907526980905821,0.8667546745786071,0.7508674855806301,0.007250107747325474,0.001421600011952777,0.5638019809021776,0.9985143775342866,SIRA
8386,42965,771.052,274.04026623323887,200.51623010046083,1.3666737405542768,0.6816230223005891,43491,233.89043811055265,0.8047839361642347,0.987905543675703,0.9081494915920534,0.8534893113535577,0.006378221022535525,0.0020877172220365534,0.7284440045947702,0.9955452925438714,SIRA
8387,42973,778.956,294.9567738901525,185.84135303396508,1.587142845630515,0.7765440118450668,43425,233.91221207090524,0.6897309964047252,0.9895912492803685,0.8899788453938793,0.793038956135378,0.006863769666771054,0.0016746364889676595,0.6289107859482901,0.9981712544576927,SIRA
8388,42980,789.0790000000001,307.9055312336062,178.89339549755957,1.7211676841239598,0.8139029035005259,43533,233.93126262369742,0.6710172984450135,0.9872969930857051,0.8674317297203231,0.7597501145447597,0.00716392580813416,0.0014723597586782792,0.5772202365507756,0.9934928177735827,SIRA
8389,42980,770.916,284.5934234427332,192.7101153349651,1.4767954601036808,0.7358525151695333,43434,233.93126262369742,0.7149986691509183,0.9895473592116775,0.9087871058170577,0.8219840774738417,0.006621531490058939,0.0018646264110296867,0.6756578236205226,0.9978084065063212,SIRA
8390,42982,784.328,294.3925643634855,186.6105509289939,1.5775772746928074,0.7734286474453411,43461,233.93670535383447,0.7132284614363468,0.988978624513932,0.8780132002051481,0.7946420313285957,0.006849205815538726,0.0016846361276677353,0.6314559579540368,0.9961705692376653,SIRA
8391,42989,786.826,287.24827371890785,191.26490778282889,1.5018346912077722,0.7460836337180912,43594,233.95575391218722,0.7196979843300073,0.9861219433867046,0.8725891369194142,0.814472271262904,0.006681901735767472,0.0018137818872296617,0.6633650806561535,0.9962646910652534,SIRA
8392,42999,783.4409999999999,285.9578838018979,191.80768501139772,1.4908572812653753,0.741678979144552,43581,233.98296344834012,0.7545007896122127,0.9866455565498726,0.8803505257478033,0.8182427437826325,0.006650338003253515,0.0018388746770175248,0.6695211877529307,0.9981605377228991,SIRA
8393,43002,787.286,299.67760079901814,183.35945770491452,1.6343722028306695,0.7909693822207285,43584,233.99112569219687,0.8026355084366134,0.9866464757709251,0.8718333172515383,0.7808095268659249,0.006968922394284409,0.0015978124673237102,0.6096635172445893,0.9964171056645337,SIRA
8394,43005,767.4159999999999,291.2970747266671,188.36689900055123,1.5464345183376125,0.762787880629969,43390,233.99928765134237,0.7685777603031061,0.9911269877852039,0.9176289715546155,0.8033011930205993,0.006773562951439766,0.0017398450901638975,0.6452928067083182,0.9979030707287042,SIRA
8395,43010,791.3969999999999,310.4352081778492,177.31199699176983,1.7507851326735575,0.8208301802527294,43510,234.0128902839742,0.7463903928918506,0.9885083888761205,0.8629596852568813,0.7538220025284876,0.007217744900670755,0.0014376611243409761,0.5682476114960593,0.9948794698845602,SIRA
8396,43014,781.284,293.0831546275976,187.39758947723368,1.5639643788652005,0.7688736426091136,43542,234.02377182080946,0.726894803548796,0.9878737770428552,0.8855270538569975,0.7984893301635463,0.0068136689130887055,0.001708587632346388,0.6375852103850288,0.9971605575334598,SIRA
8397,43016,798.253,309.94452259946326,177.54635458506235,1.7457104277011164,0.819672318331359,43531,234.02921239949458,0.7267198270036491,0.9881693505777492,0.8483181690919265,0.7550680697200999,0.007205331100043315,0.0014447015076839225,0.5701277899108378,0.9952780279695407,SIRA
8398,43021,781.5719999999999,296.05730144771144,186.37170855004044,1.5885313481912982,0.7769905289501702,43558,234.04281329289185,0.79868188990996,0.9876716102667707,0.8850185641541488,0.7905321441100402,0.006881692695374618,0.0016578803052441418,0.6249410708712174,0.9927384818511688,SIRA
8399,43022,788.25,292.1564815582491,188.71729898596212,1.5481171208368205,0.7633831387987772,43500,234.045533376726,0.7030887399901945,0.9890114942528736,0.8701066765420641,0.8010964950303965,0.0067908623857154266,0.0017252181518075428,0.6417555943499861,0.993512823006023,SIRA
8400,43024,761.9889999999999,276.96571596728677,198.5393589951622,1.3950166726086568,0.6972404678173345,43405,234.05097344955786,0.8118808144471912,0.9912222094228775,0.9311577130348723,0.8450539541767773,0.006437470155431544,0.002025035981661439,0.7141161854698068,0.9962039849100763,SIRA
8401,43028,818.531,303.9208395004778,181.31802907502257,1.6761755080336045,0.8025415443802064,43770,234.06185321590655,0.7224918142893124,0.9830477496001828,0.8070320084540954,0.7701408485203218,0.007063327124209301,0.0015327443342335128,0.5931169265596015,0.99416806569937,SIRA
8402,43028,782.0269999999999,301.82362336324616,182.6130415271298,1.6528043169271998,0.7962009256430779,43603,234.06185321590655,0.7946956264775413,0.9868128339793133,0.884132853310719,0.7754921586578795,0.007014586394051459,0.001564917598731815,0.6013880881398577,0.9939768282261522,SIRA
8403,43043,775.619,291.6314153303893,188.3910563156327,1.5480109355180132,0.7633456444494775,43508,234.10264783644718,0.7949726654846335,0.9893123103797002,0.8991155703041207,0.8027346696213514,0.006775350587328702,0.0017354000930719208,0.6443829498121002,0.9975118529704862,SIRA
8404,43044,783.0,298.7572466803153,183.76877689166304,1.6257236497603793,0.788440762508884,43487,234.10536722506032,0.6949530175336627,0.9898130475774369,0.8822648208081962,0.7835972845055852,0.0069407407926845854,0.001614199757108365,0.6140247042845269,0.9982344832924789,SIRA
8405,43047,795.871,293.75670216680845,187.0804044415114,1.5702163090985202,0.7709836549504177,43603,234.11352520137436,0.6994053421719634,0.9872485838130404,0.854018727024768,0.7969640300102294,0.00682409232157429,0.0016981636421993175,0.6351516651301459,0.9973255033384371,SIRA
8406,43047,780.5509999999999,288.1190300476755,191.07367455234044,1.5078949558210941,0.7484633383938161,43492,234.11352520137436,0.7025214198286414,0.9897682332382967,0.8878716425518228,0.8125583553527694,0.006693126815984284,0.0017998116479768405,0.6602510808535975,0.9955892743945651,SIRA
8407,43059,772.666,293.8423182877609,187.13858401739552,1.5701856452031653,0.770973381429325,43492,234.14615426427864,0.8141698337965851,0.9900441460498483,0.9063380212546241,0.7968428633039112,0.006824178877534567,0.001697152680273163,0.6349585487983757,0.9970027986222431,SIRA
8408,43068,779.01,286.96026071052205,193.00842898788332,1.4867757963489607,0.7400095447664774,43897,234.17062307781902,0.7752457068797927,0.9811148825660068,0.8918226601910431,0.8160385082519986,0.006662957664867699,0.001822591874120132,0.6659188469501472,0.9900720239780867,SIRA
8409,43085,770.3159999999999,280.4798916311739,196.06951954906833,1.4305124645392986,0.7150726129316699,43520,234.2168349733095,0.7786633412853322,0.9900045955882353,0.9124269916295308,0.8350574923969968,0.006509919731488312,0.0019526342575653585,0.6973210156083602,0.9975264046129619,SIRA
8410,43098,778.746,294.8125658908227,186.50869585975886,1.580690726144483,0.774450243029508,43585,234.2521673304135,0.7543187188238383,0.9888264311116209,0.893049070871302,0.7945799956748234,0.006840516169910964,0.0016819734836447601,0.6313573695266023,0.9979807388936757,SIRA
8411,43103,775.123,293.11753208966667,187.6114002652176,1.5623652489949964,0.768328928600831,43528,234.26575527959633,0.7701089869572986,0.9902361698217239,0.9015215548256835,0.799221232552998,0.00680039746861394,0.0017115205265580765,0.6387545785635333,0.9979679561841087,SIRA
8412,43103,771.5369999999999,287.4771761606093,191.5026301082758,1.5011656811087628,0.7458186945614012,43632,234.26575527959633,0.7167348431939872,0.9878758709204254,0.909921331468407,0.814902102519316,0.006669539850140577,0.0018142510696605024,0.664065436690402,0.9968722435701353,SIRA
8413,43112,781.526,293.0259252025342,188.61395312087637,1.5535750158141466,0.7652975490032187,43594,234.29021160223988,0.7055858332924174,0.9889434325824655,0.8869950025951677,0.7995545494491749,0.006796852969069731,0.001713483919211898,0.6392874775448731,0.9931810530365621,SIRA
8414,43119,768.3249999999999,280.89049067455034,195.84790324537315,1.4342277145680205,0.7168383976071648,43540,234.30923142171648,0.7890316205533597,0.9903307303628847,0.9178857235644367,0.8341657663776003,0.006514309020954808,0.0019456179754616374,0.6958325257963291,0.9979822931949623,SIRA
8415,43126,784.0939999999999,289.9848330143554,189.72776887001996,1.5284258848425096,0.7562628576606133,43628,234.32824969740338,0.7950518960971923,0.9884936279453562,0.881480646297558,0.8080707092905207,0.006724130061085085,0.0017685336492200855,0.6529782712132852,0.9980288919620978,SIRA
8416,43128,792.5,295.29928158583596,186.82775648771158,1.5805964121035676,0.7744194047859807,43758,234.33368320695615,0.6889346815546078,0.9856026326614562,0.8629202111372706,0.7935464046797599,0.006847043256952234,0.0016748354612417333,0.6297158963801736,0.9953266864630842,SIRA
8417,43129,793.339,308.27616057206967,178.91321405819454,1.7230485864045662,0.8143552715937348,43697,234.33639991448797,0.8141233766233766,0.9870013959768406,0.8611159703211442,0.7601508967791369,0.007147769727377627,0.0014721415291420734,0.5778293858741261,0.9956281065134315,SIRA
8418,43133,785.8209999999999,284.20880372409,193.66791952951402,1.467505844099172,0.7318848841493151,43707,234.3472664296765,0.7994698991696323,0.9868670922277896,0.877752890461277,0.824560194332266,0.006589126741105186,0.0018788715291504496,0.6798995140772643,0.9977565103085727,SIRA
8419,43133,772.5999999999999,287.5099678172207,191.8002208997603,1.4990074905465347,0.744960950346909,43558,234.3472664296765,0.7692979952914318,0.9902428945314293,0.9080507506836605,0.8150926669041909,0.006665661275988702,0.0018148926726512533,0.6643760556409862,0.9959046839455996,SIRA
8420,43134,797.5980000000001,293.92739332804234,187.71847131143602,1.565788338646757,0.7694924361401724,43789,234.34998297974445,0.7423585295332508,0.9850419055013816,0.8520429462191991,0.7973056894298873,0.006814285559605933,0.0016986329509887813,0.6356963623972678,0.9953659511618049,SIRA
8421,43149,782.843,295.4188890387558,187.01611505393606,1.579644026684845,0.7741076209243866,43698,234.39072745263948,0.6928338605308371,0.9874364959494714,0.8847717632929503,0.7934182144388536,0.006846482862609929,0.0016736165175063134,0.629512463003339,0.9944056019068888,SIRA
8422,43150,788.2149999999999,294.72320999185985,187.64632421388654,1.5706314057925426,0.7711226547961426,43975,234.39344349900716,0.6902895536714125,0.9812393405343945,0.8727729413316312,0.7953002530933381,0.006830201853809035,0.0016855350347967646,0.6325024925703279,0.9934282790730209,SIRA
8423,43152,783.691,298.21000552985987,184.61684381684032,1.61529142934388,0.7853253008884317,43698,234.3988754973277,0.7713427713427713,0.9875051489770699,0.882919430556172,0.7860194867735827,0.006910687929409062,0.0016271751259845108,0.6178266335878064,0.9979700660547656,SIRA
8424,43156,780.5070000000001,289.28028855810254,190.94572322839227,1.514987000845739,0.7512026292429693,43845,234.4097391163402,0.7552942000070006,0.984285551374159,0.8902201979685986,0.8103204690673507,0.006703130238161613,0.001782726246090645,0.6566192625895313,0.9947696473280546,SIRA
8425,43159,782.5649999999999,282.2424095774232,195.09572603104587,1.4466867897070668,0.7226303991330397,43661,234.41788650020902,0.7532506064889959,0.9885023247291633,0.8856056872927619,0.8305551488565533,0.006539595671295053,0.0019195726787800155,0.6898218552921316,0.9979561653023467,SIRA
8426,43170,783.2760000000001,293.5920868127558,188.38383071804955,1.558478164997979,0.766996239180421,43698,234.44775781870248,0.7421861568613967,0.987917067142661,0.8842239484432791,0.7985493082047073,0.006800835923390219,0.00170588209584403,0.6376809976342165,0.9938119110470545,SIRA
8427,43186,782.855,291.69368371129286,189.04302103839112,1.5430015988374166,0.7615659086659139,43663,234.49120021641053,0.7584474885844749,0.9890754185465955,0.8855033020798146,0.8038953645924705,0.0067543575165862286,0.001740050710585082,0.6462477572132611,0.9971613226251564,SIRA
8428,43187,768.92,287.5090596090216,191.87342776234317,1.498430829959081,0.7447309687647895,43584,234.4939150990436,0.7933682373472949,0.9908911527165932,0.9179110249411236,0.8156053079437832,0.006657305661634788,0.001817182033113651,0.6652120183460736,0.9967741967490622,SIRA
8429,43188,790.8009999999999,294.9917288262484,187.39270384476998,1.5741900446167314,0.772308777687544,43721,234.49662995024514,0.7380041011619959,0.987809062006816,0.8678377490609194,0.7949261183806439,0.006830409577342048,0.0016824167184854378,0.6319075336837174,0.99474254864322,SIRA
8430,43193,783.521,296.5261056864495,186.05588298515192,1.5937475393353382,0.7786552841372952,43754,234.51020373481805,0.6880495730852555,0.9871783151254743,0.8841418570395054,0.7908585424272632,0.006865142631594229,0.0016566263595318097,0.6254572341301754,0.9968209278544536,SIRA
8431,43197,766.8059999999999,285.23274420069947,193.26498591227903,1.4758635293108067,0.7354588207362783,43571,234.52106219682022,0.7390672050369559,0.9914163090128756,0.9231928783149116,0.8222094656558898,0.006603068365874933,0.0018614674465396537,0.676028405414144,0.9977256683288753,SIRA
8432,43197,772.169,283.29825913068794,194.62662752787006,1.4555986646283552,0.7266550013486525,43722,234.52106219682022,0.7696433025692193,0.9879923150816523,0.9104135777954028,0.8278238733850942,0.006558285508963306,0.001899861180880002,0.6852923653463006,0.9975106518780821,SIRA
8433,43205,768.043,282.0801792542152,195.65178261200583,1.4417460218780844,0.7203570422968807,43689,234.5427776127048,0.8110873319816776,0.9889216965368857,0.9203919315682085,0.8314755692257665,0.0065288781218427305,0.00192493600857913,0.6913516222193123,0.9967534510536539,SIRA
8434,43208,775.213,290.7654352760979,190.30600766516324,1.527883637744582,0.7560619112849386,43899,234.55092037533538,0.7674055129298096,0.9842593225358208,0.9035078583052049,0.8066671341200383,0.006729435180431816,0.0017576638825665624,0.6507118652694358,0.9942120118314279,SIRA
8435,43209,779.0429999999999,287.44821620318214,192.83069977335248,1.4906766222444885,0.7416054539905733,43717,234.55363456672686,0.7681326886155159,0.988379806482604,0.8946665912949024,0.8159857022766602,0.006652507954435005,0.0018192624750471957,0.6658326663199345,0.9925411900098416,SIRA
8436,43211,786.9129999999999,297.87385322972017,185.65270566492785,1.6044681501563072,0.782015095053964,43797,234.55906285528835,0.7857974177123114,0.9866200881338905,0.8769013546004149,0.7874442832496497,0.006893472801594968,0.0016349224854402772,0.6200684992225546,0.9948801579178099,SIRA
8437,43212,780.9459999999999,292.2292651580473,189.0768952800312,1.545557772805836,0.7624767568512703,43887,234.56177695246052,0.7219326383319968,0.9846195912229134,0.8903734920997757,0.8026635416736982,0.006762687798714416,0.0017315428742356992,0.6442687611321647,0.9957545915438037,SIRA
8438,43226,771.9870000000001,283.8558858715815,194.49794687219784,1.4594287005924007,0.7283553201288815,43684,234.59977101592008,0.8098396282973621,0.9895156121234319,0.9114543859141987,0.8264749215806458,0.006566785866644647,0.0018899544500242164,0.6830607960017347,0.9968785299344228,SIRA
8439,43233,784.198,297.1470439606651,186.68907396301788,1.5916681016883096,0.7779940166812558,43729,234.61876574037143,0.7187292193110786,0.9886574127009536,0.8834333218802484,0.7895712594449674,0.006873153469818543,0.0016477872200591102,0.623422773741512,0.9922821428304129,SIRA
8440,43237,782.105,289.9508009049907,191.4778232317979,1.514278760908954,0.7509312480964143,44029,234.62961917821508,0.7122594886663153,0.9820118558222989,0.8882501553815922,0.8092049356162914,0.006706080461294508,0.0017737100006574309,0.6548126278257661,0.9915688546915373,SIRA
8441,43242,794.5129999999999,295.69466454466306,187.07984454518865,1.5805800205977762,0.7744140445006459,43903,234.64318526954477,0.7835398999782561,0.9849440812700727,0.8608225222884954,0.7935320227399748,0.006838135713997111,0.0016725353577767158,0.6296930711137958,0.9952802873113202,SIRA
8442,43242,775.198,293.03670250237224,188.23279265166522,1.5567781701281573,0.7664095211994573,43728,234.64318526954477,0.7806824336522838,0.9888858397365532,0.9042538142104836,0.8007296808414136,0.006776668574588878,0.0017184611430420334,0.641168021780392,0.9981563796919691,SIRA
8443,43244,776.834,293.30881085053073,188.06023705654187,1.5596535208149558,0.7674005063194094,43618,234.64861148646796,0.7892537095508386,0.991425558255766,0.9004907835103193,0.8000053281933087,0.006782647554586318,0.001713762088306311,0.6400085251376836,0.9981915495825753,SIRA
8444,43255,787.245,297.69279455786386,185.4316735500129,1.6054042378988342,0.7823045945437254,43833,234.6784534368664,0.7863401687027342,0.9868135879360299,0.8770540500503184,0.7883242649033982,0.006882274755701395,0.0016395752256157757,0.6214551466354833,0.9976867260726462,SIRA
8445,43255,775.342,295.9427575546516,186.439466611577,1.5873396493415788,0.7766073872383659,43605,234.6784534368664,0.7021915584415584,0.991973397546153,0.9041897093885768,0.7929859658536446,0.006841816149685623,0.0016688341095925292,0.6288267420408375,0.9981616202077106,SIRA
8446,43261,790.347,296.50172148685635,186.21659793992742,1.5922411039992599,0.7781765479044495,43756,234.69472926503457,0.7508504582060539,0.988687265746412,0.8703036399323375,0.791545924550183,0.006853787972697264,0.0016596438330141383,0.626544950672004,0.9976106239631534,SIRA
8447,43263,788.422,296.91041214587517,186.17368141174947,1.5948033572436897,0.7789898337431662,43762,234.70015429027168,0.7085325908942024,0.9885974132809286,0.8745991019528017,0.7904746505655081,0.006862917785310199,0.001652876283025967,0.6248501731866624,0.99651315397239,SIRA
8448,43266,772.8890000000001,287.0127137365194,193.00714370124285,1.4870574644676802,0.7401253175705212,43691,234.70829159301456,0.7764895908111988,0.9902725961868577,0.9101696660118068,0.8177626995592926,0.0066336780320926225,0.001829967348951253,0.6687358327905019,0.9944486119081262,SIRA
8449,43267,784.55,298.76378838679653,185.37109488743698,1.6117064452158254,0.784237790344785,43743,234.71100396456976,0.7519464720194647,0.9891182589214275,0.8833349095050095,0.7856072693143775,0.006905119106635462,0.0016224559347488082,0.6171787815995929,0.9947110201545142,SIRA
8450,43268,806.547,312.5473301905203,177.96071625066847,1.756271478196786,0.8220688800132715,44132,234.71371630478058,0.7523037869040582,0.9804223692558688,0.8358287870745942,0.7509701527819979,0.007223521544571515,0.0014171618109001304,0.5639561703694173,0.990460136972895,SIRA
8451,43282,777.646,294.9903331502218,187.2555088670911,1.5753359403679703,0.7726886187109697,43678,234.75168577717884,0.7327983204659353,0.9909336508081872,0.8994008627391318,0.7957945037393248,0.00681554302366392,0.001686102481759078,0.6332888921817184,0.9976427524896774,SIRA
8452,43282,822.236,311.41895598697386,177.8458297272835,1.7510613347780895,0.8208928641187053,44083,234.75168577717884,0.6639361865316766,0.9818297302815144,0.8044965935512741,0.753813090899316,0.0071951147356169734,0.0014330857824772594,0.5682341760111806,0.9950128947126657,SIRA
8453,43292,777.472,286.5200199291065,192.6449086441272,1.487296092825348,0.7402233343105956,43761,234.77880306934583,0.7562449778150439,0.9892826946367771,0.9000113769321327,0.8194150032777361,0.006618313312600631,0.0018405292837922265,0.6714409475966521,0.9986314979234501,SIRA
8454,43298,778.2049999999999,296.6967505349769,186.39002854958488,1.5918059181800457,0.7780379403626432,43736,234.79507194134862,0.6857133807389576,0.9899853667459301,0.898441214908704,0.7913638134492113,0.00685243545972047,0.0016577898123708418,0.626256685236878,0.9968790978598805,SIRA
8455,43305,782.2709999999998,295.85156957234915,187.29077758014392,1.5796376810158246,0.7741055412201099,43828,234.81405086739636,0.7109203138851495,0.988066989139363,0.8892695994954359,0.7936887108857256,0.006831810866466901,0.0016723085490253163,0.6299417697874452,0.9950797564020443,SIRA
8456,43309,788.2289999999999,311.7607093788349,177.51004917777658,1.7562989296826013,0.8220750441305325,43777,234.82489527930204,0.8187575620084695,0.9893094547365054,0.875957835673508,0.7532215837819236,0.007198520154675354,0.0014292691279546004,0.5673427542749493,0.9964234720962725,SIRA
8457,43312,781.732,291.8434766183193,189.32638795156691,1.541483359905319,0.7610222455123784,43820,234.83302825958992,0.7004787165221892,0.988407120036513,0.8906402589687499,0.804654025440873,0.0067381667117269875,0.0017424417465408755,0.6474681006582013,0.9980613032341193,SIRA
8458,43314,783.459,284.04340723857297,196.07989017068942,1.448610599441434,0.723507386372327,44156,234.83845008996894,0.7216113554578168,0.9809312437720809,0.8867590071153103,0.8267695855821222,0.0065577736352812705,0.0018900537347184042,0.6835479476436342,0.9901948021830068,SIRA
8459,43314,792.262,302.67352692398794,182.64731332159573,1.6571474357854714,0.7974034051994817,43769,234.83845008996894,0.6915413353769518,0.9896045146107976,0.8671625310509804,0.775880376710135,0.006987891372858382,0.001562086143172754,0.601990358963861,0.9975867797245378,SIRA
8460,43315,776.7470000000001,281.3363016971055,196.9922018047797,1.4281595876364246,0.7139449242759536,43863,234.84116095821784,0.7075648921051342,0.9875065544992363,0.9021713134400015,0.834734655789477,0.00649512413014211,0.0019451853779362566,0.6967819455759767,0.9951158160662925,SIRA
8461,43317,778.174,289.8817977132203,190.68521283897388,1.520211207766876,0.7531897334117533,43794,234.84658260083972,0.735283134166214,0.989108096999589,0.8989070832659275,0.8101460128006145,0.006692102355038906,0.0017782611204858166,0.6563365620567336,0.9977701977058261,SIRA
8462,43318,797.664,304.0041350390132,182.18169210696124,1.66868652674786,0.8005441873342373,43868,234.84929337521496,0.7975769627338342,0.9874623871614845,0.8555359765121474,0.7725200624165078,0.007017963318689995,0.0015418066847803478,0.5967872468360051,0.9958508381301914,SIRA
8463,43318,779.47,283.16756122115464,195.75911130580988,1.4465102509522405,0.722549693464794,43784,234.84929337521496,0.8260488176964149,0.9893568426822583,0.8959410826596045,0.8293651022823091,0.006536949102478292,0.0019078221889984861,0.687846472883745,0.9949769741076796,SIRA
8464,43326,789.014,293.827176096792,188.85648319247574,1.5558225544067446,0.7660786675176715,44099,234.87097844390155,0.8029876195418489,0.982471257851652,0.8745588539376354,0.7993507665422029,0.006781774825665697,0.0017079404004243376,0.6389616479716075,0.9941109433151294,SIRA
8465,43330,794.9809999999999,291.3858396406464,190.73649018326904,1.5276879602883984,0.7559893312994482,44016,234.88182022748077,0.6798355717334003,0.9844147582697201,0.8615590619175204,0.806085225408175,0.006724805899853367,0.0017513919971125183,0.6497733906213482,0.9926509857680043,SIRA
8466,43331,794.191,313.2780237539355,177.70442160734126,1.7629163130569705,0.823551228652326,43974,234.88453059518275,0.6598897417153996,0.9853777232000728,0.8632938627585485,0.7497638288847003,0.007229882157206977,0.0014093177455835033,0.5621457991038461,0.9910159995566166,SIRA
8467,43333,783.6239999999999,298.90897913909555,185.30066531826878,1.6131025683350644,0.7846623478923951,43790,234.8899512367628,0.7870713455390874,0.9895638273578442,0.8867744336550933,0.7858243399488449,0.006897952579768203,0.0016225641378240058,0.6175198932560377,0.9961229258093092,SIRA
8468,43336,781.647,277.53431248604846,199.45509872219253,1.3914626112045758,0.6953531089799038,43857,234.8980819645895,0.7649779346866725,0.9881204824771416,0.8913276023755053,0.8463749215744187,0.006404243873132003,0.0020272101427397065,0.7163505078701036,0.9967749482186583,SIRA
8469,43341,793.558,304.1199973413221,181.85275994562454,1.672341939887283,0.8015230825706778,43892,234.91163255225717,0.7433496269616671,0.9874464594914791,0.8648712152839682,0.7724307332825914,0.007016912331079627,0.001540862881737559,0.5966492377194818,0.9978015436400666,SIRA
8470,43346,787.501,293.1298791491296,189.89970018107942,1.5436036964229787,0.7617809613196477,43954,234.92518235832097,0.7894008377344746,0.9861673567820903,0.8783278686343019,0.8014371753580364,0.0067625589246788536,0.0017209520096554928,0.6423015460458679,0.9914590406945957,SIRA
8471,43360,780.042,288.6251503518824,193.73359652736733,1.4898043267942451,0.74124996528669,43971,234.96311765831814,0.7719423179633256,0.986104477951377,0.8954949957706075,0.8140770732275366,0.006656484094831236,0.0018033779575631942,0.6627214811547121,0.987325330083781,SIRA
8472,43361,783.9759999999999,294.8634476306001,188.44834651997624,1.564691084192365,0.7691205024650906,43918,234.96582708824147,0.6801725490196079,0.9873172730998679,0.8865507834913501,0.7968631886262235,0.0068001994333756165,0.0016913616222943618,0.6349909413875524,0.9935646645320196,SIRA
8473,43372,773.1139999999999,280.1265252075714,197.87364134547505,1.415683884436573,0.7078404167332393,43819,234.99562875562916,0.7539285217633153,0.9897989456628403,0.9118685504377849,0.8388910281934187,0.006458695130673508,0.001973089323672576,0.7037381571834112,0.9962707679876468,SIRA
8474,43377,789.8699999999999,295.4398110217818,187.7423545287372,1.5736449655347198,0.7721277380883688,43967,235.00917371876605,0.694043104689675,0.9865808447244524,0.8736915552301154,0.7954553345603095,0.006810978422246393,0.001682102521773728,0.6327491892804539,0.9957225761573617,SIRA
8475,43378,787.2139999999999,304.1804747812171,182.43774097097415,1.6673111230291555,0.8001738834489882,43943,235.01188261771335,0.7748008430679099,0.9871424345174431,0.8796173160885282,0.7726067321932696,0.007012321332961802,0.0015412586398261012,0.5969211626303627,0.995253294025099,SIRA
8476,43388,792.35,299.6826388251921,185.77045628006903,1.613187827742578,0.7846882319260216,43963,235.03896989003596,0.7185109131255589,0.9869208197802698,0.868451102787933,0.7842929133680532,0.006907039707412006,0.0016120736485739843,0.6151153739593487,0.9922966339285452,SIRA
8477,43389,780.002,282.5684068175373,195.94710400076482,1.4420647258784411,0.7205046078389145,43940,235.0416784455769,0.7633532723434201,0.9874601729631315,0.8961858291963485,0.8318045215767883,0.006512443403109944,0.0019231308380963186,0.6918987621155896,0.9977627987258505,SIRA
8478,43390,768.192,281.7185673429113,197.212218208794,1.4285046327334956,0.7141107581049502,43855,235.04438696990556,0.7660393347692525,0.9893968760688633,0.9239744326235912,0.8343233787775396,0.006492707244593485,0.0019406322156895937,0.6960955003747697,0.9943756471102994,SIRA
8479,43392,794.102,303.17352069908577,183.23094504336586,1.6545978116705817,0.7966988586182933,43892,235.04980392493027,0.758734044413359,0.9886084024423585,0.8647029731378387,0.7752979329557889,0.006986852892217132,0.0015571694200448942,0.601086884845519,0.9945570442892827,SIRA
8480,43395,769.0,284.95802962789,194.52611143364086,1.4648831847188721,0.7307470924906351,43780,235.0579291234022,0.816370682519377,0.9912060301507538,0.9221400342770597,0.8248861400057775,0.006566609739091831,0.0018754133157158448,0.6804371439736314,0.9967609304651068,SIRA
8481,43396,776.5419999999999,285.6666552658069,194.01534768399293,1.4723920487522113,0.7339838347467569,43855,235.0606374604798,0.8114435302916978,0.9895336905712006,0.9043356773054495,0.8228494055134322,0.006582787705452275,0.001861534334816346,0.6770811441538087,0.9969288930121177,SIRA
8482,43397,784.336,291.5301940335976,190.88094108640217,1.52728812197985,0.7558409162552947,44066,235.06334576635263,0.7173057851239669,0.9848182272046476,0.8864725134081503,0.8063087480374763,0.006717749937405756,0.0017514957308148037,0.6501337971617627,0.9929416261028172,SIRA
8483,43398,782.63,294.2643332777194,188.49599302781274,1.5611171810654907,0.7679023642714548,43892,235.06605404102183,0.8275743707093821,0.9887451016130502,0.8903619597776855,0.7988261826456974,0.006780596646797535,0.001703165445705705,0.6381232700802969,0.9961852005600458,SIRA
8484,43399,777.006,290.1577660467774,191.28334191270994,1.5169003382384845,0.7519333886721606,43938,235.06876228448843,0.8057443095317663,0.9877327142792116,0.90331836920138,0.810141205204179,0.006685816863217526,0.0017765487356314494,0.6563287723696796,0.9955853368032161,SIRA
8485,43400,774.798,293.5131445124898,188.72242339231656,1.5552637531700941,0.7658848501156801,43739,235.07147049675353,0.8073817762399077,0.9922494798692243,0.9084951465945488,0.8008890739363482,0.006762975680011286,0.0017163547802596473,0.6414233087506214,0.9975824225382717,SIRA
8486,43403,813.7429999999999,325.48287571373316,172.90564229830107,1.8824306216231053,0.8472288532394467,44425,235.0795949463506,0.8109224071894325,0.9769949352841868,0.8236734768399411,0.7222487340719775,0.007499087061118659,0.0012587379195623757,0.5216432338685743,0.981957196996707,SIRA
8487,43409,796.222,289.7391227424172,192.82900971307475,1.5025701950839374,0.7463743889222324,44138,235.0958430032498,0.7266320723133579,0.9834836195568445,0.8604414013391335,0.8114052419916169,0.006674632512668276,0.0017846717892185681,0.6583784667314744,0.989259861195775,SIRA
8488,43415,782.2359999999999,285.80825961542166,193.76445942120006,1.4750293241039587,0.7351055980632368,43835,235.1120899372831,0.7095809361924686,0.9904186152617771,0.8916082351589818,0.8226217473688325,0.0065831684812949825,0.0018595826229674218,0.6767065392441513,0.9981619891980296,SIRA
8489,43415,784.1189999999999,291.72722586362227,190.19644750990105,1.5338205822610638,0.7582475677387631,43938,235.1120899372831,0.7833955863512514,0.9880968637625746,0.8873311230476816,0.8059312573287012,0.006719503071832829,0.0017486742658496927,0.6495251915394212,0.996255107480224,SIRA
8490,43417,807.149,316.3177359195265,175.92859424046063,1.7979893335996358,0.8310639798959042,43992,235.1175053324753,0.7952559758219617,0.9869294417166757,0.8374564840962925,0.7432953598033177,0.007285573298927299,0.00137179489123505,0.5524879919051436,0.9933675163873301,SIRA
8491,43424,783.6259999999999,290.2949137205922,191.43266449726224,1.5164335432668223,0.7517554265586911,44002,235.13645823346855,0.7705438736580605,0.9868642334439344,0.8886321382720337,0.8099916571731137,0.006685126052887624,0.0017750539046695627,0.656086484690047,0.9949115526680018,SIRA
8492,43429,784.981,292.7821641098756,189.3433811118276,1.5463026084706721,0.7627411127399336,43970,235.14999508463399,0.7304147465437788,0.9876961564703207,0.8856689173517508,0.8031568309481674,0.006741628039095435,0.001730397901218829,0.6450608950987031,0.9974593447135512,SIRA
8493,43432,799.2510000000001,297.74464917134554,187.3698006752832,1.589074910141709,0.7771649401416029,44276,235.15811682129447,0.8024239736910173,0.9809377540879934,0.8543844117051963,0.7897979610238641,0.006855421098990273,0.0016454243968955942,0.6237808192374533,0.9912344492778777,SIRA
8494,43434,783.606,291.336176311821,190.61324390128644,1.5284151843231646,0.7562588948380113,43906,235.16353115656995,0.7665995975855131,0.9892497608527309,0.8888821512513546,0.8071895984001357,0.006707560351609822,0.001756493629955343,0.6515550477653725,0.9958466284270001,SIRA
8495,43435,792.0409999999999,291.30072793437336,190.9507896966148,1.52552774668906,0.7551857499177659,43977,235.1662382774615,0.7952360900053095,0.9876753757646042,0.8700703377271598,0.8072971184968741,0.006706589799340932,0.0017571754062610395,0.651728637533356,0.9942301198689918,SIRA
8496,43437,773.597,285.65535648472763,194.2109302358745,1.4708510799973582,0.733324791116833,43879,235.17165242575743,0.7062582313057899,0.9899268442763053,0.9120951220091564,0.8232705849446612,0.006576314121249802,0.0018635141994830812,0.6777744560351245,0.9969052906538851,SIRA
8497,43437,778.5289999999999,292.64848109945166,189.95604196671692,1.540611596606798,0.7607091746994102,44019,235.17165242575743,0.779111063280241,0.9867784365842023,0.9005754374832072,0.8035977208637495,0.006737308771311363,0.0017330895343077577,0.6457692969774127,0.9948796676560213,SIRA
8498,43439,792.2269999999999,293.8008552589428,189.36416385344512,1.5515124365681172,0.7645770163346912,44030,235.17706644941111,0.7141988096412483,0.9865773336361572,0.8697419219608031,0.8004641996094145,0.0067635271359594564,0.0017128552052802204,0.6407429348563408,0.9941206320727675,SIRA
8499,43442,782.927,296.88336688673496,186.66596388588076,1.5904525962121097,0.777606018991676,43849,235.18518725120623,0.8097297297297297,0.9907181463659377,0.8905886058815142,0.7921804098271783,0.00683401700858006,0.001660168661097855,0.627549801713956,0.9980882113883562,SIRA
8500,43451,781.727,298.47044335833925,186.46499920840003,1.6006781145278524,0.7808366668071236,44004,235.20954797432768,0.6842246157722348,0.9874329606399418,0.8935099958825427,0.7880497155021093,0.006869127139958557,0.0016341645452499151,0.6210223541029555,0.994056890845167,SIRA
8501,43460,773.8729999999999,276.82108014263235,201.06400580007107,1.3767808864700064,0.6873440488030664,44108,235.23390617466305,0.788089797990788,0.985308787521538,0.9119272570468544,0.8497687605779825,0.006369560058505116,0.002048765466956056,0.7221069464542405,0.9941830418654185,SIRA
8502,43461,791.981,292.40539841038907,190.7683131677829,1.5327776062747653,0.7578658941890567,44072,235.23661248567345,0.6978996049715772,0.9861363223815575,0.8707230739177854,0.8044879258881548,0.006727995177524425,0.0017383753529113361,0.6472008228998253,0.9920149281034525,SIRA
8503,43471,771.8789999999999,284.22021250085635,195.24621625627648,1.4557015134561906,0.7267008880030622,43891,235.2636738835434,0.823314393939394,0.9904308400355426,0.916876926507642,0.827751382681253,0.006538156759698566,0.0018933667727847531,0.6851723515307262,0.997406429101615,SIRA
8504,43489,769.8870000000001,285.88448437694205,194.2018110178205,1.4720999916458477,0.7338591317129991,43893,235.31237655717874,0.8074152463703539,0.9907957988745358,0.9220093235574537,0.8231029993461156,0.006573719431969971,0.001861262656825169,0.6774985475325718,0.9973456061627728,SIRA
8505,43491,789.6109999999999,296.0230025430525,187.91305368854012,1.575318993185546,0.7726830084633536,44080,235.3177873431521,0.8078573418779604,0.9866379310344827,0.8765624812995354,0.7949307497106693,0.006806534743810271,0.0016765751145503011,0.6319148968355669,0.9954675390619534,SIRA
8506,43497,774.492,289.2876329341146,192.09040888073594,1.5059972781552355,0.7477220721909594,43866,235.33401895464536,0.8060971089696071,0.9915880180549856,0.9112452894803137,0.8134949170407254,0.0066507490846291605,0.001796675728045124,0.6617739800510966,0.9966298127109086,SIRA
8507,43506,789.994,310.1025767815541,179.50504576535798,1.7275423955876323,0.8154290767661332,43952,235.35836427296988,0.7030704589528118,0.9898525664361121,0.8760147805430109,0.7589693923722654,0.007127811722097047,0.0014589252154314984,0.5760345385579259,0.9951240866815754,SIRA
8508,43507,790.4540000000001,300.64932243054795,184.94984918946392,1.6255721415731499,0.788396032406172,44067,235.36106915289267,0.8006440927493559,0.9872920779721788,0.8750156061042094,0.7828425065127586,0.006910366663538004,0.001600952510617377,0.6128423900031783,0.9962195163642742,SIRA
8509,43514,792.2199999999999,300.34977457837067,185.1161293484231,1.6224938131298994,0.7874839416311622,43961,235.38000244202112,0.6884690842351749,0.9898318964536749,0.8712589793375214,0.7836862963271614,0.006902371066286038,0.0016060056780832425,0.6141642110509835,0.9964776326760264,SIRA
8510,43515,791.852,293.75421861988474,190.59398329376614,1.5412565157794922,0.7609408439455138,44408,235.38270707329076,0.7299214975845411,0.9798910106287155,0.8720890147585538,0.8012913250375268,0.006750642735146151,0.0017166693418447132,0.6420677875803954,0.9895911611804072,SIRA
8511,43522,784.865,298.94346001242315,185.97569516219613,1.6074329484382555,0.782929903788711,43901,235.4016386220872,0.7428230073391364,0.9913669392496754,0.8878278888693617,0.787445353754535,0.006868789577970294,0.001629077232777653,0.6200701851496048,0.9967212459536842,SIRA
8512,43528,777.324,287.1108125885425,193.8864536657884,1.480819351533705,0.7375414936170138,43983,235.41786445219523,0.7367637102234259,0.9896550940135962,0.9052622768422128,0.8199547148005594,0.00659600286226205,0.001839162350529047,0.6723257343236667,0.9955929579205942,SIRA
8513,43530,795.624,289.31086889738555,191.88892753970927,1.5076996500359088,0.7483872115578993,44126,235.4232728137166,0.7281212364512244,0.9864932239495989,0.864137358249035,0.813738086339293,0.006646240957899966,0.001797605624492225,0.6621696731591347,0.9983529844864195,SIRA
8514,43537,787.024,301.86500329864873,183.94050009183715,1.64110135151277,0.7929037590727944,43936,235.4422011006837,0.7360688442550889,0.9909186088856519,0.8832678267772017,0.7799585858840021,0.006933527879703441,0.0015827787166012353,0.6083353956941723,0.9983400400467617,SIRA
8515,43539,796.581,295.2576881352106,189.717507387818,1.556301746742059,0.7662446677310963,44192,235.4476089031788,0.660803181155901,0.9852235698769009,0.8622405179607895,0.7974309166688242,0.0067814531370773475,0.001691510917724961,0.6358960668592811,0.9896461595995044,SIRA
8516,43543,796.795,304.25250711772475,183.42734727451943,1.6587085384949554,0.7978328819485917,44112,235.4584241355641,0.6746564199501093,0.9871010155966631,0.86185659888688,0.773891483643413,0.006987403420015266,0.001546022644313558,0.598908028455803,0.9934138605728202,SIRA
8517,43544,774.2689999999999,286.2353349740825,194.52823791182783,1.4714333407154079,0.7335741261842794,44079,235.46112786604058,0.8145002899309777,0.9878627010594614,0.912755466175538,0.8226137694962108,0.006573473612302097,0.001856772031315138,0.6766934137647652,0.9957092504560022,SIRA
8518,43545,781.3699999999999,294.44186809879295,188.8908891110874,1.5587933832299907,0.7671047700937176,44022,235.46383156547134,0.69672,0.9891645086547636,0.8962614009584458,0.7996954817800133,0.00676178362840264,0.0017058451359769009,0.6395128635793675,0.9968684202379817,SIRA
8519,43549,788.6189999999999,296.07482449164775,188.7950757412302,1.5682338288179682,0.7703179283946715,44372,235.47464605275786,0.8002829997978573,0.9814522671955287,0.8799410502616959,0.7953214072052944,0.006798659544229437,0.0016779296385216658,0.6325361407590099,0.9919645738882434,SIRA
8520,43549,786.2789999999999,291.5102485732079,191.44065431171407,1.5227186180556773,0.7541343673002623,44199,235.47464605275786,0.7354759170438425,0.9852937849272608,0.885186328301869,0.8077748456710686,0.006693844831642699,0.001757991227495171,0.652500201298919,0.993574204802941,SIRA
8521,43550,790.1990000000001,306.39244445016186,181.52483440768748,1.687881690953832,0.8056009085429664,44001,235.47734959697576,0.7828228357779695,0.9897502329492511,0.8764458155005631,0.7685481605773695,0.007035417783011753,0.0015140980662821338,0.590666275126858,0.9969747912505225,SIRA
8522,43565,787.569,294.3791642445619,188.83501501499228,1.558922555868095,0.7671492213072487,44055,235.5178990361186,0.7430496332935357,0.9888775394393372,0.8826130731355422,0.8000494859767214,0.006757240083658025,0.0017077194090829918,0.6400791800116163,0.9978338712616636,SIRA
8523,43567,795.1469999999999,297.40107795908966,187.00914639023625,1.5903023124788562,0.7775579721163038,44109,235.52330510052892,0.6948484848484848,0.9877122582692874,0.8659098306864669,0.7919383033740294,0.00682629233041269,0.0016562658244924056,0.6271662763509362,0.9973839795896474,SIRA
8524,43578,794.3679999999999,303.78563501383354,183.5749363079479,1.654831760389292,0.7967636682231185,44110,235.55303623699888,0.7089081207704321,0.9879392428020857,0.8678280369272507,0.7753922802382425,0.006971077952495148,0.0015544100424828965,0.6012331882530614,0.9949397753212801,SIRA
8525,43580,793.443,298.72741450721526,187.00121130597086,1.5974624571732763,0.7798288347928362,44010,235.55844149501073,0.7034478305785123,0.990229493296978,0.8698925749660711,0.7885397524816766,0.006854690557760791,0.0016347900498799365,0.6217949412438638,0.9932940746973357,SIRA
8526,43580,781.353,292.32525120050343,190.54010437716715,1.5341927735163634,0.7583835350360147,44176,235.55844149501073,0.7024500322372663,0.9865085114089098,0.8970208175218018,0.80580942127864,0.006707784561737114,0.001744569322225313,0.6493288234214166,0.9961955885290202,SIRA
8527,43592,781.821,303.41711695266264,183.24501539034995,1.6558001117046548,0.7970315775304103,43979,235.59087043876553,0.7913875424359603,0.9912003456195002,0.8961939252960565,0.7764587337883151,0.0069603853219091264,0.0015605818897020964,0.6028881652761536,0.9982622914096695,SIRA
8528,43605,784.3839999999999,294.3814373666015,189.43303937634096,1.5540131665298507,0.7654501542709619,44114,235.6259967579485,0.7777440873256519,0.9884617128349277,0.8906123277786225,0.800410511157729,0.006751093621525089,0.001709247787378404,0.6406569863717771,0.9955893920510769,SIRA
8529,43608,795.74,298.6075166778781,186.80786225255534,1.5984740314311554,0.7801466726605132,44295,235.63410208798507,0.7582549425327328,0.9844903487978327,0.8654334035789596,0.7891097475023531,0.00684753982475413,0.0016378116715052588,0.6226941936032274,0.9953604979977234,SIRA
8530,43616,779.161,284.5756661144959,196.2770981608719,1.4498668911502506,0.7240776251743217,44222,235.65571493848574,0.7133441277006363,0.9862964135498168,0.9028202374117347,0.8280951008779235,0.0065245704813484936,0.0018925726115461682,0.6857414960980183,0.9942338910803553,SIRA
8531,43618,781.452,295.63776484764634,188.11434923329708,1.5715854003300942,0.7714415986564324,44001,235.66111784140026,0.7010286081645773,0.991295652371537,0.8975755174866784,0.7971279243125303,0.006777884470806693,0.0016880527651348073,0.6354129277188029,0.9986056803838721,SIRA
8532,43621,788.221,300.0234132702996,185.59910670011604,1.6165132397704156,0.7856939448429449,44006,235.66922196352354,0.7998863094583196,0.9912511930191338,0.8822861847899397,0.7855027692495533,0.006877958168549543,0.0016152143885667712,0.6170146004987171,0.9974122708378298,SIRA
8533,43622,781.191,288.5670177767778,193.67208041690643,1.4899773738971391,0.7413205508058186,44169,235.67192327563603,0.7891813658977838,0.9876157486019607,0.8982577544388245,0.8166973658020094,0.006615171651386405,0.0018153714444002298,0.666994587307941,0.993806843600692,SIRA
8534,43625,773.2499999999999,286.9856181120109,193.95289703476263,1.4796665711086223,0.737059431276833,44068,235.68002702620234,0.7100423177083334,0.9899473540891349,0.9168651101156429,0.8212259156980336,0.006578466890819735,0.001845674195388946,0.6744120046140739,0.9979048983817992,SIRA
8535,43627,786.5109999999999,297.7969800195766,187.6541711418018,1.5869457002079896,0.776480497582446,44121,235.68542937178134,0.7419557823129251,0.9888035175993292,0.8862487016465914,0.7914298840649352,0.00682597886674712,0.0016519408097674128,0.6263612613910369,0.9940013105413587,SIRA
8536,43629,792.654,295.0560664740177,189.2264858475037,1.5592746710510774,0.7672703229072795,44322,235.69083159353147,0.7663218168724641,0.9843644239880872,0.8726052302298144,0.798800154865774,0.006762842753077487,0.0016984846011844485,0.6380816874135846,0.9949446132455336,SIRA
8537,43632,788.4309999999999,295.9051731070071,190.4623284538206,1.5536152241189898,0.7653115599641142,44587,235.69893469399605,0.7013550658243719,0.978581200798439,0.8820386198635778,0.7965353637422253,0.006781838400875667,0.0016840207851169912,0.6344685856919593,0.9857200539562717,SIRA
8538,43634,775.1320000000001,298.95816119145087,186.9380099294752,1.5992368876946788,0.7803858787970019,44262,235.70433660621114,0.7979299246580353,0.985811757263567,0.9126065018862126,0.7884191408819498,0.006851495649985123,0.0016330285835039439,0.6216047417090318,0.9940932325070068,SIRA
8539,43634,778.307,293.97912106747816,189.26427377635451,1.5532731835848783,0.7651923297929543,43994,235.70433660621114,0.7676636171710063,0.9918170659635405,0.9051759748370117,0.8017723699231994,0.006737386466229962,0.001717416242488809,0.6428389331722639,0.9985044762607892,SIRA
8540,43643,798.5010000000001,291.90576736228485,191.17581874459853,1.5268969123770646,0.755695562975291,44293,235.72864367928796,0.730011374280744,0.9853249949201905,0.8601486884090539,0.8075504838749029,0.006688489960870812,0.0017546341152115026,0.6521377840065898,0.9957471688440829,SIRA
8541,43650,784.682,285.89902736357095,197.4622496591858,1.4478667586185436,0.7231688399015547,44743,235.74754744787876,0.749034749034749,0.9755715977918333,0.8908544041540591,0.8245832440279143,0.006549805896072645,0.0018678681397776822,0.6799375263315989,0.9844589423128426,SIRA
8542,43657,768.419,280.96699039361454,199.02515548277145,1.4117159698334534,0.7058535583682926,44059,235.76644970076424,0.7508943928448573,0.9908758709911709,0.9291109176205626,0.8391250850161167,0.006435783274013664,0.001968285033761608,0.704130908303305,0.9940328481051107,SIRA
8543,43668,783.0690000000001,289.7981463691848,192.3325836498468,1.5067553342744044,0.7480186063134721,44193,235.79615017954615,0.8008362676056338,0.9881202905437513,0.8948971038716554,0.813656516212345,0.0066363961337635065,0.0017942232984943514,0.6620369263748102,0.9975276703018764,SIRA
8544,43673,806.6610000000001,290.79593386826707,193.19484579322145,1.5051950929348763,0.7474076593184635,44349,235.8096491605438,0.7205695523767097,0.9847572662292272,0.8434139284240244,0.8109110950202196,0.006658483133017358,0.0017760207555358903,0.6575768040268917,0.9897813786490761,SIRA
8545,43673,787.993,292.6866216482235,190.49628917522418,1.5364426410374934,0.759202827983704,44241,235.8096491605438,0.7104535398230089,0.9871612305327637,0.8838491948097036,0.8056727971801888,0.0067017750474715155,0.0017418245613280636,0.6491086561161497,0.997318217923395,SIRA
8546,43676,776.9279999999999,292.45234728677286,190.48095676067376,1.5353364045426292,0.7588005507838864,44079,235.81774817823396,0.7132405774381083,0.9908573243494635,0.909266465989642,0.8063458897356561,0.006695950803342176,0.001746133815557589,0.6501936938935868,0.9982660482388706,SIRA
8547,43678,767.654,276.27785554655384,202.08173524263228,1.3671589627575047,0.6819016869377409,44155,235.82314736883322,0.7970437956204379,0.9891971464160344,0.9314114522194371,0.853572382420263,0.006325332101894635,0.002071211815055701,0.7285858120306037,0.9960926230555945,SIRA
8548,43683,785.4200000000001,306.15254475328436,182.3021944888414,1.6793684004282448,0.8033835034920294,44045,235.8366448045471,0.7461057593769215,0.9917811329322284,0.889853286250928,0.770323973607987,0.007008505477034186,0.0015222950514246706,0.5933990243151988,0.9965355702798965,SIRA
8549,43684,776.51,286.79753320686933,194.51490755907955,1.4744244377247075,0.734848993054718,44082,235.83934419899248,0.7882495173135567,0.9909713715348668,0.9104123836046843,0.8223199884668453,0.006565276375947013,0.0018518088858427775,0.6762101634321127,0.9970207900021252,SIRA
8550,43692,782.6879999999999,295.14343153886796,189.04415762334656,1.5612406923831765,0.7679446341255931,44144,235.86093824236502,0.8027780840039687,0.9897607828923523,0.8962608748980175,0.7991400554387879,0.006755090898536756,0.0016994271719291399,0.6386248282067088,0.9970470689625295,SIRA
8551,43694,794.323,305.5499008693588,182.5072465829944,1.6741795550041967,0.8020123151740822,44144,235.86633644430526,0.7995535060752452,0.9898060891627402,0.8702366957882085,0.7719404777197179,0.006992948708503657,0.001531705821171881,0.5958921011421462,0.997630372720674,SIRA
8552,43705,788.5859999999999,300.72911294677357,185.7853230420838,1.6186914446339384,0.7863486556366206,44204,235.89602434685136,0.7411646994980329,0.9887114288299701,0.8831670615211719,0.784413660637515,0.006880885778441221,0.0016069586613732918,0.6153047909947464,0.9959886010254698,SIRA
8553,43710,806.0599999999998,291.960757879763,190.9247519694478,1.5291928095655358,0.7565466094224544,44390,235.9095176129483,0.710697039168821,0.9846812345122775,0.845387710365339,0.8080178970836278,0.006679495719052002,0.0017563350142111211,0.6528929220074481,0.9983991617500219,SIRA
8554,43711,790.285,298.3101981026843,187.1629928286598,1.593852468344398,0.7786885684493119,44153,235.91221617355615,0.7034843485957994,0.9899893551967024,0.8794945010631059,0.790828532427009,0.006824602459396589,0.0016465936667503448,0.6254097677006569,0.9968109019763886,SIRA
8555,43711,781.407,291.9095106205359,191.20363056603705,1.526694392550865,0.7556202621785,44248,235.91221617355615,0.7856321219310544,0.9878638582534803,0.8995928840123671,0.8081689961798718,0.00667817049759868,0.00175730039908629,0.6531371263863818,0.9971407884208746,SIRA
8556,43722,793.823,294.5660810345065,189.63429066627228,1.5533376374049266,0.7652148048659849,44282,235.9418983031856,0.6940881381762763,0.987353778058805,0.8718916694294016,0.8009812177782497,0.006737250835609224,0.0017106131622568346,0.6415709112335279,0.9965762434832143,SIRA
8557,43726,788.823,306.43284557461044,182.57124953563138,1.6784288126088862,0.803136326555625,44342,235.95269087910341,0.702154992452709,0.9861079788913445,0.8830605520594786,0.7699980412891265,0.007008023729008152,0.001519615826826828,0.5928969835890913,0.9951353801648289,SIRA
8558,43728,784.141,287.4418992529551,194.8553992537919,1.475154911558662,0.7351588240082079,44259,235.95808698194514,0.832248486924746,0.988002440181658,0.8936781792355257,0.8208896740356454,0.006573406038532637,0.0018412357259054146,0.6738598569383482,0.9940476776648216,SIRA
8559,43732,796.0059999999999,293.4623128566317,190.30738465559978,1.5420437487894225,0.7612231462553098,44378,235.96887881743672,0.697736011615106,0.9854432376402722,0.8673143277465746,0.8040858007301167,0.006710470887602481,0.0017303833651034224,0.646553974935793,0.9970145153046925,SIRA
8560,43733,791.2059999999998,305.82618422221157,183.27076542827467,1.6687123203067566,0.8005511214283452,44102,235.97157669919244,0.8198605226650669,0.9916330325155321,0.8778897738136076,0.7715872246168982,0.00699303007390784,0.0015289217958476824,0.5953468451920078,0.9934626154276628,SIRA
8561,43741,775.79,287.5840721967925,194.30385022190026,1.4800739762406339,0.73722996207582,44199,235.99315864291648,0.7061378018855741,0.9896377746102853,0.9132931855163252,0.820605803514137,0.006574702731917251,0.0018390528943220312,0.6733938847610825,0.9966727645944625,SIRA
8562,43752,786.2539999999999,294.6506423552093,189.40970186907614,1.5556259233166305,0.7660104964194656,44262,236.02283059325603,0.7763503442401873,0.9884777009624509,0.8893691045747757,0.8010260174784352,0.006734563959480922,0.0017103135392248577,0.6416426806773623,0.9981559875680797,SIRA
8563,43752,769.631,276.4439766731195,202.48612810245692,1.3652489642808534,0.6808023893800943,44197,236.02283059325603,0.7678483678483679,0.989931443310632,0.928202362977342,0.8537817804304727,0.006318430624271336,0.002070982910856913,0.728943328595028,0.9951891243837997,SIRA
8564,43753,802.1289999999999,302.89775357670453,184.91896241817582,1.6380026667667074,0.7920165517015155,44295,236.02552785831784,0.6573467548076923,0.9877638559656846,0.8545338377034302,0.7792250852680812,0.006922902511295329,0.001574416669316517,0.6071917335110485,0.9945816787297972,SIRA
8565,43753,794.7359999999999,297.08486888770335,189.11532327243813,1.5709190759742144,0.7712189051085668,44188,236.02552785831784,0.6944920634920635,0.9901556983796506,0.8705063194523981,0.7944717236593236,0.006790045685729055,0.001668653784715819,0.6311853196942167,0.991541059182528,SIRA
8566,43758,787.9879999999999,294.9837259212924,189.6048779110003,1.5557813130723168,0.7660643719807491,44247,236.03901372129408,0.6879215205395462,0.9889484032815784,0.8855806535161375,0.8001763927284384,0.006741252477747895,0.0017047601832300959,0.640282259479896,0.9961391743905426,SIRA
8567,43773,782.5519999999999,292.65325923453264,190.91576869107652,1.5328920247969615,0.7579078127044978,44232,236.07946668800375,0.721077341240425,0.9896228974498101,0.898234568313403,0.8066866137267564,0.006685702584573428,0.0017464100291190953,0.6507432927659412,0.9975192036710255,SIRA
8568,43774,786.132,291.6163310980951,191.49237719036745,1.5228613032893308,0.7541879463315794,44232,236.08216330599186,0.7064310497861697,0.9896455055163682,0.8900925127505209,0.80956427377374,0.006661861632432382,0.0017651463074247658,0.655394313370803,0.9980746382282772,SIRA
8569,43775,783.151,289.91811617778603,192.8547699096898,1.5032976177542778,0.7466614187351018,44195,236.08485989317856,0.7755337053769156,0.9904966625183844,0.8969020262291045,0.8143156523147543,0.006622915275334918,0.0017963877820024053,0.6631099816048038,0.9968516556555844,SIRA
8570,43775,790.289,301.0104554100857,186.22989077386546,1.6163380333804498,0.7856411436248356,44402,236.08485989317856,0.8037419212690952,0.9858790144588082,0.8807733077595197,0.7843078393125752,0.0068763096609956754,0.0016050235621705598,0.6151387868071603,0.9942722169239212,SIRA
8571,43779,780.897,298.63044906836717,187.15128860170492,1.5956633336568258,0.7792617319660746,44179,236.09564593393222,0.7392603850050659,0.990945924534281,0.9021696075886808,0.7905946854062477,0.006821317276967659,0.0016438552581939363,0.6250399565926038,0.9973533408052719,SIRA
8572,43784,777.273,282.30712691923765,197.96201715476974,1.426067136396805,0.7129358509991723,44234,236.10912779196903,0.7337690631808279,0.9898268300402405,0.9107058687357076,0.8363555336649898,0.006447723527298502,0.0019460316918450328,0.6994905786920501,0.9975205264919157,SIRA
8573,43787,793.2579999999999,308.9660847584585,181.15004463221652,1.7055810578779766,0.8100864488068164,44262,236.11721653729228,0.7905788466399452,0.9892684469748317,0.8744321844012959,0.7642172658590746,0.007056114480518385,0.0014846113030533422,0.5840280294371195,0.9961071442777524,SIRA
8574,43788,786.336,298.08393962694515,187.79069572427147,1.5873200665096558,0.7766010823966846,44222,236.11991272415656,0.7926577603996959,0.9901858803310569,0.8899152630820659,0.7921255771768947,0.006807434448409271,0.0016532532193875935,0.6274629300178286,0.9959844998082431,SIRA
8575,43795,776.66,288.4664755474053,194.13093379178494,1.485937711796101,0.7396645737244847,44260,236.13878517023934,0.7835927715154768,0.9894938996836873,0.9123731957338749,0.8186004447211175,0.00658674450387956,0.0018244773889703543,0.6701066880976113,0.9957367987710283,SIRA
8576,43796,799.068,299.6133410784352,187.51425770798687,1.5978163193596646,0.7799401021104774,44443,236.14148111083995,0.6920111237517381,0.9854420268658731,0.861939598522452,0.788154093074984,0.006841111998320285,0.001628362170217482,0.6211868744308506,0.9925425253376359,SIRA
8577,43805,788.0060000000001,294.552310960597,190.34607920037462,1.5474566757454773,0.7631497784420868,44253,236.16574319135236,0.772411482578643,0.9898763925609563,0.8864913455447291,0.801778612502364,0.006724171006976305,0.0017141008939763399,0.642848943466216,0.9947808890627231,SIRA
8578,43812,791.855,287.3943549511558,197.30581475684872,1.4565934374784055,0.7270982967596967,44709,236.18461197532946,0.7059733479430864,0.9799369254512514,0.8780345721676401,0.8218136783357151,0.006559717770271975,0.0018456883833703384,0.6753777218996783,0.9837507575381871,SIRA
8579,43820,791.472,299.4778306440241,186.8744497944306,1.602561671611404,0.7814235846819085,44341,236.20617445421453,0.752662315355548,0.9882501522293138,0.8790450373887828,0.7887267446350053,0.006834272721223736,0.0016314671652489544,0.6220898777025328,0.9969373943035047,SIRA
8580,43831,776.152,282.89687823709204,198.60600650614765,1.4244124999730823,0.7121337428041854,44357,236.2358196491102,0.7100207347890883,0.9881416687332326,0.9143188665699968,0.835059832124143,0.006454264749540098,0.0019359623810868273,0.6973249232272019,0.9932783371875963,SIRA
8581,43840,785.843,294.2730488726373,190.41794920621797,1.54540604023598,0.7624228460502344,44514,236.26007204178518,0.7059581320450886,0.98485869614054,0.8920903295036783,0.8028600408596698,0.006712432684138624,0.0017203589804832538,0.6445842452091909,0.9961443859872335,SIRA
8582,43841,785.132,300.7763355679811,186.6696678370391,1.6112758920777428,0.7841065910356231,44336,236.26276659840894,0.7355872483221476,0.9888352580295922,0.8937271654250568,0.7855098246085558,0.006860617585547344,0.0016112000251105112,0.6170256845565641,0.9941986103187578,SIRA
8583,43846,770.631,287.78654998082527,194.60339867643444,1.4788361967887609,0.7367112959502994,44275,236.27623892058622,0.7990450677017841,0.9903105590062112,0.9277840305210935,0.8210120971127001,0.006563575924390486,0.0018395792448571606,0.6740608636053936,0.996825603938348,SIRA
8584,43846,777.155,289.9316773859833,193.49497798971316,1.498393810517382,0.7447161933135326,44339,236.27623892058622,0.7925599219117169,0.9888811204582872,0.9122724351131076,0.8149376468651058,0.006612500054417354,0.0017990489291050931,0.664123368278036,0.9951183444477648,SIRA
8585,43847,786.766,304.56757681953115,183.9088740068865,1.6560787426066594,0.7971085613483662,44411,236.27893329284072,0.6731607713092607,0.9873004435837968,0.8901405407611331,0.7757849202472584,0.006946144019420511,0.0015519898632587248,0.6018422424830451,0.9966981441788937,SIRA
8586,43856,785.16,290.68906630592016,193.611515278069,1.5014038079730243,0.7459130481556319,44441,236.30318126065356,0.8025179329527156,0.9868364798271866,0.8939691861222293,0.8129070152640998,0.006628262183188621,0.0017854304092083985,0.6608178154655875,0.9921543845164482,SIRA
8587,43862,834.9679999999998,285.40217660646925,196.65326560659724,1.4512964009324578,0.7247241449832342,44938,236.31934519030327,0.723174833476225,0.9760558992389514,0.7906033158860416,0.8280222246383057,0.006506820861029348,0.0018867596843170798,0.6856208044949686,0.9950390059679641,SIRA
8588,43862,801.371,296.08474148438927,188.99399034361736,1.5666357482905464,0.7697790231933751,44456,236.31934519030327,0.736372030554856,0.9866384739967609,0.8582840667068321,0.7981476654472008,0.006750370285996746,0.0016898196260652731,0.6370396958588168,0.9980091606125595,SIRA
8589,43864,799.411,303.4301738484371,184.35478370737056,1.645903446314021,0.7942668597597016,44336,236.32473292117177,0.732776478449716,0.9893540238181162,0.8625372445237605,0.7788438767438324,0.006917521745587204,0.0015701167082369288,0.606597784341362,0.998401383773897,SIRA
8590,43864,791.987,293.951573848048,190.5840127644049,1.5423726764081909,0.7613409409498153,44330,236.32473292117177,0.6972500397393101,0.9894879314234153,0.878783696168771,0.8039580459716634,0.006701431101770198,0.0017269543732524174,0.6463485396825754,0.9969103270427396,SIRA
8591,43869,801.01,305.01473790746365,183.7608456368775,1.6598461813252163,0.7981449520874042,44362,236.33820171099475,0.6827222360557769,0.9888868851719941,0.8591949639917642,0.7748419087299834,0.006952853675886472,0.001545949351941318,0.600379983524324,0.9965384229969456,SIRA
8592,43870,794.3579999999998,317.34481599532177,177.00163882858965,1.7928919647045867,0.8300035612435321,44222,236.3408953768509,0.8233240747691615,0.9920401610058343,0.8736650267706055,0.744744780643699,0.007233754638598627,0.0013726929702613804,0.5546447882960313,0.9944181842012312,SIRA
8593,43873,786.122,293.00741682966327,191.3081966214428,1.5315988650996541,0.7574333666176053,44437,236.3489761902213,0.7785112234939224,0.9873078740689065,0.8921282571587904,0.8066313772788224,0.006678536157310037,0.0017440602786580645,0.65065417881073,0.9965412018388614,SIRA
8594,43874,790.8639999999999,301.4945475380208,186.54913898691694,1.616166920819534,0.7855895561437504,44410,236.35166973328222,0.6829488496622147,0.9879306462508444,0.8814820661966857,0.7839334796045572,0.0068718272219998365,0.001600917100437254,0.6145517004449088,0.9932181293924567,SIRA
8595,43877,781.608,290.1891389182297,193.07898278701558,1.5029556025698343,0.7465265304514486,44239,236.35975017829227,0.7105587044534413,0.9918171748909334,0.9025448619873135,0.8145024002600401,0.006613695989202308,0.0017955333021810532,0.6634141600293666,0.9970820286402972,SIRA
8596,43877,783.7330000000001,297.3535060113888,188.71095757869918,1.575708744349844,0.7728119768118394,44349,236.35975017829227,0.7230287550465518,0.9893571444677445,0.8976572083073356,0.7948779664607001,0.006776978964181434,0.0016688516612933916,0.6318309815646979,0.9955816026026395,SIRA
8597,43877,781.0200000000001,290.1089101779972,193.21842569893994,1.501455718462511,0.745933609233233,44424,236.35975017829227,0.7516531332442525,0.9876868359445344,0.9039043563647229,0.8147276484313186,0.006611867497276413,0.0017970233620622313,0.6637811411184262,0.9966379901398321,SIRA
8598,43880,783.7090000000001,294.542589867742,190.60681275517138,1.5452888887349108,0.7623812084793872,44402,236.36783034706508,0.7198162729658792,0.9882437728030269,0.8977735673925502,0.8024911794698382,0.006712456469182816,0.001717205676134829,0.643992093126892,0.9951538259421242,SIRA
8599,43894,783.953,288.56414546631726,195.48231093601328,1.4761649997107524,0.7355862816506059,44524,236.40553414970054,0.7940016641944937,0.9858503279130356,0.8975010607596371,0.8192477751096595,0.0065741136708050586,0.0018267455338585581,0.6711669170221273,0.990753111871835,SIRA
8600,43897,790.0239999999999,303.36748910761975,184.6128480531212,1.6432631439623726,0.793519164514023,44412,236.4136127536641,0.7803078782707622,0.9884040349455102,0.8838206311025679,0.779297786486924,0.00691089343480465,0.0015722721787343526,0.6073050400234193,0.9979619894130785,SIRA
8601,43902,794.9499999999999,299.14530827587816,187.2184535469793,1.5978409318545765,0.7799478378465204,44383,236.42707648017625,0.6815387481371088,0.9891625171800014,0.8730005997813022,0.7903419172535983,0.006813933494507726,0.0016399768510222906,0.6246403461680936,0.9980759127951919,SIRA
8602,43908,778.254,284.7971300848832,197.54787961814733,1.4416612855343494,0.7203177863233905,44347,236.44323193999764,0.808737935607456,0.9901007959952195,0.9109840990058995,0.8302163433652798,0.006486224152429698,0.0019008017791295794,0.6892591767908163,0.9936782708785956,SIRA
8603,43911,777.8779999999999,290.8162461718867,193.08087504001207,1.5061887725111094,0.747797033751582,44403,236.45130925597712,0.7479305058763414,0.9889196675900277,0.9119272927350375,0.8130608670198665,0.006622856372478119,0.0017853251979068673,0.6610679734790971,0.9956931595208878,SIRA
8604,43913,885.207,284.13217410066,197.471183853631,1.438853854804778,0.7190120392974648,44823,236.4566939800081,0.7731161971830985,0.979697922941347,0.7042280066564903,0.8322066824302629,0.006470343044216064,0.0019143963802253753,0.6925679622815843,0.9965040822431477,SIRA
8605,43914,790.7789999999999,292.9425775708333,192.02863735958243,1.525515056497979,0.7551810166527442,44550,236.45938629604012,0.69921184619059,0.9857239057239057,0.8824753970014086,0.8071868154395017,0.006670824283163303,0.001746849548181714,0.6515505550193642,0.9939501817516552,SIRA
8606,43922,784.028,294.44135965804105,190.75916956853712,1.5435240168219142,0.7617525198952932,44403,236.4809237208317,0.801247788094934,0.9891673985991938,0.89790176609484,0.8031511741267477,0.006703732973408339,0.0017206227626492643,0.6450518085011736,0.9956529585159715,SIRA
8607,43925,774.095,292.2431711217121,192.03633457551263,1.5218118579887605,0.7537934328241118,44336,236.48899974944294,0.7145064740711823,0.9907298809094189,0.9211558395671473,0.8092199343503259,0.006653230987403805,0.0017598621664943726,0.6548369021499457,0.9965385627404131,SIRA
8608,43945,784.5409999999999,288.96693001079313,194.0348119557172,1.489253021652328,0.7410248801976205,44495,236.5428328937208,0.7808280028429282,0.9876390605686032,0.8971974766410714,0.8185809804771976,0.00657564978975522,0.0018212310114623799,0.6700748215990104,0.9979109527994708,SIRA
8609,43948,777.5779999999999,292.49370117267017,192.10211594578308,1.5225948955982378,0.7540878936114042,44489,236.5509068087056,0.7910861504122115,0.9878396907100632,0.9134000912408503,0.8087384646586308,0.006655449648964007,0.001756263039748199,0.6540579042183994,0.9958652263886161,SIRA
8610,43949,802.9,309.6484078758625,181.93011409509845,1.7020184339245958,0.8091967920937531,44415,236.5535980524618,0.8059009058568967,0.9895080490825172,0.8567141616473876,0.7639425620663799,0.007045630341438088,0.0014802751337246356,0.5836082381365447,0.9933119794986544,SIRA
8611,43960,805.111,301.1208528339654,187.21108182765036,1.6084563472112312,0.7832442597039754,44657,236.58319971324622,0.6895686274509804,0.9843921445686007,0.8522284479163541,0.7856752446290909,0.006849882912510587,0.001610034523125775,0.6172855900229818,0.9928769253144948,SIRA
8612,43961,799.6519999999998,307.2225562055625,183.52631701638165,1.6739972838780373,0.801963873986509,44764,236.5858905896598,0.731038496715723,0.9820614779733715,0.8639236666419037,0.7700798193715968,0.006988525197460534,0.0015160316495507606,0.5930229282033911,0.992718771089877,SIRA
8613,43962,785.9469999999999,299.09734985655973,188.08859384837055,1.590193981128276,0.7775233274517235,44551,236.5885814354683,0.7993236240658921,0.986779196875491,0.8943361480922218,0.7910086182606794,0.006803542829183379,0.0016430082605368194,0.6256946341626692,0.9949758412697352,SIRA
8614,43976,786.2710000000001,297.2691789639113,188.8597632153187,1.5740207119977971,0.7722525611549432,44457,236.62625006383698,0.7376543209876543,0.9891805564927908,0.8938838115801964,0.7959999448599533,0.006759804870017995,0.0016740409331674536,0.6336159122170487,0.9973245692810127,SIRA
8615,43983,792.432,308.21282111849916,182.48079879444654,1.6890150807904016,0.8058931335215462,44427,236.6450821295187,0.6628737641668676,0.9900060773853737,0.8801783921241412,0.7677976577052754,0.007007544303901488,0.0015022172562777108,0.5895132431777074,0.9956967580528073,SIRA
8616,43991,781.199,284.1605095636877,198.40117697742792,1.4322521362663923,0.7159016975474725,44490,236.6666026553906,0.8306144027793513,0.9887839964036862,0.9058375946625279,0.8328623953369829,0.0064595146635377165,0.001917223156295365,0.6936597695664571,0.9934956868036113,SIRA
8617,43994,802.3820000000001,316.7786323265349,177.23197789130506,1.7873672465632169,0.8288424262915639,44529,236.67467234809632,0.7348868286979037,0.9879853578566776,0.8586990046386676,0.747129535252657,0.007200496256910826,0.0013839672468489907,0.5582025424468512,0.9977129413178158,SIRA
8618,43995,785.0459999999999,286.53326966267036,196.06170284890734,1.4614443590928305,0.7292432146546926,44531,236.67736218452217,0.8096841872791519,0.9879634411982664,0.8970630652537204,0.8260030762331979,0.0065128598627723685,0.0018701573793250134,0.6822810819467062,0.997115838526767,SIRA
8619,43999,790.708,289.94588695813246,196.01564349370366,1.4791976894815846,0.7368629444308,44623,236.68812122453974,0.7034212629896083,0.9860161799968626,0.8843423116307356,0.8163182575468538,0.006589829017889781,0.0018050612734750613,0.6663754976043316,0.9857010963834686,SIRA
8620,44001,807.713,305.23568811527053,185.06569679464735,1.6493369295443565,0.7952327641184085,44708,236.69350056115167,0.7933826181031374,0.9841862753869554,0.8475362159781952,0.7754450405935681,0.0069370170704136395,0.0015472361969337252,0.6013150109811605,0.9917710539005983,SIRA
8621,44005,786.3209999999999,286.36104211911106,196.99923763266838,1.4536149761811252,0.7257674897460142,44560,236.70425886762334,0.7052083333333333,0.9875448833034112,0.8943595332057909,0.8265937891410762,0.006507466017932305,0.0018739595948082401,0.6832572922466019,0.9931930325946243,SIRA
8622,44008,793.67,298.6141063037896,189.11171652245952,1.5790354600706362,0.7739080321503805,44599,236.7123272766018,0.8004656408017753,0.986748581806767,0.8779333899133656,0.7927030983452164,0.006785450515901417,0.0016527252914393575,0.6283782021261057,0.9922314634925546,SIRA
8623,44016,779.662,288.2484125919718,194.91482985920825,1.4788429017955211,0.73671411003971,44429,236.73384168948664,0.7689727463312369,0.9907042697337325,0.9099294092481365,0.8212841124110324,0.006548718933841599,0.0018378488894729382,0.6745075932987773,0.9974907665570771,SIRA
8624,44022,793.537,303.42769101184405,185.52201711062852,1.6355346698872255,0.7913055937752288,44480,236.74997621611567,0.8193493150684932,0.9897032374100719,0.8785070902164089,0.7802517147549145,0.006892637567848895,0.0015758110178319493,0.6087927383779844,0.9957016303927769,SIRA
8625,44026,799.4209999999999,289.2898136070433,196.36980781934633,1.4731888614627573,0.7343235745566028,44738,236.76073195635772,0.7234217358440961,0.9840851177969512,0.8657011374734647,0.8184205624258916,0.00657088569497668,0.0018184853399945398,0.6698122170015127,0.9867598973583039,SIRA
8626,44028,781.776,289.0581194773599,194.50997090299654,1.4860838142920456,0.7397247657950778,44525,236.76610964325053,0.7136049790917047,0.9888377316114543,0.9052617162289797,0.8190951704499514,0.006565324781442717,0.0018229444674797226,0.670916898254435,0.9970387432309391,SIRA
8627,44032,781.299,289.9115642907463,195.23235864028737,1.4849565221147787,0.7392597504017479,44593,236.77686465062138,0.8075117370892019,0.9874195501536116,0.9064497621486185,0.8167210067314278,0.006584110744248417,0.001807056761307489,0.6670332028363971,0.9905153050190179,SIRA
8628,44034,802.811,300.0388234533506,188.38836822004643,1.592661087774226,0.7783101824647259,44621,236.78224197111604,0.7122591915630105,0.9868447591941014,0.8585614275675033,0.7891720119610803,0.0068137989611062036,0.0016302558853448688,0.6227924644626995,0.9918973239087542,SIRA
8629,44038,790.381,299.89633750262624,188.1332175759667,1.5940637244538194,0.7787555563090038,44554,236.79299624576547,0.7804004961899699,0.9884185482784935,0.8858587266251512,0.7895828212429965,0.006809944536596263,0.0016327289799015047,0.6234410316020498,0.9938047328128946,SIRA
8630,44047,778.094,287.00226389882755,196.16402024014417,1.4630729098408521,0.7299571256250244,44515,236.8171915781236,0.7220227850176215,0.9894866898798158,0.914243887835147,0.8251405001516123,0.006515818645965164,0.0018632038239969702,0.6808568449904532,0.9961432053852445,SIRA
8631,44051,791.48,308.20901346294846,182.98658313597232,1.6843257477184914,0.804679544200216,44619,236.82794426572354,0.7868217054263565,0.987269997086443,0.8836611171374948,0.7684004487889319,0.0069966405635047664,0.0015045955246442996,0.5904392496990318,0.9944920307316669,SIRA
8632,44054,791.976,295.8102130116141,189.98128748183106,1.5570492069641546,0.7665032228573891,44619,236.83600846105065,0.7436403841933796,0.9873372330173245,0.8826147268423639,0.8006349951539773,0.006714718595623873,0.0017019463073313873,0.6410163954652093,0.9980940702101251,SIRA
8633,44078,791.0659999999999,289.58614324853517,194.49543857105581,1.4889096905105026,0.7408845451111872,44614,236.90051214135545,0.7878387073711304,0.9879858340431255,0.8851284633079687,0.8180657730506026,0.006569856691513571,0.001815049818091541,0.6692316090368801,0.9964254278909466,SIRA
8634,44083,807.838,312.38341874777774,180.18625759240842,1.733669498005818,0.8168774869018736,44837,236.91394819756852,0.7745273736734837,0.9831835314583938,0.8488529256025736,0.7584075657640964,0.007086255897914791,0.0014461296196637413,0.5751820358082221,0.9971755512816052,SIRA
8635,44090,789.911,289.9401634574702,194.45783478291065,1.4910181622723218,0.7417444263547115,44729,236.93275739621424,0.7208960104643558,0.9857139663305685,0.8879604844686539,0.817178118998228,0.006576098059820145,0.001808901673688433,0.6677800781694821,0.9956722249543285,SIRA
8636,44094,790.8149999999999,300.9702357218611,187.11721713633054,1.6084582719214937,0.7832448502304346,44664,236.94350483934406,0.6938910395618921,0.9872380440623321,0.8860119208585095,0.7872655721953623,0.006825650558394818,0.0016173680233735651,0.6197870811640912,0.9969016575284607,SIRA
8637,44107,790.967,293.0861424285218,192.8467610252757,1.5197877364925414,0.7530296171528755,44651,236.97843066328593,0.7272622345337026,0.987816622248102,0.8859325418496634,0.8085623861287831,0.0066448895283860105,0.0017519498298443474,0.6537731322622712,0.993596388860516,SIRA
8638,44111,790.752,301.2185767231965,187.23777073682206,1.6087490015387107,0.7833340204581903,44655,236.98917603513615,0.7858300821263784,0.9878177135819057,0.8864947528411041,0.7867681290218574,0.006828649922314083,0.0016139930007065357,0.6190040888445543,0.995822209877056,SIRA
8639,44123,794.555,291.60678587355665,193.7469845336415,1.505090706704254,0.7473666989013789,44699,237.0214092278366,0.7392025464901993,0.9871138056779794,0.878267813915782,0.8128117064141684,0.006608951926966812,0.0017793941359573993,0.6606628700839122,0.9943575460278563,SIRA
8640,44125,805.3689999999999,301.16936507677843,187.1579803242034,1.6091719121732315,0.7834636277970924,44731,237.02678100045793,0.6844587153117099,0.9864523484831549,0.8548792280495292,0.7870215516111064,0.0068253680470658,0.0016152968206704867,0.6194029227003537,0.9967257855274162,SIRA
8641,44129,777.472,286.73556671644616,196.75648392277452,1.4573119065747677,0.7274177323459794,44588,237.0375241804934,0.7485962442110977,0.9897057504261236,0.917412040391714,0.8266763934970811,0.0064976674458167225,0.0018718859621293263,0.6833938595653409,0.995918008424656,SIRA
8642,44131,785.2909999999999,296.6548415033835,191.32869849682626,1.5504984031880842,0.764221473321599,44907,237.04289558792402,0.7304038397881496,0.9827198432315675,0.8992747353360672,0.7990528466909258,0.006722141839146711,0.0016903998554758705,0.6384854518048725,0.9899706734822772,SIRA
8643,44137,788.468,289.7157415716374,195.32059722935685,1.4832831031713274,0.7385669557064386,44707,237.059009079967,0.799612304793652,0.9872503187420314,0.8921636621543152,0.8182469057220694,0.0065640107295837375,0.0018150413839724702,0.669527998723741,0.9930995676070392,SIRA
8644,44138,787.6119999999999,293.7839602091099,192.20258818945175,1.5285119881920146,0.756294741328024,44620,237.06169455549036,0.7119950961414376,0.9891976692066338,0.8941242331202316,0.8069252466566054,0.006656032448436946,0.001740717950570075,0.6511283536918234,0.9952574944696825,SIRA
8645,44142,777.856,287.0668619565152,196.46552173864472,1.4611564381174023,0.7291166769101581,44594,237.07243615338237,0.714896511514916,0.9898641072790061,0.9167764706350773,0.8258439672820683,0.006503259072006597,0.001865962110076265,0.6820182582961859,0.9965353690230895,SIRA
8646,44148,783.07,295.578712987434,190.84050691915428,1.5488258638542076,0.7636331534850944,44559,237.08854763772956,0.7766792160726224,0.9907762741533697,0.9047315296462087,0.8021164489196789,0.0066951778786679805,0.001709588439898759,0.6433907976275159,0.9965003079312851,SIRA
8647,44152,801.564,310.120723045257,182.06443510715448,1.7033569618510869,0.8095318181067833,44731,237.09928801906364,0.7024309532900598,0.9870559567190539,0.8635427401621281,0.7645386792951043,0.00702393375261046,0.0014803282171782517,0.5845193921383025,0.9956451759357431,SIRA
8648,44156,793.2090000000001,291.14078513834085,193.89577338442655,1.5015323957635318,0.7459639751886659,44704,237.11002791389032,0.7278901472066993,0.9877415891195419,0.8819101120498662,0.814417079356378,0.006593459215924016,0.001789289354570945,0.6632751791473729,0.9959291687956404,SIRA
8649,44164,793.8969999999999,301.08644846558917,187.8248886743061,1.6030167811662168,0.7815650209898558,44830,237.13150624428573,0.7960346070656092,0.9851438768681686,0.8805417320691641,0.7875861150601975,0.0068174632837965125,0.0016180605689412987,0.6202918886356146,0.9943383067041764,SIRA
8650,44164,791.8389999999999,300.4440647336017,187.94312766766626,1.5985903207105672,0.7801831639420733,44698,237.13150624428573,0.6941405758833145,0.9880531567407937,0.8851247591537503,0.7892700641450379,0.006802917868254725,0.0016284615708187778,0.6229472341555123,0.9958374188344212,SIRA
8651,44165,797.3269999999999,298.7403388864259,192.31214980960036,1.5534137556165604,0.7652413428644039,45049,237.1341908987999,0.7891821381984525,0.9803769229061688,0.8730018357785898,0.7937802835155542,0.006764187453558833,0.0016565197830375597,0.6300871384980337,0.9787860281799222,SIRA
8652,44174,800.778,290.38580480067657,194.7110520313723,1.4913678590462802,0.7418865918330426,44788,237.15835142185287,0.6919486215538847,0.9862909707957489,0.8656699150504663,0.8167009113432404,0.006573681459697482,0.0018040168068431982,0.6670003785888797,0.9947429265991556,SIRA
8653,44174,792.1419999999999,286.3952099881422,196.94196273348845,1.4542112103132956,0.7260347436532617,44766,237.15835142185287,0.7685776424532406,0.9867756779698879,0.8846480199259539,0.8280807190583672,0.006483343369134382,0.001880483281700863,0.6857176772762227,0.9971783334050778,SIRA
8654,44177,802.585,303.78536576536476,187.0670689947932,1.6239382345474194,0.7879126926943143,44960,237.16640438258804,0.7975483381776823,0.9825845195729538,0.861834761070269,0.7807038491965037,0.0068765503715817,0.0015757803257094001,0.6094985001502373,0.9897879182932763,SIRA
8655,44187,796.8879999999999,291.09783806895354,193.9573335963174,1.5008343983260477,0.7456873349826197,44836,237.19324561043604,0.7353714551990415,0.9855250245338567,0.8743993112951339,0.8148231095905669,0.006587861544548251,0.0017913381569259303,0.663936699922841,0.9964590375552789,SIRA
8656,44190,788.858,298.1736287975648,189.5833198858687,1.5727840876352872,0.771841340618284,44718,237.2012973865169,0.8047714441813877,0.9881926740909701,0.8923519915312106,0.7955140041829687,0.006747536293223915,0.0016669259567142541,0.6328425308512206,0.9953246625016429,SIRA
8657,44193,808.5409999999999,308.87194734577474,183.46868932099017,1.6835131296184473,0.8044680216206921,44887,237.20934888929028,0.7247486757301933,0.9845389533718003,0.8494919225443486,0.7679860567710932,0.006989159987911542,0.001499747289276425,0.5898025833948128,0.9929403930280467,SIRA
8658,44199,795.882,295.55806082697956,191.01307291351736,1.5473184966810922,0.7631009076871824,44673,237.22545107502577,0.7193145200663997,0.9893895641662749,0.876849265123294,0.8026357001100307,0.006686985244620456,0.0017119221776393948,0.6442240670911193,0.9968198150172098,SIRA
8659,44199,790.599,301.6205366392215,187.0068095214763,1.6128853137007435,0.784596368806989,44564,237.22545107502577,0.6959814820646868,0.9918095323579571,0.888607114893866,0.7865029805937225,0.006824148434109855,0.0016107558550204923,0.6185869384828095,0.9977097883260287,SIRA
8660,44199,803.24,300.4557912746935,187.9910212685394,1.598245433464089,0.7800749109977532,44865,237.22545107502577,0.76734375,0.9851554663991976,0.860858263438577,0.7895519339753414,0.006797796132824126,0.0016295613115336405,0.623392256444202,0.9963338271188201,SIRA
8661,44202,799.28,305.6843170763759,185.0507294524223,1.651894688450657,0.7959476433810321,44755,237.2335017580436,0.7159378036929057,0.9876438386772428,0.8694685796361459,0.7760735127892422,0.006915621851417943,0.0015474707395499584,0.602290097253034,0.9949198125587163,SIRA
8662,44204,798.251,298.8347245956541,189.23064144538048,1.579208960626547,0.7739649630858034,44630,237.23886872827802,0.8171398994380361,0.9904548509970872,0.8717510752479621,0.793879858002714,0.006760354822994618,0.0016564120718271145,0.6302452289424093,0.9952889129379824,SIRA
8663,44213,783.036,295.92610877673286,190.66612814368776,1.5520643947503892,0.7647701831813767,44657,237.26301859197474,0.8065563602532061,0.9900575497682335,0.9061422699178959,0.8017643984599628,0.006693192246098045,0.0017060829143525948,0.642826150637866,0.9977075804194819,SIRA
8664,44216,783.8539999999999,287.62062613500404,196.4868531799472,1.4638161356861594,0.7302819122303432,44679,237.2710680003147,0.7915503043322593,0.9896371897311936,0.9043133825460108,0.8249445500092328,0.0065048992702868656,0.0018583151581655806,0.6805335105899356,0.9961759336766955,SIRA
8665,44216,783.4540000000001,295.1050111845955,191.16018664323468,1.5437577058624385,0.7618359190942074,44560,237.2710680003147,0.7088623829678081,0.9922800718132855,0.9052370301225195,0.8040224971032286,0.006674167975045131,0.0017204802778418352,0.6464521758481113,0.9979655279370617,SIRA
8666,44219,790.9010000000001,303.3616454016749,186.23834461886875,1.628889292495031,0.7893719330262285,44645,237.27911713558817,0.7889206066012489,0.9904580580132154,0.8883304144167186,0.782165843086102,0.006860436586120782,0.0015838968795952278,0.6117834060905927,0.9965274395071058,SIRA
8667,44225,803.747,302.4263616838681,186.98535561069858,1.617379931685754,0.7859548317498165,44791,237.29521458704676,0.6881768953068592,0.9873635328525819,0.8602783149236255,0.7846379967203251,0.006838357528182433,0.0015988543665130374,0.615656785897285,0.9957509303164217,SIRA
8668,44231,801.688,301.90738065968566,187.15265994343565,1.613161045912642,0.7846801017234911,44726,237.31131094657283,0.6861029674096825,0.9889326119035907,0.8648202623573751,0.7860401108049543,0.00682569647215043,0.0016073319128501044,0.6178590557942648,0.9967061606716737,SIRA
8669,44231,770.329,284.9667292486409,197.9305874798988,1.4397306291913128,0.719420905634631,44659,237.31131094657283,0.7371833333333333,0.990416265478403,0.9366646428575692,0.8327684834376315,0.006442692438530463,0.0019113678866491356,0.6935033470070128,0.9984580101326879,SIRA
8670,44249,799.889,300.7972575549793,188.36941493841323,1.5968476498869202,0.7796353029634382,44800,237.35959347577722,0.8048492124122376,0.9877008928571429,0.8690682330080804,0.7891015875781147,0.006797831760152304,0.0016258551210381039,0.6226813155183009,0.9943271953138947,SIRA
8671,44252,804.829,304.64036239971267,186.01651333699988,1.637706012948463,0.79193129800096,44862,237.36763960915232,0.7315105630310444,0.9864027461994561,0.8584905804022834,0.7791733102579063,0.006884216812792929,0.0015652026470313017,0.6071110474182635,0.9942694128843295,SIRA
8672,44256,783.0609999999999,292.8287960627506,193.98145886315913,1.5095710578675543,0.7491151227912366,44866,237.37836736273877,0.7966303056485582,0.9864039584540633,0.906965637509027,0.8106387437110888,0.006616702730991291,0.0017625068462006723,0.6571351728054923,0.9919922379739651,SIRA
8673,44258,786.675,291.9215970466262,194.79107023436273,1.4986395253920055,0.7448142387388619,44835,237.3837310577303,0.7674087945623527,0.9871305899408944,0.8986921555617524,0.8131763235723015,0.006595905758204758,0.0017790702834601933,0.6612557332185645,0.990983978193412,SIRA
8674,44269,803.2359999999999,307.47932073541483,184.29550252366255,1.6684038217152704,0.8004681625927903,44817,237.41322921412976,0.6864368671597587,0.9877724970435325,0.862230231976738,0.7721274674547081,0.006945702878660346,0.0015228319246696216,0.5961808259980212,0.9946703685284654,SIRA
8675,44274,785.5949999999999,298.085236355956,189.7627539671772,1.570831104229838,0.7711894779137793,44701,237.42663625550648,0.7447266610597141,0.9904476409923715,0.9014906016218472,0.7965058557009024,0.006732737867731761,0.0016715807478507318,0.6344215781658269,0.9965691481774622,SIRA
8676,44278,776.5219999999999,279.80734910032197,201.8910878235352,1.3859321484507043,0.6923768748591754,44719,237.43736134354157,0.7199674796747968,0.9901384199109998,0.9227633373684127,0.8485744284665336,0.006319331250289579,0.0020212063080283834,0.7200785606473042,0.9979800266112093,SIRA
8677,44280,786.6949999999999,288.001823909684,196.3956521911308,1.4664368620004007,0.7314220768437235,44769,237.44272370589292,0.69826852114675,0.9890772632848623,0.8990931654985048,0.8244486805068076,0.006504106231022674,0.001853625083570182,0.6797156267894161,0.9967600508017068,SIRA
8678,44283,784.4119999999999,293.94231073057784,192.2735690124781,1.5287712827107385,0.7563907162247924,44776,237.45076702236025,0.7254750982961992,0.9889896373056994,0.9043956007450176,0.8078141810622265,0.006637813850249031,0.0017436155086338636,0.6525637511252357,0.9976207228582576,SIRA
8679,44285,810.384,308.94500645846233,183.62068448184868,1.682517453468061,0.8042083554902757,44926,237.4561290819773,0.8021918304501404,0.9857320927747852,0.8473928540726623,0.7686032274935096,0.006976290085998924,0.0015018034890533422,0.5907509213134398,0.9939487357621996,SIRA
8680,44285,790.414,294.4161747188903,192.1333367250694,1.5323534152752532,0.7577103848345065,44826,237.4561290819773,0.771246952281435,0.9879311114085575,0.8907529413097827,0.8065322134855577,0.0066482144003362385,0.0017352883530061345,0.6504942113899134,0.9967870264401162,SIRA
8681,44299,778.7829999999999,296.3809194786506,190.66179541818866,1.5544850966528587,0.7656143463974211,44663,237.49366010953423,0.7011554289332067,0.991850077245147,0.917848201179365,0.8013122454957556,0.006690465235753642,0.0017015440610398831,0.64210131478145,0.9981369243689702,SIRA
8682,44315,791.0279999999999,305.81418466124575,185.3080393210375,1.6503017666245823,0.7955028966329492,44847,237.53654545130257,0.7193993506493507,0.9881374450910875,0.8899731505781858,0.7767348846634593,0.006900918078782483,0.0015494511084577145,0.6033170810531575,0.9956552446968121,SIRA
8683,44318,800.556,302.1246864585791,187.6284019785169,1.6102289593297916,0.7837870358311212,44844,237.5445855909432,0.6902470174127029,0.9882704486664883,0.868973602093319,0.7862468584589173,0.006817200380400268,0.0016070208631219142,0.6181841224365168,0.9954179761451528,SIRA
8684,44322,814.909,302.1163116415927,188.50328235707437,1.6027111457364738,0.7814700534949894,45272,237.55530535383096,0.6845096525096525,0.9790157271602756,0.8387083850186803,0.78630413585761,0.006816396183421161,0.0016072995657121514,0.6182741940667831,0.9909149419520688,SIRA
8685,44324,783.549,295.9336885055551,191.1657134263796,1.5480479381022634,0.7633587112560652,44704,237.56066505387912,0.8004045000632032,0.9914996420901933,0.907228090597223,0.8027496506178268,0.006676601581661292,0.0017102347423406362,0.644407001567043,0.9975729300745229,SIRA
8686,44327,813.871,310.3989607768831,182.44009913064872,1.7013746553305733,0.8090353267241807,44894,237.5687043772297,0.6596279761904762,0.9873702499220386,0.8409439606511583,0.7653656564526828,0.007002480672657367,0.0014822025771958187,0.5857845880772462,0.9966390516378867,SIRA
8687,44336,789.8199999999999,297.85088969374567,190.42371415586106,1.5641480947585966,0.7689360903927561,44823,237.59282071514318,0.7578026185348511,0.9891350422774022,0.8931206251031878,0.797690485193579,0.006718037028458717,0.0016778757733150321,0.6363101101683676,0.9952832464954849,SIRA
8688,44337,799.949,293.3589698820019,194.07638196812653,1.5115645031458835,0.7498867576929417,45162,237.5955001571429,0.7407648739411559,0.9817324299189584,0.8706659656359944,0.809913875320435,0.006616572386088411,0.00175617660755491,0.6559604854365653,0.9915265852522543,SIRA
8689,44341,785.2789999999999,293.6510726631391,193.07469371137933,1.520919531288279,0.7534571786899315,44737,237.60621762298615,0.7451267056530214,0.9911482665355299,0.9035816028660008,0.8091447290422651,0.006622563150653776,0.0017510990343180168,0.6547151925368805,0.9957691237605077,SIRA
8690,44355,789.387,300.7143140747552,188.43519289432476,1.59585006099894,0.7793206988407689,44840,237.64372494708996,0.8111147684880404,0.9891837644959858,0.894483858158271,0.7902640939400498,0.006779716245626314,0.0016310988451562211,0.6245173381708877,0.9966360322149069,SIRA
8691,44356,813.0049999999999,321.62747636379567,176.39429583036122,1.8233439740767214,0.8361880288747547,44858,237.64640381514903,0.6509348125972234,0.9888091310357127,0.8432877775202803,0.7388871327222837,0.007251047803313997,0.001333192757109444,0.5459541949025576,0.9954622913974862,SIRA
8692,44358,785.631,288.3032751855508,196.9707137086574,1.4636859955332489,0.7302250876817383,44898,237.65176146067662,0.7919374419767192,0.9879727382066016,0.9031182052220038,0.8243116950639043,0.006499465151394355,0.0018510716451214375,0.6794897706191273,0.9945596613633163,SIRA
8693,44359,798.0690000000001,300.71131828877816,189.16984358426217,1.5896366597926161,0.7773449581535603,44815,237.6544402381472,0.8036196307904129,0.9898248354345643,0.8752068903962608,0.79030759996178,0.006779037360823692,0.0016312946936072087,0.6245861025573489,0.9928649658221527,SIRA
8694,44364,791.197,304.8763960544689,185.82760607495626,1.640641035495515,0.7927723431023601,44811,237.6678336726086,0.6799080459770115,0.9900247707036218,0.8905766350623049,0.7795547203665681,0.006872157516330107,0.0015655224166055543,0.6077055620457986,0.9970266825912028,SIRA
8695,44371,787.146,296.32001359855497,191.17993337681315,1.5499535352097444,0.764030073538974,44868,237.68658321294433,0.7772931119052624,0.9889230632076312,0.8999087921855884,0.8021280112890202,0.006678236091108043,0.0017053607446648018,0.6434093464944786,0.9972545911861084,SIRA
8696,44380,799.8720000000001,303.68989244788804,186.50102725395183,1.6283550654890726,0.7892152484486438,44802,237.7106875917583,0.8083788706739526,0.9905807776438552,0.8716781769911445,0.7827415185790172,0.00684294485011014,0.0015845147437408118,0.612684284907386,0.9976675588744923,SIRA
8697,44386,792.0669999999999,296.11095539851704,191.3899796621647,1.5471601800742252,0.7630448948013655,44925,237.72675581981707,0.7709918360257079,0.9880022259321091,0.8890619702855013,0.8028299915478495,0.006671269215484996,0.0017095530501174368,0.6445359953287202,0.9972004265971026,SIRA
8698,44390,789.818,291.96590329854615,193.97428579507692,1.505178390536733,0.7474011061393392,44806,237.7374673685111,0.770418966295255,0.9907155291702004,0.8942129495710183,0.8142644900744302,0.006577290004472767,0.001783564159390838,0.6630266597961719,0.997973400674948,SIRA
8699,44392,802.5129999999999,289.8278573259887,195.48875599947505,1.4825807031416527,0.7382752688639291,45107,237.742822961879,0.7731104144897248,0.9841488017380894,0.8661845303924003,0.8202897580492886,0.006528830810190771,0.0018234100048465105,0.6728752871605604,0.9975919163651452,SIRA
8700,44396,793.8649999999999,302.0764072096546,187.79357718290987,1.6085555839613934,0.7832747035029498,44955,237.75353378669746,0.735934754500547,0.9875653431208987,0.8852387096171255,0.7870642265077188,0.006804135670097635,0.0016106212354725766,0.6194700966481935,0.9964520830605558,SIRA
8701,44397,809.442,305.1900408299035,187.79004056387367,1.6251662756635818,0.7882761335338049,45604,237.75621141750855,0.7898135629402975,0.9735330234189984,0.8515144429669647,0.7790431521650506,0.006874114035405624,0.0015618616197368305,0.6069082329352582,0.9863267925889593,SIRA
8702,44399,789.5709999999999,304.36247932548406,186.45930890188447,1.6323265441557582,0.7903756377173587,44900,237.76156658866563,0.7940729347378964,0.9888418708240535,0.8949539206300271,0.7811789650142925,0.0068551651912314255,0.0015747073298812936,0.6102405753808013,0.9961118895149647,SIRA
8703,44401,828.921,307.48960764815763,184.5227895041325,1.6664045046927454,0.799929196429199,45222,237.76692163920941,0.6829977387746312,0.9818451196320375,0.8120379589345947,0.7732518944551524,0.006925285638795469,0.001527219372676269,0.5979184922784823,0.9963740689719575,SIRA
8704,44411,784.979,295.496117626441,192.37548780704577,1.5360383019422208,0.7590559176491828,44834,237.79369508301374,0.8319470982728261,0.9905651960565642,0.9056999405767899,0.804726968980441,0.006653669532918444,0.0017212153655031667,0.6475854946044477,0.994716123494629,SIRA
8705,44412,785.924,292.1415587029203,194.32507024760616,1.5033652545740896,0.7466880804142476,44910,237.79637226160125,0.7720603574160351,0.9889111556446226,0.9035435559015642,0.8139765301362589,0.006577987001326675,0.0017812312462069915,0.6625577916126641,0.9960663630578194,SIRA
8706,44449,788.365,287.48788208689314,197.4228096008106,1.4562039850825461,0.7269248875328898,44978,237.89540668943832,0.7169887408458883,0.9882386944728534,0.8987050629481219,0.8274971625326959,0.0064678143959795075,0.0018706966324665228,0.6847515539996628,0.9971379417257753,SIRA
8707,44452,791.3889999999999,297.2921910842823,190.99679882144252,1.5565297058314171,0.7663235701399193,44960,237.90343470107246,0.7697316017316017,0.9887010676156583,0.8919102414903948,0.800234388375263,0.006687937350046844,0.001691767977514889,0.6403750763383312,0.9967628291946742,SIRA
8708,44452,796.857,286.690157623294,198.90276074508532,1.4413583629978741,0.7201773766704377,45243,237.90343470107246,0.7056769113538227,0.9825166324072232,0.8797117355275009,0.8298277020506352,0.006449432143059795,0.0018864832585309026,0.6886140150906379,0.9925395695284353,SIRA
8709,44453,796.915,295.4740820662587,193.0816590154689,1.5303063148146379,0.7569576433974622,45026,237.90611064475033,0.6917462886309171,0.9872740194554257,0.8796034754543189,0.8051674413575164,0.0066468873206815896,0.001723228620905478,0.6482946086222097,0.9920893334348516,SIRA
8710,44453,786.843,289.3187585146669,196.44396869812803,1.4727800524090302,0.7341493577376923,44977,237.90611064475033,0.7297905174678224,0.9883496009071303,0.9022663661565505,0.8222975650322022,0.006508419195884798,0.0018355714619524828,0.676173285457889,0.9958545267942558,SIRA
8711,44456,797.857,301.9547995957435,189.23461327163676,1.595663681053437,0.7792618416942757,45121,237.91413829519755,0.7772027972027972,0.9852618514660579,0.8775868932790252,0.7879130870372537,0.006792217014480464,0.0016147473197275647,0.6208070327245749,0.9905992350611569,SIRA
8712,44456,791.275,300.11599577752537,189.592478093938,1.582953072794512,0.7751879544831362,44977,237.91413829519755,0.7702009702009702,0.9884163016652956,0.8922475387042567,0.7927406124382728,0.006750854682776799,0.001644610102539002,0.6284376786090079,0.9947873544139789,SIRA
8713,44457,779.3839999999999,288.73269143936324,196.3697836573137,1.4703519353223544,0.73311074445154,44853,237.9168141184879,0.7288032786885246,0.9911711591197914,0.9197018180066148,0.8240037279202685,0.006494650818529438,0.001846937823096862,0.6789821436264999,0.998342708930545,SIRA
8714,44459,783.979,295.5516021962363,192.01857566286168,1.539182348249232,0.7601944663780894,44918,237.92216567478658,0.7999820062977958,0.9897813794024667,0.9089933264707126,0.8050105765179182,0.0066477339165576434,0.0017221054294868044,0.6480420283057111,0.9974548508917795,SIRA
8715,44466,794.113,295.00618766803217,192.54441916360264,1.5321461351594357,0.7576343368860196,44975,237.94089517397748,0.7032198886639676,0.9886826014452473,0.8860807798797415,0.8065623879107588,0.0066344215280896,0.0017319473587802294,0.6505428855923056,0.9967267679157177,SIRA
8716,44467,793.908,298.5163106230571,190.170954181448,1.5697261020115272,0.7708193291868595,44900,237.9435706963701,0.6899242847390306,0.9903563474387528,0.8865583774365505,0.7970873356961272,0.00671321003492606,0.0016716048936670678,0.6353482207271507,0.9973226859419896,SIRA
8717,44468,790.341,308.71210148348274,184.824349279227,1.6702999506687828,0.8009771913817951,45091,237.94624618867851,0.7832182612371424,0.9861834955977912,0.8945990584421457,0.770770711757827,0.006942342841672275,0.001511425115447846,0.5940874901036675,0.9923043054130967,SIRA
8718,44474,791.616,302.36490579605623,188.01316835619693,1.6082113207263031,0.7831690613960746,44994,237.96229851081793,0.7157640621227971,0.9884429034982443,0.8918399624465205,0.7870036963592674,0.006798689252058647,0.0016088369888575856,0.61937481808315,0.9960855942141164,SIRA
8719,44487,782.4749999999999,299.63119396682157,189.51214765145014,1.581065898308017,0.7745728478086878,44833,237.9970748278919,0.8064352397353395,0.9922824705016394,0.9130657291951295,0.7943000582717884,0.0067352528596403794,0.0016537583322186842,0.6309125825705666,0.9975143691157639,SIRA
8720,44492,787.843,295.1801711922366,192.6706335541936,1.5320454692396575,0.7575973901872863,44973,238.01044898146145,0.7568983702493961,0.9893046939274676,0.9007669254118776,0.8063226199108635,0.006634454984991383,0.0017298975663550334,0.6501561673799189,0.996068810532625,SIRA
8721,44492,785.831,297.95391436433925,190.45585653868795,1.5644250577498773,0.7690301831026101,44870,238.01044898146145,0.7724305555555555,0.9915756630265211,0.9053853819691505,0.7988163185881871,0.006696797499872769,0.0016820335055347153,0.638107510842784,0.998271379500853,SIRA
8722,44515,786.4689999999999,297.6097129243647,191.16383675928046,1.5568306117392081,0.7664276557941004,44934,238.07196041089293,0.7622431506849315,0.9906752125339386,0.9043843199860337,0.7999468769737268,0.006685605142634274,0.001688748883524856,0.6399150059800187,0.9962392702209717,SIRA
8723,44518,793.6229999999999,293.1292879816376,193.8612596445931,1.5120570686429724,0.7500768309299617,45019,238.07998246916932,0.7603675616588099,0.9888713654234879,0.8882127804309791,0.8122012785159949,0.0065845116128675505,0.0017674942346667302,0.6596709168230167,0.9974600727604327,SIRA
8724,44522,784.973,296.3863498353485,191.92657666266533,1.5442694544397784,0.7620183884207371,44897,238.0906781264208,0.7901677167450528,0.9916475488339979,0.9079775098336246,0.8033118875369508,0.006657076273198609,0.0017100155934837021,0.6453099886581786,0.996532504129705,SIRA
8725,44529,782.548,284.9916314629301,199.48258536559976,1.4286541902422936,0.7141825883994258,45062,238.1093943705541,0.7649979384277076,0.9881718521148639,0.9137572473530717,0.8354960921072724,0.00640013545022188,0.0019237410823916123,0.698053719926524,0.9972773719872488,SIRA
8726,44535,795.057,305.9278052867135,187.21652572093024,1.6340854746056839,0.7908863216380435,45089,238.12543569467852,0.7012171119963471,0.9877131894697154,0.8853495877549886,0.778371339837871,0.00686937925871143,0.001555408984835859,0.6058619426810025,0.9900302001514076,SIRA
8727,44535,781.7969999999999,287.08609164366965,198.88053336200184,1.4435102661411123,0.7211723139489338,45007,238.12543569467852,0.7770623953098827,0.9895127424622836,0.9156369741697872,0.8294565380416933,0.006446302720190179,0.0018821966580098762,0.687998148500111,0.9931323904459878,SIRA
8728,44536,793.5889999999999,297.25207683736215,191.94741708939472,1.5486120175241764,0.7635577622879002,45052,238.12810914363976,0.793104676425544,0.9885465684098376,0.8886480526445284,0.8010982183109477,0.006674422418658212,0.0016956511760116706,0.6417583553809749,0.993834701489529,SIRA
8729,44539,789.4300000000001,285.6342278443777,200.21516036700484,1.42663636120659,0.7132109377702904,45123,238.1361293104417,0.7333695580583547,0.9870575981206924,0.8980966429064978,0.8337100602669565,0.006413126200506919,0.0019112157574295077,0.6950724645903322,0.991615651658048,SIRA
8730,44546,787.039,293.8289360717771,193.86458970655758,1.5156400481208567,0.7514524381154378,45117,238.1548419826323,0.7733009287388247,0.9873440166677749,0.9037037198441705,0.8105220852872549,0.006596079021051881,0.001756002075898698,0.6569460507384002,0.9956937439539558,SIRA
8731,44551,787.7170000000001,288.09848065970846,198.20789117942195,1.453516703827476,0.7257233994600412,45291,238.16820727690802,0.7653758933479934,0.9836612130445342,0.9022499866204502,0.8266902578990818,0.006466711873127617,0.0018630930804824756,0.6834167825052506,0.9933577090474109,SIRA
8732,44554,792.192,301.9694814041695,188.98623192440814,1.5978385215117317,0.7799470802921135,45098,238.17622609347566,0.7813201459034792,0.9879373808151137,0.8921454396487596,0.7887427066667373,0.006777606531493683,0.001618070876463931,0.6221150573199707,0.9940394033983284,SIRA
8733,44554,794.32,309.1046846249275,184.24846296407836,1.677651360843056,0.8029314309526596,45047,238.17622609347566,0.7377711541645968,0.9890558749750261,0.8873716898897953,0.7705358020778057,0.00693775384084319,0.0015085855356408184,0.5937254222836874,0.9960642626613463,SIRA
8734,44555,793.957,300.19512501813097,190.01681878167904,1.5798344954034935,0.7741700301191079,45145,238.17889897233795,0.6962480271279671,0.9869310001107542,0.8882032294313834,0.7934136137552287,0.006737630457145797,0.0016469694450923244,0.6295051624921313,0.9945139707396505,SIRA
8735,44567,782.3580000000001,280.78711625801213,202.70302572100508,1.3852142327884136,0.6919869644578952,45005,238.21097117935605,0.7536356872294372,0.9902677480279969,0.9149812810346896,0.8483685945207923,0.0063003369367023165,0.0020131765874387042,0.7197292721691844,0.9969792315632001,SIRA
8736,44568,786.042,296.27601875476245,191.93474933042415,1.5436288623521226,0.7617899430961586,44910,238.2136436683607,0.7231308411214953,0.9923847695390782,0.9064450996939577,0.8040260722739699,0.006647729733323515,0.0017136954555459574,0.6464579248963073,0.9978911111662006,SIRA
8737,44568,806.698,310.37982364857095,183.28647176231254,1.6934137073197313,0.8070206980073562,45105,238.2136436683607,0.7224275432795176,0.9880944462919854,0.8606192362090533,0.7674907501013315,0.006964185596135589,0.001490536788012344,0.5890420514911046,0.9974918841827713,SIRA
8738,44568,799.568,290.39466627378863,195.76002592413082,1.4834216786747598,0.7386244396673605,45108,238.2136436683607,0.7612215617954499,0.9880287310454908,0.8760364976226267,0.820309982703915,0.006515766161232019,0.0018199407085063466,0.6729084677236973,0.9982070087851475,SIRA
8739,44570,807.791,308.0542277768223,184.83337657050586,1.6666590931390202,0.7999979551309838,45178,238.2189885564251,0.6883185075364467,0.9865421222719023,0.8583303669994538,0.7733021237059888,0.006911694587768057,0.0015246182484903378,0.5979961745281925,0.9966557619397606,SIRA
8740,44573,800.383,304.3857140569998,187.64756708345897,1.622113831732334,0.7873709216493622,45206,238.2270056636745,0.6756760853747271,0.9859974339689421,0.8743514165438099,0.7826484445950828,0.006828925898122177,0.0015805166263466084,0.6125385878271024,0.9936073157841336,SIRA
8741,44573,789.547,291.41841302888344,195.5451446023059,1.4902871335494514,0.741446822901003,45165,238.2270056636745,0.711574074074074,0.9868925052584966,0.8985158736768352,0.8174741025717652,0.0065380031191278,0.0018010298005806124,0.668263908375513,0.9959051044674966,SIRA
8742,44578,808.734,314.6089588513546,181.24547301824472,1.7358169206228125,0.8173808965577081,45164,238.24036690956487,0.704456384323641,0.9870250642104331,0.8564835784383472,0.7572586864003701,0.00705749380527064,0.00143155264389174,0.5734407181288139,0.995388101502092,SIRA
8743,44579,785.6999999999999,289.9130584972315,196.27224101447806,1.4770965929708113,0.735979524619971,45033,238.2430390688232,0.7600982113932037,0.9899185042080252,0.9074583054651171,0.8217740873893692,0.006503354909200105,0.001829477148534668,0.6753126507046305,0.9975020155458975,SIRA
8744,44580,789.579,302.3444120480508,188.25820081542795,1.606009250797394,0.7824913779305774,45068,238.24571119811066,0.7999856440440728,0.989171917990592,0.8985841418388856,0.787994425245891,0.006782063975954482,0.001612999471472241,0.6209352142186023,0.9972276981809368,SIRA
8745,44586,806.549,292.29885164759986,195.15264305661978,1.4977960178730194,0.7444774058912849,45214,238.26174334450332,0.7077142857142857,0.9861104967487946,0.8612849561429846,0.8151306171799657,0.006555843799569369,0.001785324579705773,0.6644379230641918,0.995192475289366,SIRA
8746,44591,802.2090000000001,302.67034184128113,187.98043115452523,1.610116223174728,0.7837525804228018,45122,238.27510264248264,0.6984805764411027,0.9882319046141572,0.8707270088356561,0.7872429825563582,0.006787700249854929,0.001608190936616755,0.6197515135842305,0.9978719663590622,SIRA
8747,44595,791.968,296.66772860452585,192.2877194339918,1.5428324256888668,0.7615054284291709,45055,238.28578954160187,0.7846811655405406,0.9897902563533459,0.8934716242636642,0.8032076514100721,0.00665248858850826,0.0017079503779638815,0.6451425312836838,0.9953468164554617,SIRA
8748,44607,786.3620000000001,281.6381138794376,202.57955795791352,1.3902592972285421,0.6947096459996849,45206,238.31784736356067,0.7373057851239669,0.9867495465203734,0.9065000722668962,0.8461846448296367,0.006313764966920833,0.001996773179220674,0.7160284531454584,0.9954652140656454,SIRA
8749,44615,788.391,297.8581840985989,191.18820127278607,1.557931829033826,0.7668079410026587,45072,238.33921684934538,0.7044288308202415,0.9898606673766418,0.9020018859454869,0.8001768276759816,0.0066761892659105435,0.0016883103577133155,0.6402829555495978,0.9975171960385687,SIRA
8750,44628,805.011,314.488382994691,181.38637078553924,1.733803822374967,0.8169090398612803,45099,238.37393817789905,0.7392658362046117,0.9895563094525377,0.8653935597437838,0.7579737474179551,0.007046884982403222,0.001434807380178951,0.5745242017748181,0.9961122570841064,SIRA
8751,44636,804.705,298.6466783937798,190.84822010616068,1.5648386881871648,0.7691705914589306,45153,238.39530263576654,0.6973503312085989,0.988550040971807,0.8662070883337345,0.7982519809627049,0.006690713289581947,0.0016757614770709997,0.6372062251108827,0.9971249534072087,SIRA
8752,44642,802.456,297.3153678560626,192.05223862289168,1.5480963408078914,0.763375802061375,45289,238.4113247227722,0.7135185244381933,0.9857139702797589,0.8711863253779037,0.8018802608218784,0.006659992111824349,0.0016986017585688745,0.6430119526957637,0.9954444510640488,SIRA
8753,44642,796.4699999999999,305.44264224696036,186.75589949529922,1.6355180375688672,0.7913007893965325,45159,238.4113247227722,0.717763200205801,0.9885515622578002,0.8843306199252159,0.7805436823389212,0.006842046553625742,0.0015665874363169805,0.6092484400392029,0.9964368130448107,SIRA
8754,44648,802.656,300.3461730002716,190.29824322397238,1.5782918849480803,0.7736637817760178,45266,238.42734573310912,0.686797212693627,0.9863473688861397,0.8708692590349194,0.7938417971215285,0.006726979327187592,0.0016479183958935906,0.6301847988571379,0.9946155540538593,SIRA
8755,44651,796.996,296.512040855229,192.61852701329838,1.5393744592115888,0.7602637540751822,45329,238.4353558345946,0.7455501753214226,0.9850426879039909,0.8833417764464682,0.8041338056521282,0.006640658459054197,0.0017127902720403191,0.6466311773925749,0.9954075190080478,SIRA
8756,44659,788.8000000000001,296.55364998219954,192.24388697667848,1.5425907925913664,0.7614190005559958,45142,238.45671478976564,0.8104493321718932,0.9893004297549953,0.9019553819180145,0.8040930024097793,0.006640400590747655,0.001712376160741144,0.6465655565243734,0.9973860743012111,SIRA
8757,44660,782.631,288.6180500627829,197.47382824462204,1.4615508932416874,0.7292900105938516,45058,238.4593845246447,0.7883495145631068,0.9911669403879444,0.9162510601555978,0.8262109194929865,0.006462562697330562,0.0018575831120268415,0.6826244834894465,0.9976904235926459,SIRA
8758,44660,789.111,281.05907802800783,204.27898136099617,1.3758590147428236,0.6868294120288342,45388,238.4593845246447,0.7143656925316314,0.9839605181986428,0.9012647554070786,0.8484315333194182,0.006293306718047645,0.002011527002523032,0.7198360667307392,0.9903929415485044,SIRA
8759,44660,808.103,300.3827428741517,190.9193503877203,1.5733488630886938,0.7720292955400172,45356,238.4593845246447,0.7154185022026431,0.9846547314578005,0.8593995949786256,0.7938518113357451,0.0067259906599675704,0.001647759343058934,0.6302006983610435,0.9915255522840486,SIRA
8760,44663,799.776,298.1928415640195,191.72976950402378,1.5552766914360756,0.7658893406058722,45316,238.46739354994966,0.7241435218963309,0.9855900785594492,0.8774472559669825,0.7997086459191635,0.006676507210980442,0.001684442732676402,0.6395339183578619,0.9946521966047648,SIRA
8761,44665,784.104,296.47164805976047,192.95757270909976,1.5364602896757886,0.7592092370536937,45238,238.47273275071942,0.7995882563551736,0.9873336575445422,0.9129139923887635,0.8043694373859652,0.006637672630913701,0.0017140276976407608,0.6470101918006143,0.9941054667171593,SIRA
8762,44670,798.584,301.3237086008331,191.00191259889206,1.5775952423765465,0.7734345642990982,45430,238.48608022968492,0.746241229535583,0.9832709663218138,0.8802065726420821,0.791461386616644,0.0067455497783933975,0.0016327362708143175,0.626411126505141,0.9882232129462432,SIRA
8763,44673,799.072,307.2963798726311,185.56871109451885,1.6559708695509054,0.797078762250763,45167,238.494088358504,0.7753306258460898,0.9890628113445658,0.8791908435542019,0.7761044515309798,0.006878794347203706,0.0015394755159234145,0.6023381196862031,0.9974543798204191,SIRA
8764,44674,799.799,303.3331143510496,187.96737205480864,1.6137540842067097,0.7848600168583703,45111,238.49675767502305,0.8027961472110409,0.9903127840216355,0.8776128838638971,0.7862536148922041,0.006789925109706979,0.0016006462726641094,0.6181947469310585,0.9976142976951287,SIRA
8765,44675,784.947,289.0498957944091,197.51217152119258,1.4634535865218552,0.7301235596185662,45099,238.49942696166673,0.7660322359396433,0.9905984611632187,0.911158135592544,0.825115076780041,0.0064700592231540935,0.0018498908733209465,0.6808148899297328,0.9963409924251497,SIRA
8766,44691,800.7449999999999,297.85803440671833,191.52649749377034,1.555179248325191,0.7658555175742827,45217,238.54213148573805,0.7030424112761138,0.9883672070239069,0.8758736587395796,0.8008584759544013,0.006664832615218239,0.0016911888816491603,0.6413742985080065,0.9974519994487782,SIRA
8767,44693,807.608,296.41358366116077,192.9371201743953,1.536322214166115,0.7591590878501366,45329,238.54746901371357,0.7069216412008478,0.9859692470603808,0.8610892091655397,0.8047791402380678,0.006632214970155523,0.001716110313410411,0.6476694645623237,0.9950289858441712,SIRA
8768,44695,783.926,286.27890039043626,200.58084794555015,1.4272494274635323,0.7135067251442161,45108,238.55280642226387,0.6993537686397847,0.9908441961514587,0.9139420686207287,0.833288119022806,0.006405166134700442,0.0019049821929453786,0.6943690893045661,0.9910378851583163,SIRA
8769,44697,791.5719999999999,302.60314545564165,188.52111097143856,1.6051419594142262,0.7822235427732974,45147,238.55814371139704,0.8005050505050505,0.9900325603030101,0.8964114425059435,0.7883531526157486,0.006770099681312877,0.0016130880010692239,0.6215006932391899,0.9975968405232531,SIRA
8770,44709,807.5980000000001,309.19272209613433,185.3334905936515,1.6683046388741871,0.8004414795765901,45298,238.59016493888507,0.801926388291003,0.9869972184202394,0.8614188097565166,0.771655177784885,0.006915670717218778,0.0015125410421289352,0.5954517134022226,0.9933948556945109,SIRA
8771,44710,795.7040000000001,296.3738098682484,193.6285731073542,1.5306305526712152,0.7570771205182426,45291,238.59283318052354,0.8130569194398982,0.9871718442957762,0.8873837087744639,0.8050402067800421,0.006628803620403676,0.0017174543440420921,0.6480897345324528,0.9919859485479493,SIRA
8772,44710,784.3499999999999,291.21826230433425,195.99648065157385,1.4858341401651887,0.7396218900183767,45172,238.59283318052354,0.791173399869052,0.9897724253962632,0.9132606219807983,0.819292139485349,0.0065134927824722485,0.0018102929142653206,0.6712396098224804,0.9973507285054016,SIRA
8773,44711,807.275,314.8345454295297,181.15435952572747,1.7379352407183832,0.8178753547580053,45168,238.5955013923227,0.7901145119106524,0.9898822174991144,0.8621468400930872,0.757844095751329,0.007041545602413941,0.0014327395340700422,0.5743276734651497,0.9981443034348839,SIRA
8774,44716,801.453,304.05590210981705,188.19085706495278,1.6156783961341663,0.7854421655178985,45234,238.60884200376466,0.8030169704588309,0.9885484370164036,0.8748159521045636,0.7847531994875908,0.00679971155984026,0.0015907525693524957,0.6158375841060106,0.9949954801675391,SIRA
8775,44719,791.542,293.3548721576925,194.6289980268937,1.5072516178558188,0.7482124352014163,45258,238.6168460126228,0.7014084948867557,0.9880905033364267,0.8969206429422741,0.813406793817812,0.006559960467758503,0.001771381752994478,0.6616306122289727,0.9972438107050549,SIRA
8776,44725,792.243,293.1964593334518,194.90318340739657,1.5043184734473916,0.7470633452502802,45258,238.6328532249492,0.720905867182463,0.9882230765831456,0.8954542294363718,0.8139008696334648,0.006555538498232572,0.0017744925688807215,0.6624346255901103,0.9965126447264091,SIRA
8777,44728,787.1829999999999,292.4259226834312,195.93414736019224,1.4924704377632294,0.7423340015398148,45464,238.64085642847152,0.7256091625839525,0.983811367235615,0.9070639988989119,0.8160728509928127,0.0065378716393183515,0.0017886767939667575,0.6659748981275375,0.9939478477477278,SIRA
8778,44738,798.0989999999999,293.9916682643676,194.4174719945781,1.5121669119973251,0.7501191858536954,45304,238.66753183531625,0.7077677582660972,0.9875066219318382,0.8826182352545151,0.811817332254117,0.0065714083835747596,0.0017606437816569376,0.6590473809481916,0.9965896429083515,SIRA
8779,44744,805.538,307.1799769679481,186.35113638380454,1.6483933660339332,0.794968039811205,45273,238.68353564841902,0.7887184910981844,0.9883153314337464,0.8665080575811319,0.7770152794604963,0.006865277511352318,0.0015436757999945584,0.6037527445150732,0.9952220187834269,SIRA
8780,44753,793.513,294.45777977681666,194.1953813797341,1.5162965137725246,0.7517031458691265,45294,238.7075393562858,0.768476543718662,0.9880558131319822,0.8931490181862471,0.8106681356397287,0.006579621026005333,0.0017528835035676988,0.6571828261415937,0.9964840281896737,SIRA
8781,44760,803.1679999999999,309.2182633425286,185.214072983571,1.6695181870437952,0.8007675708974878,45285,238.72620723822067,0.7058378276090453,0.9884067572043723,0.871941097914739,0.7720313950983478,0.00690836155814407,0.0015138912111586048,0.5960324750175013,0.995087057110445,SIRA
8782,44764,810.9239999999999,301.458467369256,190.22928336320632,1.5847111550837256,0.7757585721373382,45380,238.73687394394025,0.7089642065251821,0.9864257382106655,0.8554181154961034,0.7919395199853909,0.006734395214218033,0.0016339788340437608,0.6271682033146915,0.9938804479066096,SIRA
8783,44780,806.367,311.2420220485231,183.88607087100308,1.6925807407504008,0.8068079666766874,45261,238.77953600181192,0.7257110444858601,0.9893727491659486,0.865423055075401,0.7671828322866564,0.006950469451731199,0.0014852152670146925,0.588569498155376,0.9962013971709178,SIRA
8784,44790,792.5889999999999,306.4200046024426,186.34585816890774,1.6443617669500181,0.7938308017092606,45244,238.8061959177105,0.7895293495505024,0.9899655202899832,0.8959728405081555,0.7793427071693442,0.0068412593124010405,0.0015567888704935797,0.6073750552180421,0.9987443189997046,SIRA
8785,44793,804.334,306.7170377613424,186.53755031162802,1.6442643170179063,0.7938031890874621,45254,238.81419331212737,0.6982323232323232,0.9898130551995403,0.8700559070365366,0.7786140445773003,0.006847432361336423,0.0015523743084505603,0.6062398304130223,0.9968185207031195,SIRA
8786,44797,785.6220000000001,292.6900028675638,195.4442623397189,1.4975625242904982,0.7443840387182883,45292,238.82485608809876,0.7040896517037596,0.9890709176013424,0.9120770365275427,0.8159651978142967,0.006533696516899877,0.0017865915026976425,0.6657992040441243,0.9970759366789234,SIRA
8787,44800,806.03,307.49427384006003,186.8703705554263,1.6454950719373478,0.7941514952629731,45450,238.83285285767386,0.685099094690482,0.9856985698569857,0.8665337160700783,0.7767066679814021,0.0068637114696441974,0.0015408732499539524,0.6032732480867721,0.9926831567584206,SIRA
8788,44800,796.542,309.2404820462035,185.22381796928238,1.6695503064162522,0.8007761902023359,45365,238.83285285767386,0.7829977628635347,0.9875454645651934,0.8873000738232187,0.7723207882659746,0.006902689331388471,0.0015149175235887034,0.5964793999877763,0.9958523650205744,SIRA
8789,44806,785.824,291.87752495319853,195.84399832503152,1.4903572611338616,0.7414753961741778,45256,238.84884559361743,0.8033060221955286,0.9900565670850274,0.9117913366807665,0.8183187301999904,0.006514250880533824,0.0018019146236876351,0.6696455441961247,0.9980110991786305,SIRA
8790,44807,803.602,297.8822324591427,191.87599299823475,1.5524726559298285,0.7649128970171014,45309,238.85151094550028,0.750850439882698,0.9889205235162992,0.8719141251026369,0.8018320158731218,0.006648118206064738,0.0016951653526524927,0.6429345816791542,0.9981383576085701,SIRA
8791,44807,810.344,307.6016345504373,186.8383333428861,1.6463518435797977,0.7943934124572324,45421,238.85151094550028,0.7647811838601761,0.9864820237335153,0.8574659625314736,0.7764962344708733,0.006865035252314087,0.0015395009118394482,0.6029464021474455,0.992661920755253,SIRA
8792,44807,793.217,296.4413819547037,193.25650244648853,1.5339270772365674,0.7582864846205289,45362,238.85151094550028,0.7883004926108375,0.9877650897226754,0.8948942232431912,0.8057293127246211,0.006615961388950469,0.0017200036939255259,0.6491997253836902,0.995825037300586,SIRA
8793,44811,798.298,300.05206193242043,190.67520867374589,1.573629125775986,0.7721224737090349,45223,238.8621720556174,0.6837720302128634,0.990889591579506,0.8836177214245035,0.7960690905347466,0.006695946574109491,0.0016588029119372052,0.6337259969048188,0.997249686490845,SIRA
8794,44816,813.7599999999999,304.50560773933364,188.55224718452237,1.6149667388548075,0.7852271655533769,45454,238.8754977741565,0.7050088094638812,0.9859638315659788,0.8504529237021976,0.7844699463749825,0.006794573539346074,0.001587256837584711,0.615393096765568,0.9938393825972502,SIRA
8795,44818,788.1569999999999,283.68815803517236,201.53864093825442,1.4076117448965342,0.703774763291777,45438,238.88082785343096,0.7361453303110936,0.9863550332320965,0.9066441467700057,0.8420542806859563,0.006329781740264455,0.0019630386474064144,0.7090554116215434,0.998074725180931,SIRA
8796,44818,790.151,306.155955401815,186.90136577753347,1.6380616274694797,0.79203348948153,45243,238.88082785343096,0.7978708253222246,0.990606281634728,0.9020739638196972,0.7802586349820023,0.006831093654375809,0.001561796109981021,0.6088035374639778,0.9972577133874196,SIRA
8797,44820,793.4549999999999,291.311786883476,196.60792826242664,1.4816889097912742,0.7379041679417309,45279,238.88615781377953,0.816215034965035,0.9898628503279666,0.8946169323805778,0.8200360183480438,0.006499593638631771,0.0018129994851167344,0.6724590713881133,0.9963751483643064,SIRA
8798,44820,807.284,314.6636350442197,182.21077917001838,1.7269210772136119,0.8152811946738403,45289,238.88615781377953,0.7749766573295985,0.989644284484091,0.8642293795832277,0.7591794259295608,0.007020607653820163,0.001438573931039191,0.5763534007547375,0.9953168356871,SIRA
8799,44822,821.2760000000001,320.7679104116747,178.42090016094366,1.7978157834778752,0.8310280462401387,45441,238.89148765521023,0.7830538085255067,0.9863779406263067,0.8350699038554831,0.7447487105197526,0.007156483655608288,0.0013580585254124107,0.5546506418208342,0.9971596781816294,SIRA
8800,44828,800.491,302.9480843865707,190.070050540844,1.5938759605973296,0.7786960192823474,45542,238.90747646607437,0.6838540395411277,0.9843221641561636,0.8791162753380573,0.7886086388360237,0.006758010270067161,0.0016122958316510214,0.621903585246806,0.9912371743341761,SIRA
8801,44830,814.955,320.73194676398805,178.4058375524208,1.797765987728668,0.8310177337923714,45297,238.91280583191298,0.6588771310993533,0.9896902664635627,0.8482255414468441,0.7448986864028171,0.007154404344501183,0.0013587578865894131,0.5548740530046424,0.9975336999649004,SIRA
8802,44838,786.953,292.01325831824425,196.4204943029656,1.4866740833460745,0.7399677174936241,45298,238.93412210656564,0.7006703858234494,0.9898450262704755,0.9098263405657251,0.8182303895467942,0.006512628982520279,0.0018006882138021023,0.6695009703778987,0.9953297414358699,SIRA
8803,44838,807.043,300.7365093088412,190.77348580662087,1.5764062182817442,0.7730424780477076,45454,238.93412210656564,0.8243794815223386,0.9864478373740485,0.865092898153797,0.794496559980991,0.0067071793859860215,0.0016484955120475082,0.6312247838216286,0.9950666743499651,SIRA
8804,44843,793.0919999999999,304.8175122251115,187.74045683780417,1.623611220294699,0.7878157448894739,45278,238.94744381256498,0.7977478118551199,0.9903926851892751,0.8958955615158434,0.783903267460891,0.006797437999801786,0.0015833426721693444,0.6145043327358612,0.9977161295496513,SIRA
8805,44848,785.154,293.44125633627783,195.254658057877,1.502864306823843,0.7464905043811583,45261,238.9607647758991,0.8124784869291111,0.9908751463732574,0.9142042781794529,0.8143393596367882,0.006543017667148542,0.0017749231762179865,0.6631485926536543,0.9966223500196412,SIRA
8806,44853,784.542,285.0377738869677,201.00854796310264,1.4180380723872976,0.7090087490509848,45369,238.97408499669214,0.7791036998436686,0.9886265952522648,0.9157332081604139,0.8383944406310785,0.0063549321982245945,0.001936797623357324,0.7029052380810992,0.9967463888794563,SIRA
8807,44855,799.527,307.1641885824952,186.6307029162635,1.645839531131767,0.7942488106926622,45387,238.9794128771257,0.7407071023993923,0.9882785819728116,0.8817682481877824,0.7780184727261683,0.006847936430330961,0.001547743959139723,0.6053127439031597,0.9962476426136597,SIRA
8808,44856,792.403,298.99996529881804,191.74519903346763,1.559360895636453,0.7672999623771051,45416,238.98207677279996,0.6922222222222222,0.9876695437731196,0.8977143861388167,0.7992712525366459,0.006665774150588952,0.0016780586248754498,0.6388345351314989,0.9961735928661513,SIRA
8809,44858,807.5169999999999,297.114109590376,192.75639441705542,1.5413969040504467,0.760991226645875,45364,238.98740447506836,0.7112189244038559,0.9888457807953444,0.8644630259072247,0.8043623535905261,0.006623436390172902,0.0017102912638519035,0.6469987958736906,0.9972819408840737,SIRA
8810,44872,786.494,276.55969233046454,207.2813585930403,1.334223657195531,0.6620048783842905,45420,239.02469506592035,0.7616784356328082,0.987934830471158,0.9115793181267525,0.8642788580351284,0.006163302111126416,0.002121332652357964,0.7469779444465058,0.9966356448838172,SIRA
8811,44874,794.459,293.5172824665775,196.82159580825083,1.4912859600657355,0.7418533080905433,45424,239.03002181827637,0.7631632653061224,0.9878918633321592,0.893432340529382,0.8143643870288778,0.006540920855430261,0.0017745725121034936,0.66318935486092,0.989004973769143,SIRA
8812,44875,787.846,301.5002544160076,189.9134265214134,1.587566818936903,0.776680505427581,45314,239.03268514994016,0.7299121665582303,0.9903120448426534,0.9085140685336159,0.7928108903686855,0.006718668622083734,0.0016373495800058335,0.6285491078871879,0.9978637077540911,SIRA
8813,44876,791.7520000000001,297.62970193108225,192.69086027230748,1.5445968818161742,0.7621350180654877,45345,239.03534845192908,0.8144464609800363,0.9896570735472489,0.8995921668572664,0.8031300199577494,0.006632268961829981,0.0017021010165813536,0.6450178289573351,0.996292527323338,SIRA
8814,44881,798.989,297.07996608766535,192.98503118747163,1.5393938289393683,0.7602707382678243,45433,239.04866451678586,0.7950857426303855,0.9878502410142408,0.8834679285204784,0.8046610064787909,0.006619281345951859,0.0017117582431311921,0.6474793353474607,0.9967256931996448,SIRA
8815,44889,807.762,302.8993639751856,189.64782582976196,1.5971676060609539,0.7797360541048698,45510,239.069968677826,0.7981685633001423,0.9863546473302571,0.8645357515555157,0.789271940159674,0.006747741406027883,0.0016152689561020478,0.6229501955234161,0.9949558724793376,SIRA
8816,44890,786.51,282.7287612211651,203.27654321907076,1.3908577779998395,0.6950299622519024,45495,239.07263156447132,0.7523799946366319,0.9867018353665238,0.911907886908057,0.8455900649508251,0.006298257100048231,0.0019862761799366692,0.7150225579435407,0.9944946861611146,SIRA
8817,44893,797.9799999999999,303.4957030227108,189.24000081040776,1.6037608419098002,0.7817959415619167,45374,239.0806200464514,0.8214939247547943,0.989399215409706,0.8859403440490832,0.7877561944544592,0.006760423741400905,0.0016059092090773804,0.6205598219013719,0.9952295424279397,SIRA
8818,44906,792.367,304.5003544084027,188.34177880083212,1.6167435411683464,0.785763318309326,45335,239.11523371771446,0.7236017338339322,0.9905371126061542,0.8987967140696512,0.7852707895275804,0.006780838961573124,0.0015905267026689923,0.6166502128852697,0.9969652488423455,SIRA
8819,44909,799.009,302.9249171565326,189.89837470138465,1.5951948911246991,0.7791136910696151,45515,239.12322077646792,0.6988422395817123,0.9866857080083489,0.883974844216166,0.7893811543172067,0.006745305332038848,0.0016155797137424684,0.6231226067911657,0.9940019988975722,SIRA
8820,44920,804.3689999999999,304.9769234684263,188.53959745490818,1.61757491574875,0.7860134551023995,45476,239.15250437639892,0.6846517299192196,0.9877737707801918,0.8724468161996263,0.7841659023134514,0.006789334894666659,0.0015835756327443455,0.6149161623510694,0.9946729595075756,SIRA
8821,44921,812.1999999999999,313.4064986350127,183.8639740260335,1.7045563183064734,0.8098312227557223,45457,239.15516634404585,0.6751078314973173,0.9882086367336164,0.8557232055520897,0.763082984512588,0.0069768370836582605,0.001459235622700869,0.5822956412526387,0.9925557144195049,SIRA
8822,44934,803.049,305.72282176046195,188.73621720429603,1.6198418421703065,0.7866931504396723,45433,239.18976922755246,0.7932142352775032,0.9890167939603371,0.8755901226474996,0.7823745962117311,0.006803819418713267,0.0015725030730071,0.6121100087974692,0.9915214042613752,SIRA
8823,44935,785.8469999999999,289.94001262521823,198.50568726084245,1.4606131271404246,0.728877634598538,45472,239.19243078047964,0.8217211615829128,0.9881905348346235,0.914362930589582,0.8249721334242478,0.006452431570606838,0.0018435727730117997,0.6805790209265549,0.9940626520217039,SIRA
8824,44938,786.535,294.1587542271193,195.50863633941157,1.504581893336143,0.7471668898872053,45359,239.20041526157252,0.7725287949114664,0.9907184902665402,0.9128249411823977,0.8131677600078713,0.006545879973009909,0.0017655027853674913,0.661241805916219,0.9948924482984352,SIRA
8825,44940,798.353,303.93677552294315,188.67144365659448,1.6109315200669474,0.7840015615232121,45470,239.20573810090386,0.765509487956938,0.9883439630525621,0.886039348158215,0.7870246622487019,0.006763168124676083,0.001600601844215534,0.6194078189876834,0.9978235793831813,SIRA
8826,44940,794.9409999999999,295.999192140508,193.84658142902427,1.5269765912734772,0.7557251788649854,45467,239.20573810090386,0.6942899517982944,0.9884091758858072,0.8936616853782212,0.8081296991761895,0.0065865418811862034,0.001732852075340316,0.6530736106905985,0.9972281159029923,SIRA
8827,44942,796.3439999999999,306.41918354836343,187.7526282825694,1.6320367195456769,0.7902913004675295,45436,239.2110608217933,0.7773280752732807,0.9891275640461308,0.890555181689935,0.7806660733564601,0.006818102967121255,0.0015620845688142182,0.6094395180897939,0.9946276718647654,SIRA
8828,44944,789.925,292.1302109857092,196.90451143256652,1.4836135996089375,0.7387040184224644,45374,239.21638342424868,0.8156213704994193,0.990523207123022,0.9051277254220123,0.8188690331516276,0.00649987119494725,0.0018027782291153342,0.6705464934546813,0.9948318968594506,SIRA
8829,44946,803.695,303.80943499708223,189.18908687897573,1.605850739114932,0.7824424659260866,45508,239.22170590827795,0.7402173913043478,0.9876505229849697,0.8744165694424383,0.7874070991592984,0.0067594320962284125,0.0016028293131081781,0.6200099398064611,0.99564342009681,SIRA
8830,44957,818.874,313.4975873748005,184.55533295604064,1.6986644728899418,0.8083532190219518,45683,239.2509774539254,0.6624963159445918,0.9841078738261497,0.8425060393650972,0.7631668857722024,0.006973276405783315,0.001459132443813009,0.5824236955392417,0.989342439781778,SIRA
8831,44966,811.333,316.0820164059128,181.76232917010432,1.738985288365797,0.8181196768818251,45511,239.27492423687303,0.6633327432583939,0.9880248731076003,0.8584121157062122,0.7570026506335494,0.007029355877905813,0.0014239177195503475,0.5730530130662197,0.9965307591758489,SIRA
8832,44967,800.255,305.2004324662295,188.45057475154505,1.619525081675174,0.7865983825153697,45460,239.2775848425967,0.8048505459101486,0.9891553013638363,0.8823623846677038,0.7840014606436472,0.006787209119270342,0.0015817523206336742,0.6146582902913722,0.9954545177864575,SIRA
8833,44971,779.067,282.2031163873958,203.19042441633084,1.3888603126748258,0.6939586927996025,45388,239.2882269696631,0.8006231084208653,0.9908125495725743,0.9310924207580556,0.8479290733316315,0.0062752243976650695,0.00200100018471332,0.7189837134010393,0.998567945002275,SIRA
8834,44972,815.626,313.32124727495807,183.9504297080244,1.7032917388248439,0.8095155146637301,45602,239.29088742747754,0.8013542409123308,0.9861848164554187,0.8495128314386345,0.7637237803329869,0.006967029424418706,0.001462085135540462,0.5832740126461086,0.9934858072113342,SIRA
8835,44974,791.935,297.0611998226319,193.4300708857526,1.5357550067698003,0.7589529006489715,45499,239.29620825437078,0.7791618301831222,0.9884612848634036,0.9011400775195995,0.8055451482632158,0.006605176320154576,0.0017156303604972428,0.6489029858904064,0.9965560094890646,SIRA
8836,44977,812.8349999999999,313.39308951114623,183.3279576107603,1.7094669770801605,0.8110494016358845,45529,239.30418927288636,0.7088573680063042,0.9878758593423972,0.8554518245218121,0.7635911488864378,0.006967852224718105,0.0014612423040571815,0.5830714426577098,0.9967413765018434,SIRA
8837,44978,794.9399999999998,293.84696271556476,195.8789212515599,1.5001459107393604,0.7454139846851904,45648,239.3068495532423,0.7082814985118814,0.9853224675779881,0.8944195908416644,0.8143927959700721,0.0065331264777349985,0.0017727052131039707,0.6632356261279516,0.9949502123925057,SIRA
8838,44979,827.587,316.0904800536933,181.9461308720251,1.7372750854263612,0.8177214873713499,45655,239.30950980402528,0.7077845442099797,0.9851932975577702,0.8252629342678589,0.7570917977769357,0.007027512395866811,0.001424214974003904,0.5731879902611127,0.9957852147462387,SIRA
8839,44980,798.015,308.1453437276381,186.67949359139803,1.6506652005501103,0.7956045033519109,45425,239.31217002523633,0.7549006444683136,0.9902036323610347,0.8875793829557324,0.7766210812413195,0.0068507190690893305,0.0015372787437493423,0.6031403038284362,0.9955827105788201,SIRA
8840,44981,793.944,300.35671097294056,191.1200738173537,1.5715602499190129,0.7714331993994951,45504,239.31483021687635,0.7967725936160414,0.9885065049226441,0.8967248979183974,0.7967687135794893,0.006677412929302162,0.0016600343944232123,0.6348403829391144,0.9976899108704763,SIRA
8841,44983,797.6339999999999,301.9191016516065,190.73477472850385,1.582926354574644,0.7751792646825002,45396,239.32015051144737,0.735016339869281,0.9909022821393956,0.8884867674103075,0.7926631644115252,0.006711848957419614,0.0016344688351327989,0.6283148922148927,0.9945762018586805,SIRA
8842,44983,786.1909999999999,291.31532139455624,196.92759247777087,1.479301695253497,0.7369065491418442,45419,239.32015051144737,0.722177626509119,0.9904004931856712,0.9145388184337804,0.821515838459156,0.006476120343119762,0.0018195267157559399,0.67488827283925,0.9983633661178072,SIRA
8843,44991,814.9399999999999,318.66686736584734,180.5485571973118,1.7649925998444478,0.8240104413132926,45539,239.34143050708897,0.6647802831052927,0.9879663585058961,0.8513031498272353,0.751070961614317,0.007082902521967667,0.0013903204569716658,0.564107589380255,0.9956457207722403,SIRA
8844,44995,787.485,293.800536697858,195.48774265228602,1.5029102731031116,0.746508644100039,45409,239.3520697954347,0.8067957683342298,0.9908828646303596,0.9117789046946865,0.8146754001391847,0.0065296263295445715,0.0017742160422021098,0.6636960075919408,0.9974755480274489,SIRA
8845,44999,813.9780000000001,292.3031211791389,197.72149085368423,1.4783578654858816,0.736510413858732,45602,239.36270861088113,0.6884054645310325,0.9867768957501863,0.8534682954363427,0.8188852299807875,0.006495769265520098,0.0018017830809114175,0.6705730198806871,0.9913468983232343,SIRA
8846,45000,804.048,313.2895411229223,183.61002394782471,1.7062768926599987,0.8102594486040984,45496,239.36536824085962,0.8088869715271786,0.9890979426762793,0.874698588671984,0.7640388101782888,0.006961989802731606,0.0014634396717063034,0.5837553034586551,0.9960481852592286,SIRA
8847,45010,802.097,301.80218107871036,191.16769809332487,1.5787300055858577,0.7738077472208054,45468,239.39196291548652,0.668816309548575,0.9899269816134424,0.8791542764422806,0.7932081937242621,0.0067052250850635495,0.0016373513825221181,0.6291792385913064,0.9933041428557592,SIRA
8848,45022,794.894,306.17293290952887,187.86824255616966,1.6297216003284214,0.789615673575423,45389,239.4238726256563,0.8149958365012129,0.9919143404789706,0.8953981854343702,0.7819890228389448,0.0068005182557311725,0.0015686440276369,0.611506831840608,0.9965858925990384,SIRA
8849,45024,790.438,292.3623177490835,196.74993822330208,1.4859588795258771,0.7396732959198283,45489,239.42919049722397,0.8213510407355382,0.9897777484666622,0.90556226806958,0.8189468203036728,0.006493477206580568,0.0018016892499107774,0.6706738944854961,0.9965938287769242,SIRA
8850,45031,800.2699999999999,304.1753051201325,190.1157588258744,1.599947879116767,0.7806084480111495,45693,239.4478021176413,0.7806091493750759,0.985512004026875,0.8835850968125492,0.7872032939132668,0.006754797919658291,0.0016000727694340977,0.6196890259478972,0.9914701427772734,SIRA
8851,45035,808.9709999999999,314.51407152050785,183.4175502183753,1.7147436063018517,0.8123447102727401,45701,239.4584366798298,0.7929395193238842,0.9854270147261548,0.8647570762511618,0.7613600101330154,0.00698376976841363,0.0014475378378197366,0.5796690650297454,0.993983823030728,SIRA
8852,45036,798.409,304.8503246279366,188.74815363888658,1.6151168567782492,0.7852725464826955,45420,239.46109524658235,0.793655828707375,0.9915455746367239,0.8878075352494768,0.7855038223719775,0.006769036429255186,0.001589643816270097,0.6170162549609871,0.9965533542936764,SIRA
8853,45040,796.887,295.21949661374106,195.03783903627237,1.5136524177692376,0.7506908485219207,45664,239.4717292184439,0.8118240807498197,0.9863349684653119,0.8912812325520213,0.8111650211630963,0.006554606940802421,0.001750504678092128,0.6579886915585266,0.995966173842381,SIRA
8854,45047,796.038,298.76232417049494,192.7854764231098,1.549713856633037,0.7639458007389266,45589,239.4903375330305,0.7387297266271995,0.9881111671675185,0.8933222225352673,0.8016082288754734,0.00663223575755311,0.0016892284438397066,0.6425757526008734,0.9958085477419759,SIRA
8855,45057,800.592,305.96101582192284,188.0860669587051,1.6267075002907982,0.7887308612845806,45486,239.51691833173751,0.6826818181818182,0.9905685265796069,0.8833842337977437,0.7828347598085584,0.006790532343962599,0.001573127740800591,0.6128302611645234,0.996895582241499,SIRA
8856,45071,791.887,300.0475941247593,191.8697421228683,1.5638088153191803,0.7688207430526922,45504,239.55412649495,0.7294458470900499,0.99048435302391,0.9031931416017988,0.7983870932001,0.006657220699002891,0.001668502061353873,0.6374219505885054,0.9968060654082517,SIRA
8857,45073,807.3459999999999,287.44964398296116,201.31084703131083,1.427889496377971,0.7138150035826972,45819,239.55944147507103,0.6820974576271186,0.983718544708527,0.8689743019732735,0.833396201698796,0.006377424266921687,0.0018977156530510285,0.6945492290059806,0.9917395488150574,SIRA
8858,45079,825.34,305.37634498488063,188.8349059767381,1.6171604683219896,0.7858888179193565,45895,239.57538570795708,0.7411627371674723,0.9822202854341432,0.831607409416636,0.7845250283541726,0.006774248430197667,0.0015829532727241933,0.6154795201141153,0.9953291489903361,SIRA
8859,45081,795.047,295.81589940759704,194.4432887907717,1.521347953160297,0.7536187128302215,45531,239.5807002164529,0.7110119235379472,0.9901166238387032,0.8962265364140583,0.8098979828205274,0.0065618752780017536,0.0017415221533394509,0.6559347425767593,0.9979049780258792,SIRA
8860,45083,794.349,296.5770825780706,194.3932231045822,1.5256554618599754,0.7552333776758752,45589,239.586014607062,0.8196163985092264,0.9889008313408937,0.8978421000436833,0.8078372493397014,0.006578468215914438,0.0017282240394290093,0.652601021420735,0.995644312745943,SIRA
8861,45087,789.05,293.03914241598625,196.2180838903994,1.4934359596522597,0.7427247614407342,45582,239.59664303465163,0.7555425219941349,0.9891404501777017,0.9100225515849837,0.8176267547716549,0.006499415406125629,0.0017917377136876015,0.6685135101184277,0.998382115524215,SIRA
8862,45089,815.231,307.1166673643878,187.28113508613563,1.6398697456801326,0.7925518499371041,45619,239.60195707164777,0.7695944562026353,0.9883820338017054,0.852548502465831,0.7801659191207777,0.006811343506495771,0.001556540567948504,0.608658861357568,0.9981212521803943,SIRA
8863,45091,805.8119999999999,306.844433399889,188.69445973048718,1.6261443703124923,0.7885648939337899,45685,239.60727099078863,0.7604519774011299,0.9869979205428477,0.8726342807114428,0.7808754043079711,0.006805003956441174,0.0015607563840758485,0.6097663970531374,0.9915681937736912,SIRA
8864,45092,796.137,309.67161925670825,186.05834476496003,1.6643790938154581,0.7993808417845218,45491,239.60992790616575,0.8096674567262803,0.9912290343144798,0.8939922345411437,0.7737548842263665,0.006867551212115414,0.0015184317748833615,0.5986966208641579,0.9964581393042642,SIRA
8865,45094,815.7589999999999,317.13794196091004,182.32251753999222,1.739433758594005,0.8182238686541244,45553,239.61524164853836,0.8074416272740295,0.9899238249950607,0.851539653904139,0.755555264586011,0.007032819043795406,0.001413754986831004,0.570863757843637,0.9929796919510552,SIRA
8866,45102,794.92,295.9583816869113,195.27663020042866,1.5155852565826469,0.7514314944167507,45790,239.63649543974995,0.8017848254284292,0.9849748853461454,0.8969305506499184,0.8096966001566288,0.006561979107066456,0.0017398181970248285,0.6556085843052036,0.993630704461988,SIRA
8867,45104,793.366,304.7796621587249,189.1736986073972,1.6111101300146973,0.7840560456713158,45585,239.64180859302238,0.7856744704570792,0.9894482834265658,0.9004876339225248,0.7862788707608067,0.006757264592025649,0.001593151616612843,0.6182344626048896,0.99604380542693,SIRA
8868,45110,796.592,299.39469919659496,193.0543858859909,1.550830859514395,0.7643381350976836,45658,239.65774734609184,0.7789001122334456,0.9879977221954531,0.8933277191848102,0.800474250176095,0.006636991780017623,0.001680894694925852,0.6407590251949814,0.9937088697847388,SIRA
8869,45116,796.6909999999999,293.5128954181725,196.2453819039033,1.4956423054168926,0.7436140942982449,45643,239.6736850392041,0.8005536233941373,0.9884538702539272,0.89322450643679,0.8165695231132424,0.006505738439094168,0.0017842225671842855,0.666785786077388,0.9972730303079995,SIRA
8870,45125,789.615,296.2471968393075,194.60820702957722,1.5222749408213954,0.7539676436185345,45624,239.6975895919152,0.7512694580870724,0.9890627739786078,0.9094865884570847,0.8091134436014045,0.006565034833004044,0.0017356192807120752,0.6546645646165232,0.9965794613594824,SIRA
8871,45125,819.391,324.6529650999577,177.6021302117798,1.8279790040402595,0.837098472103452,45672,239.6975895919152,0.8108715184186882,0.9880232965493081,0.8445875982169243,0.7383194221500933,0.0071945255423813345,0.0013187397401331717,0.5451155691240477,0.9964598151342161,SIRA
8872,45126,794.998,298.0796216408987,194.9542387685859,1.5289722527896634,0.7564650610408629,45761,239.70024550617163,0.7208395897894636,0.9861235549922424,0.8972317448470102,0.8041483821894485,0.006605496202652545,0.0017038445921211446,0.6466546205779073,0.9887169720018479,SIRA
8873,45130,793.896,300.1792890337642,191.9035958883884,1.5642191989375185,0.7689602525014834,45635,239.71086886893113,0.7940948761261262,0.9889339322888134,0.8998041046850835,0.7985589866660269,0.006651435608991008,0.0016684882768547144,0.6376964551850717,0.997497038294888,SIRA
8874,45134,786.8729999999999,291.1390368161631,198.0848825481008,1.4697690862171982,0.7328604477692631,45589,239.72149176091165,0.8106253816588239,0.9900195222531751,0.9160188302387531,0.8233917869017386,0.0064505480749803504,0.0018289528176532838,0.6779740347372383,0.9964652775147377,SIRA
8875,45136,794.457,294.1787608849655,195.6769536114157,1.5033899263842754,0.746697804633709,45597,239.72680303037936,0.7652244676522447,0.9898896857249381,0.898653232584352,0.8149018042948422,0.006517608137295408,0.0017729199451471205,0.6640649506429893,0.9983485572615413,SIRA
8876,45146,804.8109999999999,311.4947076523367,185.2847086739893,1.6811679165624802,0.8038555336265496,45606,239.7533576128052,0.7958046888771373,0.989913607858615,0.8758733937483422,0.7696867770877092,0.006899718859972903,0.0014937133423592298,0.592417734823665,0.9959536889881646,SIRA
8877,45147,819.219,318.00267707030395,181.43695333344192,1.7526896876728508,0.8212617185044894,45652,239.7560129092874,0.6926086156111929,0.9889380530973452,0.8453542266523342,0.7539433790875987,0.007043716682621303,0.0014039012759024477,0.5684306188700267,0.9962824838509923,SIRA
8878,45147,807.574,309.42612265973804,186.57719318106535,1.6584348675427492,0.7977576963802709,45655,239.7560129092874,0.7889797630282059,0.988873069762348,0.869909561439157,0.7748408920630669,0.006853747151742929,0.0015239052700003978,0.6003784080130894,0.9956884855687145,SIRA
8879,45156,813.9689999999999,299.11751767197273,194.35490297950852,1.5390273828260956,0.7601385522646308,45944,239.77990925442649,0.6783949040758379,0.9828486853560857,0.8564649570966242,0.8016244288219226,0.006624092427849516,0.0016872907292359294,0.6426017248840739,0.9889816508478707,SIRA
8880,45161,814.448,302.9709840527079,190.23880731183243,1.5925824406378295,0.778285167537564,45836,239.79318397274074,0.6992598786077047,0.9852735840823806,0.8555525531107326,0.7914724399186158,0.006708686345579325,0.0016239043209384718,0.6264286231507269,0.9976392255427797,SIRA
8881,45163,785.996,288.2343667619723,200.1309536945324,1.4402288173868174,0.7196527899048003,45618,239.79849365430582,0.7962727881801192,0.9900258669823315,0.9186540096375138,0.8319566342771837,0.006382090799149133,0.0018860165464311266,0.6921518413178197,0.9968570278732715,SIRA
8882,45163,798.896,299.1589708049116,193.0184594906356,1.5498982407919666,0.764010635897646,45735,239.79849365430582,0.7773054283845651,0.9874931671586312,0.8892260016605595,0.8015754734317625,0.006623983588444337,0.0016868508772109653,0.6425232396073542,0.9958456387353936,SIRA
8883,45165,791.454,292.39043557399685,197.3641062829641,1.4814772608895357,0.7378159688765071,45658,239.80380321830515,0.8098440021516945,0.9892023303692672,0.9060674353872872,0.8201492731714772,0.006473827866135212,0.0018068101758749555,0.6726448302837024,0.9965080207202062,SIRA
8884,45167,808.98,301.9347081642519,191.76930791472645,1.5744683622600986,0.7724011277417373,45807,239.80911266474652,0.71142578125,0.9860283362804811,0.8672724282716086,0.7942416230408689,0.006684851953068654,0.0016409000496475888,0.6308197557705937,0.993205747749442,SIRA
8885,45172,818.531,312.99388467185014,184.21241328941224,1.6990922548748766,0.8084611399041969,45867,239.8223857665851,0.7868452681635284,0.9848474938408878,0.8472448146762201,0.7662206755829122,0.006928935727261359,0.001473200177605922,0.5870941236907343,0.9975270784454795,SIRA
8886,45182,827.02,328.32124446377793,175.83358898846947,1.8672271114554118,0.8445013067766872,45690,239.84892976668482,0.6842647281538694,0.9888815933464653,0.8301246127064915,0.7305312519706478,0.007266638140493513,0.0012766401404548811,0.5336759101058024,0.9964941280801952,SIRA
8887,45183,782.6809999999999,293.2475521164696,196.55115151011532,1.4919655767133875,0.7421292931729797,45524,239.85158400512776,0.8004357993197279,0.9925094455671734,0.9268625714294929,0.817915042338923,0.006490218713154717,0.0017917271584878744,0.6689850164842822,0.9981026159315871,SIRA
8888,45183,812.943,316.5425686790095,182.30133591643204,1.73636998921453,0.817510197260761,45753,239.85158400512776,0.7057638238050609,0.9875418005376697,0.8591415749251277,0.7577229975926228,0.007005789094991689,0.0014245532782906506,0.57414414108075,0.9969266560559673,SIRA
8889,45185,793.7409999999999,299.25186910614826,192.84240751542777,1.5517949239573123,0.7646759092910591,45569,239.85689239389876,0.711541187030534,0.9915732186354759,0.9012525834985107,0.8015217853453694,0.0066228144097852885,0.00168610133261711,0.6424371723832285,0.9969307430657829,SIRA
8890,45186,802.143,290.12220457120117,198.52740852728508,1.4613710354826273,0.7292109990071441,45793,239.85954654422878,0.71438057294631,0.9867446989714586,0.8824907585526663,0.8267534947858944,0.006420621532580914,0.0018503802794698177,0.6835213411406903,0.9988782900772446,SIRA
8891,45190,798.8439999999999,295.15100077784325,195.38878813057084,1.5105830974324133,0.7495073502533874,45712,239.87016285186868,0.7142405563458195,0.9885806790339517,0.8898734512944952,0.8127032001237096,0.006531334383222909,0.001757557575610455,0.6604864914913182,0.9977197301292229,SIRA
8892,45200,810.461,296.8993134079095,196.49761738113537,1.5109563024982162,0.7496517395559449,46370,239.8967015655475,0.7105912685311827,0.9747681690748329,0.8647370295470964,0.8080069260246276,0.0065685688807059625,0.0017270736373031798,0.6528751925037681,0.9864658868583047,SIRA
8893,45215,812.088,306.1473396243572,189.98130783007522,1.6114603227080857,0.7841628067960748,45948,239.93650413223992,0.6647407342066187,0.9840471837729607,0.8615613597746712,0.783728855611295,0.0067709242424938,0.0015757636057493205,0.61423091911779,0.989808755138838,SIRA
8894,45226,814.984,314.1255195425217,183.9713299659377,1.707469960676384,0.8105554937344719,45806,239.9656884852342,0.7442158960013164,0.9873379033314413,0.8556573340799163,0.7639165669656812,0.006945684330750491,0.0014590780319313483,0.5835685212846322,0.9964257200898465,SIRA
8895,45238,790.6560000000001,295.9579903053604,195.19766639955492,1.5161963550299657,0.751664921162472,45667,239.9975219137258,0.7387363848653592,0.9906059079860731,0.9093647558689721,0.810917528079251,0.006542243032524877,0.001745071345944749,0.6575872373461629,0.9970313723784772,SIRA
8896,45239,812.088,317.6297480916251,183.03495880238094,1.7353501766543045,0.817271665360966,45788,240.0001745088408,0.6516146688560481,0.9880099589412074,0.8620186742197578,0.755597282530379,0.00702114874536628,0.0014117229854014575,0.5709272533672934,0.9907587099876896,SIRA
8897,45240,805.168,307.0209169621314,188.33094531767978,1.6302202298419064,0.7897614819872153,45679,240.00282707463836,0.7092687821397216,0.9903894568620154,0.8769189349329553,0.7817149054513468,0.006786492417376911,0.001563214961186386,0.6110781934048081,0.996192032903763,SIRA
8898,45240,800.8689999999999,299.97968481975187,192.48312470873648,1.5584726467511274,0.7669943385023308,45658,240.00282707463836,0.7187112763320942,0.9908449778790135,0.8863586627584619,0.8000636017030565,0.006630850681250041,0.0016758959937928778,0.6401017667700668,0.997581094648219,SIRA
8899,45255,795.0149999999999,294.521412341052,196.1550266418446,1.5014726738500184,0.7459403244594607,45709,240.04261204417392,0.7042922061752988,0.9900676015664311,0.8997581467799189,0.8150260116443,0.00650804137313119,0.0017713971678606597,0.6642673996568147,0.9973793487141163,SIRA
8900,45257,794.5089999999999,296.1266678242115,194.99853292714124,1.5186097217195758,0.7525833203663199,45724,240.04791620857546,0.7239961606143017,0.9897865453591111,0.9009443866408546,0.8106257973060169,0.0065432235416446405,0.0017428226794475256,0.6571141832580155,0.9978999869754414,SIRA
8901,45265,785.6500000000001,283.8099191922156,203.7962632536901,1.3926159128782587,0.6959677072455275,45693,240.06913169426247,0.797452521052817,0.9906331385551398,0.9215399326659267,0.845879990303197,0.0062699639719919495,0.00198006667524546,0.7155129579953368,0.9964347311748991,SIRA
8902,45266,809.048,303.2886642239763,191.6882155963745,1.5821977542041064,0.7749420882753737,46017,240.07178349814848,0.7125698543880362,0.9836799443683856,0.869027272133615,0.7915620061581244,0.0067001428052837955,0.001622570530925516,0.6265704095930746,0.9913582949089099,SIRA
8903,45267,797.848,298.1961602417823,194.19692714443354,1.535534905863879,0.7588728144889204,45780,240.07443527274327,0.7708432668074382,0.9887942332896461,0.8936166578827183,0.8050889558003933,0.006587495531883763,0.0017071652916343955,0.6481682267517678,0.995284937049233,SIRA
8904,45269,796.8219999999999,303.5594510381275,190.43242409283096,1.594053389196737,0.7787522798236841,45653,240.07973873406328,0.7842726217494499,0.99158872363262,0.8959589917499721,0.7908821086381161,0.006705680510683415,0.0016183394636658168,0.625494509763873,0.9970716432130532,SIRA
8905,45269,800.9319999999999,311.1504800092098,186.4262586600802,1.6690271115537707,0.8006357161641715,45669,240.07973873406328,0.8309135294873442,0.9912413234360288,0.8867873184490728,0.7715872356261739,0.006873367646937414,0.0015027594755043935,0.5953468621812409,0.9936500537589572,SIRA
8906,45269,803.3139999999999,311.7337513592969,186.00458245309738,1.6759466204973912,0.8024809682530738,45851,240.07973873406328,0.7992408192090396,0.987306710867811,0.8815360825975094,0.7701435525900213,0.006886252211431595,0.001494340006433438,0.5931210915959788,0.9940392890060044,SIRA
8907,45272,815.716,312.22127561241575,185.38367835470845,1.684189667523046,0.804644148061693,45817,240.08769370638362,0.6646211665223072,0.9881048519108627,0.8549910785486988,0.7689664749317817,0.0068965646671765276,0.0014874493960289475,0.5913094395690106,0.9958772484309708,SIRA
8908,45287,800.096,297.6950695731053,194.1418214334817,1.5333897012762072,0.7580900059955396,45723,240.1274646149859,0.7945087719298246,0.9904643177394309,0.8889947940923988,0.8066222425494943,0.006573521530971477,0.0017165585699871577,0.6506394421755752,0.9976838198761235,SIRA
8909,45298,805.4069999999999,309.163630721776,187.26342899877284,1.6509557278469036,0.7956856696848962,45759,240.15662576205014,0.7968266253869969,0.9899254791407155,0.8775221585336237,0.7767945576307876,0.0068251055393566155,0.0015329000232786815,0.6034097847648109,0.9962028403963319,SIRA
8910,45303,792.3340000000001,298.73651325412584,193.79236342855623,1.5415288196547459,0.7610385530841469,45801,240.169879658414,0.7531420401649156,0.989126874959062,0.9068182283005362,0.8039522087281944,0.006594188315434427,0.00169926862602152,0.6463391539189425,0.9963504330373145,SIRA
8911,45308,789.6610000000001,290.3709124429013,199.1770939700528,1.4578529420986526,0.7276578758690312,45780,240.1831328233953,0.7668923493568043,0.9896898208824815,0.9130685349035431,0.8271597550964237,0.006408822116246607,0.0018506128098245138,0.6841932604511757,0.9974531577128163,SIRA
8912,45313,802.357,298.0036988579185,194.0043539308442,1.5360670666398881,0.7590663736285458,45769,240.19638525711503,0.7333624652035994,0.9900369245559222,0.8844990857914979,0.8060181339280467,0.006576560785159192,0.0017122132448856167,0.6496652322208506,0.9979293675554037,SIRA
8913,45320,803.5550000000001,302.5886454815311,191.5670752757242,1.5795441103123413,0.7740748711720286,45915,240.21493743603367,0.7799270324223859,0.9870412719154961,0.8819999279924943,0.7938663298279496,0.006676713271878444,0.0016358068383719314,0.6302237496344988,0.9954662119141323,SIRA
8914,45325,801.826,301.85874938605286,192.067747807495,1.5716264330261154,0.7714553009155785,45963,240.2281881152194,0.8002295197740112,0.986119269847486,0.8859055198057065,0.7958297998776476,0.006659873124899126,0.001647883508693149,0.6333450703732966,0.9953818538254582,SIRA
8915,45336,807.124,311.87273631171524,185.7511411545332,1.6789815361201839,0.8032817907403066,45813,240.25733703700564,0.817616187848293,0.9895881081789012,0.8745256279315741,0.7703697985221435,0.006879140998582037,0.0014945517847375982,0.593469626475048,0.9964245450997479,SIRA
8916,45342,801.253,297.33359715794484,194.85203139552948,1.5259455856243467,0.7553415155347429,45876,240.2732349584151,0.8032525510204082,0.9883599267590897,0.8875057990285766,0.8080931225231871,0.006557575694895347,0.0017249190461067175,0.6530144946692749,0.9964645854892934,SIRA
8917,45344,792.215,293.2392508235924,197.75105402973813,1.482870734936738,0.738395775064339,45823,240.27853403180072,0.7927272727272727,0.9895467341727954,0.9079116110457962,0.8193941750872501,0.006466991240816699,0.0017982643089497407,0.6714068141669152,0.9956095159652275,SIRA
8918,45352,793.284,301.99315770617153,192.10485120185788,1.5720225481908647,0.7715875100157409,45832,240.29972915679514,0.7871151376306016,0.9895269680572526,0.9056260745254402,0.795712495547989,0.006658871884507222,0.0016466645439602167,0.6331583755712084,0.9953392429738395,SIRA
8919,45360,784.586,290.2963519628338,199.13892977968797,1.4577579194786041,0.7276157243087319,45785,240.32092241248364,0.7651821862348178,0.9907174838921045,0.9259804147965472,0.8278468564539576,0.0063998313924787,0.0018541647105605507,0.6853304177406997,0.999045843921085,SIRA
8920,45370,811.372,303.6381725888822,190.89697251728768,1.5905866320713107,0.7776488573027981,45998,240.34741135413614,0.7127372125172804,0.9863472324883691,0.8660413145614465,0.7915586149952233,0.006692487824308622,0.0016206889543353227,0.626565040973156,0.9966059782951153,SIRA
8921,45377,802.9549999999999,303.47612848566524,191.06131109750956,1.5883703861468006,0.7769388396271023,45944,240.36595187639924,0.6966500859739622,0.9876588890823611,0.884429521452588,0.7920423694470353,0.006687884357398357,0.0016235369418381661,0.6273311149992742,0.9964341653732999,SIRA
8922,45380,802.222,303.2553425756426,190.96953004554032,1.587977634459935,0.7768126358770906,45947,240.37389737673615,0.7797250859106529,0.9876596948658236,0.8861050668648942,0.7926452188283489,0.006682576962883266,0.0016271931573399552,0.6282864429314411,0.9977048194095168,SIRA
8923,45382,779.361,286.42371555377457,202.09930446261674,1.4172424606575313,0.7086147708341285,45764,240.37919423105475,0.7339565273644715,0.9916528275500394,0.9388931197708462,0.839243334883437,0.006311394728169198,0.0019313309884177472,0.7043293751462729,0.9982054967456855,SIRA
8924,45387,798.5659999999999,302.8122726468788,191.15273655100833,1.5841377848445009,0.7755727292292677,45720,240.3924358562366,0.8090374331550803,0.9927165354330708,0.8943751221884693,0.7938662252852863,0.006671784269656042,0.001634598362876347,0.6302235836487089,0.9983609917580287,SIRA
8925,45388,800.9599999999999,307.0593314997425,188.71313316653115,1.62712221638955,0.7888529551898614,45929,240.3950840937467,0.7351473922902494,0.9882209497267521,0.8890562806923789,0.7828945725883217,0.006765209559789867,0.0015677403851225276,0.6129239117882512,0.9973021138270525,SIRA
8926,45391,800.164,303.91927825818846,191.1524828798139,1.5899311046316675,0.7774392229572428,45944,240.403028631242,0.7959981762065096,0.987963607870451,0.8908849006206472,0.7910094746507409,0.006695584548879479,0.0016169440892731162,0.6256959889872412,0.9948135149340882,SIRA
8927,45395,804.0199999999999,298.7957659051373,193.69377799993217,1.5426193292860544,0.7614292102515416,45898,240.4136209395231,0.7070211506712768,0.9890409168155475,0.8824379571068152,0.8046085265339753,0.006582129439478737,0.0017017066790333936,0.6473948809711749,0.9986838570669788,SIRA
8928,45395,800.3859999999999,292.63861549429396,197.985972996833,1.4780775176379541,0.7363925616019015,45965,240.4136209395231,0.8027409372236959,0.9875992603067552,0.8904692305713756,0.8215375832524427,0.006446494448602136,0.0018113948143321506,0.6749240006962645,0.9975899915434114,SIRA
8929,45397,813.207,304.1759815706891,190.7831176475606,1.594354811480765,0.7788478049525465,46010,240.41891691866135,0.7264566097518043,0.9866768093892632,0.8626503470469098,0.7903941516920497,0.006700354243026832,0.001613066973803934,0.6247229150289948,0.996029985418767,SIRA
8930,45414,802.9680000000001,291.7133434033628,198.7078705430176,1.4680512785235185,0.7321205237450689,46018,240.4639280320495,0.759139461411163,0.9868747012038768,0.8851220165425988,0.8243158342590835,0.006423423248411564,0.0018294513758452837,0.6794965946102488,0.9975358444699526,SIRA
8931,45419,814.808,313.6850611227195,185.4262519190643,1.691697145772208,0.8065819003345773,45911,240.47716499145267,0.6654798534798535,0.9892836139487269,0.8596800793706539,0.7666197559129967,0.006906472205964894,0.0014714857433072307,0.5877058501561027,0.994220309262708,SIRA
8932,45421,796.324,296.27851741567486,196.45769218234597,1.5081034197463659,0.7485445528794974,45854,240.48245957120412,0.6991718490240749,0.9905569852139399,0.9000920912434986,0.8116770046942364,0.006522941313834457,0.0017464501878434347,0.6588195599494074,0.9935680313554973,SIRA
8933,45421,787.5269999999999,291.18593952790485,199.20242041202343,1.4617590435177739,0.7293814040114264,45821,240.48245957120412,0.7834719011970883,0.9912703782108641,0.920313199592985,0.8258724990674156,0.006410821856143741,0.001839693569481135,0.6820653847158584,0.9970152443788356,SIRA
8934,45422,801.81,298.17073619056265,194.35739345532934,1.5341363191264115,0.7583629192973774,45910,240.4851068173673,0.7405921867866693,0.9893705075147027,0.8878368778200938,0.8065349064425688,0.006564456346936785,0.0017134490700217537,0.6504985553103232,0.9979534592408276,SIRA
8935,45423,807.2509999999999,299.1624058108958,193.92863782893056,1.5426417117145672,0.7614372176166384,45929,240.48775403439006,0.7309901993916864,0.9889829954930436,0.8759281725821899,0.8038702369120715,0.006586143711575541,0.001696503511558905,0.6462073577930699,0.996866424548449,SIRA
8936,45428,790.9179999999999,292.4961358706166,198.52836983466682,1.4733216019161672,0.7343801027539071,45923,240.5009896824314,0.7647811447811448,0.9892210874725084,0.9125791922018655,0.8222364680701804,0.006438675175456032,0.001815361906455586,0.6760728094245247,0.9960726745933044,SIRA
8937,45429,790.537,295.60388773074413,196.2365391903573,1.5063651700665008,0.7478660536436784,45832,240.5036367246319,0.7924123495552067,0.9912070169314017,0.9134791486975649,0.8136010611054573,0.006506942431722999,0.001758744500753296,0.661946686631926,0.997133433183258,SIRA
8938,45430,811.7559999999999,320.7426524126642,181.34975228473436,1.7686412491430992,0.8248128844530176,45931,240.5062837376987,0.6669896640826873,0.989092334153404,0.8663663706698252,0.7498419119770382,0.0070601508345292585,0.001376805486122576,0.5622628929573804,0.9944413453469539,SIRA
8939,45430,806.7929999999999,300.4688660412319,193.42092593978086,1.553445495006983,0.7652524071217108,45964,240.5062837376987,0.6809869288883559,0.9883822121660429,0.8770580880467771,0.8004366206270942,0.0066138865516449895,0.0016747280827874782,0.6406987836409228,0.9952906391034452,SIRA
8940,45436,806.5329999999999,311.37915643810027,186.08344419965383,1.67333078865422,0.8017865835023245,46008,240.5221652043463,0.7374537427773811,0.9875673795861589,0.8777395580917866,0.7724414439158526,0.006853137521747078,0.0015049825958014346,0.5966657842788071,0.9984192273702451,SIRA
8941,45436,785.7499999999999,293.11474295063806,198.01006814058061,1.4803022174737916,0.7373254200679003,45825,240.5221652043463,0.800465099890772,0.9915111838516094,0.9247858488457426,0.8205734136165624,0.006451156416732064,0.0018042100684136204,0.673340727134338,0.9967477714923757,SIRA
8942,45439,810.822,314.5881848816817,185.1769902586235,1.6988513769573572,0.8084003829997608,46053,240.53010554444333,0.7899000434593655,0.9866675352311467,0.8685355141871725,0.7645872194307234,0.006923307838677825,0.0014594914065342167,0.5845936161168053,0.9931376697005153,SIRA
8943,45440,799.876,306.0673646327047,189.8177577498487,1.6124274581098756,0.7844572149534096,46013,240.5327522662263,0.7284853148646916,0.9875469975876383,0.8924889637562183,0.7858817373583001,0.00673563742589579,0.0015848466654842395,0.6176101051133002,0.9958514918908116,SIRA
8944,45441,794.308,297.91416107244896,194.8363503177609,1.5290481503404127,0.7564931282791576,45821,240.53539895888616,0.7926216640502355,0.9917068593003208,0.9050652091805006,0.807398339484745,0.006556065251038687,0.001718598536655038,0.6518920786027236,0.9967743770090614,SIRA
8945,45445,806.1099999999999,311.07900159575746,187.26171920175588,1.6611991117127403,0.7985150858709232,46024,240.54598543831378,0.7883597883597884,0.9874196071614809,0.8788350197802177,0.7732633324794442,0.006845175521966277,0.001509642168895419,0.5979361813572157,0.9932910533315146,SIRA
8946,45458,798.685,308.9294394517843,187.58520401169287,1.6468753017030469,0.7945409936172227,45853,240.58038827920083,0.7818713450292397,0.9913855145791988,0.8955073034694095,0.7787551380863107,0.006795931177169789,0.001541815598559745,0.6064595650958289,0.9987632792378917,SIRA
8947,45471,803.158,311.3072319332405,186.27229233724512,1.671248192778023,0.801230982944007,45954,240.61478620120707,0.8049674267100977,0.9894894894894894,0.8858136946579233,0.7729174317826535,0.006846280748900188,0.0015071860848764242,0.5974013563534928,0.9984059371689145,SIRA
8948,45479,807.8069999999999,310.5867368675709,187.13127854404343,1.6597264726883745,0.7981121504070922,46067,240.63595170923745,0.7416666666666667,0.9872359823734995,0.8758012211409734,0.7747785824216978,0.006829234083149825,0.0015179665064363774,0.6002818517793758,0.9963036804726288,SIRA
8949,45482,809.2779999999999,312.261404792294,186.50084304616814,1.6743163177819733,0.8020486495514985,46079,240.64388829480933,0.75611783481846,0.9870439896699147,0.8726778422201831,0.7706488365248908,0.006865604080565807,0.0014937730724537115,0.5938996292371678,0.9943758403564541,SIRA
8950,45491,798.577,306.5217757477866,190.33247567113048,1.6104544149229476,0.7838559152941259,45999,240.66769648115903,0.6636758870214753,0.988956281658297,0.8963998024093487,0.7851569301855609,0.006738075130196887,0.0015795794869950701,0.6164714050184138,0.992799095885657,SIRA
8951,45501,821.249,314.25725042035964,185.07564809043967,1.6979935159637731,0.808183756543092,46098,240.69414725953482,0.6539849083722602,0.9870493296889236,0.847775961368798,0.7659143804560605,0.006906600963063661,0.0014661048230422105,0.586624838189391,0.9960851715488837,SIRA
8952,45502,797.005,304.51525241712216,190.71468661784738,1.5967058322430483,0.779590622401959,45895,240.69679217750155,0.7909952194697958,0.9914369757054146,0.9001569899369456,0.790426063282365,0.006692348741090989,0.0016113999111026821,0.6247733615160573,0.9975792701627831,SIRA
8953,45509,819.252,311.00724361613123,186.67205882683768,1.666062106834266,0.799836663313282,46000,240.7153057895416,0.6986766150822894,0.9893260869565217,0.8520638419272946,0.7739861714817508,0.006833972260786465,0.001512814853290983,0.5990545936449782,0.9980621583968974,SIRA
8954,45510,807.9399999999999,304.26419653292186,191.0623424872342,1.5924864762570952,0.7782546384857796,46067,240.71795047502638,0.71230689768512,0.9879089152755769,0.8761096814960069,0.7911478025281897,0.006685655823619465,0.0016156760330578487,0.6259148454451835,0.9967609266600047,SIRA
8955,45511,795.194,305.4453824607805,190.74100477055336,1.6013619243969466,0.7810500329889817,45897,240.7205951314552,0.7947159795344614,0.9915898642612807,0.9044406079516553,0.788097018171044,0.00671146277736768,0.001597039603333361,0.621096910050091,0.9946009431148111,SIRA
8956,45524,799.609,299.9699819760941,193.6621240956124,1.5489346890979918,0.7636715048143051,45998,240.75497302137612,0.787994184033788,0.9896952041393104,0.8947360405107654,0.8025968846461541,0.006589271197084925,0.0016865803014956338,0.6441617592437121,0.9977644942829745,SIRA
8957,45525,799.104,302.3272013281287,191.96502032944602,1.5749077660569701,0.7725468065442895,45935,240.75761727112246,0.7967970595956944,0.9910743441819962,0.8958869476789343,0.796347851643749,0.0066409050264278685,0.0016474729141011469,0.6341699008176144,0.9987591017972395,SIRA
8958,45528,800.8539999999999,292.88491807228775,198.73533136389318,1.4737435767573834,0.7345596725730399,45982,240.76554984611582,0.7121761982230008,0.9901265712670175,0.8920346790155839,0.8220483028992698,0.0064330723526684185,0.001812122475969488,0.6757634122995697,0.9959019882841423,SIRA
8959,45529,801.419,302.01389271275053,193.1802470831587,1.5633787474282606,0.7686743968439482,46094,240.7681939797016,0.8078820356306339,0.9877424393630407,0.8907969198443865,0.7972090019338928,0.006633440064854281,0.0016527506945964395,0.6355421927644334,0.99359315726187,SIRA
8960,45541,798.6350000000001,301.6021739626012,193.10000452776464,1.5618962552599824,0.7681687837451108,46045,240.79992131806034,0.7457790878572014,0.9890541861222717,0.8972547135241469,0.7984024722179874,0.006622651543940652,0.0016599658742169215,0.6374465076437941,0.9956253132173958,SIRA
8961,45541,805.2429999999999,294.27904287609175,197.33562709217966,1.49126159940003,0.7418434065705914,46073,240.79992131806034,0.7115225373017733,0.9884531070258069,0.8825890000201465,0.8182707098835129,0.006461848507412919,0.0017870000232321109,0.6695669546532681,0.99849948770164,SIRA
8962,45548,806.084,313.647227071147,186.56764299305462,1.681144822539368,0.803849487198454,46323,240.81842700175,0.8081904964690018,0.983269650065842,0.88088370076037,0.7678002743736144,0.006886081212592144,0.0014761991638243717,0.5895172613281976,0.991063891679487,SIRA
8963,45550,807.337,305.7429184052436,190.20497547443009,1.607439120047339,0.7829318016912322,46027,240.8237140787565,0.6888677162258215,0.9896365176961349,0.8781900906583492,0.7876673492059736,0.006712248483100847,0.0015937461957490579,0.6204198530051652,0.9972871425745221,SIRA
8964,45550,797.549,296.93249332399296,196.3919570536908,1.5119381556079499,0.7500309656893005,46093,240.8237140787565,0.7756624208160207,0.9882194693337383,0.8998777124923445,0.8110386013429177,0.006518825319955937,0.0017398636157208256,0.6577836128682761,0.9945281424291953,SIRA
8965,45552,793.486,293.3034560775743,198.61516943900745,1.476742470910031,0.7358301554959279,46173,240.82900103969234,0.7059042305904231,0.9865505815086739,0.9091567690894153,0.82109158978337,0.006438871094080925,0.0018053271294083413,0.6741913988129821,0.9956070721493732,SIRA
8966,45564,799.25,303.2369331504099,191.83189587048884,1.580743034282129,0.7744673435240299,45975,240.8607203682513,0.7086599477416946,0.9910603588907014,0.8963268730256657,0.7942987612553807,0.006655186839399744,0.0016340884344212886,0.6309105221318324,0.9973074131151951,SIRA
8967,45568,836.966,311.24583581434536,187.85509308249146,1.6568400180540763,0.7973186607388009,46410,240.87129254955207,0.7640894075825411,0.9818573583279465,0.8174368269857881,0.7738940247002344,0.006830359809830261,0.0015112952542546132,0.5989119614667269,0.992301305049334,SIRA
8968,45568,805.5399999999998,303.09848172016046,192.20642168666086,1.5769425342836791,0.7732194651748633,46152,240.87129254955207,0.7841004904069517,0.9873461605130872,0.882461181402457,0.794696466912492,0.006651564293367286,0.001636472399277634,0.6315424745231976,0.9959061902823969,SIRA
8969,45569,796.675,302.85782181134505,192.59362097517598,1.5725226011010063,0.7717542348737756,46067,240.87393552237367,0.7643753354804079,0.989189658540821,0.902229419259485,0.7953366833378928,0.006646137106615134,0.0016404126686735895,0.6325604398629194,0.9947155882468347,SIRA
8970,45571,812.9780000000001,314.6733569078063,186.35346845701395,1.6885833116671602,0.8057818911920116,46160,240.8792213810193,0.6934114424832624,0.987240034662045,0.8664446733605631,0.7654897247992706,0.006905122927032681,0.0014625429854141152,0.585974518773263,0.989466793462727,SIRA
8971,45576,791.028,292.911601469054,198.74123716904492,1.4738340449189709,0.7345981451738341,46056,240.89243552019184,0.7150746830676541,0.989577905158937,0.9152976714600336,0.822406604286181,0.006426882602006626,0.0018135372756531015,0.6763526227735269,0.9968315218138621,SIRA
8972,45576,804.7209999999999,310.5935738188235,187.37812013248777,1.6575765281411452,0.7975215972873172,46053,240.89243552019184,0.7922403003754693,0.9896423685753372,0.8844135766535142,0.7755873135376267,0.006814849346560107,0.0015211036506782092,0.6015356809205129,0.9970914255332431,SIRA
8973,45582,796.917,301.8024792475994,192.96527671429024,1.564024804807015,0.7688941852801982,46061,240.90829153044564,0.7285543035243347,0.9896007468357179,0.9019387751654896,0.7982316518109315,0.00662108900986353,0.0016581543993063278,0.6371737699528082,0.9965555811785906,SIRA
8974,45595,801.717,301.09282833515203,193.50532303698606,1.555992484390737,0.766137555763728,46054,240.94264263969495,0.7699257007767646,0.9900334390063839,0.8914251826549087,0.8002271059458687,0.006603636985089418,0.0016703827109145013,0.6403634210905004,0.9964006704955596,SIRA
8975,45595,811.89,313.6443978099017,186.11338365400218,1.6852329029329165,0.8049152476985392,46066,240.94264263969495,0.7691983264727714,0.9897755394434072,0.8692259824516144,0.7682032401092943,0.006878920886279235,0.0014777624121387943,0.5901362181144181,0.9945169719788136,SIRA
8976,45599,802.728,296.1481332092344,199.44567927759547,1.484856098572309,0.7392182594396104,46617,240.95321122653394,0.7783923115003158,0.9781624729176052,0.8892591832942303,0.8136239408819633,0.006494619031321616,0.0017556111095982417,0.6619839171762967,0.9829508565760102,SIRA
8977,45608,820.7479999999999,307.80640726643566,190.30457728121416,1.6174409027040288,0.7859731658705601,46407,240.97698885221655,0.7465706334915698,0.9827827698407567,0.8508073357743079,0.7828849015596615,0.006748956482775734,0.001563896690288394,0.6129087690900809,0.9913437127522757,SIRA
8978,45610,804.498,309.4170816952756,188.04744353201474,1.6454203039596118,0.7941303624213675,45991,240.9822724504248,0.770829812404935,0.9917157704768325,0.8855640926912127,0.7788266605389041,0.006783974604149871,0.0015396684661763678,0.6065709671661816,0.9980641851676542,SIRA
8979,45620,800.011,294.37280850976765,198.05012644502278,1.4863550647188468,0.7398364569238568,46103,241.00868870399282,0.7047954517364974,0.9895234583432748,0.8957219728311896,0.8187192625707338,0.006452713908587629,0.0017883898935518352,0.6703012309043663,0.9963056294419821,SIRA
8980,45620,800.9839999999999,307.34584063248195,189.92718843704995,1.6182298235534067,0.7862101707676241,46121,241.00868870399282,0.7801090989928008,0.9891372693566922,0.8935471275735098,0.7841612178906505,0.00673708550268483,0.0015713511966508112,0.6149088156437483,0.995063784240617,SIRA
8981,45626,811.443,298.43026408122364,195.68630294497154,1.5250442140814755,0.7550052944448179,46236,241.02453706642928,0.8082837301587301,0.9868068171987197,0.8707755453709057,0.807641067532044,0.006540793935063859,0.001716658097630126,0.6522840939642996,0.9947620834376326,SIRA
8982,45626,796.9349999999998,297.9236729719148,195.81271901644516,1.5214725298150522,0.7536656516819721,46212,241.02453706642928,0.6989276960784314,0.9873193110014715,0.9027686284264639,0.8090143850003843,0.006529690811640617,0.001725430042201678,0.6545042751375499,0.9958102752682952,SIRA
8983,45638,806.878,304.850815110261,191.87476379520203,1.5888009922745454,0.7770770761550866,46250,241.0562306654266,0.8142372881355933,0.9867675675675676,0.8808880518687989,0.7907350701300876,0.006679758427412704,0.0016108849434601112,0.6252619511336346,0.9934168083926369,SIRA
8984,45644,789.69,300.19998651555767,193.96835327025093,1.547675079229533,0.763226989655701,46074,241.07207590239847,0.7295336125051946,0.9906671875678257,0.9197722101590073,0.8030382635940094,0.00657698682226706,0.0016871422118770662,0.6448704527960817,0.9980499291239606,SIRA
8985,45645,800.0899999999999,283.74282241777473,205.20361278535924,1.3827379477697923,0.6906356952230569,46158,241.07471667397328,0.7277582908163265,0.9888860002599766,0.8960358597980049,0.8496240173399764,0.006216295813731509,0.0019981061578784173,0.7218609708409206,0.9981445573956845,SIRA
8986,45659,817.735,309.30952043755894,188.70071897980245,1.6391539052411657,0.7923468748454192,46186,241.11168443910552,0.7950651250261197,0.9885896159009223,0.858047018682865,0.7795158846000646,0.006774338475165005,0.0015429310988815668,0.6076450143438211,0.9960236982619987,SIRA
8987,45664,802.466,304.95063705917283,191.3532202650226,1.593653018417034,0.7786252945067579,46159,241.12488583882518,0.7035621841488968,0.9892761974912802,0.8911083929526762,0.7907013678152676,0.006678141140924423,0.0016102203707222,0.625208653064935,0.996365657097382,SIRA
8988,45674,809.693,305.7368434651361,190.68785339007175,1.6033367518156476,0.781664372209648,46164,241.15128647020282,0.7078167617158443,0.9893856684862663,0.8754636976742327,0.788754419444714,0.0066938924435157,0.0015981800871811207,0.622133534193568,0.9974895599095043,SIRA
8989,45676,817.5649999999999,323.24091736832645,180.2793304624043,1.7930004318256305,0.8300262343200339,46100,241.15656624965303,0.7531700882183198,0.9908026030368764,0.8587234964715283,0.7460582905562665,0.007076821905778231,0.00135241217672071,0.5566029729077386,0.9979893707790051,SIRA
8990,45679,814.728,287.66877755417755,202.83004292349617,1.4182749922440288,0.7091258988333081,46387,241.16448570209815,0.7270715945627606,0.9847371030676698,0.8647711004993865,0.8383408437736309,0.00629761548094699,0.0019188384146689524,0.7028153703390834,0.9967854639166478,SIRA
8991,45684,799.811,293.49709994401485,199.0398847830492,1.4745642576306892,0.7349083435066709,46175,241.17768421162262,0.7212048497095226,0.9893665403356795,0.8974272266917782,0.8217378783559625,0.006424505296033947,0.0018069772296043303,0.6752531407249587,0.9957041461658899,SIRA
8992,45688,795.6649999999998,292.6611012175812,199.5632818951156,1.4665077585334307,0.7314528113476629,46262,241.18824249921494,0.772435247176574,0.9875924084561843,0.9068835035162247,0.8241212839553339,0.006405644834914665,0.0018226661996943803,0.6791758906681882,0.9960167130737511,SIRA
8993,45691,812.3729999999998,301.10969514236024,195.32690135254356,1.541567971730071,0.7610525964959736,46236,241.19616091159972,0.6864633413461538,0.9882126481529544,0.8700206598389338,0.8010242273918338,0.006590131429435999,0.0016736184145498554,0.6416398128686845,0.9891313849052401,SIRA
8994,45707,795.2939999999999,287.4158578912699,204.45613434999336,1.4057580556583542,0.7028278604908437,46331,241.23838805465869,0.7402662606892978,0.9865316958407977,0.9081073048323008,0.8393356922773542,0.006288224077083814,0.0019250877852146774,0.7044844043307052,0.9903346264735661,SIRA
8995,45713,804.8369999999999,312.04346406801636,187.09429537178684,1.667840611857968,0.8003165679915334,46090,241.25422132779045,0.7780671296296297,0.9918203514862226,0.8868164091858161,0.7731430044476242,0.0068261427617530325,0.0015045078296899543,0.597750105326299,0.9969519014055793,SIRA
8996,45720,811.304,301.13974748699803,194.6512174645648,1.547073537014064,0.7630142312068626,46396,241.27269216654346,0.7335033931751456,0.9854297784291749,0.8728685609984702,0.8011984275737649,0.006586608650196808,0.0016741793313488711,0.6419189203466734,0.9930957745769775,SIRA
8997,45728,814.346,310.7746488878352,188.24073989556953,1.650942559300627,0.7956819918162408,46383,241.2937999652074,0.7969327291739282,0.9858784468447491,0.866511111457391,0.7764269087865502,0.006796156597442163,0.001523510507041182,0.6028387446878379,0.9952521400005164,SIRA
8998,45729,804.8429999999998,301.5856969191053,194.14677765588968,1.5533901750027648,0.7652331221897196,46214,241.29643831021264,0.7854517347990382,0.98950534470074,0.8871135768780459,0.8000924472719138,0.006595064333772996,0.0016670916727517923,0.6401479241815602,0.9943994959720504,SIRA
8999,45732,799.376,307.2670830332164,189.81588584683925,1.6187637913569968,0.7863703464779269,46150,241.30435317214744,0.7168025078369906,0.9909425785482123,0.8993481561725136,0.7853244506052794,0.00671886388159749,0.0015764205299940678,0.616734492718484,0.9983474656936071,SIRA
9000,45733,796.4359999999999,301.7336942479487,193.68936705895774,1.557822707717884,0.7667703023618824,46168,241.30699140176853,0.7335119009430936,0.9905778894472361,0.9060200116685324,0.7997349848620993,0.006597723618567526,0.00166478541000577,0.6395760460123822,0.9963460877905074,SIRA
9001,45733,813.793,308.8591054960255,189.8292941694452,1.6270360528250822,0.7888275975661189,46443,241.30699140176853,0.7917763157894737,0.9847124432099563,0.8677840341190891,0.7812850167205893,0.00675352820711577,0.001552202802597236,0.6104062773520916,0.9931530201225994,SIRA
9002,45738,796.17,295.582675784352,197.6050451518468,1.4958255522130806,0.7436877326810571,46311,241.32018211723792,0.7605886754801696,0.9876271296236315,0.9067246360567214,0.81642194176934,0.006462518601258297,0.0017710884108640228,0.6665447870024196,0.9970347240926445,SIRA
9003,45740,804.596,311.526191379143,187.70251853978198,1.6596804017476068,0.7980995241358908,46220,241.32545820154644,0.6821978284214294,0.9896148853310255,0.887871848078023,0.7746554379045494,0.006810804358966834,0.00151290780550961,0.6000910474750891,0.9959593507585982,SIRA
9004,45740,795.4169999999999,299.7430061019828,194.65769935262966,1.5398466492660392,0.7604339195035238,46104,241.32545820154644,0.7644738601417301,0.9921048065243797,0.9084819163178679,0.8051078867189291,0.006553192087931412,0.0016984352108414128,0.64819870925702,0.9981266105079936,SIRA
9005,45743,797.357,297.968174673771,195.91408872618248,1.5209124397899911,0.7534545034389954,46240,241.33337211173372,0.7041609581133296,0.9892517301038062,0.9041258479271024,0.8099300281849107,0.006513962238457709,0.001729079661355432,0.6559866505556103,0.9976982571661976,SIRA
9006,45750,806.068,300.9572702555942,194.3177493976861,1.5487893987474206,0.7636203005021861,46369,241.35183689301743,0.7600677830940988,0.986650563954366,0.8848254414624621,0.8019471890080754,0.006578300989193316,0.0016783269993480136,0.6431192939579539,0.996056344612005,SIRA
9007,45750,798.7249999999999,304.88484602024226,191.45161333204817,1.5924903463281803,0.7782558697975724,46099,241.35183689301743,0.8127986924156555,0.992429336861971,0.9011693376442532,0.7916163759644299,0.006664149639786716,0.0016142975295620919,0.6266564866950578,0.9979444055258132,SIRA
9008,45751,827.857,327.99619866069236,178.42616342329444,1.8382741206095494,0.8390926652607791,46370,241.35447460359714,0.6469956019402373,0.9866508518438646,0.838879930543716,0.7358453408579747,0.007169159114788581,0.001296564599423887,0.5414683656623891,0.9953672837259183,SIRA
9009,45755,800.907,295.8161008565912,197.83272084520092,1.495283993430287,0.7434700060148612,46287,241.365025157659,0.8036639558779618,0.9885064921036144,0.8963636673644532,0.8159293035732035,0.006465219120458774,0.001767555806981035,0.6657406284294529,0.9954713054667812,SIRA
9010,45756,805.962,300.8542435022876,194.6219751032571,1.5458390212239328,0.7625766327668894,46527,241.36766272411495,0.7847697453048623,0.983428976723193,0.8851742741901102,0.8022744167219289,0.0065751867187316985,0.0016802721406809907,0.6436442397265112,0.9949703815552524,SIRA
9011,45776,805.1600000000001,299.1063363302542,195.18913808249496,1.5323923209489225,0.7577246544492943,46216,241.4204080018854,0.7170426065162907,0.9904794876233339,0.8873262347737757,0.8071390628626615,0.00653413003168154,0.001710649365050592,0.6514734667988155,0.9983129378244775,SIRA
9012,45778,800.227,297.17150496253225,196.71764859236026,1.5106499446744261,0.7495332226947897,46287,241.42568189587095,0.7033031187586419,0.9890033918810898,0.8983390483613384,0.8124119502181415,0.006491579032778458,0.0017443568049606637,0.6600131768572443,0.9970488691037882,SIRA
9013,45778,806.5429999999999,305.64747094328595,191.16237315665416,1.5988892892264592,0.7802769351318646,46273,241.42568189587095,0.6969004993301668,0.9893026170769131,0.8843244369356343,0.7898828056740845,0.006676732730641049,0.0016032246993634154,0.6239148466995638,0.9975707657773009,SIRA
9014,45780,796.285,301.5844126048566,193.74741651559106,1.5565854659052334,0.7663428635996429,46186,241.43095567465193,0.7945433718629595,0.9912094574113368,0.9072951362987584,0.800541890044499,0.0065876892224739315,0.0016689722455089,0.6408673177160187,0.9975647523304263,SIRA
9015,45790,809.732,306.7080557683185,190.5887677277189,1.6092661672826978,0.783492496852581,46349,241.4573228407519,0.7660521296884933,0.9879393298668795,0.8776026022624227,0.7872545839589692,0.006698144917412502,0.0015870663901993562,0.6197697799644099,0.9973745384009667,SIRA
9016,45800,810.604,306.51897410167317,191.36847805139513,1.6017213347924129,0.7811620453506025,46325,241.48368712786885,0.6827973821130939,0.9886670264436049,0.8759067175550552,0.7878262278398729,0.006692554019687187,0.0015903524710311737,0.6206701652724033,0.9941406455859413,SIRA
9017,45800,805.1629999999999,301.7417892558648,193.7122489586574,1.557680481631615,0.7667212304181116,46334,241.48368712786885,0.7086492341018104,0.9884749859714249,0.8877848372751805,0.8002991157552277,0.0065882486737088375,0.0016670901833927088,0.6404786746785993,0.9976611304481392,SIRA
9018,45809,807.796,303.6566544805192,192.88014266993622,1.574328234504409,0.7723546387097173,46449,241.50741252552282,0.7531649732004867,0.986221447178626,0.8821801444029611,0.795330545081193,0.0066287553642410705,0.0016360719642002546,0.6325506759391476,0.995842388885849,SIRA
9019,45811,806.7389999999999,305.883463879851,191.54614590481725,1.5969178728965396,0.7796574218206017,46348,241.5126845195973,0.7765102718828395,0.9884137395356866,0.8845319633302884,0.7895578317841395,0.006677074586449783,0.0016006698816470187,0.6234015697316716,0.9955211086962648,SIRA
9020,45811,801.2709999999998,303.5523447080496,192.70187590923322,1.5752433300183821,0.7726579579888573,46256,241.5126845195973,0.8118199539252171,0.990379626426842,0.8966455271756201,0.7956212123872053,0.006626189009365646,0.001637830659178363,0.6330131136004867,0.9971496850133349,SIRA
9021,45812,791.382,292.6357890664454,200.187023203707,1.4618119815322097,0.7294046396752365,46366,241.515320473479,0.7748329809725159,0.9880515895268084,0.9192143171625596,0.8253102644893545,0.00638775406152199,0.0018280873169641827,0.6811370326714884,0.9956942754244779,SIRA
9022,45812,794.885,294.7846471115224,199.49233515744686,1.4776740513808075,0.7362228020951026,46330,241.515320473479,0.7099553682122489,0.9888193395208288,0.9111303488305166,0.8192940943159409,0.006434660069665642,0.001788400032616184,0.671242812980978,0.9918780869178515,SIRA
9023,45816,814.2839999999999,311.1600594854107,188.00153619728516,1.655093175190257,0.7968360478738999,46428,241.52586400132432,0.6997479954180985,0.9868182993021453,0.8683108572516699,0.77621100986018,0.006791515179967931,0.001520777339228206,0.6025035318281604,0.997199483556814,SIRA
9024,45823,805.2249999999999,309.17888357060076,189.37337031149679,1.6326418179178945,0.790467319312202,46314,241.54431406762478,0.7727709664907162,0.9893984540311784,0.8880938909610381,0.7812445380425482,0.006747242292529969,0.0015504367176421199,0.6103430282213145,0.9964715511487598,SIRA
9025,45828,793.385,293.2919189449868,199.30696643468397,1.4715587929090435,0.7336277973530058,46273,241.5574918236299,0.7545442571127503,0.9903831608065179,0.9148982520166127,0.8236077307978582,0.006399841122130287,0.0018164799696582263,0.6783296942299974,0.9982020260354554,SIRA
9026,45831,803.4,303.9032559839571,192.79915285538488,1.576268627134007,0.7729970365807305,46318,241.5653981321771,0.7152153558052434,0.9894857290902025,0.8922890071358651,0.7948759790350165,0.0066309540700389925,0.0016328762566638058,0.6318278220468759,0.9959303736428988,SIRA
9027,45833,798.8389999999999,296.7775225775082,197.13107017668622,1.505483241741193,0.747520671008901,46375,241.5706688607843,0.7883212934296525,0.9883126684636119,0.9025465911784271,0.8139789926229817,0.006475193039458648,0.0017534172287603806,0.662561800431524,0.9974756871675323,SIRA
9028,45833,794.578,295.2004371782896,198.0673817577003,1.490404096619069,0.741494476292176,46244,241.5706688607843,0.7082393299749667,0.9911123605224461,0.9122525297460599,0.818327612146743,0.0064407836532256145,0.001781670117394371,0.6696600808017903,0.9980641277692449,SIRA
9029,45838,806.261,291.8716120228493,201.4447398182288,1.4488917024401635,0.7236351486930065,46355,241.5838451792056,0.6967320261437908,0.9888469420774458,0.8861030237877325,0.827705865277138,0.006367459575523568,0.0018435294935324953,0.6850969994141758,0.9926313578178526,SIRA
9030,45839,820.5149999999999,307.27704969254216,191.5059798428076,1.604529790373972,0.7820341771202874,46651,241.58648035665226,0.7521495143082174,0.9825941566097189,0.8556023110537941,0.786217130756693,0.0067033977550239356,0.0015799551605613386,0.6181373766952868,0.9918198354512054,SIRA
9031,45849,803.351,300.5580157963474,195.15881216573663,1.5400688929234798,0.760513943200945,46301,241.6128305503714,0.7008942903003899,0.990237791840349,0.8927483467363502,0.8038808411421103,0.006555388684515417,0.001688670524602335,0.6462244067553468,0.9952301066918393,SIRA
9032,45850,807.498,302.58127042375435,194.6061869954919,1.5548389036098,0.7657373204511045,46293,241.61546541168926,0.7615267074142971,0.9904305186529281,0.8836215384215742,0.79851428038925,0.006599373400736191,0.0016550579855981085,0.6376250559855619,0.9914042429627283,SIRA
9033,45851,800.555,294.89022329021986,198.53183766817207,1.4853548264792777,0.7394242079375415,46409,241.6181002442738,0.7497874149659864,0.9879764700812342,0.8990344367719479,0.8193493075098741,0.006431489461303349,0.0017880007187675354,0.6713332877169104,0.9971681390865142,SIRA
9034,45853,810.087,311.317675141179,189.2510026858728,1.6449988149226236,0.7940111659448391,46642,241.62336982324663,0.7972493653719095,0.9830839157840573,0.8780399850309957,0.776131229020881,0.006789472338585894,0.001519694947569226,0.6023796846614634,0.9909138674015708,SIRA
9035,45858,801.817,294.45528434989217,199.3083434917495,1.4773856387105107,0.7361013424188707,46305,241.63654326791115,0.7581087783104645,0.9903466148364107,0.8963434604017628,0.820622200078372,0.006421023253301325,0.0017962097605405038,0.6734207952614677,0.9949022117283035,SIRA
9036,45870,805.619,310.03385294110456,189.6167771124928,1.6350549654009394,0.7911669566872451,46373,241.66815660529608,0.7078703703703704,0.9891531710262437,0.8881354467449831,0.7794895760986607,0.006758967799021246,0.0015392224447559764,0.6076039992464697,0.9934659359654089,SIRA
9037,45880,807.266,299.26608210840925,197.77157778552294,1.513190547698183,0.7505133354303981,46902,241.69449789444786,0.7723905723905724,0.978209884439896,0.8847079915894215,0.8076240922180213,0.006522800394690699,0.0017117916954508315,0.6522566743309831,0.9869886342706957,SIRA
9038,45880,820.7179999999998,300.33786423444167,196.4296152662497,1.5289846382244856,0.7564696415840283,46723,241.69449789444786,0.6871761075996765,0.9819574941677547,0.8559440085338953,0.80474201449932,0.0065461609466966365,0.001693530977356598,0.6476097099004239,0.9901852980027634,SIRA
9039,45881,809.692,308.5411177474319,190.2821150448384,1.6214930009303645,0.7871860585333686,46486,241.6971318654692,0.7611061345011778,0.9869853289162328,0.8794335755337217,0.7833546907136041,0.006724812400501992,0.0015620456778158893,0.6136445714630062,0.9950203776861775,SIRA
9040,45890,808.226,307.1473156121437,191.42964328129446,1.6044919185311808,0.7820224533856007,46523,241.72083631308374,0.7789055604589585,0.9863938267093696,0.8827999242505612,0.786986647860929,0.0066931208457647355,0.001583718119425685,0.6193479839113818,0.9937388349443919,SIRA
9041,45892,797.6159999999999,296.2967331380176,198.05827281486023,1.4960078613579961,0.7437609601833438,46376,241.72610365243156,0.8075880758807588,0.9895635673624289,0.9064818950385015,0.8158243970237546,0.0064563918142163685,0.0017642348451757065,0.6655694467791728,0.9956971246613351,SIRA
9042,45892,812.9490000000001,311.9349031780424,188.81898755228576,1.6520314361481505,0.7959857520806267,46459,241.72610365243156,0.7811138344226579,0.9877956908241675,0.8726101224588856,0.77492483588623,0.0067971520783152274,0.0015119765989617662,0.6005085012733005,0.992058921777704,SIRA
9043,45893,836.233,329.7789812436339,177.84054074417276,1.854352105901588,0.8421317047980966,46649,241.72873727906415,0.6600365304684241,0.9837938648202533,0.8247108500805946,0.733002256139787,0.007185823137376809,0.0012796097250693103,0.537292307506018,0.996329121908508,SIRA
9044,45903,807.111,309.799575985152,189.31412331983037,1.636431400639727,0.7915643617347712,46388,241.7550719674319,0.75,0.9895447098387514,0.8854915094762519,0.7803595960344977,0.006749004988457225,0.001543826931689268,0.6089610991231245,0.9965230643731623,SIRA
9045,45904,833.5999999999999,329.0114501738361,179.23134943754326,1.8356802602129976,0.8385938325477286,46654,241.75770527849346,0.7165334665334665,0.9839242079993141,0.8301278475938711,0.734800278685616,0.007167380842058124,0.001288894865568078,0.5399314495564591,0.9911415038189818,SIRA
9046,45909,794.8949999999999,295.00942272090316,198.8993093700895,1.483209889743673,0.7385365769630289,46412,241.77087140358034,0.7665297535564015,0.989162285615789,0.9130365569741296,0.8195360987920385,0.006425960546317784,0.0017880932747410684,0.671639417223274,0.9961822259672369,SIRA
9047,45914,805.4479999999999,301.5564442619507,194.50087487893643,1.5504117626702145,0.764191055165836,46466,241.7840368117181,0.7794716827380144,0.9881203460594844,0.8893648868223137,0.8017870001202476,0.006567853906476253,0.0016743231750741688,0.6428623935618262,0.996701416756584,SIRA
9048,45915,804.283,312.535534965086,187.3082546981837,1.6685625279499048,0.8005108473536804,46329,241.78666980732208,0.7920476108331895,0.9910639124522438,0.8919626606174856,0.7736293725266554,0.006806828595558881,0.001504029583522813,0.5985024060359867,0.9986386875995064,SIRA
9049,45921,821.571,309.28771688488075,190.45667597135585,1.623926886823315,0.787909329688414,46450,241.80246717885947,0.665232507605389,0.9886114101184069,0.8549308698501367,0.7818043005854649,0.006735213015502292,0.0015521129371746242,0.6112179644139278,0.9925732861211937,SIRA
9050,45929,806.5150000000001,305.64985159872316,192.11229174651598,1.5909958119807095,0.7777795510251742,46335,241.8235287356077,0.7669149078279455,0.9912377252616812,0.8873030118367736,0.7911782959184591,0.006654833582240483,0.0016084753953859614,0.6259630959324369,0.9959046640829863,SIRA
9051,45936,813.7879999999999,317.4172711432764,184.69667366501733,1.718586831287353,0.8132793622893209,46307,241.84195609313625,0.6915989159891599,0.9919882523160646,0.8716466715940973,0.7619054729506926,0.006909989357873485,0.001436354085945411,0.5804999497122185,0.9976395691383894,SIRA
9052,45937,785.3800000000001,286.1296799950036,204.66247818027006,1.398056363526371,0.6988392648672436,46393,241.84458845816494,0.75526947486107,0.990170930959412,0.9358641652189736,0.8452272006958105,0.0062287411018352,0.001960983330556989,0.714409020796076,0.9987840776845975,SIRA
9053,45940,813.641,302.3962409431625,194.2711931290378,1.556567579951529,0.766336675186346,46422,241.85248538134434,0.8138463718820862,0.9896169919434751,0.8720375881337104,0.7997866793152438,0.0065824170862682305,0.001661352641385721,0.6396587324101046,0.9956720451024593,SIRA
9054,45944,799.353,304.55165366632355,192.5345831266264,1.5818023376404313,0.77481320330869,46346,241.86301421116937,0.7867931636812001,0.9913261122858499,0.9035692627573417,0.794160896187949,0.006628757915425813,0.001626469476065899,0.6306915290340462,0.9976293349560723,SIRA
9055,45954,795.062,294.8206719423313,199.02060901881845,1.4813575005915816,0.7377660405274044,46398,241.88933428069885,0.7802964698690846,0.9904306220095693,0.9135476194395159,0.8204625974396188,0.006415560602827421,0.0017932858631383973,0.6731588737973658,0.9971889467895099,SIRA
9056,45955,802.157,298.8251195225593,196.72513978644835,1.5189981303200184,0.7527306149008477,46522,241.8919661301392,0.7651515151515151,0.9878122178754137,0.8974781396508497,0.8094766816009855,0.0065025594499523295,0.0017221915927175574,0.6552524980557434,0.9953273194341955,SIRA
9057,45961,827.2819999999999,321.20610088560886,184.44413481463627,1.741481783676214,0.8186984897257125,47044,241.90775662548072,0.7221122423328306,0.9769789983844911,0.843902324689512,0.7531231690758929,0.006988666497369702,0.0013868775327932979,0.5671945077989161,0.9877589031330085,SIRA
9058,45971,795.9480000000001,306.42588740290785,191.4392845986173,1.6006426687467943,0.7808255977702364,46346,241.93407182747154,0.7482502685634298,0.9919086868338152,0.9118521435931424,0.7895353551162652,0.006665634582734939,0.0015977454650869453,0.623366076978567,0.997786341061193,SIRA
9059,45978,813.356,303.3692497518083,193.9124692988666,1.5644648889713326,0.7690437099173858,46552,241.95249076592145,0.7377727856225931,0.9876697026980581,0.8733706445864501,0.7975511392926838,0.006598139322106405,0.0016467793154018064,0.6360878197870581,0.9951370603591768,SIRA
9060,45979,818.128,310.824186930756,189.6125792718649,1.6392593156232476,0.7923770784427273,46675,241.95512192838166,0.7284609778510093,0.9850883770755222,0.8632306910556132,0.77843080462166,0.006760133689961852,0.0015311407066234003,0.6059545175839252,0.9933165877934402,SIRA
9061,45980,793.771,290.24368727191643,202.17645726225243,1.4355958710634045,0.7174841165687212,46459,241.9577530622294,0.7784775836380875,0.9896898340472244,0.9170402011638982,0.833636573930202,0.006312389892821149,0.001880531527189216,0.6949499373940852,0.9976672607187203,SIRA
9062,46003,817.836,316.1360287014435,186.8850728442367,1.691606632301413,0.8065587190235692,46610,242.0182612458235,0.7466564954878919,0.9869770435528856,0.8642981252658759,0.7655510263728396,0.006872074184323707,0.0014560093844422936,0.5860683739805082,0.9913971484075326,SIRA
9063,46014,812.918,307.94336008833653,191.86432604378007,1.6050058207176527,0.7821814529307524,46726,242.04719459527675,0.7419698142414861,0.9847622308778838,0.8749966134782629,0.7860120592496074,0.006692384058945898,0.001575714224305904,0.6178149572858083,0.9915966025701504,SIRA
9064,46023,821.604,319.6601518391192,183.59991908913534,1.7410691324102838,0.8186030163911502,46540,242.07086476349522,0.674003778392865,0.9888912763214439,0.8567610190806682,0.757275698490334,0.006945660905180435,0.001408994897670077,0.5734664835240233,0.9984447929355478,SIRA
9065,46028,828.185,315.7977632572059,186.47478635310918,1.6935145465682977,0.8070464262428035,46738,242.0840138569048,0.6912771837077977,0.9848089349137746,0.8432905774854512,0.7665792542670294,0.006860992510150471,0.0014614869960915358,0.587643753072595,0.9951832440284284,SIRA
9066,46028,806.905,303.8268691463308,193.7264509914267,1.5683292993364988,0.7703500589408229,46560,242.0840138569048,0.7325566590272473,0.9885738831615121,0.8883562359127792,0.7967827682162992,0.006600913990317433,0.0016411322099573354,0.6348627797264289,0.9956738985031722,SIRA
9067,46031,799.941,299.0824108415803,196.60114953570948,1.521264812275458,0.7535873783903448,46446,242.09190297014123,0.7736822643539062,0.991064892563407,0.903949899177187,0.8094488147561906,0.006497412848766708,0.0017205915732805,0.6552073837102016,0.9967439375813939,SIRA
9068,46032,811.712,301.1527792365445,195.48404608855844,1.5405491407729297,0.7606867199770908,46650,242.09453261742408,0.7079123414071511,0.9867524115755627,0.8779418987076502,0.8038927391975608,0.006542248419285378,0.001685385363782033,0.6462435361345574,0.9955699243221523,SIRA
9069,46039,814.361,322.16238632475256,182.2376083069565,1.767815048264408,0.8246316824178257,46403,242.11293934868942,0.6830205474371337,0.9921556795896816,0.8723721889532092,0.7515245404987468,0.006997597391879766,0.0013768967705204908,0.5647891349718525,0.9984427318994785,SIRA
9070,46043,815.867,306.4799715031081,193.0812674336268,1.5873107504251442,0.77659808291254,46746,242.1234568525757,0.7461794019933555,0.9849612801095281,0.8692300714020853,0.7900139629519649,0.006656385802469607,0.0015994008305299334,0.6241220616590687,0.9906756580489443,SIRA
9071,46053,798.1579999999999,301.2435025684564,195.96042426463345,1.5372670461339895,0.7595019158717036,46641,242.14974861372136,0.7276045122760452,0.9873930661864025,0.9084270309193689,0.8038339301897268,0.0065412351544623885,0.001684631281998433,0.6461489873242626,0.9933035451064377,SIRA
9072,46063,829.8889999999999,312.4502211118744,189.71151690522242,1.6469755036958074,0.7945692248959532,46775,242.17603752051068,0.6939811676082862,0.9847781934794227,0.8404697114281131,0.7750867855324651,0.0067831062048037336,0.0015101139182540596,0.6007595251070496,0.989436221463237,SIRA
9073,46063,792.738,288.93218906292543,203.52157674095335,1.4196636724698952,0.70981099312149,46480,242.17603752051068,0.7906318120183313,0.9910283993115319,0.9210914056248641,0.8381760381421818,0.0062725438869141266,0.0019096968662497868,0.7025390709157243,0.9973691974698052,SIRA
9074,46071,805.639,303.9729407415296,194.35407165030435,1.5640163242294163,0.7688913023621784,46709,242.1970665914302,0.7582455562870309,0.9863409621272131,0.8919829223380432,0.7967717981758519,0.006597923655695114,0.0016402984099956437,0.6348452983683804,0.9929084100084414,SIRA
9075,46091,809.1279999999999,306.92681487969435,191.54460115531862,1.602377791012837,0.781366397883461,46535,242.24963128225474,0.7886082879923348,0.990458794455786,0.8846908473712757,0.7892749005237909,0.006659148529641239,0.001594085579871001,0.62295486859684,0.9982090462428969,SIRA
9076,46102,839.5829999999999,308.4593485682962,190.8681759115389,1.6160857989823139,0.7855650924012019,46836,242.27853700107335,0.6976694915254237,0.984328294474336,0.8218685421984274,0.7854472173581417,0.0066908018864321765,0.001570818310960007,0.616927331255648,0.9970074990463104,SIRA
9077,46105,802.554,301.57163244364654,195.55852792533346,1.5421042265095701,0.7612448114008993,46628,242.28641978042162,0.7960804627471294,0.9887835635240628,0.8995169742776215,0.803412502088361,0.006540974567696487,0.0016810342642592103,0.6454716485118807,0.9953845572622709,SIRA
9078,46108,797.182,297.7905432387669,197.65672836898574,1.5066046357038312,0.7479597015010438,46554,242.29430230331226,0.726796973518285,0.9904197276281308,0.9117403609107583,0.8136400157913745,0.006458543923804261,0.0017459973430787382,0.6620100752969882,0.9973874483250849,SIRA
9079,46111,801.42,295.6974398862184,198.88956900859552,1.486741820399033,0.7399955741096228,46611,242.3021845697704,0.7649596045057151,0.9892729184098175,0.902181780054828,0.8194260480003006,0.006412731016161402,0.001783453733687284,0.6714590481413912,0.9982862475571337,SIRA
9080,46114,804.5539999999999,299.6005590301806,196.48773460483787,1.524779954498004,0.7549065813588048,46622,242.310066579821,0.7908827413518102,0.9891038565484106,0.8952251252488628,0.8087770842757728,0.006496954483024257,0.0017147662891939894,0.6541203720496206,0.9973896311300379,SIRA
9081,46119,803.509,308.64319801740925,190.7433643290406,1.618107131029661,0.7861733393524429,46546,242.32320269351214,0.7224154135338345,0.9908262793795385,0.8976525205996562,0.7851240663980021,0.006692321993482279,0.001568591116301476,0.6164197996373344,0.9974332735010457,SIRA
9082,46120,807.1389999999999,306.7725314522521,192.53351088917745,1.5933461662620945,0.7785278915876881,46727,242.3258298307997,0.7058463422099786,0.9870096518073063,0.8896158209763164,0.7899202340041215,0.006651616033223159,0.001597496400698705,0.6239739760891262,0.9942065426489249,SIRA
9083,46121,805.168,310.6492427622825,190.3077944260353,1.6323516527486157,0.7903829416317338,46696,242.32845693960593,0.7440791171915333,0.9876863114613671,0.8939959813890987,0.780070972601863,0.006735527043261909,0.0015384656967107632,0.6085107222960163,0.9933034832551562,SIRA
9084,46124,810.0469999999999,310.1305161824373,190.4460251728778,1.628443102978472,0.7892410819055852,46664,242.33633809514546,0.7356299840510366,0.9884279101662952,0.8833165989020209,0.7814011374249568,0.006723842602168877,0.0015462989375660335,0.6105877375690161,0.9943073900074936,SIRA
9085,46124,814.4069999999999,313.2070314704177,188.48834079227078,1.6616785428420577,0.798645990335487,46525,242.33633809514546,0.7405076500714435,0.991380977968834,0.8738840882790115,0.7737257269016135,0.006790543566698849,0.0015011789064136175,0.5986515004694302,0.9947663529702542,SIRA
9086,46125,815.524,312.962190327292,188.71896307453565,1.658350518827754,0.7977345143402169,46634,242.33896509003534,0.7415594855305466,0.9890852167946134,0.8715107539256082,0.7743394332606129,0.006785088137177062,0.001504737559045965,0.5996015579023674,0.9943495546373206,SIRA
9087,46129,812.99,310.6811920835697,189.49262810372247,1.6395423673870435,0.7924581477180493,46638,242.34947278483673,0.7952453194497121,0.9890861529225096,0.8770280761406201,0.7800583973543126,0.0067350515312183164,0.0015382578898872853,0.6084911032829785,0.9976469440105286,SIRA
9088,46129,807.467,302.1367324325861,195.41603491999814,1.5461204734620606,0.7626765134212874,46628,242.34947278483673,0.7967012089810017,0.9892982757141632,0.8890666900452633,0.8021185336639287,0.0065498218568056125,0.0016724897149580258,0.6433941420471712,0.9947648555246885,SIRA
9089,46130,818.05,317.7058615095169,185.40076656668737,1.713616763257774,0.8120692700330976,46595,242.35209963735213,0.7966496848285985,0.9900203884536968,0.866230798171223,0.7628191009314835,0.006887185378485084,0.0014384930646236121,0.5818929807459169,0.9971415662282365,SIRA
9090,46137,804.134,301.85849820080097,195.15638903487573,1.546751811168513,0.7629003142565187,46601,242.37048680779225,0.7741107382550335,0.9900431321216283,0.8966074959852943,0.8029274916969992,0.006542655530285909,0.0016774096246459616,0.6446925569228347,0.9971793800672543,SIRA
9091,46137,805.77,303.24837938942346,194.38668655004983,1.5600264852055308,0.7675285531716997,46643,242.37048680779225,0.7938914221801601,0.9891516411894604,0.8929703271910242,0.7992474264686722,0.006572780618363211,0.0016544509112205396,0.6387964487167956,0.9965393786534378,SIRA
9092,46149,796.996,294.94625540954416,199.7880109421891,1.4762960701124863,0.7356416666440866,46582,242.4020044264961,0.7795175838654099,0.9907045639946761,0.9129770809439444,0.8218514389677931,0.006391173273733865,0.0017985960460314891,0.675439787733432,0.9971491042284776,SIRA
9093,46150,796.648,296.01424225530286,198.7778067455924,1.4891714880130427,0.7409915648770159,46556,242.4046307097448,0.7932824532453245,0.9912793195291691,0.9137946878329267,0.8188951614722596,0.006414176430234082,0.0017792373407420653,0.6705892854826782,0.9986224441078431,SIRA
9094,46150,804.515,303.92969961864117,194.82740718635392,1.5599945819118255,0.7675176044986648,46644,242.4046307097448,0.7405089695452649,0.9894091415830546,0.8960108686784102,0.7975680922723394,0.006585692299428844,0.0016438125158647395,0.636114861810939,0.9923357378986544,SIRA
9095,46153,803.596,298.26145442599903,197.9784249969315,1.5065351410418677,0.7479325300215122,46672,242.41250938877303,0.7855562363834423,0.9888798423037367,0.8981197924153878,0.8127517176340916,0.006462449990813144,0.00173943635204289,0.660565354517166,0.99516491953489,SIRA
9096,46154,812.2159999999999,298.7993041965272,197.6348285600192,1.5118757476786822,0.7500068892445072,46742,242.41513555821282,0.7000667394733648,0.9874203072183475,0.8791766167977905,0.811297523634027,0.006473963344380274,0.001730097586425872,0.6582036718547045,0.9951221685101853,SIRA
9097,46155,803.311,290.3549219736386,203.14427842587446,1.4293039618124739,0.7144943187674087,46738,242.4177616992027,0.7141420393006344,0.9875262099362403,0.8987961251592932,0.8349015062372935,0.006290866037777893,0.0018855201505889898,0.6970605251173015,0.9963113701732423,SIRA
9098,46155,807.795,308.76985769725667,191.21889035913156,1.6147455783126372,0.7851602804660335,46538,242.4177616992027,0.8306039447163835,0.991770166315699,0.888845540729381,0.7851082469872723,0.0066898463372821295,0.0015678844843188577,0.6163949594874278,0.9953210353265213,SIRA
9099,46160,810.79,308.9523851453855,190.92104890997962,1.6182206567022286,0.7862074192938944,46682,242.43089197743572,0.8103363527842146,0.9888179598132042,0.8823865851389892,0.784686908512953,0.0066930759346920604,0.0015652767810153253,0.6157335443916154,0.9963927405589907,SIRA
9100,46181,822.4689999999999,306.9967493198351,192.69732742904353,1.5931552005197362,0.7784672394838982,46858,242.4860313820459,0.7290508966910836,0.9855520935592642,0.857894969737923,0.7898651432605864,0.00664768518048191,0.001596106999482761,0.6238869445380668,0.9939487302271893,SIRA
9101,46186,812.2389999999999,315.4152836183401,187.6318773823074,1.6810324984153353,0.8038200745324273,46639,242.49915796377155,0.7697666666666667,0.990287098779991,0.8797363524874173,0.7688250080398806,0.006829240107788942,0.001471845250572149,0.5910918929875225,0.993644681661865,SIRA
9102,46192,805.44,302.9641436699532,195.07177701494223,1.5530906023722058,0.7651286448742883,46820,242.51490892398067,0.8029900043459366,0.9865869286629645,0.8947675858703655,0.8004739636389926,0.006558801170548,0.0016610896431037108,0.6407585664639192,0.9951561079645994,SIRA
9103,46192,819.6519999999999,313.1436696003023,189.5098580080496,1.6523872314178043,0.796084851848698,46972,242.51490892398067,0.7014091350826045,0.9833943625989952,0.8640077234854778,0.7744525355838346,0.006779175389684411,0.0015043048537160101,0.5997767298722306,0.9910634101423994,SIRA
9104,46193,816.2979999999999,309.5326335532668,191.14674445449478,1.6193455684355402,0.7865446462540011,46706,242.51753398455827,0.7836760314875135,0.9890164004624673,0.8711412273649499,0.7834958505039953,0.006700855834288026,0.001557603233385613,0.6138657477569789,0.9940607782446329,SIRA
9105,46202,811.465,297.6964717912125,199.08552541256688,1.4953195174500666,0.7434842971901937,46846,242.54115825124194,0.6790417401528512,0.9862528284165137,0.881720736062549,0.8147263445612705,0.006443367641903218,0.001751215986341648,0.66377901652217,0.9925617186794111,SIRA
9106,46211,819.647,318.6684413486663,185.32654711948663,1.7194969976061196,0.8134996360983032,46743,242.56478021707233,0.816419914490654,0.9886186166912693,0.8643736584618845,0.7611823097087725,0.006895943419286886,0.001427999969543367,0.5793985086135818,0.9962739959785172,SIRA
9107,46216,803.2339999999999,299.2951435682633,198.87164552060835,1.5049663957109884,0.7473179060997109,46840,242.5779025374741,0.7472754907350516,0.9866780529461998,0.900156562001499,0.8104972892156096,0.006476007087767512,0.0017238256743480323,0.6569058558258515,0.988621238163674,SIRA
9108,46218,820.662,314.51329645497634,187.97735286957646,1.6731446190392616,0.801737016744079,46825,242.5831512668795,0.6686631944444444,0.9870368392952482,0.8623674658191464,0.7712969658235296,0.006804995812345328,0.001485573407311192,0.594899009488583,0.9953520765976093,SIRA
9109,46219,807.8670000000001,302.97081117325166,194.64321239944965,1.556544445801123,0.7663286705436273,46713,242.5857755889955,0.6977506038647343,0.9894247853916469,0.8899193955848944,0.8006902534590191,0.006555113939575752,0.0016619508490131297,0.6411048819842683,0.9979082432285975,SIRA
9110,46221,793.688,296.08311062557755,199.32724064100827,1.4854121778509353,0.7394478740763162,46621,242.5910241480586,0.8133776792313377,0.9914201754574119,0.9220395987264357,0.8193342188127567,0.0064058136047592555,0.0017807314663983663,0.6713085621175104,0.9971699132649509,SIRA
9111,46232,806.265,305.8120578605623,193.11051825153007,1.5836116055689744,0.7754019651246521,46724,242.6198891933554,0.6888372370224686,0.9894700796164712,0.8937106443749411,0.7933627303341325,0.00661472698262161,0.0016165117503966822,0.6294244218832294,0.9967638193228243,SIRA
9112,46237,805.8040000000001,301.7046544777926,195.8275472644227,1.5406650325370506,0.7607283838054665,46802,242.63300853329852,0.7725480367585631,0.9879278663304987,0.8948302851729056,0.804207044645239,0.006525177984683102,0.0016836182213112322,0.6467489706570293,0.9964235239206162,SIRA
9113,46239,833.643,327.159062082172,181.5129562311153,1.8024006047568837,0.8319733369255174,46956,242.6382560706559,0.6727629855958097,0.9847303858931766,0.8360997268346708,0.741652254797432,0.007075392246419084,0.0013204792154888523,0.550048067046115,0.9914069686892726,SIRA
9114,46243,800.216,299.5363521395032,197.30832471327523,1.5181130982424784,0.7523947811869964,46768,242.64875080491993,0.7495785515139727,0.9887743756414642,0.9074890714951444,0.8100811439805177,0.006477442037486824,0.0017206692264058023,0.6562314598327841,0.9962335746509325,SIRA
9115,46245,805.8489999999998,303.7389481947756,194.57136566605863,1.5610670519529606,0.7678852048250626,46760,242.6539980018413,0.7003104414325736,0.9889863130881095,0.8948851579081524,0.7988899660185727,0.006568038667851132,0.0016503016338910248,0.6382251778051562,0.9963122967984492,SIRA
9116,46256,809.128,306.2939597092485,193.06900036012092,1.5864481565550934,0.7763200757098092,46757,242.6828555569381,0.7448511296114394,0.9892850268409008,0.8878579296610123,0.7923200829272192,0.006621713068774829,0.001609729033795557,0.6277711138097954,0.9959263262420879,SIRA
9117,46258,796.0909999999999,291.78554169121463,202.4141292903442,1.4415275391802096,0.7202558069431493,46750,242.68810201647534,0.7162011519167647,0.989475935828877,0.9172152935998341,0.8317345013390101,0.006307785500696412,0.001862068043527397,0.6917822807176519,0.9972232087713897,SIRA
9118,46273,814.273,313.1460179868967,189.03698704818942,1.6565330567137602,0.7972339860140423,46910,242.7274468483739,0.7479794387689125,0.9864208057983372,0.8769956755106048,0.7751254459781461,0.0067673593237286694,0.001506908825144992,0.6008194570028201,0.9952772916419832,SIRA
9119,46274,834.0589999999999,318.93007883981636,185.98293433923655,1.7148351808348263,0.812367066371241,46945,242.73006961041088,0.6639405417814509,0.9857066780274789,0.8358981426241499,0.7610761283269328,0.006892208990789998,0.0014264304513606876,0.5792368731091141,0.993295768044267,SIRA
9120,46276,796.204,289.098017811112,204.26140068720844,1.4153335717785291,0.707665900282224,46788,242.7353150494678,0.7481125822461484,0.9890570231683338,0.9173117706404369,0.8396298144391422,0.006247255981742416,0.0019152279478572354,0.7049782252951083,0.9977793496330143,SIRA
9121,46277,806.705,303.7687475904555,194.33036895854048,1.5631563363895185,0.7685986550840204,46720,242.73793772648955,0.7870238095238096,0.9905179794520548,0.8936049456928483,0.7990879234678598,0.006564140881873404,0.0016509576206871887,0.6385415094321762,0.9981402065166338,SIRA
9122,46281,792.617,291.0355095687828,202.73641795509405,1.4355364098089516,0.7174561035033079,46737,242.74842815122008,0.7202595866533864,0.990243276205148,0.9257331857459655,0.8340852582246475,0.006288444708817502,0.001877434487276076,0.6956982179876772,0.9987001221605154,SIRA
9123,46299,806.762,308.1820153516509,191.74784653535798,1.6072254313157182,0.7828660724036655,46772,242.7956294534424,0.8154678032971678,0.9898871119473189,0.8939034368650991,0.7878319219127716,0.00665634280117607,0.0015817933238180474,0.6206791371847714,0.9975712939704621,SIRA
9124,46301,814.862,297.34160737773954,199.60060520385028,1.489682894869318,0.7412004147781227,46852,242.80087347615282,0.6905958684465657,0.9882395628788525,0.8762582176995325,0.8165721427869368,0.006421926251652006,0.001761259369486774,0.6667900643756494,0.9933057533692164,SIRA
9125,46308,816.808,309.2065870837171,191.5426579620508,1.6142962114735735,0.7850242772051683,46792,242.8192266637795,0.8183360429773097,0.9896563515130792,0.8722197639486782,0.7852977161771674,0.006677174291347438,0.0015664257473661637,0.616692503033075,0.995524371290448,SIRA
9126,46313,817.857,302.5071914192193,195.6865730555621,1.5458760746621445,0.7625897860104341,46903,242.83233523425085,0.6924273005905659,0.9874208472805578,0.870077679777779,0.8027324378471715,0.006531798661697996,0.0016729994709204629,0.6443793667720631,0.9961306460988751,SIRA
9127,46315,819.5709999999999,315.76431508352306,188.2873180675704,1.677034429744255,0.8027686000944364,46798,242.83757846430822,0.6748703153231917,0.9896790461130818,0.8664796489561031,0.7690469342619513,0.006817754832851626,0.0014710672382215505,0.5914331870977061,0.9918538176562287,SIRA
9128,46317,807.617,299.6761149173657,197.2848301429356,1.5190023211629915,0.7527322034031009,46915,242.84282158115883,0.7194315004659833,0.9872535436427582,0.8923585349006559,0.8103509405416632,0.006470110648732985,0.00172101253157427,0.6566686468367581,0.9974811987799964,SIRA
9129,46318,814.578,308.2402147740327,192.02320971565413,1.6052237395181106,0.7822488203959217,46793,242.84544309713382,0.7454413776454494,0.9898489090248541,0.8771912871405436,0.7878447764356801,0.006654868836608505,0.0015815462711938101,0.6206993917569869,0.9963613987527671,SIRA
9130,46324,808.0649999999999,291.8019270932865,203.0235358510965,1.437281278104144,0.7182762383645614,46863,242.86117159873803,0.6906092997599773,0.988498388920897,0.8915040574863545,0.8322809037552978,0.00629915221253101,0.0018644106962715453,0.6926915027557354,0.9955925284126436,SIRA
9131,46331,822.692,309.51390706861343,191.80699801791033,1.6136736942189773,0.7848356422924413,47058,242.8795202299379,0.746551724137931,0.9845509796421438,0.8602149572613841,0.7847127857039912,0.00668049269535761,0.0015625400997570237,0.6157741560473181,0.9936585571934489,SIRA
9132,46333,816.772,307.06441489096994,193.08732822332954,1.5902877610684618,0.7775533190365143,46891,242.8847624413979,0.71068333461155,0.9881000618455568,0.8727675746126317,0.7909896121556108,0.006627337208705889,0.0016003020136226224,0.6256645665380838,0.9949867026997188,SIRA
9133,46333,813.2259999999999,309.3905458740756,192.32698462109255,1.608669456777542,0.7833096289476955,46766,242.8847624413979,0.7011758652521981,0.9907411367232605,0.8803954202399494,0.7850426125827837,0.00667754183571268,0.0015644774400386222,0.6162919035708027,0.9914099617336403,SIRA
9134,46337,811.7839999999999,312.64144079101004,189.18747896007284,1.6525482685722115,0.7961296804846936,46745,242.89524652490263,0.7584666001014846,0.9912717937747353,0.8836022280572546,0.7769131498062334,0.006747123050499818,0.001516310989015109,0.603594042341843,0.9974682895925147,SIRA
9135,46338,798.429,301.6286942251181,197.0381277283943,1.5308138465510386,0.7571446198298327,46746,242.89786747507264,0.782842275983241,0.9912719804903093,0.9134284702375771,0.8052876670075287,0.006509316203226685,0.0016885709878895693,0.6484882266344287,0.9927147566573116,SIRA
9136,46354,818.771,314.9282142517503,188.4378881922065,1.6712573955961754,0.8012334435155655,46927,242.93979883224924,0.7944947209653092,0.9877895454642317,0.8689047601233559,0.7714132549522721,0.00679398140940912,0.0014840635709188422,0.5950784099160593,0.9945291935318263,SIRA
9137,46362,806.085,308.8613601368589,192.11258044392534,1.6077102260724185,0.7830151465203399,46800,242.960761797068,0.8000345125107852,0.9906410256410256,0.8966239748532675,0.7866337235885065,0.006661950738468118,0.001573516943646377,0.6187926150867189,0.9948392150930117,SIRA
9138,46364,820.682,323.4547909166731,182.99843853740543,1.7675276002453868,0.8245685704998601,46838,242.9660022556676,0.7985807296152124,0.989880011956104,0.8650494709645955,0.7511590771838632,0.00697642116548773,0.0013700617215879887,0.564239959235713,0.9973097011104548,SIRA
9139,46365,814.7949999999998,315.3774859354053,187.80486720834418,1.6792828142496248,0.8033610086951738,46765,242.9686224425817,0.7391200382592061,0.9914465946755052,0.8776137472794595,0.7704057305230274,0.0068020594399958,0.0014780808953358507,0.5935249896227195,0.9966963149011198,SIRA
9140,46372,818.1379999999999,303.9182742852433,195.001599631809,1.5585424676468531,0.7670183854364025,46866,242.98696295986534,0.6711825155594152,0.9894593095207613,0.8705877695166245,0.7995141573218111,0.0065539177582429765,0.0016519062015190166,0.6392228877580056,0.9962560168627095,SIRA
9141,46373,799.2279999999998,286.189160825886,206.71243713068722,1.3844796413722906,0.6915871411055403,46845,242.98958292075753,0.7859697293266216,0.9899242181662931,0.9122915990181077,0.8490523617999265,0.006171460997258879,0.001978361486889764,0.7208899130780334,0.9980574083271774,SIRA
9142,46379,809.067,307.8611453933758,192.30709871881373,1.60088289743023,0.78090059911158,46833,243.00530209292165,0.6806228170584955,0.9903059808254863,0.8903530875758919,0.7893341063953254,0.006637942719622584,0.0015894861128302783,0.623048331518907,0.9974274182010583,SIRA
9143,46383,820.606,306.5331299636795,194.36387706592365,1.5771095668137487,0.7732745416596636,47250,243.01578097615604,0.8133943602693603,0.9816507936507937,0.8655642741541261,0.7927879802256627,0.006608738761263383,0.0016103733530901585,0.6285127815902857,0.9912335207107598,SIRA
9144,46387,816.487,310.2402654528477,192.07003279528783,1.6152455483959236,0.785311438040352,47144,243.02625940755865,0.8065340612720381,0.9839428135075513,0.8743948710467905,0.7833485413404384,0.006688086434838376,0.0015534661562571965,0.6136349372201925,0.991171100685128,SIRA
9145,46389,833.571,324.2379934077242,182.66697193174915,1.7750225450108792,0.8262025906759046,46995,243.0314984538413,0.6759485924112607,0.9871050111714013,0.8389569583694834,0.7495466397987264,0.006989544793113114,0.0013608908730792142,0.5618201652335617,0.9972434595313096,SIRA
9146,46392,806.1259999999999,310.36761399787156,190.82237953012995,1.6264738693758192,0.7886620300454301,46767,243.03935681151248,0.8090687129403558,0.9919815254346013,0.8971129015373678,0.78306932118626,0.006690110665586126,0.0015517219487583224,0.6131975617831101,0.997349811005193,SIRA
9147,46393,801.902,305.6476114983378,194.03110219610838,1.5752506069332017,0.7726603674136491,46787,243.04197620760576,0.7974594334433444,0.9915788573749118,0.9066083774183016,0.7951705397472981,0.006588226919973656,0.0016247608210646848,0.6322961872820094,0.9960249527775347,SIRA
9148,46397,809.254,304.111995553366,195.0191383588826,1.5593956475888333,0.7673119065537068,46873,243.0524535096845,0.7449503869496805,0.9898449000490688,0.890287047153883,0.7992202118414409,0.006554561621513589,0.0016496402601223377,0.6387529470158776,0.9960685654611002,SIRA
9149,46399,804.141,303.38878035704136,195.73469800937553,1.549999992042848,0.7640464025147399,46960,243.05769199135997,0.817718797363505,0.9880536626916525,0.9016833978983271,0.8011426517002999,0.006538692220889273,0.001661537212791571,0.641829548373388,0.9948357948716162,SIRA
9150,46399,808.352,309.85676488905403,191.24613467757322,1.620198836496484,0.7867998751774226,46822,243.05769199135997,0.8013090632771483,0.9909657853145957,0.8923134728168093,0.7844195109904674,0.006678091443545206,0.001559644700715831,0.6153139692225239,0.9969309770143666,SIRA
9151,46401,813.074,319.04842658080196,186.23085306869703,1.7131878060135988,0.8119642502778159,46898,243.0629303601359,0.7897773692810458,0.9894025331570643,0.8820172053587024,0.7618371071909298,0.006875895488907609,0.001428754195361575,0.5803957778930443,0.9943269693481407,SIRA
9152,46411,807.342,307.58452504277244,192.41946186291761,1.598510473238409,0.7801581090478544,46925,243.08912051077817,0.7933504273504274,0.9890463505594033,0.8947788246158859,0.7903164844752004,0.006627405680609606,0.0015948780491148195,0.6246001456332397,0.9984298743809694,SIRA
9153,46412,820.147,320.80108117861346,184.9643097499099,1.7343944981189527,0.8170476888872434,46926,243.09173937065069,0.6995237233978416,0.9890465839832928,0.8670751632014663,0.7577647135026446,0.0069120288110534655,0.0014057976522559258,0.5742073610297452,0.9959020877493933,SIRA
9154,46425,801.8589999999999,298.71958886719904,198.36876607417983,1.5058801583485835,0.7476762071728628,46899,243.1257819819402,0.7804094943518021,0.9898931746945564,0.9073310230447457,0.8138929987950204,0.006434455333703803,0.00174164967781481,0.6624218134875512,0.9975278653881893,SIRA
9155,46426,819.4119999999999,309.01195698398357,191.87570102154174,1.6104798853570887,0.7838636946267393,46844,243.12840044691336,0.6870292267850536,0.9910767654342072,0.8688933863740517,0.7867928568845476,0.006656010791021918,0.0015733864790548396,0.6190429996445482,0.9969562990986603,SIRA
9156,46434,810.154,309.38280627963417,193.25291845608032,1.6009217803867015,0.7809127348339164,47022,243.14934715156556,0.6641208272547842,0.987495215005742,0.8890185028000493,0.7859174531237402,0.0066628506327181414,0.0015680054712029507,0.6176662431245062,0.98883534162765,SIRA
9157,46435,813.7,312.5285507486144,190.7317124965462,1.6385767561032816,0.7921813785478705,47098,243.15196536276915,0.8346814782858787,0.9859229691282008,0.8813059088284688,0.7780152078276873,0.006730452261195529,0.001521165110041431,0.6053076636111594,0.9918430678844299,SIRA
9158,46436,824.5709999999999,316.12590794103704,187.99356927614969,1.6815783069508603,0.8039629320443225,47202,243.1545835457806,0.6819196428571429,0.9837718740731325,0.8582396074243855,0.7691700598963029,0.006807776465264817,0.0014698551333560237,0.5916225810408824,0.9948596981806251,SIRA
9159,46436,802.578,302.9331090596226,195.89054964015625,1.5464406507414452,0.7627900544778721,46889,243.1545835457806,0.8088768115942029,0.9903388854528781,0.9059206616847663,0.8026675733814341,0.006523669331114278,0.0016703772874898095,0.64427523335804,0.9963334111308039,SIRA
9160,46439,819.656,297.48772349165546,199.46965502144863,1.491393382415321,0.7418969631034061,47043,243.16243792567187,0.7114035356475382,0.9871606827795847,0.8686193076143293,0.817386462445038,0.006405989006904874,0.001763907124557921,0.6681206289884134,0.9964306847284815,SIRA
9161,46441,828.68,307.2908748440782,192.8005565440809,1.5938277375969132,0.778680724380742,46984,243.16767403798906,0.685091756653095,0.9884428741699302,0.8498410635459822,0.791327351199004,0.006616801422107151,0.0016004885485609872,0.6261989767556319,0.9980532984079306,SIRA
9162,46442,815.309,306.44515738867204,193.4824767118875,1.5838393357192546,0.7754758972569232,47004,243.17029205186725,0.7233956386292835,0.9880435707599353,0.8779631849537435,0.7935197740568251,0.006598448761652643,0.0016138108305733597,0.629673631819195,0.9973018667404443,SIRA
9163,46445,803.6399999999999,303.276485559019,196.0293208386809,1.547097568167343,0.7630227366425159,46953,243.17814592439146,0.7095714613092965,0.9891806700317338,0.9037030359357457,0.8018364677239965,0.0065297983756920875,0.0016650326380968632,0.6429417209720958,0.9946935729892556,SIRA
9164,46447,819.082,312.393381789352,189.69642726443428,1.6468068813646122,0.7945217130816252,47033,243.18338169849125,0.6885933701002194,0.9875406629387876,0.8699870101274457,0.7784524124857123,0.00672580321203419,0.0015235341542901867,0.6059881585048257,0.9979454694512162,SIRA
9165,46462,815.423,305.3380391268294,194.63361453832022,1.5687836854445987,0.7705028835778982,47098,243.22264641164716,0.7479996780165822,0.986496241878636,0.8780956997456475,0.7965684429859683,0.006571779930412583,0.0016321315640819567,0.6345212843610896,0.9954266389730305,SIRA
9166,46471,814.123,309.82096231609347,192.02637433396464,1.613429214558127,0.7847614880364883,47043,243.24620219725475,0.7997074513853037,0.9878409115064941,0.8810728799032443,0.7851186064972707,0.0066669742918399316,0.0015626064853374783,0.6164112262682164,0.9945358806427403,SIRA
9167,46482,798.985,301.8648833996817,196.56857095342517,1.5356721674046527,0.7589227636585452,46868,243.2749895044286,0.7281015037593985,0.991764103439447,0.9149922557376005,0.8059068904093835,0.006494231818761707,0.0016898456019173007,0.6494859160093219,0.9973974443368316,SIRA
9168,46486,807.684,301.5468154826799,196.60072790579565,1.5338031486189148,0.7582411959312627,46903,243.28545677158505,0.7039067231980618,0.9911093107050721,0.8954659623258577,0.8067916631192504,0.006486830776635544,0.001695344409976527,0.6509127876787261,0.998372083217945,SIRA
9169,46508,816.0550000000001,300.8069238889073,198.60553528744393,1.5145948649092091,0.751052430987592,47034,243.3430186928381,0.6884872170656245,0.9888166007568993,0.8776041488391844,0.8089674783639903,0.006467853356173289,0.001708693543045321,0.6544283810505931,0.9911938653900756,SIRA
9170,46511,809.906,291.5589225548625,203.7821186905767,1.4307384986882303,0.7151805606007593,47008,243.3508669908064,0.7459663191659984,0.9894273315180395,0.8910381695834635,0.8346541579258827,0.006268601461049268,0.001876621411515594,0.6966475633429645,0.9967204888921268,SIRA
9171,46513,800.438,293.49053697764435,202.23415146291302,1.4512412213990795,0.7246992352445911,47002,243.35609904883546,0.7858784171932551,0.989596187396281,0.9122813977600399,0.8291786902395845,0.0063098604041374315,0.0018398907798558607,0.6875373003474328,0.9977824715136341,SIRA
9172,46515,815.2919999999999,298.5064640893392,199.6252062387291,1.4953345307123156,0.7434903365785901,47147,243.3613309943798,0.6895606024667932,0.986595117398774,0.8793798855766214,0.8152631861316908,0.006417423714701477,0.001748766418514932,0.6646540626615959,0.9938801708761116,SIRA
9173,46516,816.1129999999999,305.7320330502629,194.07782238775533,1.5753063863187284,0.7726788349033535,47041,243.36394692497248,0.6885750658732274,0.9888395229693246,0.8776303513255109,0.7960040840240088,0.0065726208842175355,0.0016277193600638283,0.6336225017829014,0.9981495735738544,SIRA
9174,46523,807.757,302.3836480256504,196.46324373589061,1.5391359842971475,0.7601777396913534,47038,243.38225765185507,0.7690514761794558,0.9890514052468217,0.8960167235413108,0.8048790311280641,0.006499659265860981,0.0016826461867095294,0.6478302547496513,0.9970988568015765,SIRA
9175,46524,810.566,307.27482022724394,194.37255300747407,1.5808549894152417,0.7745039367480682,46926,243.38487335752546,0.8019443582583514,0.9914333205472446,0.8898363552007621,0.7920755536608275,0.006604651797507607,0.0016036002942879614,0.6273836827071064,0.991802625085238,SIRA
9176,46525,801.294,302.29498732995813,196.60610211197144,1.5375666578130651,0.759610464397034,46947,243.38748903508463,0.7259322827274146,0.9910111402219525,0.9105681684515262,0.8051324012509167,0.0064974742037605185,0.0016841995406423759,0.6482381835440671,0.9967094173386637,SIRA
9177,46545,816.7239999999999,310.976257226107,191.37554684110407,1.6249529386547248,0.7882130672393177,47125,243.43979668430993,0.6972093650294342,0.9876923076923076,0.8768640458557496,0.7828243829795271,0.0066811957723946075,0.001547716233561571,0.6128140145872772,0.9957939338523957,SIRA
9178,46549,802.162,298.593005924784,199.1409118587971,1.4994056376346434,0.7451195416620685,47008,243.45025686549826,0.7131978917693204,0.9902357045609258,0.9090673294053375,0.8153247130203168,0.006414595499898687,0.0017485234577509885,0.6647543876616621,0.9967364765022614,SIRA
9179,46549,807.419,305.7739408863234,194.4013666563265,1.5729001608660884,0.7718799895744172,47014,243.45025686549826,0.7469351732991014,0.990109329136002,0.8972682279850429,0.7961772548694888,0.006568861648721205,0.0016282044743443523,0.6338982211715148,0.9970586140534029,SIRA
9180,46550,801.9989999999999,299.4319868146683,198.87501046903895,1.5056290184899028,0.7475778132937537,46954,243.45287184057167,0.7962164750957854,0.9913958342207266,0.9094564257461352,0.8130489812741865,0.006432480919756569,0.0017339042430614703,0.6610486459509924,0.9952940239772722,SIRA
9181,46557,826.971,308.8029322957346,193.09334204668434,1.599241739889069,0.7803873989524279,47093,243.47117587968182,0.6779619058713886,0.9886182659843289,0.8554887281363822,0.7884354402649072,0.006632792755025766,0.00158103229454554,0.6216304434657182,0.9941373519761286,SIRA
9182,46566,819.4419999999999,319.76245546487553,186.82041696633488,1.7116033710731782,0.8115755370181108,46990,243.4947076224401,0.6489130434782608,0.9909768035752288,0.871449767700151,0.7614862328613401,0.0068668654268108816,0.0014242509674991318,0.579861282837355,0.9924925264592345,SIRA
9183,46569,824.156,315.77766350716945,189.21459594413176,1.6688863876040896,0.8005979060433024,47326,243.502551031343,0.7349441323148791,0.9840045640873938,0.8615647595970065,0.7711202506437397,0.006780855580046157,0.0014789472739934223,0.5946264409528638,0.9923639730157013,SIRA
9184,46570,815.76,300.87711652736397,198.33271908637164,1.5170321766038786,0.7519836136988021,47083,243.50516544483511,0.7552830892489336,0.9891043476413992,0.8794097764049972,0.809317665149483,0.006460749764384023,0.0017097742136610292,0.6549950831230107,0.9936486166149394,SIRA
9185,46575,805.749,292.41623917357475,203.53055568129238,1.4367191117557212,0.718012433586354,47067,243.51823709127044,0.7138259230309439,0.9895468162406782,0.9014946987879011,0.8327794577329235,0.006278394829276967,0.0018627235350031465,0.6935216252219422,0.9963957733722529,SIRA
9186,46581,806.225,304.9538861895999,195.29590098274014,1.5614966041532594,0.768032176684944,46983,243.53392214085622,0.8042994042994043,0.9914437136836728,0.9005465149350257,0.7985926173422926,0.006546744084274703,0.0016425034528471973,0.6377501684736133,0.9958447223697163,SIRA
9187,46584,803.5889999999999,290.48339044806573,204.82335202705235,1.4182142200743775,0.7090958562570002,47062,243.54176428683195,0.7355174863819374,0.989843185584973,0.906522681261546,0.8384016859317598,0.006235690160743297,0.0019005218298276522,0.7029173869732172,0.9968874337429408,SIRA
9188,46588,809.1629999999999,308.10863105963523,193.6944683859454,1.5906940122095494,0.7776831668414923,47287,243.5522200886737,0.7613662363131231,0.9852179245881532,0.8941531256744875,0.7904751621240157,0.006613476239796412,0.0015928044985985647,0.624850981934989,0.9939467154872443,SIRA
9189,46590,814.364,308.86887810800624,192.67880313245797,1.6030246871300775,0.7815674766689278,47140,243.55744782127118,0.7349507824331146,0.9883326262197709,0.8828063344531802,0.7885464191575275,0.006629510154711446,0.0015811397557096794,0.621805455166159,0.9967694952235077,SIRA
9190,46591,804.046,298.0326315517962,199.36428992314436,1.4949148198340276,0.7433214123178737,47015,243.5600616454922,0.7321024512884978,0.9909816016165054,0.9056285485582325,0.8172261553284409,0.006396785463969355,0.0017599915366370278,0.6678585889529051,0.9983917021791401,SIRA
9191,46595,817.505,314.2657635950488,189.4658877142345,1.6586931156126956,0.7978286460009727,47003,243.57051666187948,0.7794412847106056,0.991319702997681,0.8761295833980577,0.7750462979980709,0.0067446241784536705,0.0015012330004999736,0.6006967640405144,0.9963715870848253,SIRA
9192,46597,808.2799999999999,306.10980399959163,194.38790325041427,1.5747368991642192,0.7724901755292221,47143,243.5757440017876,0.7306811766919651,0.9884182169144942,0.8962809284236483,0.7957136322301932,0.0065693028306455705,0.0016245244012396253,0.6331601845169674,0.9970607056404942,SIRA
9193,46602,810.528,306.28557414974006,194.32228259396146,1.5761732008352698,0.7729655121066416,47100,243.58881186078324,0.7614705882352941,0.9894267515923567,0.8914117922091709,0.795299656332149,0.006572369729834343,0.0016219031924100008,0.6325015433620346,0.996931982134186,SIRA
9194,46605,805.9399999999999,300.3804625047503,198.08653161092758,1.5164103286675934,0.7517465707749509,47164,243.59665223968545,0.7091448569689592,0.9881477398015436,0.9016478560561835,0.810960374081697,0.006445241122299116,0.00171956052757179,0.657656728330726,0.9972774555584503,SIRA
9195,46628,801.894,296.6679405431919,200.6001220795892,1.4789020937160111,0.7367389507450957,47089,243.6567534297196,0.7198567326396393,0.9902100278196606,0.9112189100998355,0.8213113725183446,0.00636244189206468,0.001785808712719559,0.674552370627967,0.9975969132427992,SIRA
9196,46631,804.679,302.4837589961731,197.34501201974635,1.5327661738210365,0.7578617051374763,47035,243.6645916224706,0.7887250093027977,0.991410651642394,0.9049805761809424,0.8055460314004936,0.006486752567952073,0.0016848783303566683,0.648904408705085,0.9946187277064955,SIRA
9197,46638,818.779,317.37793319905114,188.05464452774987,1.687689947759934,0.8055514021418606,47238,243.68287975842398,0.816748975517495,0.987298361488632,0.8742112507129468,0.7678003234257388,0.006805136009242488,0.0014588469615106363,0.589517336652669,0.9949224830989184,SIRA
9198,46640,834.9460000000001,323.3127994995014,184.8112087023989,1.7494220278605035,0.8205203193461431,47269,243.6881046880376,0.7261178228920164,0.9866931815777783,0.84072048359623,0.7537224170069191,0.006932092613625674,0.0013800341947634,0.5680974818987521,0.9938422488057607,SIRA
9199,46646,819.0029999999998,309.05389775301995,193.08130738904086,1.6006412113747766,0.7808251426418382,47273,243.70377880475388,0.7991707785087719,0.9867366149810675,0.873882991719125,0.7885478247535628,0.006625517681109205,0.0015801988166656187,0.6218076719235756,0.9952909852298814,SIRA
9200,46652,805.4229999999999,296.1416551302436,201.31722287541373,1.471019969878645,0.7333971521783132,47209,243.71945191343428,0.7948613098889116,0.98820140227499,0.9037162182692291,0.8229826763352358,0.006347887660341327,0.0017962706299577272,0.6773004855479077,0.9963225398494747,SIRA
9201,46659,820.8649999999999,302.85125619141724,199.03432190712724,1.5216031752188586,0.7537148616352659,47769,243.73773593310895,0.7506274131274131,0.9767631727689505,0.8701654056683418,0.8048100542764611,0.0064907361107485635,0.0016797602060619795,0.6477192234644805,0.9855716270738469,SIRA
9202,46666,804.8000000000001,304.3356053591721,195.71666546230054,1.5549805359717517,0.7657865191025558,47079,243.75601858130827,0.7216019792794186,0.9912275112045711,0.9053875230996059,0.8009447934743988,0.006521570422988302,0.0016555499234101548,0.6415125621937474,0.997539547792645,SIRA
9203,46668,810.2869999999999,303.4046747934385,197.06983791489492,1.5395794607821445,0.7603376553990377,47199,243.76124194321906,0.7407619047619047,0.9887497616474925,0.8932053396857945,0.8034195323759418,0.006501342992916742,0.0016709074105565984,0.6454829450031768,0.9937722844120617,SIRA
9204,46669,805.211,306.51748252854674,194.70678160182723,1.5742517030319514,0.7723292420695171,47160,243.76385358220216,0.7296819787985865,0.9895886344359627,0.9045216386489024,0.7952690057719622,0.006567903373300194,0.0016205511568693047,0.6324527915415254,0.9956398841715582,SIRA
9205,46671,820.6729999999999,318.07664465328236,187.77712184666612,1.693905208074365,0.8071460489290756,47194,243.76907677622847,0.7408095238095238,0.9889180828071366,0.8707965095334067,0.7663847090752217,0.00681529525086847,0.0014502796802335469,0.5873455223043123,0.9949076391704327,SIRA
9206,46676,826.63,310.6285824866887,192.2216895917819,1.615991323072675,0.785536595894476,47172,243.78213427168623,0.6809640522875817,0.9894852878826422,0.8583831224973429,0.7848026486169636,0.0066549957684182166,0.0015572896121690124,0.6159151972762013,0.995313614546936,SIRA
9207,46704,813.324,295.36008949970875,203.0207834727081,1.4548268627847836,0.726310253826494,47182,243.85524332544304,0.7017354068064007,0.9898690178457886,0.8872311188393185,0.8256201565299278,0.006324085506588488,0.0018125860982034037,0.6816486428685027,0.9916807566258891,SIRA
9208,46708,836.278,318.5278624584637,189.19155105227563,1.6836262543798854,0.804497489415798,47367,243.86568568679354,0.7628286787522456,0.9860873603985897,0.8392663134184378,0.76560236773194,0.006819556873736056,0.001445270006589843,0.5861469854767528,0.9868524536742864,SIRA
9209,46711,819.3779999999999,313.3485588405486,190.53592739084434,1.6445641676689142,0.7938881335825139,47218,243.873517164378,0.6896852114339712,0.9892625693591427,0.8742999038676752,0.778281917321586,0.006708239147964047,0.0015182247255480271,0.6057227428297643,0.996149918399963,SIRA
9210,46723,820.5099999999999,300.75802684240244,198.32224765712496,1.5165117902575231,0.7517852720471642,47315,243.90484056012707,0.711091833318114,0.9874881115925183,0.8721131349672677,0.8109670193039719,0.0064370444287054004,0.0017174299787597533,0.6576675063987688,0.9973605275229976,SIRA
9211,46731,821.862,305.7755908605022,195.98312700459692,1.5602138588865866,0.7675928399566757,47265,243.92572058931975,0.7907909432429688,0.9887019993652809,0.8693949982608818,0.7977279020306138,0.006543313664601703,0.001634544062901466,0.6363698056781648,0.9928729901960367,SIRA
9212,46732,830.8000000000001,310.8841393280252,192.4632493062957,1.6152909215061029,0.7853251474539411,47421,243.92833046729857,0.6692731829573935,0.985470572109403,0.8508073955758092,0.7846277748184538,0.006652489500300119,0.0015553161106699586,0.6156407450165583,0.9944389063345003,SIRA
9213,46734,831.719,320.3202184318452,187.60586601714505,1.707410462328356,0.8105407472129362,47538,243.9335501394859,0.6557869330938483,0.9830872144389752,0.8489645830135228,0.7615302940716114,0.006854115171649018,0.0014219355046852056,0.5799283887887952,0.9901757984192152,SIRA
9214,46739,810.1879999999999,302.65867433005695,197.78172036567418,1.5302661629723826,0.7569428414068102,47273,243.94659883133596,0.7498636290710733,0.9887039113235885,0.8947828828601181,0.8060122491824108,0.006475505987078392,0.0016858543068245053,0.6496557458320886,0.9941462054274317,SIRA
9215,46746,818.6229999999999,317.6692079620803,187.81915888754486,1.6913567808717642,0.8064947070567346,47249,243.96486582741767,0.7893617021276595,0.9893542720480857,0.8765696585040011,0.7679839899891695,0.0067956447174534786,0.001458206715969462,0.5897994088796848,0.9975612295628133,SIRA
9216,46752,805.052,302.1337201082757,197.38797637358346,1.5306591903878015,0.7570876685618759,47251,243.98052216408243,0.7720329606816718,0.9894393769444033,0.9064882763980951,0.8075249663514786,0.006462476901699943,0.0016951283996314462,0.6520965712809569,0.9981376098515707,SIRA
9217,46757,829.953,307.90133696075435,194.60598833286178,1.5821781210252777,0.774935691678838,47292,243.99356834388482,0.7201694262610705,0.988687304406665,0.8530009291098882,0.792440756354964,0.006585138844681104,0.0016018133700650158,0.6279623523324276,0.9935482946879337,SIRA
9218,46774,821.1379999999999,310.6043249579542,192.39094824877768,1.6144435472936942,0.7850688842838642,47444,244.03792013833117,0.7397203947368421,0.9858780878509401,0.8717301647027492,0.7856874503320778,0.00664053373579241,0.0015609249239310371,0.6173047696093211,0.9966037020093891,SIRA
9219,46782,798.73,300.2030387851225,198.88443796859966,1.5094345331962034,0.7490621349566355,47254,244.05878878213008,0.7112753147235906,0.9900114276040124,0.9214858171827995,0.8129790749947104,0.006417062946969401,0.0017291534378669597,0.6609349763792551,0.9976380775440646,SIRA
9220,46783,807.9810000000001,310.6508660509276,192.28875756403644,1.615543570962405,0.7854014595922983,47287,244.0613972371401,0.774578628431405,0.9893416795313723,0.900524712401427,0.78564531411005,0.006640251075196709,0.0015605236748162268,0.6172385595830794,0.9971757866845392,SIRA
9221,46787,819.8,312.75217289411967,191.244978891699,1.635348413885572,0.7912517821963805,47361,244.07183077840844,0.7025075075075075,0.9878803234728997,0.8748210711667497,0.7804001120754402,0.006684595569156382,0.001529410938028032,0.6090243349273597,0.9959669801411732,SIRA
9222,46788,820.847,314.1891909576135,190.59933267879086,1.648427549781108,0.7949776398125347,47446,244.07443909403702,0.808027079303675,0.9861316022425495,0.8726094555981229,0.7768390705935027,0.006715166088689696,0.001508553655004865,0.6034789416005771,0.9947913130471358,SIRA
9223,46810,805.3829999999999,305.4332514024373,196.0380614087248,1.5580303600617211,0.7668419184103049,47298,244.13181498742225,0.7879277550539481,0.9896824390037634,0.9068669789676352,0.7992967820840025,0.006524957304046941,0.0016428189169529657,0.6388753458498412,0.9953871851289849,SIRA
9224,46813,807.608,282.302528512441,212.36132841354538,1.3293499839231295,0.6588808142547735,47253,244.13963792814792,0.7258842319083283,0.9906884218991386,0.9019347358348377,0.8648156260399515,0.006030430190597505,0.0020807608580218403,0.7479060670428735,0.9942289181994548,SIRA
9225,46815,822.4799999999999,322.0584588394031,185.82909690345446,1.7330895118471419,0.8167411491908546,47410,244.1448530827071,0.6985853702211479,0.9874499050833158,0.8696493955946157,0.7580762013285662,0.006879386069409444,0.0014014606127432307,0.5746795270207489,0.9959710609529362,SIRA
9226,46820,805.9019999999999,291.44607421435245,206.6748569833861,1.4101670540300935,0.7050718820221482,47752,244.15789048175427,0.7712836056931998,0.9804824928798794,0.9058927965576586,0.8377463691694171,0.0062248200387516545,0.0018912841378095852,0.7018189790565414,0.989682002158571,SIRA
9227,46822,814.731,302.5202906664776,197.9482663126387,1.5282795666857634,0.7562086612872162,47400,244.16310524645155,0.7006973751159797,0.9878059071729958,0.8864032549206735,0.8070966238612945,0.006461071519082431,0.0016911667586986577,0.6514049602483001,0.995528890385229,SIRA
9228,46827,808.608,300.9674734739014,198.95892634908066,1.5127115882493407,0.7503290381046878,47295,244.17614167095329,0.7817659727207465,0.990104662226451,0.8999743500518808,0.8113040882875577,0.006427220908320016,0.0017176617624721287,0.6582143236721054,0.9956884349704962,SIRA
9229,46829,820.888,317.965592632139,188.99311866119342,1.6824188885001343,0.8041826207148595,47497,244.18135604587616,0.7714572831208197,0.9859359538497168,0.8732868764586179,0.7679489910355635,0.006789929159967948,0.001456714699134678,0.5897456528325399,0.9921992257363079,SIRA
9230,46836,804.0199999999999,292.58819681948637,204.8225655062491,1.4284959086236988,0.7141065671225184,47389,244.1996054812867,0.7231348814229249,0.9883306252505856,0.9104497006070007,0.834618785500588,0.006247079101961875,0.001869861286030809,0.6965885171104765,0.9950738466865651,SIRA
9231,46838,820.688,316.4250757908778,189.3233352837057,1.6713474612979273,0.8012575219757896,47299,244.20481935519933,0.6776331018518519,0.9902534937313685,0.8738804823964519,0.7717619052308985,0.006755734143022286,0.0014783785880827418,0.5956164383656265,0.9954820221697034,SIRA
9232,46839,807.204,295.4637857319818,202.4909278572677,1.4591457941278683,0.7282303188403454,47366,244.20742625041171,0.7107048023670435,0.9888738757758729,0.903339223174759,0.8265223626151422,0.006308072028266653,0.0018159121740950724,0.6831392159029167,0.9967997136885507,SIRA
9233,46847,808.233,310.7771131094304,192.9358100315669,1.610779839463618,0.7839552748418734,47388,244.22828041037377,0.7012604035686486,0.9885836076643876,0.9011944146336565,0.7858631479222746,0.006633874380631212,0.001560754875904869,0.6175808872623071,0.9947868424401776,SIRA
9234,46850,805.1679999999999,304.7662611882732,196.25296063317597,1.5529256741146629,0.765071093493112,47274,244.23610026128893,0.7566214470284238,0.991031010703558,0.9081267042795969,0.8013882485187854,0.006505149651830805,0.0016550416728968594,0.6422231248640066,0.9973247791114626,SIRA
9235,46856,809.173,302.5953763963721,197.92030309507558,1.5288748635909952,0.7564290384502502,47372,244.251739212049,0.7269004033509153,0.9891074896563371,0.8992745626719328,0.8071892641614645,0.006457985666646152,0.001691135271695752,0.6515545081775266,0.9961453098120137,SIRA
9236,46860,816.4879999999999,310.3916741992026,192.42689744637374,1.6130368379800113,0.7846423893286453,47295,244.26216462295122,0.7748143983862167,0.990802410402791,0.8833087565592658,0.7869481849122959,0.006623808668356863,0.0015670111762875227,0.6192874457367572,0.9989334632719367,SIRA
9237,46862,812.557,310.7445583569755,192.48021681338227,1.6144233599770699,0.7850627732867939,47413,244.26737716154238,0.710838073568449,0.9883787146985004,0.8919140632118013,0.7860712942266045,0.006631056257884331,0.0015617453558570353,0.617908079607089,0.9975652380362554,SIRA
9238,46864,808.394,301.7222562230875,198.19547679643955,1.5223468320267326,0.7539946710773087,47295,244.27258958890306,0.7557978260168371,0.990886985939317,0.9011623843307817,0.8095942031147105,0.006438252309301116,0.0017061504084365442,0.6554427737169432,0.9978112301428029,SIRA
9239,46870,820.738,310.94593823908906,194.0866551621586,1.6020984955369293,0.7812794914094363,47500,244.28822620367336,0.7838316944277209,0.9867368421052631,0.8743709782743638,0.785629256285181,0.006634220999340496,0.001558979085692449,0.6172133283312066,0.9888365447447668,SIRA
9240,46874,826.694,309.44662821125866,193.71166667343647,1.5974599440772497,0.779828044261558,47518,244.29865005749832,0.7366650950809367,0.9864472410454985,0.8618909260413069,0.7894694198791401,0.006601668904110139,0.0015818844283313632,0.623261964924306,0.9956360236334586,SIRA
9241,46880,810.125,299.696731520453,200.12706671809147,1.4975322250768812,0.7443719188994016,47394,244.3142850043452,0.706534844465879,0.9891547453264127,0.8976218136847219,0.8152050366544349,0.006392848368610346,0.0017415725996547354,0.6645592517867585,0.995198895023652,SIRA
9242,46886,821.9949999999999,296.9084883179882,202.2929789052623,1.4677152411554342,0.7319753882961717,47636,244.32991895069426,0.7907243443797959,0.9842556050046184,0.8719964072162604,0.8229132159031357,0.006332561709635887,0.0017913289379780976,0.6771861609080408,0.993916449464268,SIRA
9243,46892,817.3910000000001,316.31143405205586,190.13786686548238,1.6635898954090929,0.7991665315519766,47349,244.3455518967375,0.7853027867095391,0.9903482650108767,0.8819600578053318,0.772484095078666,0.006745530880577835,0.0014816788545088467,0.5967316771495056,0.9927167883764385,SIRA
9244,46898,815.8099999999998,306.6800225874499,195.41453718878898,1.5693818228639147,0.7707038079254008,47348,244.36118384266692,0.7952048290830168,0.9904959026780434,0.885495049095704,0.7967952453537701,0.0065392985327188775,0.001625915093198894,0.6348826630183748,0.9963733109924735,SIRA
9245,46901,834.492,312.81085320171286,193.4572292208684,1.6169509635878196,0.7858257693545644,47989,244.36899944064888,0.7446376121298722,0.9773281376982225,0.8463453480759975,0.7812037112506133,0.0066695987975035256,0.0015322748176714058,0.6102792384717318,0.9867916027045074,SIRA
9246,46906,819.1949999999999,312.0050157696498,192.61096737140727,1.6198714955209053,0.7867020186542146,47360,244.38202488183853,0.7119266612026834,0.9904138513513514,0.8783420553703463,0.7832631288923361,0.006651708006857327,0.001544342672936931,0.6135011290822122,0.993792991470167,SIRA
9247,46908,807.242,302.7978818441127,197.79894320959687,1.530836701808129,0.7571530343234504,47372,244.38723486392863,0.811332503113325,0.9902051844971713,0.904584789901157,0.8070969102410855,0.00645514372482546,0.0016896175738055261,0.651405422520707,0.9971953285515296,SIRA
9248,46909,818.9889999999999,302.60212816242836,198.5054879102586,1.5244018256020726,0.754765221087146,47614,244.38983981332314,0.7019993415342253,0.9851934305036334,0.8788401740484181,0.8076276307023905,0.006450833063216618,0.0016929348321874837,0.6522623898739569,0.9943099778954309,SIRA
9249,46915,823.512,311.1677015919853,193.44722518644258,1.608540527226921,0.78327008484446,47605,244.4054689266387,0.7455108851104402,0.9855057241886357,0.8693241022586314,0.7854461362031471,0.006632584495193121,0.0015571418773061194,0.6169256328764526,0.9923498827668913,SIRA
9250,46916,825.347,317.25151638854675,189.03815845561127,1.6782406207318281,0.8030867599391291,47505,244.40807368169098,0.7565388460670172,0.9876013051257763,0.8654812976522557,0.7703921370145875,0.0067621177506297795,0.0014692978997884111,0.5935040447739031,0.996042596508206,SIRA
9251,46920,814.7529999999999,313.3114693089309,191.09626544780087,1.6395478403240373,0.7924597147345811,47412,244.41849242431277,0.772091492512753,0.9896228802834726,0.8882105574005942,0.7801134537571353,0.006677567547078663,0.0015255594048816763,0.608577000732886,0.9977911072224833,SIRA
9252,46922,830.9809999999999,324.1833404072435,186.3345590628952,1.7397918133791754,0.8183069871194372,47677,244.42370162908364,0.695635414813497,0.9841642720808775,0.8538944509430407,0.7539674966703571,0.006908983854210041,0.0013772235372224656,0.568466986035365,0.9890142084806621,SIRA
9253,46924,820.238,305.00651643296766,197.4813139772951,1.5444829198778525,0.7620944352588892,47545,244.42891072283732,0.6943063446969697,0.986938689662425,0.8764459112057195,0.801389142702321,0.006500011005731985,0.0016537416782867978,0.642224558041161,0.9919048606206754,SIRA
9254,46937,868.4509999999999,305.15117309865605,197.25951078168032,1.5469529042702854,0.7629715277879549,47931,244.46276712668194,0.753064433320498,0.9792618555840688,0.7820500585484044,0.8011201944409586,0.006501292649693334,0.0016518484358160716,0.6417935659411194,0.9928244207745974,SIRA
9255,46947,801.777,297.6182619911305,201.6623330575279,1.4758247486218927,0.7354424170854054,47478,244.488807323938,0.7929968582142495,0.9888158726146847,0.9177206872828272,0.8214845610892794,0.006339452190579388,0.0017808572828340464,0.6748368841080461,0.9959409748495383,SIRA
9256,46949,836.5129999999999,313.4034505166064,191.9024901299081,1.633139050485736,0.7906117850462365,47566,244.49401503057524,0.6738671757259118,0.9870285498044822,0.8431227755385234,0.7801254728611233,0.006675402042995728,0.0015251586611100593,0.6085957534067912,0.9939214908484181,SIRA
9257,46949,811.2449999999999,310.99113149228583,192.55821425866932,1.6150499353640762,0.7852523179010705,47326,244.49401503057524,0.8144505160898603,0.9920339770950429,0.8964625348995116,0.7861768078638601,0.00662402035170687,0.0015609260659098763,0.6180739732230087,0.9982203305040381,SIRA
9258,46950,825.213,309.75234607552363,193.77779878223774,1.5984924383603663,0.7801524493525669,47667,244.49661884229786,0.7420578473210052,0.9849581471458242,0.866389815737275,0.7893293527555231,0.006597494059116585,0.00157976243777507,0.6230408271214531,0.9959260509434311,SIRA
9259,46957,809.342,305.09260793893657,196.64254614988076,1.5515086328591132,0.7645756842794433,47315,244.51484474798053,0.8222346740443713,0.992433689104935,0.9008366571432246,0.8014446708486608,0.006497276400514014,0.0016535041412387027,0.6423135604317183,0.9965550340122847,SIRA
9260,46958,831.681,324.4320833925751,185.90875601373133,1.7451145946488522,0.8195356001368502,47945,244.51744833789215,0.7708647974259636,0.9794139117739076,0.8531116948169591,0.7536783840271949,0.006908984270892609,0.0013751124215943612,0.568031106549844,0.9912793742546699,SIRA
9261,46962,817.837,307.48814944405234,195.41336787438726,1.5735266874971794,0.7720884234117198,47650,244.5278624203236,0.8030575078233212,0.9855613850996852,0.8823135295306104,0.7952432081120433,0.0065475948520942965,0.0016153306582739827,0.6324117600483347,0.9951167819231173,SIRA
9262,46963,815.744,305.15333856225016,196.53915499178638,1.5526338178008494,0.7649691952592358,47472,244.53046587163212,0.7508913867259326,0.9892778901247051,0.886865824573318,0.8013363610037936,0.006497739466436347,0.0016527282654915092,0.6421399634668021,0.9970082230399591,SIRA
9263,46964,812.915,301.4585157863046,199.2702362781049,1.5128125575441382,0.7503679080955101,47576,244.5330692952227,0.7999863727728,0.9871363712796368,0.8930682892065999,0.8111665668405442,0.00641892759957211,0.001714282570535127,0.657991199159875,0.995417348842585,SIRA
9264,46973,817.358,316.907896861671,189.37363264128493,1.6734531224944282,0.801819143620803,47364,244.5564988603754,0.7781109196925523,0.9917447850688287,0.8835548732144989,0.7716958185081872,0.006746596914433207,0.0014758734294122546,0.5955144363030211,0.9965654929217999,SIRA
9265,46978,823.0799999999999,316.07626507233783,189.53198555501308,1.6676671441327475,0.8002698403696299,47415,244.5695143156,0.7675391301506388,0.9907835073289043,0.8714054860635899,0.7737674142018457,0.006728176275540419,0.0014877120101024343,0.5987160112806106,0.9984590206788858,SIRA
9266,46979,817.3820000000001,314.7181139165207,190.26640556421734,1.6540918665239581,0.7965585871410891,47455,244.57211732352732,0.7908789414319625,0.9899694447371193,0.8836158404812412,0.7771148418498731,0.006699123308638342,0.0015070877800065182,0.6039074774233533,0.9989184465389697,SIRA
9267,46994,800.5709999999999,299.43547600435744,200.20435217958894,1.495649184168361,0.7436168591699194,47498,244.61115911847568,0.759437621202327,0.9893890269063961,0.9214092511595969,0.8169077438069364,0.006371780993411019,0.001750381258254751,0.6673382618917394,0.9981039269627121,SIRA
9268,47005,821.278,310.4624586805177,193.6411693530527,1.6032874606043757,0.7816490719356523,47735,244.63978580818844,0.7316978253763173,0.9847072378757725,0.8757366840725124,0.7879850815068616,0.006604881580268434,0.0015707851232502632,0.6209204886773755,0.9955140335287774,SIRA
9269,47006,807.9789999999999,303.13249494253296,198.0001487873768,1.5309710462291266,0.7572024856586506,47428,244.64238806842334,0.8008518613169776,0.9911023024373787,0.9048217128363454,0.8070477172524905,0.006448804300355975,0.0016875467552439362,0.651326017922456,0.9971612750949933,SIRA
9270,47009,802.9769999999999,295.61136140653963,203.9232481537176,1.4496206983899522,0.7239660288605675,47490,244.65019468305204,0.7985221674876847,0.9898715519056643,0.9161881392524528,0.8276075503965383,0.006288399272618852,0.0018197748060425874,0.6849342574733587,0.9928948766697335,SIRA
9271,47011,824.669,318.7532096735747,188.54304865098882,1.690612366535015,0.8063037895652593,47682,244.65539895441657,0.75187524990004,0.9859276037078981,0.8686603822194131,0.7675386208815296,0.006780396283286352,0.0014515626660956801,0.5891155345447204,0.9959660080191902,SIRA
9272,47017,820.516,306.1999650599477,196.0552926996192,1.5618041259874769,0.7681373039597925,47595,244.67101110432583,0.7810651870556183,0.9878558672129425,0.8775879884784175,0.799056299880453,0.006512537275027069,0.0016377194405723116,0.6384909703786407,0.997197831943109,SIRA
9273,47018,808.716,303.8267514882221,197.79824955249416,1.5360436817596244,0.7590578732706161,47495,244.6736130324598,0.814771171608297,0.9899568375618486,0.9034038659613541,0.8053063524985377,0.006461924188358121,0.0016764326908089019,0.6485183213744992,0.9961524700526568,SIRA
9274,47021,813.3809999999999,306.42356332005704,195.57625069005172,1.5667728685814495,0.7698253424388398,47446,244.68141865084908,0.7582075593395253,0.9910424482569659,0.8931279453189853,0.7985071905037578,0.0065167385491600996,0.0016342759337894459,0.6376137332862046,0.9989958979477542,SIRA
9275,47022,819.584,301.500288953739,199.30828691062615,1.5127333320010814,0.7503374095903664,47729,244.68402046831096,0.7065134099616859,0.9851872027488529,0.8796785822586266,0.8115548456600461,0.006411898450804709,0.0017156863619444192,0.6586212675143012,0.9963183445336845,SIRA
9276,47024,818.549,303.5226101180569,197.44387536596992,1.5372601938422548,0.7594994323804639,47475,244.68922402023816,0.7037203316273084,0.9905002632964718,0.8819420874432425,0.8061647332469395,0.00645463189260924,0.0016816918675987363,0.6499015771311092,0.9990678244389559,SIRA
9277,47026,815.6220000000001,312.63531052154633,192.74729810807602,1.621995813120283,0.7873357992454376,47758,244.69442746150915,0.7412907090387465,0.9846727249884836,0.8883212277069691,0.7826832709757051,0.006648137424436404,0.0015389480380209855,0.6125931026652289,0.9936234476693651,SIRA
9278,47029,799.7579999999999,291.542820741253,206.00376936231686,1.415230515653775,0.7076145275914371,47545,244.7022324159507,0.7715996718621821,0.9891471237774739,0.923971173671399,0.8393354766678554,0.006199213692429204,0.0018978360421693689,0.704484042393256,0.9970073145860637,SIRA
9279,47049,838.205,305.14297543715475,196.94877024147002,1.5493520221681643,0.7638184852779032,47755,244.7542590849946,0.7284931252322556,0.9852162077269396,0.8415109411277771,0.8020969800610815,0.00648564210582913,0.0016559234908278457,0.6433595654231072,0.9967904436695223,SIRA
9280,47056,803.179,298.0789540031444,201.61324204503597,1.4784691272240944,0.736557162114505,47605,244.77246580662992,0.7061224489795919,0.9884675979413927,0.9166429055061459,0.8211665483905577,0.006334557846037581,0.0017767284905339362,0.6743145001956622,0.9969531705788321,SIRA
9281,47077,815.953,308.35383481529766,195.27933658066635,1.5790397500040783,0.7739094400879125,47670,244.82707784780925,0.7483348964377116,0.9875603104677995,0.8885632686441342,0.7939809731714846,0.006549989056551982,0.001605686359069599,0.6304057857583378,0.9954357943449703,SIRA
9282,47082,821.528,317.0199065526491,189.98851046376623,1.66862672789421,0.8005281101133606,47638,244.84007891932424,0.7650136487716106,0.9883286451992107,0.8766374645315491,0.7723176805575849,0.006733356836002062,0.0014777307211187956,0.5964745997018477,0.9952934595725027,SIRA
9283,47099,833.6279999999999,327.77935135164853,185.27440736127812,1.769156118321788,0.8249256568760763,47960,244.8842773995126,0.6937546030343202,0.9820475396163469,0.8516810096763712,0.7471009884841575,0.006959369654380104,0.0013374172238717935,0.5581598869940052,0.9874719790772422,SIRA
9284,47104,834.1199999999999,315.28058717377024,190.74964547840608,1.6528501868668573,0.7962136847305951,47800,244.89727543442598,0.7129839857112584,0.9854393305439331,0.8507668967928811,0.7767597670054079,0.0066932869219975,0.001503024626075226,0.6033557356382956,0.997256640396947,SIRA
9285,47114,805.392,297.67871268261706,201.97636071076832,1.4738294701175214,0.7345961999066218,47730,244.9232694348425,0.7662058871361197,0.987094070815001,0.9127360809765286,0.8227772393519384,0.006318264479403512,0.0017861035797437615,0.6769623855955968,0.9977271140518519,SIRA
9286,47114,818.3820000000001,315.07074993842417,190.74274451546884,1.6518098800495795,0.7959240033958807,47544,244.9232694348425,0.7776127285931207,0.9909557462560996,0.8839907167625648,0.7773595914019599,0.0066874124450996345,0.0015063493957793884,0.6042879343446221,0.9981687803451984,SIRA
9287,47116,809.2049999999999,303.62998674474136,197.95388337092038,1.5338420321656843,0.7582554070751528,47605,244.9284679038799,0.7412838263058528,0.9897279697510766,0.9041930446818831,0.8066675842191725,0.006444307384853157,0.0016831949956193325,0.6507125914299959,0.9980903235947834,SIRA
9288,47121,822.883,312.0118229980536,193.71384047632915,1.610684204240842,0.7839260827783131,47831,244.94146359378522,0.7356908665105386,0.9851560703309569,0.8744765781427939,0.785039045123983,0.006621502578426893,0.0015513198357575506,0.6162863023691749,0.9926426125160255,SIRA
9289,47121,836.282,329.9991623839783,182.06439419315674,1.8125409081024035,0.8340349007961381,47507,244.94146359378522,0.6855958096900917,0.9918748815963964,0.8466791479460932,0.7422487433734084,0.0070032291841000465,0.0013112212709375057,0.5509331970394039,0.9985889572655614,SIRA
9290,47124,810.0799999999999,301.7362906313493,199.66505337244237,1.5112123305249106,0.7497507163081263,47631,244.94926067677733,0.7665056360708534,0.9893556717263967,0.9023939838369684,0.8117991381290216,0.006403027982160879,0.0017153766973903924,0.6590178406670223,0.995915886851905,SIRA
9291,47126,831.746,321.40951626537935,187.07233018110716,1.718102917487683,0.8131620810376048,47670,244.95445859422372,0.779586435070306,0.9885882106146423,0.8560300315702434,0.7621257187418536,0.006820216361782866,0.0014193332778309918,0.5808356111677871,0.9979353581281164,SIRA
9292,47134,811.933,307.54098022916975,195.45779117543105,1.5734393516866239,0.7720593867088767,47608,244.97524916110842,0.7803900791416934,0.9900436901361116,0.8984704028118263,0.7965613199859111,0.0065248224260442515,0.001620411492515155,0.6345099364976969,0.9983629031216572,SIRA
9293,47139,812.169,306.982950614379,196.29880930711874,1.5638553881093067,0.7688365822190225,47658,244.98824236944685,0.6974875710227273,0.9891099080951782,0.8980435786066822,0.7980516242975081,0.006512292382409024,0.001629437087496885,0.636886395043891,0.9959982205029015,SIRA
9294,47142,839.093,327.15505774226983,183.95365436184787,1.7784645750974657,0.8269450276414833,47669,244.99603796368837,0.6941323713465362,0.9889445971176236,0.8413906302717438,0.748868257316365,0.006939778917786047,0.0013463162482753549,0.5608036668160495,0.9973694550171063,SIRA
9295,47145,819.001,308.9069944805607,194.90840438769595,1.5848828861484496,0.7758141863478716,47633,245.0038333098877,0.80577347074809,0.9897550017844772,0.8832357514418983,0.7931313880473032,0.006552274779521915,0.0015993827735947736,0.6290573987058419,0.9969823056139504,SIRA
9296,47153,804.3570000000001,298.16009167460294,201.78554768579235,1.4776087539176934,0.736195311255774,47591,245.0246196872819,0.8072761513439479,0.9907965791851401,0.9158439938302186,0.8217887857194838,0.00632324754892802,0.001778937905342871,0.6753368083343035,0.9978835798376022,SIRA
9297,47155,822.128,318.5065655782341,189.28110609103928,1.6827171615588548,0.8042604817966138,47624,245.0298160061069,0.8022422974191463,0.9901520241894843,0.876715599213574,0.7693085244923178,0.00675446009072705,0.0014593940851080314,0.591835605856547,0.995891930796394,SIRA
9298,47158,810.17,306.4935704804709,197.09865475890396,1.5550261916063384,0.7658023749030427,47713,245.0376102777302,0.7980167191254611,0.9883679500345818,0.902844438319513,0.7994869513693224,0.0064992911166816,0.0016379146701035417,0.6391793854098133,0.9939406854471018,SIRA
9299,47160,817.8269999999999,311.8671937502145,193.7855649541246,1.6093417165723551,0.7835156321404007,47702,245.0428063210799,0.8075342465753425,0.9886377929646556,0.8860551857077815,0.7857280638416344,0.006612960003185209,0.0015547648700612825,0.6173685903083236,0.9935570268846524,SIRA
9300,47162,822.039,314.0568648016461,192.49452290154176,1.6315106532266468,0.7901380804018336,47619,245.04800225425168,0.7179697966142979,0.9904029904029904,0.8770356225165356,0.7802663457428978,0.006659108282126417,0.0015225351977661307,0.6088155702989753,0.9932890887930347,SIRA
9301,47165,813.5029999999999,314.50145175660253,191.88881950353723,1.638977469194369,0.7922963044027952,47624,245.05579594744123,0.6857171934517752,0.9903620023517554,0.8955944324916014,0.7791881232303297,0.006668110924554278,0.0015161838810629988,0.6071341313832036,0.9950791621159644,SIRA
9302,47166,809.701,310.78222980210813,193.82331617635668,1.603430567245751,0.7816934883302034,47566,245.05839379008972,0.7798740058532714,0.9915906319640079,0.904043981707496,0.7885212547259592,0.006589115672351018,0.0015713050693676213,0.6217657691546012,0.9969582399295528,SIRA
9303,47174,808.254,300.4657222570743,200.60713239214272,1.4977818518921353,0.7444717429125901,47646,245.07917553993965,0.7517529321774605,0.9900936070184275,0.9074377485808566,0.8156643416724033,0.0063693077173246765,0.0017390733536647694,0.6653083182758751,0.9964867250264824,SIRA
9304,47179,809.861,299.12212815122905,201.35288296314906,1.4855616852825166,0.7395095521213443,47703,245.09216323877075,0.7108696962391514,0.9890153659099008,0.9039358787243977,0.8193715548682442,0.006340154054796181,0.00176280025782597,0.671369744927204,0.9973611697217506,SIRA
9305,47182,821.453,300.48519191026946,201.15378825647073,1.4938082673697965,0.7428751822667132,47785,245.0999555277284,0.7086299600492626,0.98738097729413,0.8786598263218656,0.8156806462560054,0.0063686404118153,0.001739030194067106,0.6653349166766147,0.9938827991013217,SIRA
9306,47184,825.5160000000001,309.46496957954054,194.78627720204474,1.588741127068945,0.7770578659594175,47749,245.10515024940605,0.694270327535976,0.9881672914616013,0.8700688672518472,0.7920287410314066,0.0065586845027878204,0.0015920630718181373,0.627309526619795,0.9966324443430197,SIRA
9307,47184,856.996,302.86670603725054,199.11938046825236,1.5210307772403886,0.7534991398214832,47992,245.10515024940605,0.7368815592203898,0.9831638606434405,0.8073224499696003,0.8092839039866594,0.006418843379901037,0.0016984006703235602,0.6549404372518884,0.9961845623194,SIRA
9308,47189,804.9339999999999,304.39015216253694,197.89686252963466,1.5381252045719276,0.7598126137511324,47596,245.118136571955,0.8106404177832749,0.9914488612488445,0.9152296766941094,0.8052761721445834,0.0064504471839313595,0.001673204334383296,0.6484697134238326,0.9974276106187319,SIRA
9309,47201,816.99,305.0704828610176,198.00333857915712,1.5407340353458612,0.7607531852065735,47733,245.14930093933452,0.6893172690763052,0.9888546707728406,0.888643527780603,0.8035824988385335,0.006463220755090307,0.00166245780537376,0.6457448324395818,0.994921041488374,SIRA
9310,47209,832.896,317.63248321335413,190.14102981906112,1.6705099552454004,0.8010334420980603,47820,245.17007498347405,0.7575135187176072,0.9872229192806358,0.8551712903392313,0.7718671355750256,0.006728218839910909,0.0014731605201934257,0.595778874980795,0.9952545417803229,SIRA
9311,47224,805.648,300.9224619422998,200.78135473085737,1.498757005328902,0.7448610941185165,47747,245.20902157256228,0.8057603057603058,0.9890464322365803,0.9142857851260875,0.8148578208149173,0.0063722357687256434,0.0017330015511037578,0.6639932681432361,0.9951645621209072,SIRA
9312,47224,813.7019999999999,308.345726277756,195.55955135255437,1.5767357009419138,0.7731512352677267,47759,245.20902157256228,0.8019018509084734,0.9887979229045835,0.8962762065021713,0.7952405390294901,0.006529428389754278,0.0016108272578627743,0.6324075149159141,0.9971395063118776,SIRA
9313,47225,825.347,315.6305985446228,191.00293982534063,1.652490788012194,0.796113681156815,47801,245.2116177918943,0.7310145196743135,0.9879500428861321,0.8711815645329478,0.7768943154515708,0.006683548936889842,0.00150187804931524,0.603564777380965,0.9973852345906751,SIRA
9314,47228,818.1949999999999,308.2874706746705,195.9859246047905,1.57300822136252,0.771915961097998,47746,245.2194062849681,0.7097792272201265,0.9891509236375822,0.8865347758267316,0.795424496974589,0.006527641879280734,0.0016118771200788933,0.6327001303872779,0.9952425067563266,SIRA
9315,47229,817.7349999999999,310.671968219242,195.01081127388247,1.5931012552064074,0.7784501012540977,47778,245.2220023943549,0.6815544908797044,0.9885093557704383,0.8875512526637254,0.7893277394801873,0.006577991662310064,0.0015750797340644994,0.6230382803129025,0.9925630664081266,SIRA
9316,47237,819.735,311.5520283905766,193.56680174191777,1.6095323453552137,0.7835739904454874,47804,245.24277028009385,0.7014284865763839,0.98813906786043,0.8833752253843115,0.7871647363266264,0.006595508359772564,0.0015620342730331585,0.6196283221161673,0.9973118265441505,SIRA
9317,47245,826.032,316.73183955592185,190.58242986119723,1.6619152132051223,0.7987105614367619,47809,245.26353640729548,0.799543069893383,0.9882030580016314,0.8701056193108825,0.7743570610115186,0.006704028776715459,0.0014868963107884082,0.5996288579383967,0.9965323212846346,SIRA
9318,47252,819.854,315.99821327697236,191.26353072629013,1.6521613507657413,0.7960219460907445,47690,245.2817053263979,0.7964536138079827,0.9908156846299014,0.8833992363954847,0.7762123170975291,0.006687509804388647,0.0014974982178123653,0.6025055612139152,0.9954364018590532,SIRA
9319,47255,816.1249999999999,310.67856057663863,193.83067523053367,1.6028348464820197,0.7815084979090067,47667,245.28949159403487,0.7802489928010039,0.9913567037992741,0.8915470519939949,0.7895282221559234,0.006574511915704976,0.0015758465110129946,0.6233548135806933,0.9991348169294385,SIRA
9320,47257,831.164,318.99195706869557,189.04860756937163,1.687354173987455,0.8054646603225614,47715,245.29468230181752,0.6856193598932188,0.990401341297286,0.8596121852067299,0.7689682352994023,0.006750152507960632,0.0014558845885554363,0.5913121468994769,0.9977530192003152,SIRA
9321,47259,828.291,320.76762512562516,188.03434223919388,1.7058991528131842,0.810165565040652,47818,245.2998728997613,0.7290355423917068,0.988309841482287,0.8656224409706356,0.764727652311209,0.006787439961184645,0.0014319008320955817,0.5848083822094134,0.9976241237690872,SIRA
9322,47261,817.568,301.81595043652317,200.1357113995588,1.5080564499254505,0.7485262578348997,47738,245.30506338787328,0.69204299185849,0.9900079601156312,0.8885154857447887,0.8127637490102265,0.0063861524393585235,0.0017190018475528308,0.6605849117051584,0.9961993368203985,SIRA
9323,47264,820.003,302.61058226478605,199.82041053680484,1.5144127742098115,0.7509826356243086,47983,245.31284891412176,0.7418615601946319,0.9850155263322427,0.88330249086982,0.810655222557523,0.006402559712778987,0.0017056037415738917,0.6571618898597871,0.9952143607275228,SIRA
9324,47265,818.126,310.7049897136546,194.39199696440522,1.5983424964277064,0.7801053856512441,47798,245.31544403462954,0.7842210054753609,0.9888489058119586,0.8873789794512669,0.789544591030585,0.006573680095496764,0.0015757778041328922,0.6233806612256539,0.9963758022881659,SIRA
9325,47270,808.68,296.36224172774394,203.79098546109498,1.4542460799097583,0.7260503602631609,47765,245.32841922539495,0.7841738553417386,0.9896367633204229,0.9083266605751541,0.827799175074294,0.006269562972873788,0.0018160047859222693,0.6852514742536818,0.9965242701857995,SIRA
9326,47273,817.055,306.0334048210937,197.03641242686865,1.5531819781517795,0.7651605205122703,47838,245.3362040104667,0.7143958169618569,0.9881893055729755,0.8898574566339742,0.801664786084021,0.00647374621498728,0.0016493265939480505,0.6426664292471393,0.9981779158698124,SIRA
9327,47282,823.4699999999999,309.97644291790095,194.54194878861173,1.5933655689587019,0.7785340525399853,47900,245.35955688370476,0.7030780669144981,0.987098121085595,0.8762139008288744,0.7915425913468194,0.0065559080182289444,0.0015874855023083915,0.626539673916038,0.9983067440044274,SIRA
9328,47283,808.1690000000001,294.56990403874306,205.0999090927128,1.4362263998156453,0.71778088667148,47864,245.36215151019664,0.787184097492758,0.9878614407487882,0.9097258020362995,0.8329505090171248,0.006229932619308061,0.0018498644397224977,0.6938065504718873,0.9964632841527508,SIRA
9329,47288,818.79,310.71798629948563,194.2125627818179,1.5998861342896349,0.7805891336503208,47795,245.37512423111755,0.7497463216641299,0.9893921958363846,0.8863714326984664,0.7897036381878861,0.006570757619258282,0.0015763467850547644,0.6236318361671838,0.9977399275854625,SIRA
9330,47291,827.422,325.02907569350685,186.26730852078288,1.7449603920015926,0.8195001906932856,47888,245.38290753447066,0.7708645758622938,0.9875334112930171,0.8680289976263448,0.754956789668441,0.0068729583999811135,0.0013772470762999374,0.5699597542664787,0.9945571962299661,SIRA
9331,47314,827.289,307.2210978684202,196.63410936551358,1.5623998240170114,0.7683407277262501,47889,245.44257132697965,0.8064153258794655,0.987993067301468,0.8687304213401877,0.7989118359055546,0.006493238742622061,0.0016316858793658966,0.6382601215499838,0.9972175015867709,SIRA
9332,47314,828.1829999999999,323.606031781798,186.51682264525977,1.734996485530268,0.8171888232518811,47729,245.44257132697965,0.7676856178608515,0.991305076578181,0.866855894059182,0.7584610520871792,0.006839540765561947,0.0013961749500250812,0.5752631675331907,0.9980795739250956,SIRA
9333,47316,817.434,304.47925401558734,198.39114663744877,1.534742145384189,0.7585840039802323,47904,245.44775879744546,0.720577485380117,0.9877254509018036,0.8898411631984459,0.8061230956145213,0.006435016781122397,0.0016762349917332914,0.6498344452831388,0.9973283106983887,SIRA
9334,47321,818.657,303.5900194504165,199.33503567831875,1.5230138465991574,0.7542452062583511,47878,245.46072699397888,0.720127221816411,0.9883662642549814,0.8872782146295533,0.8085269978187425,0.006415545306532332,0.0016911862683892955,0.6537159062017889,0.9956183768874401,SIRA
9335,47323,824.295,318.0030003767357,190.3530111737477,1.6705961120125046,0.8010565123156815,47912,245.46591408075807,0.8137111611671853,0.9877066288195024,0.8752191298149324,0.7718981072189774,0.006719840254775389,0.0014715621734626223,0.59582668792824,0.9953857482862056,SIRA
9336,47323,817.3829999999999,309.6192877282067,195.6050022400353,1.5828802136064986,0.7751642565857928,47767,245.46591408075807,0.8054704520697168,0.9907048799380326,0.8900838694726735,0.792799169204974,0.006542680889381626,0.0015943668166918251,0.6285305226920969,0.9948885280170706,SIRA
9337,47327,825.849,321.678253980472,188.34038677974215,1.7079621608543476,0.8106774149771846,47812,245.47628792549605,0.8120624571036376,0.9898561030703589,0.8720021294292138,0.7631112295840741,0.006796928898524563,0.0014218175399121464,0.5823387487173175,0.9946125476084465,SIRA
9338,47328,834.252,319.63232330365,189.0460322752877,1.6907645162221832,0.8063428350751493,47850,245.47888131818138,0.7841473921399695,0.9890909090909091,0.854542178240877,0.768003932709199,0.006753556526868873,0.001449325981366415,0.5898300406567959,0.9972637033443982,SIRA
9339,47331,823.684,318.96183745453436,190.16328756342864,1.6773050231798563,0.802840045863599,47859,245.4866613318532,0.7862292358803987,0.9889675923023883,0.8766662440711335,0.7696427362312444,0.0067389625711380356,0.0014585774894050928,0.5923499414335166,0.9935515322467311,SIRA
9340,47338,814.5039999999999,302.9377718753081,200.2880523871193,1.5125104481508767,0.7502515763112904,47946,245.50481373829135,0.7665079827714628,0.9873190672840279,0.8966714177497707,0.8104133473304324,0.006399462839057588,0.001702745043713913,0.656769793531316,0.9933711747460098,SIRA
9341,47344,827.636,325.06075925488744,185.91194054029606,1.748466280918794,0.8203025566682273,47790,245.52037187561754,0.7688460164344408,0.990667503661854,0.8685524820092163,0.7553060924314753,0.006865933576691607,0.001378387454081701,0.5704872932641044,0.997477795964918,SIRA
9342,47348,816.2869999999999,313.40185327524256,192.78254879894752,1.62567543186748,0.7884265286639608,47850,245.53074341947584,0.6922222222222222,0.989508881922675,0.8929471239304316,0.7834374329747199,0.006619114920909913,0.001538143866494413,0.6137742113860187,0.9977976561640881,SIRA
9343,47357,822.101,311.8163549335044,194.18169871532453,1.6057968232662099,0.7824258250956336,47888,245.5540777914777,0.688628762541806,0.9889116271299699,0.8805290603812262,0.7874958253676038,0.006584377281785256,0.0015620233129142074,0.6201496749714035,0.9958343780186524,SIRA
9344,47368,813.385,306.4134428125101,197.40356164699205,1.5522184111371584,0.7648240382821536,47773,245.58259456853855,0.8082173082173082,0.991522408054759,0.8997100959111471,0.8014746099726667,0.006468785737470657,0.0016464995050958645,0.6423615504308383,0.9970854251853576,SIRA
9345,47389,809.9329999999999,299.22015447715034,202.10670697199419,1.4805058127962727,0.7374105226559785,47888,245.63702649530387,0.7328498082395151,0.9895798529903107,0.9077979962860518,0.8209240681815827,0.006314126790545282,0.0017689070625231105,0.6739163257197999,0.9977370375664699,SIRA
9346,47397,808.959,298.94385228512317,202.47733832714255,1.476431163877311,0.735698731948803,47836,245.6577592949437,0.7130585226417933,0.9908228112718455,0.9101389395197235,0.8217521699046118,0.006307231518558626,0.0017741158413054855,0.675276628742938,0.9969994589140829,SIRA
9347,47423,818.6899999999999,298.32630876916545,203.31023507253008,1.4673452552093051,0.731815441689616,48054,245.72512881261375,0.7390559010083064,0.9868689391101677,0.8891190529460106,0.8236790440187001,0.006290751508111369,0.0017861353279862396,0.6784471675555598,0.995516232222843,SIRA
9348,47426,815.015,299.59499279596105,202.7726422061953,1.4774921781179393,0.7361462201439478,48072,245.73290102997976,0.8124507486209613,0.9865618239307705,0.8972121731598355,0.8202169827228587,0.0063171043899118845,0.0017636517965790553,0.6727558987469903,0.9939915781813824,SIRA
9349,47439,833.066,315.24043116007635,192.5847122577775,1.6368922925622587,0.7916971621939976,48166,245.7665777983072,0.7015527950310559,0.9849063654860275,0.8589869576588204,0.7796162976109783,0.0066451744589910485,0.0015142925550824743,0.6078015715006494,0.9949057077966417,SIRA
9350,47445,827.126,310.5265317390396,195.28884523391847,1.5900884219325921,0.7774895610327882,47955,245.7821193658314,0.697310405643739,0.9893650297153581,0.8714790866231734,0.7915011898963333,0.006544979065002416,0.0015845075497918607,0.6264741336073116,0.996149266489238,SIRA
9351,47446,835.6039999999999,321.1344688918761,188.4198656789301,1.7043556831692759,0.8097811883769837,47952,245.7847095315421,0.6787599605155863,0.9894477811144478,0.8539028204017228,0.7653638377084218,0.0067684202860489,0.0014326458154964056,0.5857818040717635,0.9983805468668615,SIRA
9352,47446,828.5749999999999,313.917160535075,192.8665758324952,1.6276389995522729,0.7890049410115343,47949,245.7847095315421,0.7047831253713607,0.9895096873761705,0.8684519957388179,0.7829604125897404,0.006616304020045421,0.0015337494934216155,0.6130270076826965,0.9977866654831877,SIRA
9353,47450,825.9729999999998,321.94816759878813,188.4459535186945,1.7084376798085492,0.8107950867144669,47802,245.7950699214357,0.81607732526142,0.992636291368562,0.874005928941729,0.763461621026356,0.006784998263409655,0.0014219304153469526,0.5828736467801912,0.9958033007266978,SIRA
9354,47461,815.136,309.97699266151864,195.70831270139965,1.583872388366372,0.7754866244962603,47952,245.82355874219124,0.7517621529152742,0.9897605939272606,0.8976077645928603,0.7930380788312887,0.006531193878374216,0.0015934869201874873,0.6289093944764215,0.9961122246954186,SIRA
9355,47463,817.819,303.3413162697856,199.81994791085353,1.5180732426430041,0.7523796402531537,47902,245.82873817307248,0.7950251256281406,0.9908354557220993,0.8917654803611634,0.8104030838794061,0.0063911113134396385,0.0017004367579246847,0.6567531583612516,0.9969993967294997,SIRA
9356,47465,817.221,307.64638432661354,196.95478537928136,1.5620152804826257,0.7682094434911744,47955,245.83391749482922,0.7048768897205144,0.9897820873735794,0.8931086857465698,0.7990794952227979,0.006481541858772012,0.0016301142324311021,0.6385280396855214,0.997390555005401,SIRA
9357,47480,809.477,308.17291241442507,197.17244455371144,1.5629613616241196,0.7685322239647123,47977,245.87275893035715,0.8119153884300347,0.989640869583342,0.9105662460923074,0.7978402676732086,0.00649058366500474,0.0016222856331479171,0.6365490927208571,0.9949016366995888,SIRA
9358,47482,825.566,318.6001777084085,191.21131775891666,1.6662202919918498,0.7998794213156566,48063,245.877937324834,0.7026043208049719,0.9879116992280964,0.875457908410863,0.7717445077820017,0.006709914866863412,0.0014682194146635312,0.595589585291684,0.9923834527120147,SIRA
9359,47490,814.3129999999999,313.4086043846203,193.54547784164035,1.619302129296208,0.7865316397587305,47843,245.89864981222016,0.8125449132532594,0.9926217001442217,0.8999726208095874,0.7845944443517869,0.006599465242885245,0.0015426571736579966,0.6155884421076893,0.9968236750751166,SIRA
9360,47499,812.1129999999999,301.3224579474095,201.44308931077674,1.495819285627335,0.7436852149983908,47906,245.92194927532492,0.8092925782048661,0.9915041957166117,0.9050267280664406,0.8161421188136142,0.0063437642465611795,0.0017361608640715377,0.6660879581015756,0.9963472136524689,SIRA
9361,47500,827.3729999999999,308.75207651283046,196.3719694369314,1.5722818149562434,0.7716739776515175,48005,245.92453796829673,0.7122507122507122,0.9894802624726591,0.8719684775605001,0.7965113651894002,0.006500043716059589,0.0016138529047347238,0.6344303548758821,0.9975033098275854,SIRA
9362,47500,813.446,309.1800498350292,196.74295788066567,1.5714923327652834,0.7714105152456279,48001,245.92453796829673,0.7864238410596026,0.9895627174433866,0.9020820015527493,0.7954088179347794,0.006509053680737457,0.0016071603930180043,0.632675187648403,0.9942442065203023,SIRA
9363,47520,817.323,306.1716936816271,198.40697961397953,1.5431498139698236,0.7616188760163954,48050,245.97630610653323,0.8054783375144078,0.9889698231009365,0.8939204140121813,0.8033933612501484,0.006443007021919763,0.0016556987544153444,0.6454408929008114,0.9960119938084041,SIRA
9364,47532,816.906,307.3333028837604,197.3339281964056,1.5574275832479902,0.7666339324911803,47942,246.00736176048014,0.7119938884644768,0.9914479996662634,0.8950592409045584,0.8004578724536242,0.0064658188774669775,0.0016374091710973694,0.6407328055729826,0.9978949448912349,SIRA
9365,47544,814.954,302.29560945791735,200.82326770429106,1.5052817978394946,0.7474416735240922,48039,246.03841349449596,0.7118217750628818,0.9896958721039155,0.8995791682511476,0.8139000560930972,0.006358228366521903,0.0017210765950383794,0.662433301308347,0.9971487907421802,SIRA
9366,47545,815.076,308.24702626797665,197.08903909528811,1.5639988285647186,0.7688853546407309,48066,246.04100096210246,0.7409225494779492,0.989160737319519,0.8993288069744073,0.7981942403175206,0.006483269034976899,0.0016233350475197237,0.6371140452760641,0.9964456204738933,SIRA
9367,47551,821.031,314.5426793215414,192.97408466198178,1.6299736820749906,0.7896894069893727,47966,246.05652519634938,0.7413164130705912,0.9913480381937205,0.8864421697674129,0.7822675311569339,0.006614848884808761,0.001527991396986307,0.6119424903023647,0.9974501541362846,SIRA
9368,47569,826.271,316.3820739092026,192.3094888306601,1.6451714152690393,0.7940599903077117,48097,246.10309202345863,0.7982447308363538,0.9890221843358213,0.8755659521656273,0.7778667387270712,0.006651013767562963,0.0015020639258543156,0.6050766632178899,0.9954548303724438,SIRA
9369,47571,852.2869999999999,330.85921345976584,185.33304510482571,1.7852143597631467,0.82838658622887,48377,246.1082655714684,0.6469604243166055,0.9833391901110031,0.8229632020225837,0.7438458884004946,0.006955061139344682,0.0013134470879636426,0.553306705690321,0.9877710763516026,SIRA
9370,47588,826.3159999999999,320.4757843125733,190.0119090605591,1.6866089388662149,0.8052719221103957,48159,246.1522363393372,0.7513578375647341,0.9881434415166428,0.8758202708765505,0.7680837317157628,0.0067343822878156955,0.001445811902419424,0.5899526189264118,0.9950193605888199,SIRA
9371,47590,821.8059999999999,312.5271604066461,195.33155068257813,1.599982999748544,0.7806194328632033,48086,246.15740885446934,0.7905840919662436,0.9896851474441626,0.8854967129463464,0.7876352523543251,0.006567076285073463,0.0015590225852698627,0.6203692907512616,0.9925803187680802,SIRA
9372,47601,824.036,317.1441581365916,191.72139314241147,1.6541928521300466,0.7965865972932458,48185,246.1858557450823,0.7235294117647059,0.9878800456573622,0.8809141171406716,0.7762585229113755,0.006662552428238726,0.0014922649154302942,0.6025772943925506,0.99677905324002,SIRA
9373,47604,816.603,307.5984807312517,197.5716884612948,1.5568955406862945,0.766450105444207,48108,246.1936134175147,0.6929661115639921,0.989523571963083,0.8970804007254037,0.8003733075411829,0.006461609964104943,0.001635651921692797,0.6405974314244128,0.9973432843597626,SIRA
9374,47605,824.2290000000002,315.0821990661717,193.6120324664609,1.62738955349148,0.7889316007091032,48477,246.19619925400437,0.7921228659855569,0.9820120882067784,0.8805756090466428,0.7813713373325152,0.006618678690603334,0.0015218819486096137,0.6105411668048033,0.993588316834636,SIRA
9375,47608,823.369,321.726248554617,189.3666182877459,1.698959676545252,0.8084277032874523,48107,246.20395660052182,0.8285127562563085,0.9896272891678966,0.8824716817011868,0.7652591534157204,0.006757819033662766,0.0014296194639758706,0.5856215718865451,0.9949474363502867,SIRA
9376,47610,832.665,320.10352328574237,191.36301706906008,1.6727554163207081,0.8016333300261529,48271,246.20912802908242,0.7436738519212746,0.9863064780095709,0.8629138218681365,0.769154695649202,0.006723451444775097,0.0014515326815544693,0.5915989458392166,0.9896003409421708,SIRA
9377,47629,819.0719999999999,307.05673560725916,197.91237001741266,1.5514782404972656,0.7645650404682037,48042,246.2582511839777,0.7054893944780187,0.9914033553973607,0.8921485371638129,0.8019959265734989,0.0064468440573444575,0.0016451881691769885,0.6431974662404852,0.9979068732150874,SIRA
9378,47633,810.644,304.3817632837106,199.81045248240838,1.5233525548945386,0.7543722696026203,48114,246.2685916522243,0.7606189320388349,0.9900029097559961,0.910872212985686,0.8090780110984517,0.006390144716555972,0.0016890871158153967,0.6546072280430264,0.9971975932917762,SIRA
9379,47636,820.625,319.4798687148977,190.32989469238385,1.6785585324431005,0.8031704811204916,48169,246.27634671848656,0.7885579963250509,0.9889347920861965,0.8889056440685248,0.7708665579121744,0.00670668966149336,0.0014608472074866092,0.5942352501073638,0.9974586493461753,SIRA
9380,47636,822.506,304.41193116248786,199.8731029905588,1.5230259930315238,0.7542497647179972,48193,246.27634671848656,0.6979020159399906,0.9884423048990517,0.8848445925483035,0.8090233052890101,0.006390375580705514,0.0016886913387483848,0.654518708500755,0.9968490059720728,SIRA
9381,47636,825.8249999999998,313.22768501952436,194.28583206478896,1.6122003426120726,0.7843881356673018,48087,246.27634671848656,0.7865398586619113,0.9906211658036476,0.8777464841401319,0.7862534459657852,0.006575440528581836,0.0015500826825053874,0.6181944812930719,0.9966533545415829,SIRA
9382,47639,809.7,300.6238997923384,202.44604487103047,1.4849581278994746,0.739260413760005,48092,246.284101540555,0.7993120805369127,0.9905805539382849,0.9131123611108731,0.8192432528174918,0.006310457813815118,0.001753444901533302,0.6711595072869847,0.9966437654628146,SIRA
9383,47644,817.3449999999999,301.6092342434082,201.74941398614172,1.494969567862665,0.7433434574244805,48158,246.2970257014122,0.6988793052866279,0.9893267992856846,0.8962047874271147,0.8166096980394264,0.006330476749294942,0.0017364981058821559,0.666851398932043,0.9969225476900501,SIRA
9384,47659,817.095,303.8431455041392,200.15106209269396,1.5180691140345954,0.752378071730824,48134,246.3357941155388,0.7126259756571668,0.9901317156272074,0.8970356098396858,0.8107334253231755,0.006375357130954053,0.0016990125832363652,0.657288686936249,0.997809654642274,SIRA
9385,47659,810.0329999999999,299.92973820578123,202.88164360377218,1.478348326039511,0.7365064050906156,48129,246.3357941155388,0.7196853009573858,0.9902345779052131,0.9127447961880211,0.8213116698235781,0.006293244470210899,0.0017663889540706127,0.674552858988394,0.9972240899106587,SIRA
9386,47677,834.119,313.96614307248177,194.11484878316165,1.6174246588585373,0.7859682815545104,48354,246.3823081601809,0.7792651433428133,0.9859990900442569,0.861118176706659,0.7847416468192286,0.006585274725181571,0.0015404956153884449,0.6158194522525551,0.9960415674780401,SIRA
9387,47679,820.384,296.50364303340785,205.6287843177493,1.4419364682681464,0.7204452377149388,48182,246.38747584531933,0.772930648769575,0.9895604167531443,0.8902308469274097,0.8309762177780669,0.0062187471011012786,0.0018290982610547509,0.6905214745127413,0.9956880962222152,SIRA
9388,47681,813.399,303.62075545461863,200.4927502763036,1.5143727393444002,0.7509672860143325,48101,246.39264342207397,0.7139156734742769,0.9912683727989023,0.9056240576254594,0.811514492983671,0.006367751419949637,0.0017035347050054464,0.6585557723225445,0.9972989089431588,SIRA
9389,47687,837.5649999999999,320.6105870044067,189.96174138018802,1.6877639922385164,0.8055705221334171,48275,246.40814550210328,0.6767953448765257,0.987819782496116,0.8542260751367845,0.7685589793038134,0.0067232282803365,0.0014469929792759741,0.5906829046685196,0.9969333373303835,SIRA
9390,47690,842.978,331.8951697548109,185.2102612032036,1.7919912622480016,0.82981510275657,48566,246.41589617640318,0.7348680966469427,0.9819626899477001,0.8433438948093317,0.7424509864317822,0.006959429015617759,0.0013044412580754396,0.5512334672535264,0.9878055567769893,SIRA
9391,47705,824.3879999999999,311.9041795827781,195.59441528982376,1.5946476749891418,0.7789405545904591,48235,246.45464589167503,0.7957995529309712,0.9890121281227324,0.8820850089555926,0.7901614086138495,0.006538186344885822,0.0015721729395857661,0.6243550516626228,0.9956263315015271,SIRA
9392,47710,826.8159999999999,313.4754761507062,194.8388595536298,1.6088960737548428,0.783379106979368,48176,246.4675611096004,0.8072758037225042,0.9903271338425772,0.8770039231926124,0.786241922768813,0.006570435467422054,0.001548811998439463,0.6181763611192002,0.9945815202927368,SIRA
9393,47712,812.843,296.4923678096894,205.116899347802,1.4454799616824776,0.7220779206616486,48276,246.47272700727777,0.7431081207363798,0.9883171762366393,0.9074530103588611,0.831295351135251,0.006214209586889869,0.0018305730594316296,0.6910519608190805,0.9989017618453653,SIRA
9394,47714,819.1459999999998,304.69732551943946,200.03752450577485,1.5232008408034623,0.7543153685645045,48326,246.47789279668382,0.7302418120599938,0.9873360096014567,0.8935792193685167,0.8089269978871498,0.006385910330708795,0.001686707979744767,0.654362887910717,0.9967261010561859,SIRA
9395,47714,812.279,305.65782123298135,199.27537553621096,1.5338464193607269,0.7582570104209586,48119,246.47789279668382,0.7979463509264834,0.9915833662378686,0.9087517062296863,0.8063850347503824,0.006406040600934345,0.0016708570173591143,0.6502568242693753,0.9973941015704585,SIRA
9396,47719,812.3229999999999,292.38077647188567,208.53656812876608,1.4020599796739146,0.7009237147518654,48183,246.49080679655626,0.7337320868442093,0.9903700475271361,0.9087484813760078,0.8430472405570685,0.006127135448602982,0.0019091712628004956,0.7107286498108877,0.9964841963075219,SIRA
9397,47747,827.4209999999999,308.64213116898713,198.9583090987699,1.5512904817449285,0.7644992676863047,48419,246.56311269626246,0.8120238095238095,0.9861211507879138,0.8764010219779772,0.7988640817195003,0.0064641156757280485,0.001623979199059081,0.6381838210615404,0.9900084872163761,SIRA
9398,47748,820.1439999999999,311.31812631068493,196.61824896790182,1.5833633345066969,0.7753213200400776,48219,246.56569465766023,0.8013560687432868,0.9902320661979718,0.8920410190214266,0.7920055847040401,0.006520024426377753,0.0015824935964852528,0.6272728462023885,0.9932008254085204,SIRA
9399,47753,822.4309999999999,305.65196778831876,199.83625092661302,1.5295121199034356,0.7566645927592767,48404,246.57860405910776,0.6968900952964698,0.9865506982893976,0.8871796691486264,0.8067299741053111,0.006400686193292961,0.0016723188005069022,0.6508132511199557,0.9954267553817304,SIRA
9400,47760,817.9680000000001,300.7705220899036,202.8335895922672,1.4828437572618403,0.7383845698394359,48238,246.59667608577243,0.8022306581113313,0.9900907997844023,0.8970188191612727,0.8198831267515704,0.006297540244763475,0.0017553289238292228,0.6722083415319318,0.99677994281996,SIRA
9401,47763,837.149,311.17787941646066,196.23269088010957,1.5857596306752888,0.7760977719619333,48554,246.60442083463462,0.7322019867549668,0.9837088602380855,0.8564380135745129,0.7924869894257328,0.006515040500313227,0.0015851320473859718,0.6280356284090617,0.9959135461568764,SIRA
9402,47763,826.0699999999999,305.7896639848513,199.88308299579754,1.5298426430178707,0.7567866219920377,48313,246.60442083463462,0.6907757723012843,0.9886159004822719,0.8795646373155606,0.8064511325237315,0.006402229005398557,0.0016704104257089791,0.6503634291488091,0.9949537073711797,SIRA
9403,47767,817.143,297.56717092675206,205.63938083697636,1.4470339762530835,0.7227890049601802,48461,246.61474678811183,0.7612756191629745,0.9856792059594313,0.8989627594116388,0.8287700085330231,0.006229555360955305,0.0018128961150243464,0.6868597270438271,0.9939093619523369,SIRA
9404,47769,815.034,300.7490158871148,203.08745724894206,1.4808842454433828,0.7375685877160264,48160,246.6199096027204,0.7541203586764335,0.9918812292358804,0.9036589650387309,0.8200190077938224,0.006295903533402726,0.001756036364208965,0.6724311731431649,0.9957927304527244,SIRA
9405,47771,823.47,308.2403567917462,198.91429667750674,1.5496138886964281,0.7639106369510995,48339,246.62507230925135,0.7991134158581465,0.9882496534889013,0.8852758820797797,0.8001063678883442,0.006452457700105633,0.001631157271306939,0.6401701999354784,0.9920166329495865,SIRA
9406,47775,827.0159999999998,311.26327633083633,196.18620830826112,1.5865706311106145,0.7763595819829449,48371,246.63539739810747,0.7716223855285472,0.9876785677368671,0.877774047399524,0.7923690847999781,0.006515191550619285,0.001584225656010429,0.6278487665467549,0.9961264137821059,SIRA
9407,47783,820.5969999999999,311.41569803425267,196.68045791639642,1.5833586180007122,0.7753197875443183,48265,246.65604627918668,0.8265239050716114,0.9900134673158604,0.891709569077508,0.7920475680453878,0.006517290627090234,0.0015821654992464944,0.6273393500466131,0.9933031663072704,SIRA
9408,47783,830.066,321.82225512842143,190.53400906208452,1.6890541311370681,0.8059031896100161,48430,246.65604627918668,0.6795562824432909,0.9866405120792897,0.8714812074156884,0.7664356406326216,0.006735078482481666,0.0014335907549519627,0.5874235912319371,0.9921902434976758,SIRA
9409,47792,834.923,324.5640528077907,188.72701344289294,1.7197540875938293,0.8135617815795139,48493,246.67927420434592,0.7508798391151332,0.9855443053636608,0.8615335994822019,0.7600326409235199,0.0067911795448566846,0.0013978286966620187,0.5776496152691801,0.9934152870561755,SIRA
9410,47811,820.103,305.8660985449441,199.57308277847642,1.5326019635846964,0.757801522726712,48317,246.72830375401372,0.8145668285203169,0.9895274954984788,0.8933073148340384,0.8066546273932982,0.006397400149441428,0.00167083589532117,0.6506916878950209,0.9972513585561492,SIRA
9411,47817,812.9509999999999,298.2005631374018,204.6521695140456,1.4571092202222455,0.727327678849679,48288,246.74378474563704,0.7261172611726118,0.9902460238568589,0.9092084224156516,0.8274423835743898,0.006236287578421937,0.0018032541799651676,0.6846608981352676,0.9976257073985422,SIRA
9412,47843,826.176,311.09694501118753,196.53963692843672,1.582871271531162,0.7751613478456163,48357,246.81085782186403,0.6992648240985692,0.9893707219223691,0.8808117891138649,0.7933567390479785,0.006502454800309084,0.0015890265928092653,0.6294149153928424,0.9962827874485471,SIRA
9413,47856,830.691,314.36245980286935,195.41547223683574,1.608687665334271,0.7833152127841339,48420,246.84438752551364,0.7062573789846517,0.9883519206939281,0.8714997148110698,0.7852222166740425,0.006568924686619637,0.0015404384867635235,0.6165739295584969,0.9918748752474355,SIRA
9414,47863,839.571,326.2859977947226,187.9306183006886,1.7362045671167097,0.8174715386835161,48519,246.86244009500328,0.7685872113562643,0.9864795234856448,0.8532865935218795,0.7565830031428828,0.006817082042386032,0.0013778584547815213,0.5724178406447035,0.9938344692264192,SIRA
9415,47867,833.813,320.1500004922903,190.97992654391595,1.6763541922227707,0.8025888135419,48408,246.8727552563021,0.6639894576224165,0.9888241612956536,0.865184538474825,0.771115898412273,0.006688323907750439,0.0014587326009334802,0.594619728784167,0.9967932751257053,SIRA
9416,47880,820.104,308.7353753273583,198.40196580673182,1.5561104652970272,0.7661784273519916,48356,246.9062765543225,0.7293332724032354,0.9901563404748118,0.8945943386811114,0.799734323585442,0.006448107254121937,0.0016270277439032485,0.6395749883206647,0.9952493326680102,SIRA
9417,47881,826.8040000000001,323.8412136846291,189.49788563784003,1.7089436781555447,0.8109201742851418,48604,246.90885492720653,0.7487841113456877,0.9851246810962061,0.8801727891475438,0.7624380236162815,0.006763459695591761,0.0014098303537387919,0.5813117398559016,0.9934290228643436,SIRA
9418,47882,822.3319999999999,305.2587217437538,200.4595066269324,1.5227949368939597,0.7541630277593545,48404,246.9114332731659,0.7103627327349603,0.9892157672919594,0.8897905010429203,0.8088595531774292,0.006375229141300569,0.0016833252518809695,0.6542537767663905,0.9962943387036103,SIRA
9419,47884,832.3919999999999,322.795375804383,189.6906533787214,1.7016936262005236,0.8091153543740326,48343,246.91658988431402,0.7533906038578936,0.9905053472064208,0.8684493429346147,0.7649322400267213,0.006741194883559916,0.0014236672946153013,0.5851213318322976,0.9956972409329824,SIRA
9420,47891,825.106,321.3005953670566,190.6672309577957,1.685137995412419,0.8048906092124547,48361,246.93463717532958,0.7933176517360191,0.9902814251152788,0.8839837449444893,0.7685470887261485,0.006708997418451412,0.0014438408156779525,0.5906646275894386,0.9953514064970895,SIRA
9421,47894,815.472,307.76926236744185,199.1248208658667,1.545609738801772,0.7624952159186514,48413,246.9423713248617,0.8009565857247977,0.9892797389131018,0.9050506121184586,0.8023620338994097,0.006426050494162982,0.0016428782456051679,0.6437848334431975,0.9950401082626827,SIRA
9422,47899,825.8439999999999,317.3425191163755,194.28189351758297,1.6334127353337498,0.7906912337837066,48932,246.95526103581912,0.7905690895886974,0.9788890705468813,0.8825519420373754,0.7781978340735864,0.006625243097275006,0.0014987929854829592,0.6055918689568212,0.9891814711686389,SIRA
9423,47910,827.2909999999999,324.6081099922602,188.52197476158506,1.7218582099130721,0.8140691804698681,48470,246.98361603203895,0.7677884615384616,0.9884464617289045,0.87966929972752,0.760867053007172,0.006775372782138598,0.0014007094956205765,0.5789186723518186,0.9968158688609547,SIRA
9424,47917,828.355,320.32075687818656,191.33223039399542,1.6741599479532288,0.8020071052166066,48522,247.0016584257579,0.6723871800628648,0.9875314290424961,0.8775391234866406,0.7711072514719648,0.0066849084224426935,0.0014579222831891385,0.5946063932726482,0.9954662084139937,SIRA
9425,47919,815.3889999999999,306.38507951013503,200.23124649812453,1.5301561812581774,0.756902289159417,48422,247.00681315333037,0.8027036534499221,0.9896121597620916,0.9057073951280061,0.8061972650504332,0.006393812047624846,0.0016661147547009391,0.6499540301747984,0.9945311768056316,SIRA
9426,47927,812.697,302.5370979132844,202.052434992664,1.4973197324955216,0.7442868947082443,48298,247.02743098798186,0.7072008263243323,0.9923185225061079,0.9118697228884832,0.8165194704775902,0.006312456400636059,0.0017307898324197288,0.6667040456690044,0.9982691233147957,SIRA
9427,47927,824.548,307.18826339757106,199.47036316916063,1.540019572416682,0.7604961879900335,48466,247.02743098798186,0.70271102444174,0.9888788016341352,0.8858459906590948,0.8041564747813054,0.006409503273678116,0.0016533560493904123,0.6466676359326963,0.9958808161847776,SIRA
9428,47928,838.842,306.2995139428822,200.85616089531297,1.5249694735653476,0.7549773819441844,48754,247.03000809631789,0.7950632029461531,0.9830578003856094,0.855931158937044,0.8064982047029409,0.006390826112979515,0.0016678246321891906,0.6504393541890666,0.9919001595438858,SIRA
9429,47934,828.9469999999999,312.37906458645097,196.5937018633912,1.5889576401766754,0.7771273305109008,48331,247.04547018177706,0.6950179793527433,0.9917858103494651,0.8765970549718951,0.7908515588547298,0.00651685785843975,0.001572526277078553,0.625446188142956,0.9938074991691284,SIRA
9430,47938,820.3439999999999,309.11967456211516,198.72832767701948,1.5554887326607394,0.7659629141404927,48478,247.05577770113823,0.7598471999873195,0.9888609266058831,0.895154013227398,0.7992237247632529,0.006448322303018799,0.001622930673487971,0.6387585622244479,0.9935817464307023,SIRA
9431,47938,828.6650000000001,317.93981140383784,192.90051308668424,1.6482061468699378,0.7949154494180589,48607,247.05577770113823,0.7211975327215285,0.9862365502911103,0.877266979790857,0.777052035761999,0.006632312808290664,0.0014915752699390095,0.6038098662818671,0.9952031331464885,SIRA
9432,47969,832.029,315.6983927770897,193.85257237231633,1.628548896275435,0.7892721189131445,48501,247.135646399707,0.7548348518466066,0.9890311539968248,0.8707502374151107,0.782821997368248,0.006581300272615433,0.0015245565992481251,0.6128102795636132,0.9979915044095633,SIRA
9433,47974,807.211,288.89912162101444,212.4174441833225,1.3600536562886334,0.6777796244435805,48520,247.14852603065367,0.7607313321599036,0.9887469084913437,0.9252128413677209,0.8554838264786062,0.006021993613645192,0.0019896068458641874,0.731852577366478,0.9953587737115384,SIRA
9434,47975,819.6069999999999,307.22958546448785,199.49562388679823,1.5400317033461455,0.7605005552790791,48460,247.1511018763004,0.7918234633920909,0.9899917457697069,0.8974567525859016,0.8044508522922451,0.006403951755382759,0.0016543442212982762,0.6471411737537197,0.9966179241213646,SIRA
9435,47976,828.083,315.51142514842854,194.25575704018965,1.6242063038736725,0.7879921129154218,48452,247.1536776951016,0.746824408468244,0.9901758441344011,0.8791969279889115,0.7833430360844497,0.006576442912048285,0.0015274913685720617,0.6136263121820035,0.996655724468764,SIRA
9436,47979,835.28,322.8308783993524,190.42658838432072,1.695303587269085,0.8075019851965387,48790,247.16140499044013,0.7999966652215961,0.9833777413404386,0.864165433252078,0.7656064569037084,0.006728587056823869,0.001426021221483149,0.58615324685265,0.9937077020787191,SIRA
9437,47982,830.466,325.11123811573344,188.4026067598557,1.7256196382151503,0.8149708296680815,48471,247.1691320441988,0.8036378253441865,0.9899114934703225,0.8742678274714163,0.7602601911786613,0.006775691678457201,0.001396311774901013,0.5779955582910147,0.9974004861881046,SIRA
9438,47989,826.362,315.4734277892241,195.03390393961195,1.617531215941325,0.7860003186662099,48580,247.18716089695218,0.8243832886690029,0.9878344997941539,0.8831020400437118,0.7835435226009091,0.006573869590723376,0.0015284574256092685,0.6139404518098414,0.9930678455315392,SIRA
9439,47993,825.3119999999999,316.2740052897144,194.7549779372116,1.623958517721073,0.7879187035942427,48601,247.197462508163,0.7987118892291306,0.9874899693421946,0.885424311872828,0.7815927277416439,0.006590002818946813,0.0015170063636635854,0.6108871920586236,0.9920554589103108,SIRA
9440,47998,813.0079999999999,300.7848827656351,203.85074064243102,1.475515280531816,0.7353114572498545,48467,247.21033891849737,0.7844092171923517,0.9903233127695132,0.9125220496010995,0.8218841872818395,0.006266612833152112,0.001763823505819552,0.67549361730393,0.9967011542336593,SIRA
9441,48002,848.364,329.95039164664075,186.37075903230485,1.7703978529670972,0.8251971676076368,48617,247.2206395638869,0.6837891737891738,0.9873501038731308,0.8381171632771491,0.7492660891539326,0.006873680089301295,0.0013363289838811845,0.5613996723560288,0.9939007745955454,SIRA
9442,48006,823.9579999999999,314.2968656608354,195.2298539533453,1.6098811697925253,0.78368071319969,48552,247.23093978010968,0.7502578689088238,0.9887543252595156,0.8885773428145272,0.7866159888686322,0.00654703298881047,0.0015462345412983443,0.6187647139437761,0.9961376615101435,SIRA
9443,48011,821.8249999999999,295.8616189248749,208.05120392076776,1.42206155671922,0.710987704672541,48640,247.24381444695413,0.7185124214307094,0.9870682565789474,0.8932888619748537,0.8356738374697199,0.006162371517462142,0.001853851163158661,0.6983507626313681,0.9930977726436179,SIRA
9444,48027,832.6999999999999,311.91787946822484,197.36410717768757,1.5804184657922837,0.774361202578968,48676,247.28500887638873,0.7013800657174151,0.9866669405867368,0.8703986205149319,0.7927888240904116,0.006494635922881397,0.0015825762731103018,0.6285141196026577,0.9933153206312203,SIRA
9445,48044,824.5509999999999,317.72223129605476,192.88353257221752,1.6472232080107532,0.7946389876118908,48442,247.3287704397856,0.8078695140406927,0.9917839891003675,0.8880020673730479,0.7784433888396173,0.006613151096829048,0.0014979466524167944,0.6059741096281076,0.9981746168330714,SIRA
9446,48046,836.6589999999999,333.3711134656071,183.7137712496466,1.8146223399474652,0.8344531720805488,48444,247.3339183499619,0.793676490022466,0.9917843282965899,0.8625218915824886,0.7419176658072344,0.006938582056063088,0.0012968010101985347,0.5504418228368553,0.9988440285611623,SIRA
9447,48053,825.8689999999999,303.5207510218914,202.55623342537282,1.4984517923202625,0.74473933478931,48678,247.35193519186134,0.724038693346191,0.9871605242614734,0.8853358307141828,0.8149424194526361,0.006316374649280823,0.0017185229720571313,0.6641311470233163,0.9951685075928001,SIRA
9448,48054,832.6759999999999,317.0237721830981,193.58849030832724,1.6376168421902368,0.7919056608581478,48596,247.3545089192908,0.6914244604316547,0.9888468186682031,0.870938147963252,0.7802396243535654,0.0065972400254525766,0.00150818305276715,0.6087738714113929,0.9969383449086506,SIRA
9449,48061,824.9989999999999,310.0902275620551,198.97425353322876,1.5584439798401852,0.7669844642103578,48721,247.3725242615207,0.7686808265626,0.986453480018883,0.8873517755390393,0.7977436961054074,0.006452013640208382,0.00161186462339498,0.6363950046759167,0.991785963837549,SIRA
9450,48063,840.632,307.91392512295863,200.32456944375133,1.5370751874218658,0.7594323644689303,48816,247.3776712611834,0.6818413959426869,0.9845747295968534,0.8546905516070744,0.8033987782864922,0.006406464954808452,0.0016463527195448209,0.6454495969522283,0.9921045602067139,SIRA
9451,48077,833.135,317.36215039571186,193.82429604757874,1.63737032388245,0.791834759205663,48506,247.4136972607467,0.670791941064851,0.9911557333113429,0.8703951548292618,0.7795942173704458,0.00660112216643534,0.0015040835773428587,0.6077671437574379,0.9951398850192276,SIRA
9452,48078,824.228,305.2695512587569,201.43390129092026,1.5154824947657264,0.751392206699965,48604,247.4162703457013,0.6846962317354525,0.9891778454448193,0.8893271055860866,0.8104846006602958,0.0063494644381787285,0.0016900358930590812,0.6568852879074792,0.9954981548929291,SIRA
9453,48082,821.0989999999999,301.02416387951854,204.20699381608463,1.4741129001224638,0.7347166742487895,48524,247.4265624179346,0.7119462212745795,0.9908911054323634,0.896192575560443,0.8219491725487003,0.006260641484953175,0.0017627001756203532,0.675600442253493,0.9959113272543159,SIRA
9454,48087,821.8589999999999,312.6661310501258,196.19381833723767,1.5936594419742818,0.7786273327808658,48487,247.4394269062224,0.7367396966447066,0.9917503660775053,0.8946288864335451,0.7913854502730057,0.006502092687215376,0.0015732044440895034,0.6262909309038078,0.9980944554577159,SIRA
9455,48094,827.7260000000001,314.46114278328736,195.05147339879582,1.6121956799595687,0.784386717108695,48648,247.45743606627164,0.7949947103940757,0.9886120703831607,0.8821197966492433,0.786925322079645,0.00653846930559503,0.001546642478773738,0.6192514625301531,0.9983545326997575,SIRA
9456,48099,857.135,332.6926612834768,185.40980149323448,1.7943639365560542,0.8303108468522359,48867,247.47029894962466,0.7267356651809322,0.984283872552029,0.8227112815494487,0.7438405704379608,0.00691683114583415,0.001306190088838703,0.5532987942294709,0.9928194025053115,SIRA
9457,48099,824.539,303.50073939079533,202.91639877683437,1.4956935034343022,0.7436346718640716,48609,247.47029894962466,0.7215571557155716,0.9895081157810282,0.8890445148939382,0.8153861484698908,0.006309917865044914,0.0017205083589894646,0.6648545711165627,0.9944186627476419,SIRA
9458,48101,825.7969999999999,310.7655768004554,197.60186194444685,1.572685468357697,0.7718084950673455,48685,247.47544391576724,0.7404140691141384,0.9880045188456403,0.8863747332160397,0.7963412372235579,0.006460688484656356,0.0016027116213009653,0.6341593661027469,0.9973332196927188,SIRA
9459,48121,835.252,315.3832238864658,195.104648204981,1.6164823687599572,0.7856846428789843,48604,247.52688769545978,0.8033019497863247,0.9900625462924862,0.8667811525823869,0.7848448140176488,0.006553962384124723,0.0015339771095591918,0.6159813820903979,0.9957230436335187,SIRA
9460,48123,821.422,307.1304560783664,200.0564929475602,1.5352186352625554,0.7587576607898843,48634,247.53203148540237,0.701307218117431,0.9894929473208044,0.8962515029357763,0.8059507827587209,0.006382196789027418,0.0016610551021946484,0.649556664229395,0.9972114955839497,SIRA
9461,48130,840.554,331.53925718771484,185.50279739111923,1.7872466714811222,0.8288169465610509,48617,247.55003390850783,0.6472565895642819,0.9899829277824629,0.8560408455225766,0.7466688440106717,0.006888411742940263,0.0013207206898535378,0.5575143626162329,0.9964156888887816,SIRA
9462,48141,824.637,319.657078724418,193.3045806043333,1.653644614758044,0.7964344603658605,48811,247.57832078575754,0.8020425503556969,0.9862735858720371,0.8896093473521065,0.7745122422244219,0.006640017422247523,0.001473880010191352,0.5998692133555017,0.9919704942244695,SIRA
9463,48161,826.049,314.0014615090513,196.17088630675113,1.6006527136654176,0.7808287346960675,48722,247.62974319332113,0.7967080231596361,0.9884856943475226,0.8869389764440584,0.7886260847425484,0.006519828523266778,0.0015556091444890606,0.6219311015363611,0.9954957053870986,SIRA
9464,48162,831.084,314.9802986603362,195.6134190038585,1.6102182573380774,0.7837837653708982,48903,247.63231403339694,0.672137324680762,0.9848475553647016,0.8762429456931886,0.7861835012749004,0.006540016998055234,0.0015411834688217295,0.6180844976768614,0.9952509427369165,SIRA
9465,48165,833.0239999999999,321.29188585793634,191.6179181810377,1.6767319513114876,0.802688687132612,48695,247.64002639349138,0.695021645021645,0.9891159256597186,0.8722207230044315,0.7707634001780824,0.006670650593956946,0.0014522195919055402,0.5940762190540789,0.9961065780022966,SIRA
9466,48168,826.8789999999999,315.9670874432275,194.80269494562944,1.621985196515971,0.7873326392854648,48644,247.647738513404,0.7081550743174702,0.9902146205081819,0.8852879509565007,0.7837770082869817,0.0065596887444616244,0.0015269790319668102,0.6143063987192914,0.9963958848477282,SIRA
9467,48170,816.592,304.2564165143998,202.12978474413543,1.5052527607425132,0.7474302831409644,48649,247.65287979325575,0.7246878290958327,0.9901539599991778,0.9077709248249739,0.8139610747750159,0.006316305096832049,0.0017102413738220605,0.662532631248899,0.9972790722694068,SIRA
9468,48173,819.102,303.42548519648176,202.77648902475013,1.496354368574982,0.7439000469482329,48699,247.6605915129151,0.8096166450984017,0.9891989568574303,0.9022722164607766,0.8162155243899293,0.006298662844258854,0.0017244377751771366,0.6662077822551273,0.9968829253561102,SIRA
9469,48182,822.915,308.4965471189591,199.72423188692895,1.5446125099813128,0.7621405825179556,48774,247.68372523125052,0.8030333333333334,0.9878623856972978,0.8940971900200009,0.802873573608399,0.006402734363848721,0.0016410956743735405,0.6446059751987213,0.9956664533006488,SIRA
9470,48185,837.673,317.9881846589597,194.04545199514945,1.63873041799974,0.7922254612308488,48851,247.69143599055624,0.6862982481128045,0.9863667069251397,0.8629242872316909,0.7789328281370068,0.006599318971857626,0.0014985764834508383,0.6067363507495157,0.9942773136793907,SIRA
9471,48192,837.3349999999999,315.07645001352284,195.94131129982242,1.6080143994310832,0.7831085963546743,48921,247.70942682884913,0.6833030852994555,0.9850984239896977,0.86374654785848,0.7861883260974206,0.0065379409448357165,0.0015407320592682066,0.6180920840918641,0.9939009713940854,SIRA
9472,48195,835.429,319.72619847438403,193.50686666213952,1.6522731414623226,0.7960530826540076,49056,247.71713678813413,0.7241705733862243,0.9824486301369864,0.8677462692795715,0.7747789764184145,0.0066340117952979364,0.001474576514717058,0.6002824622999664,0.9918305897491037,SIRA
9473,48201,825.6289999999999,303.28599974614906,203.76950718095907,1.4883777457282341,0.7406668706181685,48836,247.73255598685364,0.7277380197481655,0.9869972970759276,0.8885789777519065,0.8168281958092568,0.006292110116930127,0.0017278218414826176,0.6672083014690056,0.9930579876716025,SIRA
9474,48212,826.3620000000001,309.6394621853185,199.2858107102244,1.5537456534502403,0.7653570000359383,48777,247.7608220255407,0.6770017131462914,0.9884166717920332,0.8872057253659676,0.800159063308463,0.006422456280289523,0.001624000783832277,0.640254526594677,0.9947926877983206,SIRA
9475,48212,818.7370000000001,301.8526945935929,204.51353596942545,1.4759546020402265,0.7354973366157731,48763,247.7608220255407,0.7886669611162912,0.9887004491110063,0.9038079921226005,0.8208004316778414,0.00626094529564409,0.0017529518078100998,0.6737133486425311,0.9943703173848754,SIRA
9476,48215,842.866,318.9581979807738,193.5237908396192,1.6481601388488043,0.7949025223586745,48821,247.76853038553114,0.6769392769392769,0.9875873087400914,0.85285453742422,0.7768056502515924,0.006615331286545137,0.001485870170098493,0.6034270182627994,0.9945443582051356,SIRA
9477,48217,825.418,307.61955130914333,200.33175268562982,1.5355506412998576,0.7588785414257269,48799,247.77366915896314,0.6962743682310469,0.9880735260968463,0.8893284359276771,0.8054548812144978,0.006379898195846763,0.0016563739151193814,0.648757565672261,0.9962000960161745,SIRA
9478,48226,821.1859999999999,305.6394848464516,201.36311482333122,1.5178523887783952,0.7522957118815153,48664,247.79679232063913,0.7753874847257058,0.9909995068222917,0.8986861164720495,0.8107486257710724,0.0063376495012327705,0.0016890902878879894,0.6573133341896823,0.997704614475701,SIRA
9479,48230,826.694,307.4811190776109,201.11062100349042,1.5289153677879317,0.7564440213009799,48983,247.80706858880538,0.7860169491525424,0.9846273196823387,0.886824238660499,0.8059261307887224,0.006375308295202382,0.0016590592752599217,0.6495169282880808,0.9930564132980589,SIRA
9480,48233,837.447,323.23708311620373,191.46307182561063,1.6882476606800512,0.8056953434428313,48934,247.81477551028127,0.6954008073817762,0.9856745820901622,0.8642501763052562,0.7666656719000025,0.006701575334650628,0.0014281727354052425,0.5877762524698822,0.9923118832355656,SIRA
9481,48238,823.67,301.3201253560972,204.6015781074794,1.4727165261541164,0.7341222688444389,48845,247.8276198468096,0.7027373512229943,0.9875729347937353,0.893496098996446,0.8224728419780435,0.006246530232515801,0.0017632133884441514,0.6764615757914398,0.9962361419763087,SIRA
9482,48238,845.75,326.2513188054059,189.29272398842267,1.7235280465685505,0.8144703076886132,48905,247.8276198468096,0.7114959143337561,0.9863613127492077,0.8474520689140023,0.759621817788352,0.006763367444865167,0.0013890966549126738,0.5770253060600804,0.9945192985743503,SIRA
9483,48239,830.258,315.7339545872617,195.33530031057816,1.616369156446647,0.7856505245666909,48756,247.830188634233,0.8163648671518023,0.9893961768807942,0.87939101168211,0.7849335968892075,0.006545201073555871,0.0015326197884281986,0.6161207515254289,0.9958785794124317,SIRA
9484,48240,818.361,305.8212866002238,201.72081923646434,1.516062088969256,0.7516136647603533,48935,247.8327573950309,0.7200214931789009,0.9857974864616328,0.9051640864563112,0.8103842611812802,0.006339578909623213,0.0016865692035714008,0.6567226507703294,0.9956323138002926,SIRA
9485,48246,828.0519999999999,307.85086419820004,200.9466638152112,1.5320028626168036,0.7575817498441261,48922,247.8481694007294,0.7411059907834101,0.9861820857691836,0.8842110858544553,0.8050916798504103,0.006380857774700494,0.0016536370008660393,0.6481726129643556,0.9930022985312064,SIRA
9486,48263,838.6869999999999,304.73568734963106,202.79292679393126,1.5026938669280576,0.7464232251347309,48922,247.8918315466509,0.7120116841732562,0.9865295776951065,0.8622324338018816,0.8134650513126094,0.0063140643422421126,0.001705471092898527,0.6617253897070261,0.9943706847033272,SIRA
9487,48266,817.34,304.68270603548865,202.282197704678,1.5062260025487282,0.7478116034709306,48780,247.8995358329405,0.8072317366871822,0.9894628946289463,0.9079159915883023,0.8136317911134274,0.006312574193748988,0.0017064670077694848,0.661996691510444,0.9971166303542597,SIRA
9488,48280,815.562,304.11718214500434,202.4372214717723,1.5022789778183665,0.746259331184953,48680,247.93548600354418,0.8087508585021023,0.9917830731306492,0.912143486024173,0.8152629991334311,0.0062990302846935445,0.0017165022934741768,0.6646537577560369,0.9984953678048754,SIRA
9489,48314,829.7379999999999,317.81252234682916,194.2132860499397,1.6364097884894822,0.7915581311523588,48864,248.02277186648539,0.741968179863628,0.9887442698100851,0.8818625475203133,0.7804059136342585,0.006578062721919716,0.001505081368252247,0.6090333900353216,0.9966282009707331,SIRA
9490,48318,837.4159999999999,331.8016175319723,186.12957398278277,1.7826378174736721,0.827838539254338,48783,248.03303877208293,0.6865302642796249,0.9904679908984687,0.8658373268660615,0.7475341459062735,0.006867039561487899,0.0013227368504848708,0.5588072992958218,0.996151024405061,SIRA
9491,48319,826.3879999999999,306.0555749283634,203.22905822094611,1.5059636530698606,0.7477089057316014,48777,248.0356054320797,0.781709053258267,0.9906103286384976,0.889118808292326,0.8104266863628801,0.0063340626860730435,0.0016854545792452844,0.656791413969118,0.9891039970858521,SIRA
9492,48321,811.4859999999999,289.39490666981754,213.17609146191614,1.3575392281808387,0.6762992799700632,48773,248.0407386723959,0.7767650462962963,0.9907325774506387,0.9221120856366953,0.8571012583694007,0.005989009057548841,0.00199371585916576,0.7346225670984102,0.9972789527430024,SIRA
9493,48325,831.509,310.14265711454635,198.86424922150692,1.5595696980661962,0.7673717125456955,48774,248.05100483434194,0.7042510091957038,0.99079427563866,0.8783099813488986,0.7997964779889281,0.006417851156017514,0.001619896819349891,0.6396744062034939,0.9976168205434566,SIRA
9494,48327,837.9279999999999,313.5705305418762,196.78406108923775,1.593475247975892,0.7785688738495494,48960,248.05613775598502,0.6891550802139037,0.9870710784313725,0.8649406222211203,0.7910696752252936,0.006488516368528488,0.0015674154159073328,0.6257912310610514,0.9971828370961476,SIRA
9495,48329,840.97,313.5422658598931,197.26440085594635,1.5894518448306314,0.7772857581118588,49122,248.06127057141686,0.7146511696684708,0.9838565204999796,0.8587300608490512,0.7911573576567296,0.006487663015164666,0.00156790422893678,0.6259299645743783,0.9948855369275175,SIRA
9496,48335,828.9459999999999,315.52465435630387,196.06558957936141,1.6092811341002244,0.7834970804202812,48874,248.0766683805111,0.7594111362493715,0.9889716413635061,0.8839325088475305,0.7862354492919351,0.006527871198020148,0.0015387278841660073,0.6181661817232913,0.9948031739860634,SIRA
9497,48340,834.914,318.24897830139093,195.15891778637,1.6307170684854946,0.7899066069697882,49038,248.08949915806144,0.7794762641898865,0.9857661405440679,0.8714310358612913,0.7795453122338497,0.006583553543677925,0.0014997041450738498,0.6076908938257701,0.9909719129248897,SIRA
9498,48350,836.6030000000001,324.60125244635265,190.99030128521372,1.6995692988703766,0.8085813755495649,48940,248.11515872260833,0.7684849640790896,0.9879444217409072,0.8680955045953425,0.7643690739105041,0.006713572956491265,0.0014136630441933461,0.5842600811508016,0.9929904964794173,SIRA
9499,48363,815.384,297.687338866792,207.68004744773887,1.4333940237648626,0.7164437333571225,48995,248.14851218983094,0.7240837226015092,0.987100724563731,0.9141105606519516,0.833587727091314,0.006155270327870314,0.001833294102477452,0.6948684987572631,0.9960203534211228,SIRA
9500,48373,821.7819999999999,315.69704658563455,196.0446234659526,1.6103325916533597,0.7838187011279759,48885,248.17416565282136,0.8133333333333334,0.9895264396031502,0.9001183958526415,0.7861149425910222,0.006526306960197519,0.0015374162437701998,0.6179767029648862,0.9951480256668436,SIRA
9501,48402,825.7919999999999,311.37103134797377,198.50205048379303,1.568603601771842,0.770442335170006,48973,248.24854570424245,0.8043940703317157,0.9883405141608641,0.8919321712219189,0.7972756637942064,0.0064330199443819215,0.0016033513130632112,0.6356484840784924,0.9970805015863347,SIRA
9502,48407,828.83,318.8958399941937,193.6381832934649,1.6468644487895077,0.7945379355078527,48908,248.2613675987366,0.7483149888696512,0.9897562770916823,0.8854970278704208,0.778502998356005,0.006587804243068021,0.0014926624463169234,0.6060669184492898,0.9981100615815452,SIRA
9503,48421,835.676,316.85227434725317,195.32388846925227,1.622189056496957,0.7873933037632331,48968,248.2972653808763,0.7369342221410525,0.9888294396340467,0.8713000900097411,0.7836373145573693,0.006543695387275215,0.0015221703840920375,0.6140874407666853,0.9961659261439402,SIRA
9504,48429,858.4929999999999,324.6308613412505,191.92250046956207,1.6914684862223088,0.8065233301152381,49606,248.31777606925203,0.7747276479339636,0.9762730314881264,0.8257371971846336,0.7649235043251833,0.006703232801446458,0.0014155854472393816,0.5851079674691189,0.9896916880116021,SIRA
9505,48436,831.069,316.2660479938167,195.6102923396193,1.6168170100411405,0.7857854417416302,48994,248.3357215319462,0.7961209730440499,0.988610850308201,0.8812598188544045,0.7852114481058726,0.006529565777393193,0.0015311246743824948,0.6165570182365215,0.9968598747450538,SIRA
9506,48439,835.3699999999999,325.6445417212874,190.41121494387562,1.7102172359819892,0.8112344334174167,49173,248.34341204756478,0.8026612315238285,0.9850731092266081,0.8722626636685498,0.7626211412446057,0.006722775897960061,0.001402696648371696,0.5815910050732247,0.9946469611683175,SIRA
9507,48448,833.818,311.2057975115381,198.92748331568473,1.5644183112580534,0.7690278918457482,48955,248.3664821656279,0.6978365453864547,0.9896435501991625,0.8756754719615316,0.7980779411939445,0.006423501434765895,0.0016074327655486655,0.6369284002203651,0.9964224522650372,SIRA
9508,48449,825.903,314.2973667624431,196.58903894346085,1.598753259345427,0.7802342774091754,48916,248.3690453798015,0.7254147451638019,0.9904530215062556,0.8925583028124723,0.7902358455568209,0.006487179647927575,0.0015604957500248108,0.6244726916029038,0.9983777510723539,SIRA
9509,48461,826.5429999999999,314.9194878245688,196.78343023920095,1.6003353912560985,0.7807296035014669,48973,248.39980188681858,0.706140350877193,0.9895452596328589,0.89139733482521,0.7887724052986961,0.006498410842214746,0.001551649987596663,0.6221619073606905,0.995667719440711,SIRA
9510,48467,833.5459999999999,327.2951507521425,189.27002646910506,1.729249775349757,0.8158344978926901,49027,248.41517871233054,0.7047900186133085,0.9885777224794501,0.8765907007918087,0.7589943759981125,0.006752948413397621,0.0013823799504046326,0.5760724627967643,0.9961731768764858,SIRA
9511,48467,836.742,318.3429999051943,194.57316462836255,1.6361094836137031,0.7914715254109412,49001,248.41517871233054,0.7549376947040498,0.989102263219118,0.8699070792026227,0.7803381220454386,0.0065682423072439865,0.0015023123072331395,0.6089275847174019,0.9962721961901279,SIRA
9512,48467,827.697,307.0635192317852,202.01451321224863,1.5200072229917747,0.753112626870695,49135,248.41517871233054,0.7539394882165358,0.9864048030935179,0.889023498927626,0.8090025781435003,0.006335517346478743,0.0016740231887788966,0.6544851714428305,0.9948221879341124,SIRA
9513,48478,837.905,332.50865842828307,186.56323343391483,1.7822839597495805,0.8277630573549409,49088,248.4433670872926,0.6923252692011083,0.9875733376792699,0.8676908033984079,0.7471786396830865,0.0068589599081703674,0.0013186690656249059,0.5582759195986676,0.9950062166151518,SIRA
9514,48479,836.757,312.35457612983646,199.05928801540517,1.5691534881088463,0.7706271397633405,49080,248.4459295082452,0.6783980073046837,0.9877546862265688,0.8700912645296426,0.7953971175532695,0.006443090330448987,0.0015907796771163147,0.6326565746120497,0.9927352708274924,SIRA
9515,48495,846.3209999999999,323.46668069793463,193.2019192668536,1.674241549594325,0.8020287868607316,49376,248.48692464983284,0.6958075068870524,0.9821573233959818,0.8508178507582728,0.7681994451907066,0.006670103736425088,0.0014328750076489664,0.5901303875913096,0.9880208145835738,SIRA
9516,48500,861.497,328.62234859642246,189.65689290891623,1.7327203011505896,0.8166542754043231,49363,248.49973424463735,0.6510678855731411,0.9825172700200555,0.8211907783083767,0.7561863497902791,0.006775718527761288,0.0013666284365246918,0.5718177956091464,0.9908003030111464,SIRA
9517,48522,834.031,318.4516840046127,194.48008174037372,1.6374514097013704,0.7918580847047098,49091,248.55608861912748,0.7745426683267886,0.9884092807235542,0.8765650913511107,0.780514285537668,0.006563037055451397,0.0015024777317360922,0.6092025499283765,0.9975395741738896,SIRA
9518,48524,825.251,312.11336840123784,198.80100938464986,1.5699787911908722,0.7709040584994755,49088,248.5612111105211,0.7549788399302962,0.9885104302477183,0.89535309575525,0.7963811751599914,0.006432144266780106,0.0015959507380398279,0.6342229761492088,0.9957166214402122,SIRA
9519,48525,817.194,291.9815395301914,212.92708366020335,1.3712747787225883,0.6842490084168944,49068,248.56377231663058,0.7455291297935103,0.9889337246270482,0.9131141429521024,0.8512996154365733,0.006017136311801987,0.0019493928177415983,0.7247110352424576,0.9937779644899192,SIRA
9520,48535,823.6189999999999,310.87571367917377,199.27062019842947,1.5600679787597906,0.7675427918220841,48986,248.5893829263855,0.7918651700058735,0.9907932878781692,0.899108667752007,0.7996423393270654,0.006405186230126173,0.0016154541937124782,0.6394278708444616,0.9975509460309957,SIRA
9521,48536,827.083,311.2252588778057,198.9350601026155,1.5644565554069163,0.7690408799164495,48988,248.59194384224492,0.7737656830392016,0.9907732505919817,0.8916114915253566,0.7987524686736558,0.0064122560342386205,0.0016100504008683533,0.6380055062122597,0.9981318965794778,SIRA
9522,48545,818.048,306.7569726345058,202.43981513676428,1.515299608563992,0.7513222611134522,49124,248.6149908979112,0.7216655764999703,0.9882135005292728,0.9115842123264901,0.8104623955659208,0.006319023022649208,0.00168174899236339,0.6568492946264513,0.9953234790329957,SIRA
9523,48550,820.627,311.2734957410102,199.52342654820367,1.5600849540633184,0.7675486165500376,49142,248.62779389459286,0.7580015612802498,0.9879532782548532,0.9059568112720818,0.798743861255246,0.006411400530195885,0.0016097662030240475,0.6379917558929398,0.9953213391850126,SIRA
9524,48551,830.6229999999999,314.2846765283203,197.56152246012107,1.5908192679156967,0.7777231771975793,49079,248.63035441481574,0.751749659358355,0.9892418345932069,0.8843010451734278,0.7910991944031722,0.006473289459090859,0.001563970507457468,0.6258379353853479,0.9955950462035904,SIRA
9525,48553,838.885,320.0861123994016,193.8820662278775,1.6509320259832148,0.7956790498701396,49140,248.63547537615455,0.737495253284727,0.988054538054538,0.8670039489159663,0.7767768289362977,0.006592509472110922,0.001480524416130804,0.6033822419723304,0.9961430671816736,SIRA
9526,48557,862.0709999999999,338.20824710940417,184.66496575217636,1.8314694708431354,0.837778887860924,49407,248.64571698242722,0.7832784875467802,0.9827959600866274,0.8210614076446705,0.735185256739156,0.006965180038087282,0.0012551605079101835,0.5404973617266188,0.9899044170735612,SIRA
9527,48560,828.554,306.81957385903945,202.46114745852472,1.5154491501728407,0.7513794562949954,49122,248.65339791030306,0.8093333333333333,0.988559097756606,0.8888877180528887,0.8104222125819802,0.006318360252451389,0.0016812391354402362,0.6567841626462724,0.9953230011292741,SIRA
9528,48563,848.576,335.1261262464005,186.1380225487828,1.8004173551299605,0.8315654519218808,49285,248.66107860092157,0.7782532051282052,0.9853505123262656,0.847488634066936,0.7419925190138541,0.006900853041336006,0.0012902701439590535,0.5505528982725246,0.9912249929669532,SIRA
9529,48573,851.0319999999999,335.00664720740485,185.66325583429773,1.8043777467006952,0.8323784298044982,49133,248.6866791897408,0.7937542896362388,0.9886023650092606,0.8427776514341407,0.7423335664016757,0.006896972540452614,0.0012919171227464784,0.551059123806631,0.9943188201130683,SIRA
9530,48579,851.7479999999999,334.3338753736528,186.47632504337406,1.7929025322431003,0.8300057704031878,49429,248.702038278116,0.7549184149184149,0.9828036173096765,0.8414652578743166,0.7438732853503572,0.006882271668285736,0.001299892456237847,0.5533474646579339,0.9920980705955091,SIRA
9531,48585,847.239,309.2765163066068,200.86549478283396,1.5397194856238579,0.760388112071942,49351,248.71739641801872,0.6983111749910169,0.984478531336751,0.8505506742528366,0.804191017760457,0.006365679043050464,0.0016423335793842885,0.6467231930465999,0.9957723021387296,SIRA
9532,48597,821.543,313.7206418971736,197.82336400549497,1.5858624357861963,0.7761309869936585,48998,248.7481098531096,0.7525667828106852,0.9918159924894894,0.9048127776521587,0.7928968535473044,0.006455555731777139,0.0015739110168958305,0.6286854203652158,0.9970085920836498,SIRA
9533,48603,830.105,315.8798111246749,196.07221528675487,1.6110381099264977,0.7840340789084682,49082,248.763465148649,0.7216909690256288,0.9902408214824172,0.8863533311250373,0.7875256866304263,0.006499183406881775,0.0015420464922063998,0.6201967071027246,0.9991605307934112,SIRA
9534,48610,819.362,307.96017245913276,201.64000895260833,1.5272771215335197,0.7558368309656641,49068,248.78137846224797,0.7600775557431905,0.9906660145104753,0.909879432258472,0.8078362097139753,0.006335325498027829,0.0016643396460405886,0.6525993417250419,0.9967000441444916,SIRA
9535,48611,837.6769999999999,318.51781765969906,195.22169794075643,1.631569753872129,0.7901553027021773,49225,248.78393740175628,0.7923811697202843,0.9875266632808533,0.8705450226964828,0.7810675686204603,0.006552381511585836,0.0015042962082583372,0.6100665467506776,0.9953661255276227,SIRA
9536,48622,833.064,308.80518664952666,201.1448371090605,1.5352379463863288,0.7587646944851876,49268,248.81208399937708,0.7095719685361119,0.9868880409190549,0.8804119900404506,0.8057250809124596,0.006351141184022185,0.0016511216071337293,0.6491929060113898,0.996665583833499,SIRA
9537,48649,841.797,322.3650827981634,192.51699930165705,1.6744759370212599,0.8020910429678754,49095,248.8811576070413,0.6932031917925335,0.990915571850494,0.862718347417782,0.7720475041736102,0.006626345511689108,0.0014522117063224004,0.5960573487007008,0.9980836874840138,SIRA
9538,48650,827.886,311.2053430446759,199.9778053043609,1.556199412084904,0.766209233196085,49226,248.88371552065368,0.7284242678325448,0.9882988664526876,0.8919728421280589,0.7997411390360497,0.006396821028667541,0.001614141897460736,0.6395858894666782,0.9953231851658451,SIRA
9539,48663,846.1909999999999,326.6919433115701,190.79711492439748,1.7122478159117887,0.8117337928915612,49557,248.9169660056285,0.6863417110941863,0.9819601670803317,0.8540276649149264,0.7619317558995733,0.006713353950877877,0.0013956727725391298,0.580540000648207,0.994028348159321,SIRA
9540,48669,821.12,305.6859359225837,203.18736203689812,1.5044534899127842,0.7471164258774621,49183,248.93231088534012,0.7787538402457758,0.9895492344915926,0.907087174090906,0.8143400844858734,0.006280916721580138,0.001703829168185806,0.6631497732004596,0.9976779906263027,SIRA
9541,48677,836.0329999999999,317.2766889790262,197.67342323675865,1.6050548616189824,0.7821966163443331,49358,248.95276925367494,0.7183736717827627,0.9862028445236841,0.8751587270268985,0.7846550909705571,0.006518000061199872,0.0015240854267821998,0.6156836117860132,0.9882059743162748,SIRA
9542,48682,848.981,334.1361351432294,186.18108713186723,1.7946835540098092,0.8303774545979562,49179,248.96555488018257,0.643431139307428,0.9898940604729661,0.8487549774138965,0.7451021565610138,0.006863648476710682,0.0013049626364909337,0.5551772237118734,0.9963674329565237,SIRA
9543,48684,824.6039999999999,310.85191732543296,199.78476096313872,1.5559340753861937,0.7661173171501354,49108,248.97066894693972,0.7273107548889254,0.9913659688849067,0.8997155850327616,0.8009301376973353,0.006385094021145201,0.0016207857230028289,0.6414890854718726,0.9981147270740129,SIRA
9544,48688,829.3820000000001,305.7543086012783,203.32188503495308,1.5037943827282343,0.7468571319748022,49210,248.98089676532533,0.7404568543358578,0.9893923999187157,0.8894521468096482,0.8143168869944238,0.006279869959769929,0.0017033511101612324,0.6631119924442893,0.9971840893574498,SIRA
9545,48688,822.774,308.3843969917077,201.94959924658014,1.5270364394988023,0.7557474200705535,49283,248.98089676532533,0.8061194079274148,0.9879268713349431,0.9037965523577132,0.8073719007645522,0.006333889192238492,0.0016601401227933996,0.6518493861441661,0.9953977657070674,SIRA
9546,48689,849.403,316.8919570959293,198.65950088890426,1.5951512798431111,0.7790999006202911,49911,248.98345365427465,0.8009903596222815,0.9755164192262227,0.8480337523195864,0.7857045534888807,0.006508491796831508,0.0015300203417167575,0.6173316453731613,0.984737364204652,SIRA
9547,48700,838.652,329.77770818944083,188.61768569833848,1.7483922940124688,0.82028568177426,49136,249.01157769991826,0.8175256001342958,0.9911266688375122,0.8701121863615066,0.7550891752721913,0.006771616184588107,0.001357891515221841,0.570159662613238,0.9968627604697345,SIRA
9548,48711,833.3969999999999,312.5126173040221,200.14402160405152,1.5614386820020605,0.7680123672584942,49219,249.03969856951423,0.7217834545912546,0.9896787825839615,0.8813188190945312,0.7968948604953142,0.006415647744945127,0.001595968726697499,0.6350414186838463,0.9915782358064238,SIRA
9549,48717,821.8269999999999,301.72347036798175,206.29690161480485,1.4625690837148697,0.7297365916982037,49161,249.05503588737753,0.7079312950476634,0.9909684506010862,0.9064202302881548,0.8254413737971069,0.006193391842026023,0.0017735900912636293,0.6813534615760553,0.9965265079832458,SIRA
9550,48722,830.914,314.41305769134254,198.07148751337652,1.5873716183916124,0.7766176793058014,49299,249.0678162641384,0.7783067092651758,0.9882959086391204,0.886794148200186,0.792167533031172,0.006453205075558116,0.0015675571560613097,0.6275294003886931,0.9961223598833178,SIRA
9551,48745,829.8209999999999,324.5692679123381,191.86472426483465,1.6916568126631175,0.8065715712058075,49277,249.1265975525606,0.8050770475828695,0.989203888223715,0.8895515001125879,0.7675606478548254,0.006658514061182441,0.001425633483319368,0.5891493481353193,0.9966385084491478,SIRA
9552,48752,848.2939999999999,323.02064038214496,193.0426952995012,1.6733119058505999,0.801781556940849,49331,249.14448475719595,0.8001444304025997,0.9882629583831668,0.8513526857341168,0.771295866612267,0.0066257925907069444,0.0014464439707555599,0.5948973138531681,0.9954487580290471,SIRA
9553,48754,823.5199999999999,313.2937854904548,198.7324423975725,1.5764601979967499,0.7730603016506035,49218,249.1495951512226,0.7589352428393524,0.99057255475639,0.9033827951493812,0.7952586571775887,0.006426011927030701,0.0015854586221569393,0.6324363318159015,0.9970107048748342,SIRA
9554,48758,828.828,314.20823636514007,198.36866130199257,1.5839610667473103,0.7755154010214202,49294,249.15981562482554,0.7889644012944984,0.9891264656956222,0.8919220867225687,0.7929767166742184,0.006444239639959393,0.0015717851737967262,0.6288120731874237,0.9960138422295396,SIRA
9555,48772,831.8499999999999,316.77383713983636,197.4018421196887,1.6047157095310693,0.7820917162910925,49358,249.1955839813847,0.7071685419324905,0.9881275578427002,0.8857076326452307,0.7866671889048085,0.006494993790286155,0.0015343436813158025,0.6188452660993937,0.9930707202786321,SIRA
9556,48772,843.596,325.9071828214796,191.22169804542185,1.7043420603035604,0.8097777903547915,49444,249.1955839813847,0.6780669558447336,0.9864088665965537,0.8612146432131533,0.7646213312146766,0.006682259961073558,0.0014089278977880827,0.5846457801485042,0.9964363934860839,SIRA
9557,48788,833.874,313.82794644945955,198.94792434510748,1.577437650995916,0.7733826601863732,49410,249.2364558176414,0.7963177567042616,0.987411455171018,0.8817023807736699,0.7941818395634173,0.00643248229993973,0.0015784766801391573,0.6307247942923336,0.9949290379333809,SIRA
9558,48802,839.221,315.8696782597572,198.1929815400575,1.593748052051559,0.7786554467943805,49515,249.27221317701137,0.8066979635017191,0.9856003231344037,0.8707526384730396,0.7891615762245496,0.0064724740432719405,0.0015485092589788724,0.6227759933892159,0.9925480263285372,SIRA
9559,48813,836.8929999999999,325.6536750406605,191.57112910797932,1.6999099841245149,0.808667170032662,49327,249.3003046471414,0.8003443187407772,0.9895797433454295,0.8758011138311496,0.7655381276321055,0.006671453814366265,0.0014134080125703247,0.5860486248584698,0.9962299085793552,SIRA
9560,48822,836.3169999999999,316.44072214565404,198.04631243109517,1.5978117353523105,0.7799386613036187,49537,249.32328622304837,0.6931595536246699,0.9855663443486686,0.8771696175667979,0.7878988662789352,0.00648151903129028,0.0015407723122468448,0.6207846234836316,0.991896956528412,SIRA
9561,48825,822.823,303.2724290444986,205.50069333368472,1.4757732644339823,0.7354206374812431,49297,249.33094627762176,0.7735511264615482,0.9904253808548188,0.9062317429538791,0.8221352236442103,0.006211416877511492,0.0017504248200454551,0.6759063259565158,0.9974844851084267,SIRA
9562,48830,830.137,314.53416754398927,198.3731038218863,1.5855686153219681,0.776036036384284,49442,249.34371251230297,0.7298953662182361,0.9876218599571215,0.8904243868090217,0.7927396710483955,0.006441412401064699,0.0015692178379006021,0.6284361860539184,0.9964286933397299,SIRA
9563,48831,828.398,315.84491766351056,197.5912860663021,1.5984759447212071,0.780147273124341,49355,249.34626568080526,0.7939225441420349,0.9893830412318914,0.894185038155584,0.7894579008120989,0.0064681230706622956,0.001549793872091482,0.6232437771546459,0.996240185478886,SIRA
9564,48836,844.9399999999999,314.37031678780664,198.4752855009191,1.5839267644552693,0.7755042704764183,49455,249.35903113119124,0.7066927139859633,0.9874835709230614,0.8596035657432697,0.7932015772961903,0.006437265885572255,0.0015718658798956073,0.6291687422251642,0.9965572101690958,SIRA
9565,48836,832.466,311.84770936547136,200.31610781365566,1.5567779983802807,0.7664094618043906,49425,249.35903113119124,0.8019837750845732,0.9880829539706626,0.8855578544011071,0.7996179662136103,0.006385611216427868,0.0016103208274647243,0.6393888918915904,0.9953865593055757,SIRA
9566,48854,837.4069999999999,309.6480673515813,201.47713087320477,1.5368894028298008,0.7593649841181817,49375,249.4049813425779,0.6976252695311942,0.9894481012658228,0.8754610289883095,0.8054465945023902,0.006338233662577911,0.0016454890889091107,0.6487442165954979,0.9970481116327417,SIRA
9567,48856,831.8069999999999,314.0744965301117,198.51262189276147,1.582138674788034,0.7749228390005246,49420,249.41008639904902,0.7128100379340531,0.988587616349656,0.8873248194566902,0.7941112352468167,0.006428575743616172,0.0015769571413649806,0.6306126539452251,0.9977166686174636,SIRA
9568,48863,833.1959999999999,318.07817569073586,196.1838391196895,1.6213271037920713,0.7871366164732663,49359,249.42795327387475,0.7566860240030971,0.9899511740513381,0.884495522656601,0.7841718556522123,0.0065095916274223,0.0015183731378200184,0.6149254991970342,0.9969953786610212,SIRA
9569,48866,866.649,324.3207284506205,192.77182062190303,1.6824073529228818,0.8041796084890724,50022,249.43561011417046,0.6724925685346251,0.9768901683259366,0.8175798403371145,0.7691016584286821,0.006636940376757264,0.0014324605496687263,0.5915173609977491,0.9951731575241518,SIRA
9570,48868,830.3489999999999,317.2121746918335,197.182491243843,1.608723841000454,0.7833263057341598,49402,249.4407145437928,0.8084036393713813,0.9891907210234403,0.8906623521147696,0.7863529033402341,0.006491204360559743,0.001530999409801461,0.6183508885916155,0.9947558165811475,SIRA
9571,48883,827.086,321.6458165629892,194.4034499978657,1.6545273068277362,0.7966793206004465,49352,249.47899443698455,0.7178752900402385,0.9904968390338791,0.8979794041748432,0.7756326418382876,0.006579911555407589,0.0014690078940795244,0.6016059950850413,0.9953735468194737,SIRA
9572,48889,826.058,316.85991327796,197.60783045596008,1.6034785288965412,0.7817083710920726,49359,249.49430474974247,0.7567722361536795,0.9904779270244535,0.9003262965021228,0.787396241350599,0.006481210768842889,0.0015367713558950813,0.6199928408930508,0.9941452084415764,SIRA
9573,48892,825.048,312.5034813317959,199.74883862767578,1.5644820940075175,0.769049552411584,49353,249.50195955381105,0.8205558539205156,0.9906591291309546,0.9025873352884959,0.7983973762164462,0.006391709918428289,0.0016020395139849884,0.6374383703493057,0.9972609164448213,SIRA
9574,48895,824.21,307.5711406763978,203.1165879585503,1.5142590950728427,0.7509237057689006,49434,249.5096141230349,0.6913885746606335,0.9890965732087228,0.9044791408834549,0.8112257007413752,0.006290441572275239,0.0016804581471634862,0.6580871375433353,0.9965144333754482,SIRA
9575,48899,841.394,311.1466677774503,201.0631750018472,1.547506985178125,0.7631675677028057,49518,249.51981985005662,0.6890579863312901,0.9874994951330829,0.8679826022684304,0.8019363396445798,0.0063630476651352855,0.001623321403773569,0.6431018928425469,0.9952046713551153,SIRA
9576,48903,849.1669999999999,324.35341915339774,194.15980000898733,1.6705487909360432,0.8010438416641051,49534,249.53002515966622,0.6846858198924731,0.9872612750837808,0.8522345746421601,0.7693152296990432,0.0066325873495163435,0.0014331117639345768,0.5918459226468917,0.9887074904981918,SIRA
9577,48905,836.247,323.79710753397694,192.83804943719915,1.6791142021970449,0.8033166801242149,49462,249.53512765795745,0.7959798177083334,0.9887388298087421,0.878807959487105,0.7706527385571936,0.0066209407531740505,0.0014405700073917066,0.5939056434457024,0.9972354006746532,SIRA
9578,48906,828.085,315.51659678420026,197.8807738481265,1.5944782843145704,0.7788869162779066,49365,249.53767886797752,0.7851718657183682,0.9907019143117594,0.8962355607380251,0.7908860624490398,0.006451490548893802,0.0015570247526772486,0.6255007637761465,0.9973473846632434,SIRA
9579,48906,834.3149999999998,316.57752413295293,197.61162078997927,1.6020187621931914,0.7812546712117779,49515,249.53767886797752,0.6861111111111111,0.987700696758558,0.8829007871809298,0.7882356132243276,0.006473183742954912,0.0015414232618523095,0.6213153819551317,0.99535889913135,SIRA
9580,48910,846.382,323.69073082099,193.68433802270147,1.6712282166204406,0.801225641722331,49661,249.54788344723903,0.6788529868976239,0.984877469241457,0.8579751109155831,0.7709454108071014,0.006618088955653036,0.0014421381752523135,0.5943568264445306,0.9933058990950776,SIRA
9581,48929,836.372,313.64976705522,198.97563832155953,1.5763224568644856,0.773014816363073,49417,249.59634950124325,0.705008501195931,0.9901248558188478,0.8789764383723188,0.7957804395796035,0.0064103040539397905,0.001585737993710995,0.6332665080175072,0.9982322177681504,SIRA
9582,48941,835.4609999999999,317.01125298078415,197.69731886691213,1.6035182206704228,0.7817206864418966,49366,249.62695479231323,0.7802222328502878,0.9913908357979176,0.8811104256151391,0.7874387815736135,0.006477416746302367,0.0015362036861825623,0.6200598347261371,0.9942772428892519,SIRA
9583,48945,826.904,304.1505097251454,206.88390906752437,1.4701506322846714,0.7330243408909569,49527,249.6371557221852,0.7425810171137274,0.98824883396935,0.8995141745540539,0.820768493690105,0.006214128301668106,0.0017395731145833108,0.6736609202343238,0.9903830278279646,SIRA
9584,48947,834.814,315.16351045394475,198.62200334854202,1.5867502348211422,0.7764174960702592,49509,249.64225603080902,0.7858931954657846,0.9886485285503646,0.882584905088529,0.7921039325626168,0.006438872871758121,0.0015635734631664303,0.6274286399811626,0.9955725418236197,SIRA
9585,48961,839.5329999999999,322.816526057845,194.17236983644938,1.662525550518604,0.7988769293179483,49658,249.67795527394546,0.6897858551704705,0.9859639937170245,0.8729404129837705,0.7734361010662943,0.006593340129038316,0.0014554021113668304,0.598203402432631,0.994528440951412,SIRA
9586,48965,823.385,308.81625026541207,203.15238836173683,1.5201211895945237,0.7531557112116771,49482,249.688154120209,0.8179919812896759,0.9895517561941716,0.9075900392877999,0.8085330804503149,0.0063068773668010225,0.001662590607956927,0.6537257421824754,0.9937423528749874,SIRA
9587,48973,835.9029999999999,303.0129595139894,207.04131636147974,1.463538605912599,0.7301607076559249,49584,249.70855056308167,0.6875816075816076,0.9876774766053565,0.8807543669963069,0.8240853822344625,0.006187347303901934,0.001760244919183375,0.6791167172125202,0.9939135335611525,SIRA
9588,48975,840.161,315.7985073634861,198.3415097036167,1.5921957427640152,0.7781621067195085,49664,249.7136494134924,0.7160087719298246,0.9861267719072165,0.8718851342786087,0.7907372694642611,0.006448157373424934,0.001555049528015804,0.6252654293197956,0.9955449546604928,SIRA
9589,48981,829.3149999999999,312.54595891393205,200.43950021338665,1.5593032240710916,0.7672801386026048,49459,249.72894534008867,0.6783132530120481,0.9903354293455185,0.8949493773643579,0.7990151151141848,0.006380963208467203,0.0016043014771421737,0.638425154180934,0.9954984012424141,SIRA
9590,48985,827.009,313.08873680664084,200.4140479047937,1.5622095361068353,0.7682757778242179,49586,249.7391421040201,0.7660130105710891,0.9878796434477474,0.9000207137921289,0.7976624922737334,0.006391522645843439,0.0015961025050002713,0.6362654515803439,0.9939799559541349,SIRA
9591,48998,835.087,324.8884104693411,193.00140018681927,1.6833474272977262,0.8044248452573435,49426,249.7722787118969,0.8318139376962906,0.9913405899728888,0.8829269464282695,0.768794055629963,0.006630646362491145,0.0014288139949772659,0.5910442999719667,0.9949329017767956,SIRA
9592,49005,847.62,333.354416441155,188.844514464411,1.7652321931965775,0.8240633115220735,49613,249.79011967999583,0.7008724256292906,0.9877451474411948,0.8571323102333804,0.7493229648694026,0.0068024572276534035,0.00132288396957487,0.5614849056806721,0.9911512315014664,SIRA
9593,49011,840.74,318.6756123073683,196.75535287628645,1.6196540914835564,0.7866369875634953,49596,249.80541092421328,0.690198563582594,0.9882046939269296,0.871324663012917,0.783886187949869,0.006502124264091087,0.001514422582163942,0.6144775556585774,0.9952410871472296,SIRA
9594,49033,831.9920000000001,309.4932063562745,203.1781819770733,1.5232600436950354,0.7543375754032232,49562,249.86147081332734,0.6916870036253862,0.9893265001412372,0.8901435082679683,0.8073245734696295,0.006311936988482747,0.001653998474486758,0.6517729669279192,0.9928197180818649,SIRA
9595,49039,830.002,310.77964005748396,201.25475500848572,1.5442101730435152,0.7619972625432366,49514,249.87675769120193,0.782096264871934,0.9904067536454336,0.8945264606272784,0.8040319425203755,0.006337397582688961,0.0016337437058421402,0.6464673645930884,0.9982814809452782,SIRA
9596,49051,823.2719999999999,317.1821535577182,197.68814142911577,1.6044571579497038,0.7820116918979997,49550,249.9073286416476,0.7991365265558814,0.9899293642785065,0.9094336922590955,0.787898454684562,0.006466374866113193,0.0015371690628862716,0.6207839748943208,0.9960212920596621,SIRA
9597,49066,821.717,310.29112320334474,201.82465413198744,1.5374292330035328,0.7595606855533001,49495,249.9455370715298,0.7595120894089966,0.9913324578240227,0.9131580976632306,0.8055194569898529,0.0063239539233551694,0.0016423760377474565,0.6488615955892276,0.9975787852321948,SIRA
9598,49068,841.14,326.39572887520904,191.94157121107085,1.7004952435045146,0.8088144138340697,49477,249.9506310875509,0.8218269520651191,0.9917335327525921,0.8715085424212429,0.7657901405416815,0.006651906107345094,0.0014111232758657827,0.5864345393508482,0.9972291447928785,SIRA
9599,49068,840.5829999999999,315.3947597958782,199.12555198886653,1.5838989855682233,0.7754952560249431,49755,249.9506310875509,0.7165513011478138,0.9861923424781429,0.8726639098025728,0.7925009002981458,0.006427707666827223,0.0015639934738351361,0.6280576769733717,0.9947799174364579,SIRA
9600,49072,833.162,310.55221770964715,202.81904629452487,1.5311787693680254,0.7572789152636077,49864,249.96081880815623,0.7815257206561554,0.984116797689716,0.8883512443343349,0.8048914306638723,0.0063285013390456295,0.001638437403193801,0.6478502151561352,0.9919744951775814,SIRA
9601,49084,824.934,298.3111669333527,210.03297008310992,1.4203063776858993,0.7101271634727565,49637,249.99137947893468,0.7406110901546586,0.9888591171908052,0.906382275580261,0.8380221969189192,0.0060775643169536445,0.0018489765982441736,0.702281202528812,0.9974544708805944,SIRA
9602,49101,836.758,310.2860258204104,202.5374736356262,1.5319931677365963,0.7575781907509694,49683,250.03466736842958,0.7956475239823697,0.9882857315379506,0.881252688086302,0.8058199421238084,0.0063193422907967325,0.0016436285874807056,0.6493457791244178,0.9947932971172051,SIRA
9603,49110,835.878,309.45645706719284,203.84323059875132,1.518110050347134,0.7523936233603613,49936,250.0575814526403,0.6895050895050895,0.9834588272989426,0.8832710745109934,0.808054172863308,0.006301292141461879,0.001657186119486602,0.652951546281805,0.9912523048001098,SIRA
9604,49111,857.1619999999999,337.4183289441209,185.79699795278046,1.8160591003191255,0.8347409339072004,49628,250.06012733238495,0.7090407715407715,0.9895824937535262,0.8399681569713611,0.7410982329113391,0.006870524504573739,0.001278417675389209,0.5492265908243095,0.997427948403736,SIRA
9605,49122,830.4889999999998,303.77550701054224,207.19013962540043,1.4661677797976682,0.7313053741180632,49706,250.08813029906207,0.7646518578477919,0.9882509153824488,0.8949899030393059,0.8232662756789769,0.006184102988692281,0.0017523375914001594,0.6777673606703335,0.9937206664133483,SIRA
9606,49122,834.2339999999999,303.93920273184045,206.25650705393392,1.4735981282392392,0.7344977998783583,49671,250.08813029906207,0.8080339518357679,0.9889472730567131,0.8869724547825288,0.8228228805341372,0.006187435420622948,0.0017495077915661028,0.6770374927304952,0.9976811820354453,SIRA
9607,49134,840.6239999999999,316.4206348531956,198.3692492860713,1.5951093024346765,0.779086625523772,49645,250.11867541432702,0.7011130136986301,0.9897069191257931,0.8737524679145672,0.7904625927141901,0.006439952677437123,0.0015509140446311484,0.6248311104804396,0.9966739167779382,SIRA
9608,49139,837.903,322.14637567246643,195.10418476706886,1.6511505176430266,0.79574006064004,49562,250.13140144480292,0.7155192498107054,0.9914652354626529,0.8795260103982343,0.7764526325111204,0.006555818711664186,0.001469828165249475,0.602878690533449,0.9954434619502543,SIRA
9609,49148,828.621,307.74614156339754,204.7328481853484,1.5031595774254523,0.746606990654734,49784,250.15430666819185,0.7815412015392933,0.9872248111843163,0.8995055400345837,0.8128592787463383,0.0062616208505615195,0.0016862734410215679,0.6607402070440174,0.9931979704082909,SIRA
9610,49156,839.947,318.4718938943851,197.48440595473247,1.6126432482339164,0.7845228168527065,49596,250.17466510620469,0.721238353752476,0.9911283167997419,0.8755533882280297,0.7855470762175646,0.00647880002226351,0.0015218197073765558,0.6170842089539641,0.9951366831613775,SIRA
9611,49157,848.7929999999999,328.41448910237204,191.2522156206612,1.7171800495831384,0.8129380930420953,49734,250.17720979447026,0.745525964571706,0.9883982788434471,0.8574161430423697,0.7617727539313469,0.006680930266337898,0.001387773028946147,0.5802977286321485,0.9964756824255352,SIRA
9612,49163,834.536,314.35803572015453,200.29841458993673,1.5694484470270407,0.7707261706364512,49827,250.19247738054554,0.74038432577332,0.9866738916651615,0.8870704014395617,0.7958838297465061,0.006394199615974504,0.0015825763710227859,0.6334310704519656,0.9941374098195134,SIRA
9613,49165,850.731,326.69003379823573,192.63141061026334,1.6959333514885748,0.8076619435722803,49696,250.1975663688683,0.6744355126340915,0.9893150354153252,0.8536530387057131,0.765856134207604,0.006644768306686377,0.001410095043386589,0.5865356183034156,0.9947253169167352,SIRA
9614,49169,833.183,303.1930778751622,207.30845511108862,1.4625215248104217,0.7297157590762013,49730,250.20774403499826,0.7055590632533578,0.9887190830484617,0.8900623680379497,0.8252422706629855,0.006166346231877041,0.0017641419621140472,0.6810248052890004,0.9960134366649895,SIRA
9615,49175,828.597,310.35480427532264,202.3293233357822,1.5339091692619524,0.7582799411448498,49668,250.2230097579989,0.7981658821619867,0.9900740919706853,0.9000518304588341,0.8062482240037132,0.006311231403666957,0.0016450115467041711,0.6500361987091419,0.9970964855521373,SIRA
9616,49176,844.274,317.8676217459109,198.04612936103183,1.6050180974072374,0.782185249032891,49668,250.22555395461984,0.6836076512455516,0.9900942256583716,0.8669543578456028,0.7872005100118026,0.006463877130020964,0.0015311379554652004,0.6196846429628421,0.9946050666407041,SIRA
9617,49193,844.979,308.83858473990824,205.75354510502018,1.501012216252564,0.7457578566768212,50342,250.26880133999293,0.7435009975213107,0.9771761153708632,0.8658074951974428,0.8103547085956229,0.006278100232551547,0.0016699699164003275,0.656674753743097,0.9856768274730329,SIRA
9618,49194,838.722,319.20381118320506,197.078541502203,1.6196781686637198,0.7866441912162452,49805,250.27134507110796,0.6981140108135723,0.9877321554060837,0.8787916688649843,0.7840487372109297,0.0064886736427858084,0.0015125437058002408,0.6147324223220534,0.995668684004796,SIRA
9619,49198,832.071,320.04353134370024,196.42132001967798,1.6293726735551797,0.7895135453354049,49738,250.28151973703638,0.803495018781643,0.9891431098958543,0.8929693249812973,0.782023366278429,0.006505214263663162,0.0015007912428386398,0.611560545405446,0.9964600409081354,SIRA
9620,49198,847.163,327.0894642206888,193.05197551623132,1.6943077808244855,0.8072486241697022,49844,250.28151973703638,0.7884294871794871,0.9870395634379263,0.8614366658108481,0.7651775649006238,0.00664843010327023,0.0014058784758707954,0.5854967058272486,0.992011624330212,SIRA
9621,49201,832.8639999999999,315.9453398575419,199.40385688599133,1.584449492560131,0.7756737916509584,49720,250.2891504650466,0.7949878007400346,0.9895615446500402,0.8913240255193017,0.7921913030206448,0.006421522730382348,0.0015600483837227156,0.6275670605815472,0.9943483106858854,SIRA
9622,49207,848.5099999999999,334.3219706634421,188.08385714641548,1.777515496203304,0.8267408108739666,49790,250.30441122318072,0.7800358258167811,0.9882908214500904,0.8588608812122356,0.7486926770815167,0.006794195351544335,0.0013168373434368484,0.5605407247154881,0.9963698244348105,SIRA
9623,49211,851.431,324.07810657883147,194.8306682503458,1.6633834369567033,0.7991104070292093,49914,250.31458454505218,0.7087449952472852,0.9859157751332291,0.8530473483485267,0.7723896784868545,0.0065854810221054536,0.0014458162839089913,0.5965858154330266,0.9923509641146052,SIRA
9624,49215,836.051,321.68497593296036,195.37378764454965,1.646510413762429,0.7944381366966148,49745,250.3247574534749,0.7106346112194065,0.9893456628806915,0.8847932730940741,0.7781673879156947,0.006536319738554513,0.0014784449410724487,0.6055444836155354,0.9970352982693714,SIRA
9625,49215,826.516,314.11870463191025,200.29991739863726,1.5682418081418907,0.770320614107444,49646,250.3247574534749,0.7220510563380281,0.9913185352294244,0.9053256456134469,0.7969113388099883,0.006382580608186737,0.0015878742133506765,0.635067681923928,0.9959396897928601,SIRA
9626,49226,831.5269999999999,317.18054089893513,198.22244628004518,1.600124238456971,0.7806635999226096,49747,250.3527308202032,0.7441572184429327,0.9895270066536676,0.8946469803012466,0.7893067150672852,0.006443353936922259,0.0015426767746853799,0.6230050904503085,0.9968855459116163,SIRA
9627,49254,845.116,327.15793521798605,192.81598834830112,1.6967365518828803,0.8078656500059859,49790,250.42392165363455,0.6908188167971051,0.9892347861016269,0.8666000746473055,0.7654526902634244,0.0066422612420917295,0.0014065951976172234,0.585917821031514,0.9941481833437416,SIRA
9628,49254,842.823,321.59334683601446,195.78131478982817,1.6426151146305554,0.7933349926601095,49838,250.42392165363455,0.7893269230769231,0.9882820337894779,0.8713218657252982,0.7786974578840702,0.006529283851788981,0.0014808816092932984,0.6063697309151134,0.996032085055628,SIRA
9629,49257,867.856,335.86270146382805,188.9262688521136,1.7777448499061417,0.8267901963418036,50290,250.43154804261366,0.7284383318544809,0.9794591370053689,0.8218309277281329,0.745636675198317,0.006818578099840186,0.0013001175687674714,0.5559740514008005,0.9883800065592254,SIRA
9630,49260,824.068,309.0716741064524,203.63239836070701,1.5177922403043846,0.7522728464275862,49735,250.43917419935346,0.7652395451438514,0.9904493817231326,0.9115451221483231,0.8102948124359518,0.006274293018807398,0.0016684638211974946,0.6565776830606143,0.9965485125064321,SIRA
9631,49265,845.236,324.3748562474875,194.36248026897707,1.6689170450932047,0.8006061441538332,49881,250.4518839445569,0.7324561403508771,0.9876506084481065,0.8665475105830378,0.7721063427723579,0.006584286131076576,0.0014434340268608215,0.5961482045493057,0.9949218999740467,SIRA
9632,49293,844.304,321.90517013666624,195.99445716724253,1.6424197642588627,0.7932794223427816,49842,250.5230466017655,0.6949331754356285,0.9889851932105453,0.8689552686572273,0.7782510808863519,0.006530443879185,0.00147775145102307,0.6056747449007751,0.9947721717374778,SIRA
9633,49303,835.6339999999999,318.6781513063676,197.6248846737005,1.6125406060706313,0.7844916167940548,49860,250.54845693812948,0.7774046042257963,0.9888287204171681,0.8872602106842368,0.7862115928282127,0.006463666537662366,0.0015234088661182919,0.6181286686974754,0.9967575780510595,SIRA
9634,49306,831.7949999999998,306.6491937131982,205.65953093447132,1.4910526748741098,0.7417584627444995,49840,250.556079536522,0.8300673400673401,0.9892857142857143,0.895523577454634,0.8170772487693583,0.00621930786746437,0.001709914086215106,0.6676152304565038,0.9954494751588653,SIRA
9635,49309,831.5999999999999,310.4086534711761,202.92956887838622,1.5296373770803262,0.7567108493710378,49899,250.56370190302133,0.73160924656518,0.9881761157538227,0.8959981185446344,0.8072059174287426,0.006295172351318747,0.0016486358345590595,0.651581393131978,0.9966832531447438,SIRA
9636,49313,828.199,308.1392630370166,204.63323365224835,1.5058124114906248,0.7476496708111009,49909,250.57386469766772,0.8164403973509934,0.9880582660442004,0.9034453448969288,0.8131838254820725,0.006248641596273124,0.0016854672000529392,0.6612679340256575,0.995745462376599,SIRA
9637,49315,827.606,311.65127007347803,201.97011880572498,1.543056328908017,0.7615854696500978,49863,250.57894594042523,0.7368806407267946,0.9890098870906283,0.9047771840266553,0.8040363380561427,0.006319603975939937,0.0016291922448284182,0.646474432914732,0.9975464651862983,SIRA
9638,49316,860.959,332.2884918703174,191.08296370989086,1.7389749741102505,0.8181172794965942,50243,250.58148652316532,0.6946893928722355,0.9815496686105527,0.8360509936782999,0.754108230209068,0.006737944923966206,0.0013441320663550175,0.5686792228690527,0.9889189368657483,SIRA
9639,49325,829.603,308.00058525169584,204.43617127193835,1.5065855681771572,0.7479522468267408,49788,250.60435060880707,0.8065966771323915,0.9907005704185747,0.9006090985880654,0.813648942920076,0.006244309888529059,0.0016881555804746009,0.6620246023149571,0.9973967116259361,SIRA
9640,49332,836.361,327.782972986471,192.3932829138574,1.703713185939206,0.8096208226667008,49726,250.6221323444421,0.7960112305160228,0.9920765796565177,0.8862393727485769,0.7645977765745212,0.006644429031591482,0.0014007787762123083,0.5846097599427015,0.9960073566431344,SIRA
9641,49332,849.87,322.0088312563141,196.55579259664918,1.638256634425963,0.7920894939844972,50173,250.6221323444421,0.6979626485568761,0.9832379965319993,0.8582890830862883,0.7783082574681025,0.0065273824547213595,0.0014774928061873538,0.6057637436430341,0.9923964719179089,SIRA
9642,49337,838.7879999999999,321.59899331820424,195.9150594844342,1.641522577001059,0.7930238991407785,49905,250.63483281179955,0.7365710190797528,0.9886183749123334,0.8812075000275296,0.779339606215155,0.006518414036487914,0.0014832989736515607,0.6073702218155929,0.997011931708437,SIRA
9643,49342,830.8190000000001,315.79180993776066,200.18675908662073,1.5774860004657834,0.7733985865357941,50046,250.64753263561641,0.7146664349236697,0.9859329416936419,0.898284225553311,0.793711314695009,0.00640006100153542,0.0015668021606803726,0.6299776510748796,0.9937809251769407,SIRA
9644,49345,836.215,312.9494600249669,201.70937781620586,1.551486913563935,0.7645680779709367,49844,250.6551522210477,0.7244366145489246,0.9899887649466335,0.8867824918212048,0.8009445109796661,0.006342070321713789,0.001609980195174748,0.6415121096684565,0.9952976430434025,SIRA
9645,49345,847.426,327.1755274540143,193.07622188395283,1.6945407583677548,0.8073079473335041,49928,250.6551522210477,0.8184471977575426,0.9883231853869572,0.863474364235151,0.7661182796023098,0.006630368374790035,0.0014089666696702006,0.586937218340803,0.9945890390814848,SIRA
9646,49355,837.19,306.66819176019163,205.81337734233844,1.4900304135726656,0.7413421792994874,49989,250.68054916647193,0.7260544007531959,0.987317209786153,0.8848974751037607,0.8174325081699346,0.006213518220244993,0.0017112953054858738,0.6681959054129903,0.9956322212900798,SIRA
9647,49362,836.657,325.773968883394,193.70522215981467,1.6818027167828096,0.8040216203789786,49880,250.69832549743344,0.6876079567615757,0.9896150761828388,0.8861509629221609,0.769546831371193,0.006599691440447996,0.0014277218665991723,0.5922023256734433,0.9959674802026952,SIRA
9648,49364,852.78,320.53153647481406,196.57738269369912,1.630561624549944,0.7898612194173271,49945,250.7034042176264,0.6967592592592593,0.9883672039243168,0.8529944291390573,0.7821489485086144,0.006493224545717812,0.0014989876253006275,0.6117569776531311,0.9975074513118531,SIRA
9649,49364,850.5129999999999,322.60702072787706,195.6737823119332,1.648698241104132,0.7950536343029556,49843,250.7034042176264,0.7616373258451237,0.9903898240475092,0.8575477175954822,0.7771170126799496,0.006535269036704421,0.001470242254717614,0.603910851396609,0.995666758481288,SIRA
9650,49388,847.409,317.14779624914274,200.00289230417928,1.5857160493799298,0.7760836890173898,50144,250.76434083693042,0.7754800822773878,0.9849234205488194,0.8642614843346963,0.7906860580545757,0.00642155576757801,0.0015482330908626791,0.6251844424018839,0.9913650041393097,SIRA
9651,49388,830.595,314.0555205687005,201.26312225007393,1.56042258043915,0.7676644174685833,50019,250.76434083693042,0.6852591852591853,0.9873847937783642,0.8996066945659572,0.7984713670463087,0.006358943884520542,0.0015944178344620753,0.637556523992801,0.9948575963446616,SIRA
9652,49399,828.257,308.5149091757411,205.03914943106082,1.5046634266275638,0.7471989249258801,49909,250.79226517253738,0.7895502349518908,0.9897814021519165,0.9048941726916461,0.8129016060928101,0.006245367500875343,0.0016822467121097643,0.6608090211882703,0.9942951661675492,SIRA
9653,49399,846.6619999999999,324.3418974887369,195.17679893211942,1.661785105931263,0.7986750681505079,49948,250.79226517253738,0.6827026728212499,0.9890085689116681,0.8659800462117482,0.7732342540829046,0.006565758365325956,0.0014478014194477173,0.5978912116871459,0.9935667105488948,SIRA
9654,49403,854.5120000000001,332.30368810357743,191.13077212402285,1.7386195033416643,0.8180346255776368,50080,250.80241870554448,0.6677885915112193,0.9864816293929712,0.8502112640252777,0.7547385950991028,0.006726386820710836,0.0013463185763876546,0.5696303469321675,0.9903704308715449,SIRA
9655,49409,836.7279999999998,316.9601728412363,199.0834079221597,1.5920973834502854,0.7781307879261963,49869,250.81764823436896,0.7244402738882454,0.9907758326816258,0.8868441867431384,0.7913222850241258,0.006415029100796135,0.001551643616767424,0.6261909587758039,0.9969569870071829,SIRA
9656,49422,859.314,325.56282315365615,194.46353129379077,1.6741587535084086,0.802006787823432,50202,250.85064237490246,0.6657416886685705,0.9844627704075535,0.841058889817717,0.7705137827008838,0.0065874068866831805,0.0014322403302357268,0.5936914893320248,0.9939338037486531,SIRA
9657,49425,829.0269999999999,312.2965835849035,202.48794836194998,1.5422971397125773,0.7613138982251124,49900,250.85825579106503,0.7494086608442504,0.9904809619238477,0.9036894079309545,0.8032692926429811,0.006318595520180142,0.0016227251915726254,0.6452415565031552,0.9951542070185077,SIRA
9658,49437,846.401,321.17674371315076,196.60510888092034,1.6336134169721952,0.7907494597736795,50085,250.88870714536404,0.7997573404513467,0.9870619946091644,0.8671807664017328,0.7811546510024949,0.006496687576372975,0.001492175264590241,0.6102025887828296,0.9968351361067976,SIRA
9659,49439,831.769,306.5407718804651,206.03997388002168,1.4877733000440276,0.7404191671397099,49997,250.89378201175435,0.7002492847228123,0.9888393303598216,0.8979953366610535,0.8184679006079811,0.006200383743208097,0.0017163463777711682,0.6698897043256361,0.9966440160700696,SIRA
9660,49441,855.8249999999999,337.56578891313,189.86268646434016,1.7779469742019653,0.8268337003654463,50668,250.89885677549663,0.7109516551148946,0.9757835320123155,0.8482564541667754,0.7432591364880982,0.006827648892885055,0.001285322080390433,0.5524341439730334,0.9821986147227078,SIRA
9661,49442,824.1899999999999,310.6162207999086,203.27716747279166,1.528042842497223,0.7561209372369262,49877,250.90139411887674,0.8133780804790577,0.9912785452212443,0.9146421525146238,0.8077536758149578,0.006282436406292395,0.001649770888919134,0.652466000792576,0.9969960024838833,SIRA
9662,49456,829.973,306.33249514929474,206.3245219424981,1.484712007400984,0.7391587079953831,49984,250.93691423228708,0.7361276494403429,0.9894366197183099,0.9021960529440258,0.819165182296413,0.0061940410698255975,0.0017204409957690984,0.6710315958867157,0.9962886677584514,SIRA
9663,49460,833.355,310.7318039526975,205.41241074976293,1.5127216647646307,0.7503329176850319,50450,250.94706191266943,0.792323465333846,0.980376610505451,0.8949605358912749,0.8076001835681775,0.0062824869379841785,0.0016485305243721543,0.652218056499354,0.9866243842172548,SIRA
9664,49464,837.8599999999999,316.5532540299556,200.36092231455464,1.579915137009531,0.7741964449221168,50060,250.95720918272121,0.7404347045087121,0.988094286855773,0.8854339758577525,0.7927803805137097,0.006399669538046976,0.0015593689659117811,0.6285007317274622,0.9929778196777841,SIRA
9665,49483,844.283,326.6029132393967,194.68952944016226,1.6775576692724914,0.8029067159884358,50289,251.00540311341916,0.6801786941580756,0.9839726381514844,0.8723480535734083,0.7685338768838069,0.006600305422860309,0.0014203515807121642,0.5906443199180544,0.9908399086907673,SIRA
9666,49489,840.761,321.1870781863651,197.92653180336572,1.6227590877278402,0.7875627870691485,50038,251.0206203270928,0.7916846634992242,0.9890283384627683,0.8797786655433625,0.7815402218063111,0.006490070079944333,0.0014936006168624787,0.6108051183010581,0.9911895565537204,SIRA
9667,49493,833.519,309.59816428722075,204.06789963134472,1.5171330956339526,0.7520220486098526,50044,251.03076462373573,0.7144321265661989,0.9889896890736152,0.895205280464907,0.8108276907961547,0.006255392970464929,0.0016678179682191123,0.6574415441618245,0.997426325092595,SIRA
9668,49530,837.585,319.17630430672926,198.82071224904942,1.6053473538859393,0.7822870197963413,50165,251.12457994137614,0.815174456879526,0.9873417721518988,0.8871977051044843,0.7867895471966013,0.006444100632076101,0.0015232682941012168,0.6190377915778329,0.9937706806648695,SIRA
9669,49531,833.6709999999999,317.52006946496334,199.07999543501316,1.5949370943632217,0.77903215244424,49955,251.1271150040898,0.6926056436501944,0.9915123611250125,0.8955659464923877,0.7909015497107037,0.0064105321811585335,0.001547260909330539,0.6255252613347927,0.9976734427641093,SIRA
9670,49543,834.902,313.9371228381024,201.16781569389912,1.5605733042098309,0.7677160836216406,50007,251.15753376081346,0.7037357954545455,0.9907212990181374,0.8931433362370201,0.8000249587887558,0.006336659524818893,0.0016012320704799812,0.6400399346849506,0.9988292356975377,SIRA
9671,49544,842.6619999999999,327.3932803019631,193.62794154511252,1.6908369612847698,0.8063614219668699,50024,251.1600684909106,0.8217478562306149,0.9904046057892212,0.8767870192109162,0.7671509575861157,0.006608131767761245,0.0014118279747107386,0.5885205917252944,0.9950923689663113,SIRA
9672,49550,849.16,332.5499666168653,190.94747338517897,1.7415782504021196,0.8187207974228878,50319,251.17527633433053,0.6978086976115367,0.984717502335102,0.8635241066618692,0.7553008616708493,0.006711401949886282,0.0013473267521536957,0.5704793916407276,0.9935345007841239,SIRA
9673,49556,837.728,312.02046029255524,203.34908572428495,1.5344079821220078,0.7584620978574848,50121,251.19048325702096,0.7122161540672607,0.9887272799824425,0.8873604036155925,0.805044909623878,0.006296320532176835,0.0016313495395768674,0.6480973065113179,0.9944456803027397,SIRA
9674,49556,840.121,321.8223244859544,196.58671429478085,1.6370502230551724,0.7917426370434237,50211,251.19048325702096,0.7023242630385488,0.9869550496903069,0.8823124897453665,0.7805253524852465,0.006494114224028461,0.0014867835322165048,0.6092198258722182,0.9973234518337483,SIRA
9675,49557,830.709,315.1296636651062,200.75837036418403,1.569696262693545,0.7708093204364507,50092,251.1930176546324,0.7532603739170086,0.9893196518406133,0.9024373063353052,0.7971100363359623,0.006358933423433747,0.0015835695785761143,0.6353844100275192,0.9973605337939397,SIRA
9676,49575,850.0289999999999,323.8390008313375,197.13177023232487,1.6427539835394613,0.7933744815648955,50068,251.23863243984928,0.8154453491241056,0.9901533913877127,0.8621942094217666,0.775813388118437,0.0065323046057758445,0.0014597391984131158,0.6018864131838086,0.9887513028959798,SIRA
9677,49577,834.853,303.94355676902774,208.61022531565183,1.4569926105449786,0.7272758471118498,50265,251.2437002381058,0.714777970011534,0.9863125435193475,0.89386119346986,0.8266130162746975,0.006130737171854444,0.0017656369924910075,0.6832890786747535,0.9955471384952024,SIRA
9678,49593,846.1469999999999,321.5217396981246,196.91415463898744,1.632801564151579,0.7905137491822862,50165,251.2842389447673,0.739145987033311,0.9885976278281671,0.8704395316948419,0.7815466511866259,0.006483208107961297,0.0014920705254892687,0.6108151679810296,0.9973399616869346,SIRA
9679,49596,837.602,320.53226353784737,197.4957291365881,1.6229832662161883,0.7876293815520661,50013,251.29183922420785,0.8115856651939126,0.9916621678363625,0.8883438580698089,0.7839829802173289,0.006462865221748677,0.001506022290813303,0.6146293132704448,0.9975330903638793,SIRA
9680,49597,832.939,306.30115024009655,207.2992827879368,1.4775794017263282,0.7361829521883019,50237,251.2943725996065,0.7601422287614756,0.9872603857714434,0.8983361522195459,0.8204160265236596,0.006175799952418424,0.0017258757428633218,0.6730824565768702,0.9945327735013391,SIRA
9681,49608,832.409,319.18966903435825,198.37250950026075,1.6090418467682825,0.7834237804576676,50045,251.32223804355624,0.7706695665682771,0.9912678589269658,0.8996799624798062,0.7873758533723201,0.006434237805078984,0.0015254755071093314,0.6199607344737894,0.997542765121527,SIRA
9682,49609,855.35,335.0468732265156,190.90069528345563,1.755084614694708,0.8218020537849599,50302,251.32477111253215,0.7996292714377821,0.9862232118007236,0.8520844060194954,0.7501182407472243,0.006753751803634735,0.0013189968697048771,0.5626773751017109,0.987546404077816,SIRA
9683,49611,845.045,328.39532044354416,193.3481045906092,1.6984667170070313,0.8083032967106152,50219,251.32983717389416,0.7576049111233278,0.9878930285350166,0.8730279990221149,0.7653270967273157,0.006619405382748668,0.0014008353784483536,0.585725564985062,0.9948353774272671,SIRA
9684,49612,833.731,318.39028809570556,198.99821305075085,1.599965563582754,0.7806139793779505,49976,251.33237016628178,0.8079077644606566,0.9927165039218825,0.8969013947108516,0.7893845370394379,0.006417606387480963,0.001537118322017591,0.6231279473169677,0.996983257413157,SIRA
9685,49618,835.2289999999999,319.8381870477421,198.19874763584374,1.6137245611429898,0.7848510658585225,50167,251.34756758454873,0.8014796149124508,0.9890565511192617,0.8937951395841106,0.7858585302293193,0.006446011267034989,0.0015165205845993743,0.617573629534186,0.9965937342935378,SIRA
9686,49649,857.74,308.32425522930123,206.2048580105718,1.495232741866314,0.7434493854304769,50344,251.42607294502315,0.7579074311534469,0.9861949785475925,0.8480257557785706,0.81545992143251,0.006210079865240009,0.001693898690482965,0.6649748834627154,0.9942922182721885,SIRA
9687,49657,834.77,316.7777698791662,200.48712714664921,1.5800404464245454,0.7742374812105688,50273,251.44632841406528,0.7426456292529724,0.9877469019155412,0.895481620304227,0.7937625437226186,0.00637931751574131,0.0015621271739728086,0.630058975817002,0.9955186654236877,SIRA
9688,49658,841.965,311.53709892710896,203.7515957902602,1.5290044611370899,0.7564769724629433,50240,251.44886023296806,0.6965828750981933,0.9884156050955414,0.8802600885505446,0.8071233284861529,0.006273653770331245,0.001642328048364915,0.6514480673865662,0.9960670012331952,SIRA
9689,49660,838.8069999999999,318.7601410168809,198.7129786133849,1.6041234107665368,0.7819083243497031,50174,251.4539237942971,0.6904894327030033,0.9897556503368279,0.8869364169814042,0.7888499578150853,0.0064188510071864855,0.0015332560406426706,0.6222842559448618,0.9982207431125883,SIRA
9690,49664,853.3149999999999,328.98469334687684,194.3942795986721,1.6923578925576783,0.8067509906886279,50263,251.4640506110707,0.8075184546844005,0.9880826850764977,0.8571025740380737,0.7643639831775715,0.006624208548382669,0.0013948086087336657,0.5842522987790828,0.9887639890837477,SIRA
9691,49671,855.7869999999998,327.9113639131709,193.63008229988037,1.6934939035212788,0.8070411597942427,50380,251.48177155917335,0.7943293033966609,0.985926955140929,0.852278234576616,0.766919964462605,0.006601666242136677,0.001408748610561004,0.5881662318913236,0.9960559279650391,SIRA
9692,49678,840.472,322.45536632405623,197.45308288205192,1.6330733438924026,0.7905927037608088,50291,251.49949125863736,0.7885396825396825,0.9878109403272951,0.8837460136857297,0.7799513282278245,0.006490908779018,0.0014816829263355434,0.6083240744043475,0.9934378303577586,SIRA
9693,49687,833.732,311.14203743448957,204.01469408137308,1.5250962134638586,0.7550247110405044,50102,251.52227189506704,0.8012223046408875,0.9917168975290408,0.8982551135973087,0.8083840871165621,0.006262041126139424,0.0016495546256977463,0.6534848323032776,0.9966272433017931,SIRA
9694,49696,852.6429999999999,333.0687183923916,190.58055483620535,1.7476532098389987,0.8201169751133224,50224,251.54505046841737,0.6600260312906739,0.9894870978018477,0.8590072636174442,0.7552346905543668,0.006702123277374268,0.0013449926041183514,0.5703794378167502,0.9968254553266068,SIRA
9695,49699,821.9300000000001,300.58809171901447,210.97117634416242,1.4247827448649089,0.7123135454413978,50144,251.5526428678356,0.8022437449556094,0.9911255583918315,0.9244594150855626,0.8368682918516396,0.006048171828789603,0.001829920980117126,0.7003485379066811,0.9978445122008067,SIRA
9696,49705,845.105,322.7769580004207,196.45480560013166,1.6430087165055551,0.7934468865577083,50213,251.5678269792488,0.7491108029901133,0.9898830980025093,0.8745579656646669,0.7793859528811872,0.006493852892071636,0.0014780615016515653,0.607442463548516,0.9980332623858199,SIRA
9697,49708,844.844,321.36169046189895,197.96703089769363,1.623309138924116,0.7877261260996815,50314,251.57541869128522,0.7103679885673455,0.987955638589657,0.8751512258955647,0.7828419695256499,0.006464989347024603,0.0014977660421919225,0.6128415492507986,0.9948312876112352,SIRA
9698,49713,834.515,317.60423831584063,199.8781784474409,1.5889890571489098,0.7771374072378577,50261,251.58807103560997,0.6924973533181034,0.9890969141083544,0.897039447015876,0.7921433050443708,0.006388756227060138,0.0015517119479054066,0.6274910157266191,0.9970763574488524,SIRA
9699,49734,831.4240000000001,313.75080869270255,202.29133607018784,1.550984905175782,0.764392159576667,50125,251.6412039350046,0.8140703517587939,0.9921995012468828,0.9041034792376847,0.8020416106129306,0.006308577807791501,0.0016102704688374212,0.6432707451545838,0.9977032156759368,SIRA
9700,49735,852.55,323.68288074521087,195.956913645725,1.6518063829603102,0.7959230285037091,50256,251.64373379324056,0.6953998881431768,0.9896330786373766,0.8598689540367207,0.7774391194674383,0.006508150814219581,0.001466570450968858,0.6044115844783057,0.99837091317642,SIRA
9701,49738,841.2819999999999,318.98343917064585,200.05095033188755,1.5945109915321447,0.7788972747837232,50297,251.6513232153519,0.7968534717549425,0.9888860170586715,0.8831103775469825,0.7889165778312602,0.006413274340959545,0.001532441517514775,0.6223893667769871,0.9924066863386374,SIRA
9702,49743,838.536,312.39487819366536,203.6718230751265,1.5338149061416082,0.7582454932082742,50318,251.66397174359543,0.7900228702115495,0.9885726777693867,0.888993146994769,0.805595703741274,0.006280177677133775,0.0016316246557458397,0.6489844378863985,0.9954220046840907,SIRA
9703,49748,845.4849999999999,329.294408814481,193.47259685782785,1.7020209278343486,0.8091974171695461,50387,251.676619636161,0.7692831075647925,0.98731815746125,0.8745279126203322,0.7642905949792528,0.006619249192218401,0.0013932291593388788,0.5841401135737404,0.9942186980900393,SIRA
9704,49766,838.9269999999999,316.5699668126773,200.68154441812774,1.5774742402474817,0.7733947128765669,50320,251.72214678746505,0.7664561835823194,0.9889904610492846,0.8885753378666318,0.7951548573033639,0.00636116961002848,0.0015686411482293357,0.632271247093133,0.9973916051385678,SIRA
9705,49777,835.85,315.9612510525595,201.02292281256675,1.5717672722685507,0.7715023220745002,50255,251.74996488238523,0.7784345922276956,0.9904885086061088,0.8953274278934277,0.7967748071756658,0.006347535027272826,0.0015780735634152306,0.6348500933498195,0.9978365995238807,SIRA
9706,49784,856.101,328.2985725658503,194.09757002576646,1.6914100084935049,0.806508346783815,50440,251.76766570609368,0.7703162715850714,0.986994448850119,0.8535906382289684,0.7668862637396755,0.006594459516427975,0.001406963414922186,0.5881145415125992,0.9947428216549792,SIRA
9707,49797,838.034,313.93395825916184,202.40125114239973,1.5510475181711851,0.7644141125327961,50335,251.80053536316578,0.7259778694618985,0.9893116121982716,0.8910247468102923,0.802081229948679,0.006304274519733354,0.0016094900342399046,0.6433342994359856,0.9978420684945836,SIRA
9708,49803,841.146,310.7370100163768,205.90896692074074,1.5090989705950342,0.7489318196341436,50292,251.81570452703164,0.7130503257212399,0.9902767835838702,0.8845504347388,0.8103820800546422,0.006239323133473421,0.001659879482302182,0.6567191156736887,0.9910541414332448,SIRA
9709,49805,850.999,332.22154417768473,191.48199902988904,1.735001440661935,0.8171899842588154,50287,251.82076071192935,0.6591624976838985,0.9904150177978404,0.8642207886361335,0.7579904588525,0.006670445621477457,0.0013582808160305909,0.5745495357114234,0.9968442721909657,SIRA
9710,49817,838.198,314.38961727552095,202.5974975379478,1.5517941785862077,0.7646756484400322,50358,251.8510956896388,0.781381852403733,0.989256920449581,0.8910338317855763,0.8010795581360584,0.006310890203655799,0.0016031456669746789,0.6417284584634624,0.9958304860767021,SIRA
9711,49835,855.6149999999999,328.79881215597317,194.4364927955374,1.6910344731517375,0.806412082355801,50712,251.89659130658524,0.8085896936656283,0.9827062628174791,0.8554360476041551,0.7661116220428813,0.006597748814206344,0.0014019862131331047,0.5869270174291746,0.992513819696865,SIRA
9712,49853,836.362,321.49383865925324,198.14883481489943,1.6224866472698487,0.7874818111341375,50255,251.9420787079484,0.7781749500499501,0.9920007959407025,0.8955968904082623,0.7836606752982854,0.006448836352060122,0.0015002835081640645,0.6141240540089646,0.9964080773967725,SIRA
9713,49854,843.9159999999999,307.6086770120502,207.3586578225386,1.4834619409781646,0.7386411374379306,50533,251.94460554500228,0.6970052847915443,0.9865632359052501,0.8796530881102449,0.8190425835586318,0.006170190496490756,0.0017127905721334457,0.6708307536823984,0.9951518919255359,SIRA
9714,49859,852.253,325.7486583369504,196.37210346722068,1.6588336764000995,0.7978672463046963,50742,251.95723935015337,0.6840213469426952,0.9825982420874226,0.8626136984085299,0.7734713034167953,0.006533397347258277,0.001442433023942742,0.5982578572092763,0.9924102807097096,SIRA
9715,49870,848.277,330.6957076287221,192.40707475381495,1.7187294596721436,0.8133139075510957,50245,251.98503149183793,0.6689739359062068,0.992536570803065,0.8709111458494454,0.7619845848581317,0.006631155155979991,0.0013789664327352347,0.5806205075614195,0.9979295712356042,SIRA
9716,49884,859.689,333.21966935485165,191.36691483748865,1.7412606021151893,0.8186473257320419,50493,252.02039887590223,0.6683727473705366,0.9879389222268433,0.8481807173054446,0.7563190953398407,0.006679890733598983,0.0013482467535591213,0.572018573975675,0.9960334065419558,SIRA
9717,49890,847.834,328.1472381990863,194.50609683049987,1.687079446589515,0.8053936433829887,50413,252.0355548069305,0.7301652348266424,0.9896256917858489,0.8721711372626653,0.7680563035975363,0.006577415077151459,0.0014119107459813311,0.5899104854959109,0.9952258554077933,SIRA
9718,49896,848.727,318.980092167491,200.49341177663766,1.5909754307680446,0.7777730440889151,50662,252.0507098266253,0.7353868828297716,0.9848801863329517,0.8704414393319423,0.7901769295817928,0.006392899073422539,0.0015373579338342897,0.6243795800433094,0.993372571322175,SIRA
9719,49900,847.921,304.52273367891723,210.94446832430367,1.4436156401633977,0.7212208844635539,50763,252.06081266687332,0.6771151367121243,0.9829994287177669,0.8721669530837969,0.827724122996483,0.006102659993565475,0.0017670196794760532,0.6851272237902971,0.9890603757654012,SIRA
9720,49905,852.703,321.3205714298229,199.68428776750994,1.6091429877744445,0.7834547674173294,50891,252.0734406477769,0.7592423550890005,0.9806252579041481,0.8624984873579588,0.7844920713482245,0.006438644853818714,0.001504279260843222,0.6154278100082277,0.9903113449561227,SIRA
9721,49907,847.577,327.28090422287335,195.07873017704742,1.6776862548051412,0.8029406344024478,50548,252.07849166300912,0.7899176954732511,0.9873189839360608,0.8729975044498781,0.7702205915788704,0.006557815621513482,0.0014236376510351853,0.5932397596921052,0.9952701906393497,SIRA
9722,49916,833.6919999999999,316.15692772283325,201.61720599888002,1.5681048953956316,0.7702745244853266,50430,252.1012199791988,0.7997052132397706,0.9898076541741028,0.9024816326754889,0.7973926802584871,0.006333779303686859,0.0015795437815677741,0.6358350865298139,0.9970561118517062,SIRA
9723,49937,847.634,326.3601227251469,196.04223879275426,1.6647439079195476,0.79947978624414,50586,252.15424474999386,0.785691809056295,0.987170363341636,0.8734048012166924,0.7726257811293706,0.006535437105255559,0.0014365845285594365,0.5969505976657702,0.9937698707930239,SIRA
9724,49946,836.653,309.7136514135548,205.53963603879347,1.5068317594719278,0.7480484707445298,50482,252.17696623867621,0.7809675704412546,0.9893823541064142,0.8966435558185504,0.8142261895390237,0.006200970075953126,0.001681201108203471,0.6629642877312382,0.9989756441491149,SIRA
9725,49975,846.4029999999999,312.3835503750357,204.65626010528888,1.5263816030563868,0.7555038873216475,50658,252.25016600220454,0.7460959660804395,0.9865174306131312,0.876613750712233,0.8075014375736579,0.0062507964057035665,0.0016394128436435433,0.6520585716835243,0.9952902079329558,SIRA
9726,49987,828.7699999999999,299.1049356684201,214.46762815474392,1.3946390802280342,0.697040876813738,50520,252.28044934690553,0.7972153998277567,0.9894497228820269,0.9145319722535907,0.843451308428347,0.00598365446352892,0.001868040700578435,0.7114101096894909,0.9921603410422764,SIRA
9727,50001,821.137,292.42509616105593,218.15693028043677,1.3404345935063753,0.6659160298676692,50477,252.31577532192247,0.8028548949083961,0.9905699625572043,0.9318742491308191,0.8628389923926267,0.005848384955522009,0.001999561499082058,0.7444911267931236,0.9979416609120438,SIRA
9728,50002,860.687,333.91255225201695,191.89649467799433,1.7400659288348548,0.8183705796212586,50710,252.3182984165984,0.7134988584474886,0.9860382567540918,0.8482165717920063,0.7556418490855769,0.0066779839256833114,0.0013430405965189763,0.5709946040894698,0.9935682561246334,SIRA
9729,50011,834.7739999999999,308.90946287729776,206.66305486826033,1.4947493303736148,0.7432547568244714,50530,252.34100513343094,0.7947336638698195,0.9897288739362755,0.9018567801175112,0.8168769023228776,0.0061768303548678846,0.0016965704626233737,0.6672878735486202,0.9974281021532333,SIRA
9730,50023,848.9579999999999,319.2951885464268,201.57565165369348,1.5839968067918004,0.7755269971549725,50774,252.37127757787144,0.7771166692558645,0.9852089652184188,0.8721821366019382,0.7904011292082957,0.006382967605829854,0.001536712454988692,0.6247339450537491,0.9895765740595828,SIRA
9731,50031,854.3919999999999,333.5188387550193,192.71515785652693,1.730631064336508,0.8161614635697916,50710,252.39145719030375,0.7318325434439179,0.9866101360678368,0.8612608399164475,0.756753226091956,0.006666243704003904,0.0013485842195970555,0.572675445200583,0.9910899152468685,SIRA
9732,50040,859.2109999999999,334.2317967075943,191.4404092866881,1.7458790333396725,0.8197109765690294,50663,252.41415732590661,0.7863967814935882,0.9877030574581055,0.8517801366676305,0.7552068947728915,0.0066792925001517645,0.0013402135680452652,0.5703374539125131,0.9957402027141887,SIRA
9733,50048,843.5319999999999,316.6585008897209,203.1791244362219,1.5585188772142793,0.7670102611285957,50849,252.43433351052988,0.7510316781464308,0.9842474778265059,0.8838803236535078,0.7971816098454982,0.0063270960056290146,0.0015762070758296221,0.6354985190758602,0.990436438421447,SIRA
9734,50054,840.011,322.0355266939521,198.2142340895956,1.624684161422976,0.7881335692493727,50441,252.44946459078463,0.7949622006225779,0.9923276699510319,0.8914124735271576,0.7839180576828131,0.0064337620708425315,0.001498743916337765,0.6145275211611945,0.9984131303891154,SIRA
9735,50074,841.114,312.14992736214435,205.13836464744185,1.5216555318582967,0.7537345782509641,50768,252.4998949763515,0.6931616832779623,0.986329971635676,0.889431334794498,0.8089058264729654,0.006233772563848392,0.001646351525357177,0.6543286361019113,0.9956627887777677,SIRA
9736,50090,837.283,306.4107040463929,209.1192243243382,1.4652440732620462,0.730904125115653,50640,252.54023203399552,0.727470771911989,0.9891390205371248,0.8978759702546957,0.8241886745436904,0.006117203115320281,0.0017411622133008545,0.6792869712460851,0.9953212086624523,SIRA
9737,50090,847.2289999999999,327.7834470409592,195.52802562144808,1.6764013547375767,0.8026012869403477,50665,252.54023203399552,0.7817035487999001,0.9886509424652127,0.8769185758351437,0.7704483991299249,0.006543889938929111,0.0014222959635525345,0.5935907357218642,0.9950963135238079,SIRA
9738,50094,847.172,334.6608374221143,191.21432215788104,1.7501870866440272,0.820694336005252,50531,252.5503152917518,0.7677712043650186,0.9913518434228493,0.877106619523687,0.7546455606731334,0.006680657113069715,0.001336506364021835,0.5694899222436679,0.9967139078847788,SIRA
9739,50098,865.101,341.56905391665504,187.57361747457344,1.820986653216071,0.8357219355891827,50719,252.56039814694262,0.733391889913629,0.9877560677458151,0.8411948871990331,0.7394124123685072,0.0068180177635166084,0.0012571434529961786,0.5467307155646154,0.9955893359464367,SIRA
9740,50099,856.2949999999998,327.6713289133089,195.99790150423772,1.6718103938792643,0.8013812110851315,50918,252.56291879784513,0.7617071094082588,0.9839153148199065,0.858602413592269,0.7707812570463405,0.0065404764349250265,0.0014240122646416186,0.5941037462139368,0.9932288179630683,SIRA
9741,50111,848.651,312.16696480938043,208.1959702494074,1.4993900431186131,0.7451133330129824,51358,252.5931646466779,0.7963227815916603,0.9757194594805093,0.8743487206040661,0.8091604593744239,0.006229509784466094,0.0016472982769078857,0.6547406490150288,0.9817116099581528,SIRA
9742,50116,843.528,318.1171549821463,201.07759707244264,1.582061649898957,0.774897738768881,50629,252.60576601484658,0.6927361946229871,0.9898674672618459,0.8850896421162409,0.7940652116954321,0.006347616629063499,0.001556736582580569,0.6305395604249113,0.9975524572923983,SIRA
9743,50119,835.8340000000001,313.56790598761296,204.25035222871583,1.5352135385131935,0.758755804344479,50606,252.61332653401644,0.7543043766179038,0.990376635181599,0.9015134166324842,0.805609635776933,0.006256467726563039,0.0016255771269302085,0.6490068852566427,0.9963641568342765,SIRA
9744,50131,846.3789999999999,320.937581008622,199.69981156330286,1.6071000693302504,0.7828274970855091,50891,252.6435663481626,0.7100507067788447,0.9850661217111081,0.8794000243891444,0.7872046818392868,0.006401978436668368,0.0015165077818232132,0.6196912111096928,0.9959057883377342,SIRA
9745,50134,849.747,328.8438124537192,194.80117768824113,1.6880997145715373,0.8056571761286204,50647,252.65112573616733,0.6956099456099456,0.9898710683752245,0.8724949877189884,0.7683012912755502,0.006559297332224023,0.0014098189149307648,0.590286874175678,0.9964631038112872,SIRA
9746,50135,841.8249999999999,314.4967998116609,204.6745769369512,1.536569927336602,0.759249045606345,50970,252.65364548190746,0.711801118777863,0.9836178144006278,0.8890112264280793,0.8033583986648235,0.006272998899205363,0.0016117301399845227,0.6453847167053096,0.991678747252031,SIRA
9747,50152,836.759,315.54312059560755,203.79943652363627,1.548302222901443,0.7634484760393998,50894,252.696477315292,0.6897348443173066,0.9854206782724879,0.9001136265130777,0.8008302536854913,0.006291735535883067,0.001596291158453325,0.6413290952179684,0.9929712637373517,SIRA
9748,50169,841.1999999999999,308.92320991742594,207.81074609302695,1.486560323397019,0.7399209232010032,50677,252.7393018899482,0.7793605915615485,0.9899757286342917,0.8909365593812745,0.8181298580883725,0.006157651336830034,0.0017017032491908292,0.6693364646957006,0.9950090314194581,SIRA
9749,50181,846.314,307.46564823213765,208.99433260101733,1.471167396769117,0.7334602911933026,50693,252.76952663316675,0.7047101449275363,0.9898999861913874,0.8804123485826333,0.8221065608029319,0.006127132744109079,0.0017264321244950308,0.6758591973152248,0.9943020158967042,SIRA
9750,50182,845.771,325.1109276027261,196.89349448145117,1.6512019783028127,0.7957544261123501,50642,252.77204519863332,0.6798347219399851,0.9909166304648316,0.8815607594691109,0.7774947679012244,0.006478636315864775,0.0014603375903203628,0.604498114113779,0.9981484819049912,SIRA
9751,50202,842.7410000000001,316.81952060182255,202.1279797292114,1.5674204087245225,0.770043879729075,50667,252.8224112391831,0.7220711974110032,0.9908224287998105,0.8882651777524101,0.798001369230431,0.006310894398665841,0.0015786477027037234,0.6368061852936426,0.9981430112312656,SIRA
9752,50211,882.965,340.6604271167261,188.76089659997666,1.8047192678823514,0.8324482486943771,51232,252.84507268423732,0.70048828125,0.9800710493441599,0.8093227660853748,0.7422202655713833,0.006784577624758043,0.0012700879950274773,0.5508909226248547,0.994203462562561,SIRA
9753,50215,833.741,322.7242819102324,198.95224028933666,1.6221193661398021,0.7873725684654442,50652,252.85514378567856,0.6914952215704095,0.9913725025665324,0.9077808425526515,0.7835020726950186,0.006426850182420241,0.0014939585139525436,0.6138754979173904,0.9957793335705127,SIRA
9754,50223,840.795,311.94819486279306,206.6487555805707,1.5095575774767582,0.7491098916003285,50711,252.87528478527528,0.7851883119928709,0.9903768413164796,0.8927549654049164,0.8106323067408666,0.006211261670206739,0.001654455995744299,0.6571247367320184,0.9919676256812383,SIRA
9755,50235,835.3119999999999,310.7783497542725,207.097106815966,1.5006407116563025,0.7456104837041315,50710,252.9054932771744,0.7500559910414334,0.9906330112403865,0.9047296631627302,0.813780926107442,0.0061864904897834675,0.001673609521128325,0.662239395696286,0.9937833980445142,SIRA
9756,50243,855.4159999999999,319.156655406152,202.29811549255112,1.5776551087936546,0.7734542768429464,51152,252.92563026733524,0.8103709677419355,0.982229433844229,0.8628408317135765,0.7924811404777613,0.006352261119084291,0.001545481630395098,0.6280263580129335,0.9908089921761771,SIRA
9757,50246,843.69,322.3092782341033,198.91661275767837,1.620323580649057,0.7868371478492805,50717,252.93318122532477,0.7756406298240197,0.9907131730977778,0.8870448011157844,0.784753025451571,0.006414625606697116,0.0015006626418761662,0.6158373109553942,0.997855716784531,SIRA
9758,50248,854.813,302.7122476025127,213.0062199477087,1.4211427613561056,0.7105377590671619,50908,252.93821507208526,0.7573400856092121,0.9870354364736387,0.8641445749773107,0.8355731129987676,0.006024364106084077,0.0018114602245394968,0.6981824271664511,0.9922169024736385,SIRA
9759,50248,851.074,326.88055664231285,196.76988856348606,1.6612326155627604,0.7985242381845218,50903,252.93821507208526,0.7890703517587939,0.9871323890536904,0.8717540988915331,0.7737940049730808,0.006505344623513629,0.0014386379547632238,0.5987571621322803,0.9946749265359437,SIRA
9760,50297,840.1809999999999,305.7911005253256,210.48639000515422,1.4527832441700275,0.7253939624189184,50837,253.0615130389141,0.8091537966537966,0.9893778153706946,0.8953776176742843,0.8275633679468561,0.0060797085417684076,0.0017590069533219316,0.6848611279675434,0.9949547712946322,SIRA
9761,50311,876.729,340.6403335654673,189.85345813679717,1.7942277001876996,0.8302824429740552,51265,253.096729996993,0.7156105540146505,0.981390812445138,0.8225116714306344,0.7430028245564485,0.006770692961091358,0.001272842715711129,0.5520531972988606,0.9905091385708009,SIRA
9762,50311,847.013,322.89831699235486,200.09234171255468,1.6137465043825552,0.7848577188132181,50916,253.096729996993,0.7761168702949525,0.9881176840285961,0.8812368749648175,0.7838279627917214,0.006418046093147719,0.00149439568683998,0.6143862752542202,0.9914637040321161,SIRA
9763,50330,841.8969999999999,324.43751302226076,198.04235019635973,1.6382228987919996,0.7920798070829179,50882,253.1445166036996,0.7343157280420193,0.9891513698360913,0.8923163907006738,0.7802566178169739,0.006446205305429381,0.0014737836677713068,0.6088003896471832,0.9973507391135074,SIRA
9764,50332,840.5389999999999,313.7138285885323,205.29308303763355,1.528126637033472,0.7561519952167239,51001,253.1495462480828,0.7868924221815737,0.9868826101448991,0.8952375993843663,0.8069441738894917,0.006232890180969012,0.0016302086722269852,0.6511588997741942,0.995053259686355,SIRA
9765,50342,854.0989999999999,329.84553492282373,195.4738703588208,1.6874149691585079,0.8054803703208452,50900,253.17469297119243,0.6723023504273504,0.9890373280943026,0.8672092519864022,0.7675553135210076,0.006552094372945527,0.001402809301679902,0.5891411593143324,0.9941256111744017,SIRA
9766,50364,858.3549999999999,320.546337257278,202.77646682519298,1.5807866774481805,0.7744816096916679,51360,253.23000697200507,0.7048253470667264,0.9806074766355141,0.8590059987869733,0.7899950102027112,0.006364592511660671,0.0015291417958640974,0.6240921161451818,0.986556502702746,SIRA
9767,50366,843.262,319.89309010212247,201.0535880590283,1.591083716487584,0.7778076120602005,50882,253.23503491841566,0.7192265950762552,0.9898588891946072,0.8900661094048912,0.7916239604849641,0.006351369775287346,0.0015385899230544674,0.6266684948139,0.9970820377341804,SIRA
9768,50376,836.4979999999999,302.6888707571702,212.64308482392886,1.4234597424496565,0.7116701990135995,50846,253.26017315317966,0.7143910601849226,0.990756401683515,0.9046982087584866,0.8367013049394726,0.0060085927973076506,0.0018164954771876926,0.7000690736874164,0.9965201433280592,SIRA
9769,50400,857.43,327.84447159246264,198.02411657848504,1.6555785086031403,0.7969703170404019,51001,253.32049473868514,0.6866952789699571,0.9882159173349542,0.8614757387209816,0.7726849670766543,0.006504850626834576,0.0014302993545033075,0.5970420583462503,0.9884500005302342,SIRA
9770,50405,849.668,323.21755585609765,199.81469024577117,1.6175865521125674,0.7860169528498411,51119,253.3330599277873,0.7861164397448495,0.9860325906218823,0.8773744003053155,0.7837849625983058,0.006412410591332162,0.0014927558902911298,0.6143188675952276,0.9937139389310612,SIRA
9771,50421,847.437,320.49327515382055,201.1952301426236,1.5929466862938488,0.7784009835404178,51022,253.3732643454941,0.7336097773897862,0.9882207675120537,0.8822800825240944,0.7905727950887199,0.006356345077523661,0.001531632915911337,0.6250053443343913,0.9956001921734146,SIRA
9772,50429,839.831,317.2309113350533,203.0951776735656,1.5619815052671404,0.7681979068336623,50988,253.3933641622241,0.7113797627276446,0.9890366360712325,0.898475869216181,0.7987663090454473,0.006290644496917514,0.0015796244951679947,0.6380276164660873,0.9965873367697047,SIRA
9773,50431,854.817,330.7304403775319,194.643665339802,1.699158509988776,0.8084778461737915,50898,253.3983888672913,0.6748879223820676,0.9908247868285591,0.8672836174832671,0.7661780045950249,0.006558078173693401,0.0013940394769481055,0.5870287347252143,0.9974548702162915,SIRA
9774,50436,850.4379999999999,331.0326390981051,194.32911450779164,1.703463940215877,0.8095585541379638,50908,253.41095019407243,0.756683769916284,0.9907283727508447,0.8763249669449761,0.7655165088387896,0.006563419761640596,0.00139036295197563,0.5860155253047288,0.9982563157632702,SIRA
9775,50440,843.8709999999999,320.7909088566055,201.47629048503475,1.592201782573683,0.7781640296376265,50938,253.42099880720542,0.8017420882806415,0.9902234088499745,0.8900877357889682,0.7899880944583918,0.006359851484072273,0.001527949223067789,0.624081189386001,0.9936631822110951,SIRA
9776,50447,844.685,317.7933991905049,203.0782458828529,1.5648815450859577,0.769185131559154,51135,253.43858292149352,0.7105011126447143,0.9865454189889508,0.8884963429147135,0.7974947987184808,0.0062995500067497545,0.0015718124613512468,0.6359979539830304,0.9952614609004723,SIRA
9777,50453,853.4190000000001,326.7958559630244,197.65389498258708,1.653374227671124,0.7963593609835875,50995,253.45365404847325,0.6846469087553602,0.9893715070104913,0.8705069525286621,0.775571811648525,0.006477233384794252,0.001445630734874809,0.6015116350237751,0.9945238349926294,SIRA
9778,50455,845.6809999999998,320.9320969606711,200.77376595463835,1.5984762522867686,0.7801473696499706,50885,253.45867755832043,0.8053985888963382,0.9915495725655891,0.8865452919593826,0.7897579580187043,0.006360759032022022,0.0015263873183455014,0.6237176322538734,0.9969978232903485,SIRA
9779,50456,853.739,325.7942311770998,198.02765588324743,1.6451956153497096,0.794066834442915,51168,253.4611892759074,0.7007777777777778,0.9860850531582239,0.8699062275016177,0.7779793655650318,0.006456996812610983,0.0014590919048195873,0.6052518932449696,0.9957577609487344,SIRA
9780,50467,860.8259999999999,334.6706656540738,193.70084999351312,1.727770764378585,0.8154833847706304,51041,253.48881652678378,0.7166979095660078,0.9887541388295684,0.8558282174401434,0.7574276521408597,0.006631475333466895,0.0013463393721246401,0.5736966482276153,0.991216296429659,SIRA
9781,50477,855.0010000000001,323.87974662091426,199.027699845796,1.6273099014451353,0.7889081734571748,51075,253.51392959677148,0.7947131431450343,0.9882917278511992,0.8677011124533877,0.7827409161632369,0.006416382642013477,0.0014857377666948632,0.6126833418360635,0.9970256686203207,SIRA
9782,50490,844.7679999999999,317.6517037835606,203.32978816184004,1.5622487322454013,0.7682891588116627,50914,253.5465728691247,0.703125,0.991672231606238,0.8890789461691447,0.7981905018897193,0.006291378565727087,0.0015752583973027124,0.6371080773069622,0.9953212860761067,SIRA
9783,50499,851.764,327.7516553584981,196.915546271333,1.664427525223854,0.7993939817456897,51124,253.56916959595262,0.7144736842105263,0.9877748220014083,0.8746898380612806,0.7736625138280265,0.0064902603092833145,0.0014343267454051832,0.5985536853027013,0.9962492291419927,SIRA
9784,50527,837.553,312.57288369556665,206.57613902303532,1.5131122363590677,0.7504832173140474,51058,253.6394576496992,0.798946902375004,0.989600062673822,0.9051254575743121,0.8114570101248251,0.006186254550944379,0.001654510832094113,0.6584624792807207,0.9963276345829876,SIRA
9785,50527,860.2159999999999,330.8003945323913,195.22658274760727,1.6944433994424648,0.8072831602983745,51214,253.6394576496992,0.6866947540092416,0.9865856992228688,0.8580613588993469,0.7667447253448283,0.006547002484461601,0.0013958072718621148,0.5878974738441163,0.996158994104062,SIRA
9786,50527,851.7199999999999,328.4991280465773,196.8972940639654,1.6683780729859032,0.8004612359922195,51073,253.6394576496992,0.7226918400915398,0.9893094198500186,0.875265249904898,0.7721160757959032,0.006501457202022232,0.0014253478000006425,0.596163234502465,0.9946256683642657,SIRA
9787,50537,848.108,320.9636265006373,201.47697503450468,1.5930536303002838,0.7784349692339926,51199,253.66455580605052,0.7251894156813224,0.9870700599621086,0.882911151057256,0.790321814878755,0.006351062122813726,0.001528417502979143,0.6246085710732491,0.9950349516649121,SIRA
9788,50544,845.0799999999999,323.362310988446,200.27314243133145,1.6146064672616733,0.785118192420052,51173,253.6821230380534,0.8042900561717296,0.9877083618314345,0.8893727634782566,0.7845135763119829,0.006397639897682138,0.0014948630551523052,0.6154615514178177,0.9937282012701112,SIRA
9789,50545,858.245,325.38066563967527,198.9610812266811,1.635398559525123,0.7912662720380353,51199,253.68463254331903,0.8151104660538623,0.987226313013926,0.8623141267940189,0.7796549067984512,0.00643744516054358,0.0014672461245382542,0.6078617736949016,0.9940962690910284,SIRA
9790,50547,854.246,325.39910899215374,198.74288836007437,1.6372868064723338,0.7918107298829248,51228,253.68965147937797,0.6977004196113075,0.9867064886390255,0.8704410040539546,0.77962614054206,0.006437555324592038,0.0014670546989388712,0.607816919016508,0.9951706222563916,SIRA
9791,50557,848.686,331.7712245257146,195.23302653292282,1.6993601462699595,0.8085286747469455,51115,253.71474467041844,0.7758543958995135,0.9890834393035313,0.8820578783129794,0.7647279990394518,0.0065623202430071925,0.0013844113409300484,0.5848089125148839,0.9938009591112689,SIRA
9792,50570,848.081,326.24762913264544,198.05166548384474,1.647285461274032,0.7946565145271292,51069,253.74736210896296,0.7922855173278185,0.9902289059899352,0.8835439358416605,0.77777534440195,0.006451406548005644,0.001456300037568748,0.604934486359572,0.9964997844033971,SIRA
9793,50582,850.0830000000001,326.20399673187245,198.4493345905927,1.6437646284117893,0.7936615091107133,51101,253.77746679284587,0.6652725168350169,0.9898436429815464,0.8795959050156147,0.7779716659984443,0.0064490134184467295,0.001457230202337047,0.605239913096395,0.9948719608508793,SIRA
9794,50587,849.5759999999999,327.56300984460717,197.92627543083128,1.6549748593590832,0.7968032940477644,51120,253.7900093571803,0.8259371734587252,0.9895735524256651,0.8807330994491307,0.7747822609078355,0.006475240869089038,0.0014393100763466545,0.6002875518174573,0.9934608066441049,SIRA
9795,50599,893.7629999999999,358.01199238580824,180.4795517422052,1.983670664791922,0.8636359881159779,51246,253.82010898282763,0.745638078396699,0.9873746243609257,0.7959889783638006,0.7089709685180065,0.007075475649435922,0.0011026792706058948,0.5026398342013602,0.9970718940611135,SIRA
9796,50656,856.783,317.471039166595,204.35169885229712,1.5535522383694942,0.7652896113925091,51375,253.96303348736487,0.6894599303135889,0.9860048661800487,0.8671596784034864,0.7999565382532298,0.006267195182537015,0.0015831371949251564,0.639930463094091,0.9941654033406522,SIRA
9797,50661,863.7760000000001,325.15394092514254,199.46780557696763,1.6301073748950279,0.7897284952024568,51476,253.97556688750214,0.796556603773585,0.9841673789727251,0.8532599396543868,0.7810933066500116,0.006418229820278765,0.0014736918841083068,0.6101067536934492,0.9945395186689561,SIRA
9798,50675,844.311,317.3803474174914,203.96486199708798,1.5560540394552012,0.7661588814364029,51263,254.01065711787442,0.7533523622632533,0.9885297387979635,0.8933028641869822,0.8003351788626702,0.006263055696447783,0.0015850890424828413,0.6405363985251425,0.9967092503431345,SIRA
9799,50678,858.577,323.59806110046793,201.13198288629837,1.6088841588331613,0.7833754548927563,51484,254.0181758222993,0.7412315342986691,0.9843446507652863,0.8639146343037237,0.7849805247857586,0.006385375529824933,0.0014955527467921269,0.6161944242929251,0.991385448006207,SIRA
9800,50683,840.6049999999999,314.91596573532746,205.31378471885972,1.5338276782854507,0.7582501611813208,51240,254.03070650181692,0.7670061592941781,0.9891295862607338,0.9013391593160028,0.8066618848893745,0.006213443674118096,0.0016228496111983161,0.6507033965332786,0.9980668799570955,SIRA
9801,50683,861.8699999999999,336.1397511582759,192.74121177626958,1.743995215452213,0.819278309638391,51326,254.03070650181692,0.7333458733649728,0.9874722362934965,0.8574102073807363,0.7557294417767424,0.006632199182334824,0.0013344511823244513,0.5711269891681866,0.9960427365249453,SIRA
9802,50685,887.269,321.8303871741406,205.44571241269915,1.5664984359841396,0.7697326241013215,52234,254.03571860055766,0.6511684674383648,0.9703449860244285,0.8090562154385001,0.7893465897709043,0.006349617977195237,0.0015205416046278938,0.6230680387829565,0.9760351082652066,SIRA
9803,50691,863.8960000000001,334.6120476335989,194.47757106847456,1.7205688336974534,0.8137585120616675,51356,254.05075430348583,0.7188377435548371,0.9870511722096736,0.8535280467853348,0.7592397108835487,0.0066010149263892775,0.0013530259871522253,0.5764449385825348,0.9918131956677518,SIRA
9804,50702,845.013,323.22633874894115,200.43902438228423,1.61259185802298,0.784507196710017,51212,254.07831744791255,0.7753192140071871,0.9900413965476841,0.8922944141033761,0.786069348281862,0.006375021473491009,0.001501429215151697,0.6179050203082713,0.9964286047806427,SIRA
9805,50704,841.0179999999999,313.9273193017924,206.30477304772424,1.521667747498852,0.7537391780854336,51338,254.08332860747018,0.7825899058496681,0.987650473333593,0.9008272269345238,0.8093699177649731,0.006191371870104773,0.0016389091779536432,0.6550796637828794,0.9968135964207996,SIRA
9806,50709,850.597,320.7526311583404,201.94783164636405,1.5882945042956365,0.776914465241623,51332,254.095856073993,0.7063715384186772,0.987863321125224,0.8807389779812977,0.7921863498246967,0.006325359032091748,0.001536647887858189,0.6275592128485769,0.9967488488874902,SIRA
9807,50713,866.0999999999999,343.00130516855,189.69058521847896,1.8082147027671043,0.8331602306959915,51159,254.1058776025346,0.7745872218234028,0.9912820813542095,0.8495581087503536,0.7408306434218015,0.006763577488386607,0.0012567010699132387,0.5488300422327606,0.9924025516855685,SIRA
9808,50714,858.649,338.0860125710282,192.0866171402612,1.760070626493248,0.822918786675882,51270,254.10838292291547,0.8131152797819464,0.9891554515311098,0.8643833511953675,0.7516086838095085,0.006666522312793868,0.0013123396676618855,0.5649156135778618,0.9942913779058048,SIRA
9809,50721,860.619,332.169228898447,195.4687127249994,1.6993472984383364,0.808525436694209,51362,254.1259194740123,0.7755504587155964,0.9875199563879912,0.8605494111072485,0.7650495511482354,0.006548948737178821,0.001383915624032307,0.5853008157121163,0.9946293599541395,SIRA
9810,50724,849.5469999999999,316.374028521295,205.18920376121284,1.5418648872455907,0.7611590535277876,51283,254.1334347683248,0.6944878008707795,0.9890997016555194,0.8831785988173106,0.8032689533844565,0.006237166400940284,0.0016018100718536306,0.6452410114713601,0.9948744593985196,SIRA
9811,50725,848.659,327.01403858853,198.56281827755893,1.6469046996070378,0.7945492769291558,51273,254.13593981704184,0.8087531887755102,0.9893121135880483,0.8850452533111131,0.777140764090596,0.006446802140730015,0.001450517137438864,0.6039477672113154,0.9946444161374927,SIRA
9812,50728,841.03,318.57315775999643,203.07485039833918,1.56874746988661,0.7704907091043688,51137,254.14345481504208,0.7154664184367154,0.9920018773099712,0.9012279019995902,0.797755393461323,0.00628002597697517,0.0015689900849244506,0.6364136677966303,0.9983723311572213,SIRA
9813,50769,845.587,323.4701550774082,200.55895408892505,1.612843248743639,0.7845835901791756,51371,254.24613752554723,0.7087870665103032,0.9882813260399836,0.8922609329667902,0.7859956584393534,0.006371410803391995,0.0015000162329129648,0.6177891750855128,0.9963971001835712,SIRA
9814,50788,860.5609999999999,328.26202029356887,198.46110430860767,1.6540370539464515,0.7965433813382378,51397,254.29370813688928,0.762296435272045,0.9881510594003541,0.8618023110449097,0.7746668588387752,0.006463377575284888,0.0014358173495912679,0.600108742183135,0.9926020959681033,SIRA
9815,50789,843.161,316.05501211725374,205.53357591556818,1.5377293501042721,0.7596693743142444,51382,254.29621160676808,0.7333622121146488,0.9884589934218209,0.8977563909618441,0.8045947757741185,0.006222902835599318,0.0016087242787042406,0.6473727532030042,0.9954840830580689,SIRA
9816,50794,859.2109999999999,332.78164018235145,195.93518380753753,1.698427172269555,0.8082933114116142,51542,254.3087285864916,0.8182682239226742,0.9854875635404137,0.8646147134671388,0.7641909825528244,0.00655159349888474,0.0013782701194784113,0.5839878578150511,0.9918608459885722,SIRA
9817,50811,854.0949999999999,320.143693854949,202.91521007800932,1.577721520884866,0.7734761415038122,51326,254.3512817100365,0.7022167555764394,0.9899660990531115,0.8752966118368656,0.794490994488488,0.0063006768978163975,0.0015485416384985425,0.6312159403233069,0.9958829733736586,SIRA
9818,50819,838.628,309.0626807420947,210.32124320492255,1.4694791454849156,0.7327357938082685,51364,254.37130424616734,0.7979493460203809,0.9893894556498715,0.9080238629317329,0.8230411502139077,0.006081636410438905,0.0017214182904261202,0.6773967349454321,0.9954203752218854,SIRA
9819,50828,849.8949999999999,316.3401362321597,205.62217250578297,1.5384534283298794,0.7599312768105828,51301,254.3938277156088,0.6948462064251538,0.9907799068244284,0.8842647987601487,0.8041781569219248,0.006223737629498695,0.001605610240144215,0.6467025080703439,0.9949216906503521,SIRA
9820,50834,867.083,339.9933639003496,190.92373215290309,1.780781048361566,0.8274418906632313,51509,254.40884225409158,0.6577558097406967,0.9868954939913414,0.849655367921037,0.7482759055516671,0.006688306328448471,0.0012934300997634728,0.5599168308291675,0.9970892809992504,SIRA
9821,50839,845.1509999999998,320.7776675080188,202.49873773179243,1.584097121301001,0.775559539853315,51285,254.4213536926312,0.813280862568188,0.9913035000487472,0.894413290770235,0.7931392346266474,0.006309676970593812,0.0015402266159794944,0.6290698455041439,0.9965077313603798,SIRA
9822,50879,843.7159999999999,314.01921570981233,207.09609176067937,1.5162971596426529,0.7517033923289157,51313,254.52142306018237,0.7557783719548425,0.9915421043400308,0.8981644489358012,0.8105281789359912,0.006171882617775749,0.0016431223127062206,0.6569559288492942,0.9961404089245854,SIRA
9823,50879,848.549,326.9410362152261,198.58621149078928,1.646343085760464,0.7943909418908619,51307,254.52142306018237,0.6961715286519621,0.9916580583546105,0.8879624053096492,0.778493351604325,0.0064258542073394945,0.00145589569761415,0.6060518984921353,0.9977693526945293,SIRA
9824,50914,843.481,313.3308169517735,207.45628175838232,1.510346248838586,0.7494156459382357,51386,254.6089514935523,0.8169768934531451,0.9908146187677578,0.8992831866528742,0.8125882859863752,0.006154119042930697,0.001655113896571048,0.6602997225222751,0.9972812090206774,SIRA
9825,50919,841.4799999999999,313.9167923433285,207.10543629202434,1.5157341978251948,0.7514884195424435,51415,254.6214530992425,0.8064459930313589,0.9903530098220363,0.9036539127838414,0.8111112858873917,0.006165022729105608,0.0016460242223748694,0.6579015180938982,0.9972038297760325,SIRA
9826,50923,853.9780000000001,324.4222097471048,201.71381710650724,1.6083291387808405,0.7832052247940022,51666,254.63145394186614,0.7941951683588327,0.9856191692796036,0.877466368551606,0.7848767633398396,0.006370838515937882,0.0014913591627580582,0.6160315336308224,0.9907814659463011,SIRA
9827,50924,852.515,320.56377240523767,204.11122516208252,1.5705347520729516,0.7710903012805623,51758,254.6339540911491,0.791089293481638,0.9838865489392944,0.880497881145438,0.7943316619360717,0.006294944866963272,0.001545892138888748,0.6309627891541219,0.9909489876314268,SIRA
9828,50946,849.362,323.1240904384709,201.20217742540424,1.60596716483483,0.7824783931608886,51495,254.68895116607945,0.8101583868710642,0.9893387707544422,0.8874303987632136,0.7882078702967434,0.006342482048413436,0.0015100873775883263,0.621271646797728,0.9977418652000128,SIRA
9829,50958,852.259,326.50924001537027,199.01374979151308,1.6406365909763598,0.7927710735877762,51488,254.71894456560238,0.7465717299578059,0.9897063393412057,0.8816151531354895,0.7801278290121639,0.006407418658804707,0.0014639489964494428,0.6085994295992321,0.9984904934478414,SIRA
9830,50961,869.395,348.3741535916043,187.14504832275694,1.861519482956268,0.843457723273536,51616,254.7264423636632,0.6907530904359142,0.9873101363918165,0.8472538074321136,0.7311863975485294,0.006836093357500918,0.0012053138911983909,0.534633547959996,0.9952307657695669,SIRA
9831,50976,932.1709999999999,327.6429539687738,199.21443436160604,1.6446747697711976,0.7939194519578794,52067,254.76392804402207,0.7921678321678322,0.9790462288973822,0.737198499330759,0.7775657158441518,0.006427396303530559,0.0014493165640454156,0.6046084424562282,0.9943842508984196,SIRA
9832,50986,859.9209999999998,333.20097923501083,195.51736187028612,1.7042014890527697,0.8097427213453479,51562,254.78891543367226,0.6672686821096715,0.9888289825840736,0.8664503786014665,0.7646703680722572,0.0065351464958029815,0.0013782631171508277,0.5847207718077614,0.9964820099948718,SIRA
9833,51035,861.2959999999999,336.8272348072414,193.1697963356268,1.7436847850789987,0.8192068547755014,51483,254.91131823745886,0.7795054298849873,0.991298098401414,0.8645161735476535,0.7568013862754859,0.006599926223322061,0.001335508077968959,0.5727483382684971,0.9986925631180582,SIRA
9834,51042,847.8430000000001,322.41199550633445,202.36565569431613,1.5932149870003365,0.7784862309567867,51578,254.9287995546446,0.7756553453385001,0.9896079723913296,0.892291322394297,0.7906926637586472,0.006316601925989077,0.0015229796783438972,0.6251948885217453,0.9960698661888494,SIRA
9835,51052,848.5809999999999,311.00517837197026,209.5399055127557,1.4842288756927873,0.7389588728300298,51644,254.95377078564562,0.7127181348596957,0.9885369065138254,0.8909144798524037,0.8197733945147186,0.0060919293734225935,0.0016971096374961134,0.6720284183541845,0.9974439838074334,SIRA
9836,51074,858.2319999999999,321.66695365269067,203.48116173298055,1.5808193294807318,0.7744922821105281,51874,255.00869888653543,0.6874764443008669,0.9845780159617534,0.8713654359911026,0.7927724498608978,0.006298056812716659,0.0015345481990692645,0.6284881572584496,0.9935262273438832,SIRA
9837,51074,848.569,321.89923417203255,203.52363701700537,1.5816307083050818,0.7747572244235323,51723,255.00869888653543,0.7696851876968519,0.9874523906192603,0.891323613140115,0.7922003901079527,0.006302604733759497,0.0015312286338045543,0.6275814580871926,0.9926021060735825,SIRA
9838,51078,846.3449999999999,323.7004764827373,201.55295370668355,1.6060319163261327,0.7824983704073444,51567,255.0186845428833,0.7677669552669553,0.9905171912269475,0.8960843285854057,0.7878230125388254,0.006337375709360925,0.0015059268191495536,0.6206650990857503,0.9968079584814367,SIRA
9839,51078,846.6339999999999,313.167681214336,209.2495742712525,1.496622787907675,0.7440077052609466,51632,255.0186845428833,0.7947162061239731,0.9892702200185931,0.8954726730853728,0.814319930952087,0.006131165691967893,0.0016630414498254326,0.6631169499458119,0.992435938336735,SIRA
9840,51091,851.458,316.0763232051043,206.47325027016657,1.530834249916268,0.7571521316465074,51684,255.05113522598597,0.7084558211769926,0.9885264298428914,0.8855800137053871,0.8069289488048157,0.006186536243273851,0.0016179627138147097,0.6511343284192449,0.9967787312404077,SIRA
9841,51097,875.5899999999999,331.1215109192223,198.1411118465076,1.6711398650863005,0.8012020155797679,52042,255.06611107188,0.6720459806397306,0.9818415894854157,0.8375363806334598,0.770309697983058,0.006480253457526319,0.0014074507841670943,0.59337703080675,0.9916160112077018,SIRA
9842,51115,855.9,319.2318021931712,204.96500704308528,1.5574941635089257,0.7666569204022736,51641,255.11103333477726,0.6800101106853981,0.9898142948432447,0.8768234908157398,0.7991404101412376,0.006245364417356377,0.0015711943765654727,0.6386253951207055,0.9946553255690805,SIRA
9843,51118,873.417,337.3899232784087,193.8206143845852,1.7407329161022498,0.818525169038039,51680,255.11851960955724,0.6611055068415199,0.989125386996904,0.8420549560300443,0.756153346639928,0.00660021760003147,0.0013309983929953573,0.571767883634763,0.9952951754131529,SIRA
9844,51126,861.669,339.2117923118472,192.8160513125925,1.7592507988970203,0.822735923168539,51691,255.13848193506584,0.7913996470697502,0.9890696639647134,0.8653080464556256,0.7521509797646116,0.006634819706447741,0.001309872398687627,0.5657310963608654,0.9952628832337397,SIRA
9845,51131,842.796,316.1856204734812,207.02899185933077,1.527252862673063,0.7558278214438101,51654,255.15095759540782,0.8125059590020658,0.989874937081349,0.9045846609285625,0.8069657222656891,0.006183834082522955,0.0016175508459134469,0.6511936769117854,0.9945374072181219,SIRA
9846,51141,854.7909999999999,318.4461962071651,205.3048731658007,1.5510893204663163,0.7644287671474037,51718,255.1759070862705,0.6963643790849673,0.9888433427433388,0.8795472967105207,0.8013156072376694,0.006226827715671674,0.0015836566138292772,0.6421067024026749,0.9959648486966323,SIRA
9847,51146,848.932,330.94682946691995,197.3879852997111,1.676631072374618,0.8026620241431096,51561,255.1883809169701,0.8137011582028764,0.9919512810069626,0.8918169648381185,0.7710857400508128,0.006470629755345871,0.0014110324446226872,0.5945732185097097,0.9968799329551625,SIRA
9848,51150,841.3169999999999,310.334134444615,210.61363980741612,1.4734759568676687,0.7344458109161085,51593,255.19835954254012,0.7642312864186463,0.9914135638555618,0.9081052218484985,0.8223341592740101,0.006067138503316032,0.001711421548682251,0.676233469508893,0.9964137585505597,SIRA
9849,51161,852.6479999999999,321.4401730956385,203.5386105326892,1.5792589536421826,0.7739813630919768,51700,255.2257987512149,0.7386376761376762,0.9895744680851064,0.8843197679838826,0.7940071593828979,0.006282914194320644,0.0015404179293509147,0.6304473691512986,0.9956396525323469,SIRA
9850,51167,860.5229999999999,329.96034006572165,199.28152152360167,1.6557498033084979,0.7970176727286046,51877,255.24076434900454,0.6973831266185089,0.9863137806735162,0.8683101009768626,0.773549828134392,0.006448694276891779,0.0014243106668283677,0.5983793366067475,0.9907664688904917,SIRA
9851,51172,844.578,316.4861667100829,206.34865243878423,1.5337447711415138,0.7582198576232904,51576,255.25323501023007,0.7109196999166435,0.9921668993330232,0.9014937626245594,0.8065225651522859,0.006184752730205638,0.0016142403342856127,0.6504786480998235,0.997668225262305,SIRA
9852,51191,849.9269999999999,319.1020181000046,205.4676187382897,1.553052593199391,0.7651153836601455,51839,255.3006179674027,0.7839116719242902,0.9874997588688054,0.8905129218376708,0.8000595530154029,0.006233557033463004,0.0015754512205201823,0.6400952883712064,0.9941016474996142,SIRA
9853,51195,864.4969999999998,335.74787591016315,195.03409721957624,1.721482964756498,0.8139788513648357,51832,255.3105922062707,0.7553781686192346,0.9877102947985801,0.8608161976074962,0.7604235514942909,0.006558216152166484,0.0013526571294734412,0.5782439776671904,0.995437157027105,SIRA
9854,51234,854.345,322.12748180763873,203.44184746695186,1.5833885005392845,0.7753294967507811,51795,255.40782062215973,0.695452694448215,0.9891688386909934,0.8820669782103718,0.7928780841327868,0.006287377167655048,0.0015327627282690913,0.6286556562980786,0.9954061369813545,SIRA
9855,51258,876.7049999999999,341.73817678023795,192.13256899224615,1.7786582388019254,0.8269866526249705,52033,255.46763510087723,0.6933127739003409,0.9851056060576941,0.8380396251651848,0.7475536901022363,0.006667021280195052,0.001284343412425064,0.5588365195854704,0.9939791797040903,SIRA
9856,51259,853.865,318.4162569355591,205.67296650000878,1.5481677653321808,0.7634010181537803,51823,255.47012706690327,0.7001065340909091,0.9891168014202188,0.8834898594184397,0.8023149619480804,0.006211909263457326,0.0015877584436386264,0.6437092981657497,0.9965699856648152,SIRA
9857,51260,862.629,329.78633850694206,198.80679690618257,1.658828287760046,0.7978657667108164,51880,255.47261900862182,0.7485397196261683,0.9880493446414803,0.8656460614452586,0.7746610128401182,0.0064336000489064,0.0014291592321334355,0.6000996848144778,0.9954623326461438,SIRA
9858,51277,857.171,326.92279942920385,200.4170510188335,1.6312125029645428,0.7900511632656391,51875,255.51497829948235,0.7476416125975067,0.9884722891566265,0.8769958405952712,0.7815758911449519,0.006375622587694363,0.0014675299767082748,0.6108608736190257,0.996443894619198,SIRA
9859,51284,847.2719999999999,316.00925567960326,207.06569875205508,1.5261303904226047,0.7554103576278307,51793,255.5324183194729,0.7680924994009106,0.9901724171220049,0.897730637082759,0.8086232087409273,0.0061619463317916555,0.001625108951814921,0.6538714937144733,0.9978931579886808,SIRA
9860,51285,856.939,327.81882199759104,199.85480417902076,1.6402849225678158,0.7926705852738446,51856,255.53490965373558,0.7383173533730673,0.9889887380438136,0.8776076638180663,0.7795004206793634,0.0063920994832327395,0.0014557563857379447,0.6076209058393047,0.99667141048521,SIRA
9861,51288,860.608,327.5437965341327,202.6067629302097,1.6166478936685793,0.7857345108492039,52300,255.54238351079263,0.6815681063122924,0.9806500956022944,0.8701915668709936,0.7801777539821704,0.00638636321428273,0.0014595118589363185,0.608677327808664,0.9840169199256958,SIRA
9862,51290,844.2279999999998,316.16894383228333,207.55086585238658,1.5233323288429335,0.7543646849629662,51815,255.54736596072848,0.7724164934791121,0.9898677988999325,0.904321922306194,0.8082620730019818,0.006164338932195035,0.0016228376456764561,0.6532875786534611,0.995174088594338,SIRA
9863,51308,859.959,332.87047746521165,196.5717358686563,1.693379142195836,0.8070118777775144,51900,255.59220363945323,0.7423032407407407,0.9885934489402698,0.8718453549897274,0.7678428125731434,0.006487691538653069,0.0013911028782578872,0.5895825848202353,0.9983868517364938,SIRA
9864,51321,868.552,319.7258659821504,205.84377823324937,1.5532452266779566,0.7651825801329468,52228,255.62458151624088,0.7381661272923409,0.9826338362564142,0.854896078217056,0.7995117340006261,0.0062299227603154735,0.0015702246583126302,0.639219012804688,0.9928638804406772,SIRA
9865,51338,902.5929999999998,348.68180968796094,189.3322494282022,1.8416398196345658,0.8397363549190815,51994,255.66691562971886,0.6275271971641608,0.987383159595338,0.7918900525652695,0.7332384670669166,0.0067918853420071085,0.001211019319690689,0.5376386495866419,0.9901367456533147,SIRA
9866,51339,867.61,328.3770311499444,199.72143259392234,1.6441752238859975,0.7937779392436115,52004,255.6694056533916,0.7018990197284771,0.9872125221136836,0.8570539701849831,0.7785849234279945,0.00639624907282854,0.0014498700835873072,0.606194482989376,0.9966899497875138,SIRA
9867,51349,856.244,323.4435006658667,203.39394613855893,1.5902316996471757,0.7775353909166672,52073,255.69430455644857,0.7776616689383613,0.9860964415340003,0.8801298931365671,0.7905377725323149,0.006298925016375522,0.0015175279685200585,0.6249499698003541,0.9938152526700682,SIRA
9868,51381,857.648,328.48852508386034,200.83867204110098,1.6355840324249715,0.7913198515058615,51969,255.77396475802104,0.8060776254275046,0.988685562546903,0.877797335177691,0.7786389636981204,0.00639319057791519,0.0014495791806856478,0.606278635788883,0.9916196558966918,SIRA
9869,51382,856.906,328.149483149225,201.06884475294092,1.6320255062510143,0.7902880363812586,52311,255.77645373955383,0.7842185592185592,0.9822408288887614,0.8793352868902797,0.7794510333671325,0.006386467695870635,0.0014541052120569473,0.6075439134170908,0.9915271628642498,SIRA
9870,51401,856.431,328.489316162421,200.01977078009855,1.6422842346097961,0.7932408549791047,51860,255.823739787636,0.8322700777202072,0.9911492479753181,0.880636484840951,0.7787886156429646,0.0063907183938526685,0.0014501329510299866,0.6065117078550853,0.9960646159166692,SIRA
9871,51421,860.0509999999999,318.0998867069406,207.38100523007714,1.5338911408690845,0.7582733533804603,52370,255.87350513452307,0.691281844457888,0.9818789383234676,0.8735785705470213,0.8043810005196717,0.0061861863189541354,0.0015975335034894365,0.647028793997028,0.9924717349992489,SIRA
9872,51437,859.453,320.0957349430345,205.6435152434936,1.5565564251516657,0.7663328155712883,51993,255.91331044426462,0.7630470256638481,0.9893062527647952,0.8750668487789631,0.7994899103851165,0.006223063843984573,0.0015683246498203133,0.6391841168076017,0.994926143871765,SIRA
9873,51444,859.399,325.47503519332,202.1422666673305,1.610128552327756,0.7837563489924784,52116,255.93072332050272,0.7109059753468575,0.9871056873129174,0.875295922970286,0.786329812264985,0.006326783204908639,0.0014920441755644817,0.6183145736566864,0.9955659493649943,SIRA
9874,51456,852.194,319.66163716725526,205.5987000519849,1.5547843302823896,0.7657183589521371,52005,255.96057120949806,0.7551733247233555,0.9894433227574272,0.8903667687981602,0.8007234570833811,0.0062123297024109,0.0015753043220631687,0.6411580547235614,0.996862496718532,SIRA
9875,51460,859.757,325.8442154170934,202.04231233033252,1.6127523569634703,0.7845559746567577,52109,255.97051973239314,0.7816510974405712,0.9875453376576023,0.8748391399722681,0.7855610369045246,0.006331990194657858,0.0014874409554253853,0.6171061427025117,0.9952393861401116,SIRA
9876,51478,869.426,319.06200240642556,206.22566944208904,1.547149795995801,0.7630412201389396,52181,256.0152833013621,0.7391803796559547,0.9865276633257316,0.8557881774665642,0.802399788663165,0.006198026388096382,0.0015848800773233824,0.6438454208466918,0.9961253115157901,SIRA
9877,51494,864.097,325.3516273751348,202.61476726782675,1.6057646328664092,0.7824158887376973,52079,256.05506657083055,0.6919562471445081,0.9887670654198429,0.8666455233591341,0.7870102529888243,0.0063182434337036315,0.0014951944577276774,0.6193851383095333,0.994586749220518,SIRA
9878,51527,856.204,331.6249643709477,198.28406861492127,1.6724740756403476,0.8015583251794524,52055,256.13710004911184,0.720576718688818,0.9898568821438862,0.8832633635102107,0.7723697778150473,0.0064359455114978105,0.0014128407375001894,0.5965550736820656,0.997722895424972,SIRA
9879,51547,845.219,312.9640768470384,210.58121832113108,1.4861917854885618,0.7397692337811614,51987,256.18680452447865,0.7784439276329699,0.9915363456248678,0.9067232593053695,0.8185821424153107,0.0060714314479414595,0.0016815892532257737,0.67007672388124,0.995862522679386,SIRA
9880,51557,855.4499999999999,325.9143178494233,202.73298471470935,1.6076038061002142,0.7829824364219998,52258,256.21165314620407,0.7733047351922125,0.9865857859083776,0.8853362391818025,0.7861319344201908,0.006321436814582371,0.0014892832966681108,0.6180034183152313,0.9935046474665086,SIRA
9881,51560,850.9179999999999,316.8622226456586,208.49504082042148,1.519759037907164,0.7530187600223942,52472,256.21910726279765,0.785724082229774,0.9826193017228236,0.8948440431226442,0.8086136148496406,0.006145504706083371,0.0016206958344678686,0.6538559781202027,0.9937035322378068,SIRA
9882,51561,858.03,333.29467003659795,198.38607347149517,1.6800305797901027,0.8035574080606861,52271,256.221591920138,0.8169891144174549,0.9864169424728817,0.8800883057428972,0.7687539434459099,0.006464084677112507,0.0013926315373315602,0.5909826255636371,0.9928688830715545,SIRA
9883,51566,854.573,325.26158435487434,202.56343967972256,1.605727000238308,0.7824042715845654,52189,256.23401484544047,0.7765729947893135,0.9880626185594665,0.8873091780176645,0.7877782903679095,0.006307675296801659,0.001498528906613192,0.6205946347749862,0.9965055612612268,SIRA
9884,51567,852.2409999999999,333.53730934967473,197.55234002454068,1.6883490689517597,0.8057214980306256,51986,256.23649935822596,0.8178747026169707,0.9919401377293887,0.8921890384019949,0.7682393908430557,0.00646803787983933,0.0013897561461727898,0.5901917616429094,0.9964497112728051,SIRA
9885,51579,853.672,326.1006039137396,202.2117645137523,1.6126688014314896,0.7845305831192906,52178,256.2663116328304,0.7617634027470093,0.988520065928169,0.8894073372421994,0.7858504662586219,0.006322352195927404,0.0014873668870043963,0.6175609553188934,0.9959212856250055,SIRA
9886,51593,858.452,332.01534338272126,198.6672312691112,1.6712134218701573,0.8012216857580643,52123,256.30108823709907,0.8099372056514914,0.9898317441436602,0.8797689135089489,0.771955553697575,0.006435278882459272,0.0014096663057101505,0.5959153768845297,0.9959017761482393,SIRA
9887,51609,860.256,327.0809243786009,202.72961368229494,1.6133850325941108,0.7847480826563222,52321,256.3408271505673,0.7190386624869384,0.9863916974063951,0.8763546337633136,0.7837229506354491,0.006337672196295238,0.001474890555701648,0.6142216633527345,0.9909760383483605,SIRA
9888,51662,866.739,340.41382630235387,193.83204289996237,1.756230916257964,0.8220597713844695,52217,256.47241832233726,0.7741713121141282,0.9893712775532872,0.8641803796268418,0.7534136351281447,0.0065892498606781365,0.0013096330958817807,0.5676321055970053,0.9968930529100658,SIRA
9889,51680,859.2629999999999,327.67783293397963,201.26726542506606,1.6280731605407417,0.7891324932160262,52099,256.5170943074032,0.7348424525082471,0.9919576191481603,0.8795897224174384,0.7828332237508607,0.006340515343149761,0.0014688630855345757,0.6128278562081653,0.9977285847242348,SIRA
9890,51698,884.134,347.20375166958536,190.87459181632326,1.819015031627133,0.835330510221637,52252,256.5617625128858,0.6578190609492301,0.9893975350225829,0.831088785794325,0.738937183942187,0.006715999684119025,0.0012351523086618708,0.5460281618124097,0.9932334340285057,SIRA
9891,51714,862.7270000000001,337.5407096191958,195.76815879834217,1.7241859538909563,0.8146279757584024,52246,256.6014610567021,0.7954776188278726,0.9898174022891705,0.87311452906671,0.7602089281206786,0.006527066357643884,0.0013447131560885262,0.5779176143943912,0.9964374332449791,SIRA
9892,51716,877.2179999999998,342.36568966368435,193.54996431478324,1.7688749821047354,0.8248640933841727,52483,256.60642294284776,0.7598589479870702,0.9853857439551855,0.8445390233379511,0.7495097513857759,0.006620111564384027,0.0012887071002008145,0.5617648674223676,0.9936918198088095,SIRA
9893,51718,859.255,330.2696382009029,200.19895367304977,1.649707114555029,0.7953364744214296,52272,256.6113847330495,0.7356442826052942,0.989401591674319,0.8802528703341327,0.7769754014656136,0.006385970807086563,0.00143560766930153,0.6036907744826516,0.9959129656552659,SIRA
9894,51728,850.5369999999999,318.745042324619,206.99002862177886,1.5399053009797092,0.7604550425212746,52170,256.6361922450933,0.7870009737098345,0.9915276979106766,0.8985642363047455,0.8051456749677935,0.006161944059786171,0.0015973326596125373,0.6482595579193439,0.9982583296507606,SIRA
9895,51735,860.034,317.8755110850461,208.47691305587037,1.5247516208178777,0.7548959936154821,52353,256.65355607681266,0.6969929674238138,0.9881955188814394,0.8789477850883399,0.8074027319712156,0.006144302910699645,0.0016106947350018417,0.6518991715945828,0.9939843184986719,SIRA
9896,51739,849.569,316.8708188616971,209.1628955143242,1.5149475631541767,0.751187530214969,52428,256.6634777389502,0.7756041254422258,0.9868581673914703,0.9008045693978817,0.8099940495024716,0.006124409417686796,0.0016261900221612316,0.6560903602294125,0.9939424924384944,SIRA
9897,51761,871.374,339.24889968820537,195.86952725519336,1.7320146959164644,0.816488069019062,52606,256.7180400264788,0.6791712591192988,0.9839371934760294,0.8566498189984709,0.7567247536025069,0.006554141142717594,0.0013257062839039182,0.5726323527147748,0.99180765025921,SIRA
9898,51792,879.4909999999999,326.3691188874675,206.66969736295357,1.5791822558016217,0.7739562018955822,53354,256.7949035727219,0.7178179399046457,0.9707238445102523,0.8414140253162999,0.7868235341875748,0.006301535350777485,0.001489825848702585,0.6190912739514256,0.977657954545712,SIRA
9899,51798,866.65,336.26618383916394,196.4441926891014,1.7117644417788878,0.8116151106878629,52390,256.8097777308955,0.6874502309284918,0.988700133613285,0.8666333000347062,0.7637097932325172,0.006491875822216378,0.001362270667615886,0.5832526482792542,0.9983911438977955,SIRA
9900,51802,871.7230000000001,337.3720651993726,196.17832935903442,1.7197213693360263,0.8135538745185988,52370,256.8196933577542,0.7929889016456181,0.9891540958564063,0.8566420365550858,0.7612357982454315,0.0065127227751703145,0.0013490224235051845,0.5794799405303594,0.9965440368316286,SIRA
9901,51806,864.8489999999999,328.55084068774664,201.67345968363787,1.6291228464228233,0.78944037437586,52374,256.8296086017923,0.6906361648802858,0.9891549241990301,0.8703808958580127,0.7817043111628562,0.006341945733848331,0.0014607379515182099,0.6110616300905957,0.9954944621529616,SIRA
9902,51818,872.0319999999999,333.3625914135405,198.6584240576449,1.6780692437024887,0.8030416049028698,52505,256.8593520374266,0.7325652081713437,0.9869155318541092,0.8562994529844671,0.7705104251448218,0.006433335740737591,0.0013987176535309128,0.5936863152568541,0.9962467460395866,SIRA
9903,51836,852.278,323.27589012963523,204.72564087126247,1.579068888263589,0.7739190027667433,52259,256.9039607341465,0.7163230335525952,0.9919057004535105,0.8967652876721437,0.7946895162244445,0.0062365130436305895,0.0015343044074503235,0.6315314271970417,0.9972316286475504,SIRA
9904,51877,878.699,343.81914039978074,194.99451211705377,1.7632247013874351,0.8236195537507902,53063,257.0055405282657,0.6818743427970557,0.9776492094302999,0.8443148989616671,0.7475021321658497,0.006627583329795106,0.0012763938492657977,0.5587594375924914,0.9852184424964319,SIRA
9905,51881,869.561,330.2863293133715,201.40078072740695,1.6399456254363247,0.7925735586508359,52511,257.015448602618,0.6878123798539023,0.9880025137590219,0.8622200066719021,0.778159511285025,0.00636622904942795,0.001439913963088593,0.605532225003349,0.9930399234549666,SIRA
9906,51896,871.948,339.23580073173116,196.05560992822203,1.7303039727143175,0.8160841201151772,52577,257.05260048008853,0.7662074973055174,0.9870475683283565,0.8577536547939772,0.7577401911166994,0.006536839076840819,0.00132931788865472,0.5741701972335721,0.9934889732874131,SIRA
9907,51905,951.1059999999999,338.6459416047525,196.1621426493982,1.726357272769071,0.8151468402072676,52794,257.0748890294006,0.7396719536003876,0.9831609652612039,0.7210430856424201,0.7591258522431761,0.006524341423846499,0.0013365080208500408,0.5762720595439282,0.9948514610872718,SIRA
9908,51935,864.959,326.2250889604665,203.10886156298417,1.6061588177397368,0.7825375137733934,52490,257.1491702413614,0.7955729166666666,0.9894265574395122,0.8723262795193552,0.7882568782823566,0.0062814111670447,0.0014959189413717388,0.6213489061594462,0.9979850245209344,SIRA
9909,51935,861.798,333.03311338944883,199.17734753211602,1.6720431189382592,0.8014433459584571,52533,257.1491702413614,0.6844359515023721,0.9886166790398416,0.8787372490596242,0.7721429488624191,0.00641249857301336,0.001406040672402651,0.5962047334779523,0.996880022090229,SIRA
9910,51935,849.7919999999999,315.7567877986564,210.52337668960845,1.4998656812549707,0.7453025885971777,52623,257.1491702413614,0.7994304625567613,0.9869258689166334,0.9037425358033033,0.8143899994489862,0.006079845726362884,0.0016496888914474758,0.6632310712025198,0.9947575224386312,SIRA
9911,51945,842.2180000000001,308.35323006198564,215.02307627195162,1.43404715162755,0.7167529970080755,52345,257.17392587754307,0.7707888176638177,0.9923583914413984,0.9202473524508987,0.8340237779440338,0.005936148427413334,0.0017717328773577982,0.6955956621760391,0.9975169780280282,SIRA
9912,52034,865.3309999999999,320.3232940887517,210.4183111201502,1.522316629116204,0.7539833168942793,52543,257.3941461470121,0.663775178273016,0.9903126962678187,0.8732378504920659,0.8035448901062316,0.006156038245930578,0.0015831484744487285,0.6456843904158361,0.9829360846907867,SIRA
9913,52042,855.807,324.4187555601099,204.95983444241105,1.5828406401804742,0.775151383411372,52560,257.4139319988476,0.7254655960744953,0.9901445966514459,0.8929192247285376,0.793461930258692,0.0062337872403080185,0.0015241795002971625,0.6295818347698496,0.9965277143931061,SIRA
9914,52047,864.997,322.06326527780186,206.67222915074302,1.5583286956415159,0.7669447478843011,52603,257.4262973839911,0.6832825710234732,0.989430260631523,0.8741306800707198,0.7993035069117339,0.006187931394274442,0.0015580167645400545,0.6388860961613962,0.9955945368946888,SIRA
9915,52091,855.4659999999999,320.1100236353876,208.51775960194416,1.5351691109978864,0.7587396210436298,52705,257.535087172213,0.8104773462783171,0.988350251399298,0.8944726212913171,0.8045205340572252,0.006145207879199624,0.0015880525677566739,0.6472532897197228,0.9936432573694844,SIRA
9916,52093,892.8159999999999,338.6067960429188,198.16551841360018,1.708706937279559,0.8108616659399449,52989,257.5400310706839,0.6701270968405887,0.9830908301722999,0.8212309411724507,0.7605873068124728,0.006500044075843564,0.001341814119877403,0.5784930512842507,0.988475089897419,SIRA
9917,52105,863.127,333.83001254610946,199.4021852976989,1.6741542328019905,0.8020055865539871,52617,257.5696924687096,0.7343283161395795,0.9902693045973735,0.8789007999423241,0.7715594248229356,0.006406870982556558,0.001400564983093216,0.5953039460330993,0.996630621055041,SIRA
9918,52113,875.592,335.64083928444444,198.67828714214792,1.6893684967411875,0.8059841138084398,52662,257.58946483655643,0.6576934726639406,0.9895750256351828,0.8541858428493329,0.7674556689397917,0.006440635528264434,0.0013782299391930921,0.5889882037878231,0.9950181164313271,SIRA
9919,52149,862.522,329.83078861080173,202.05684070337628,1.632366355242584,0.7903872182967994,52654,257.67842171666996,0.7680717568045246,0.9904090857294793,0.8808774377727144,0.7812442943909912,0.006324776862658953,0.0014533573303546039,0.6103426475184776,0.9963028029788463,SIRA
9920,52153,871.17,339.7639077180717,196.9072911328354,1.7255019139380876,0.8149427145003012,52892,257.6883039188487,0.8324766951858,0.986028132798911,0.8635417443061458,0.7584334241077558,0.0065147528947150065,0.0013296813167882429,0.5752212588038151,0.992545383003859,SIRA
9921,52156,870.899,342.12050849653787,195.1835560752086,1.752814198982578,0.8212898736908809,52843,257.69571532178634,0.796031746031746,0.9869992241167231,0.8641289536472457,0.7532308321831988,0.006559561862423074,0.0013024676642944836,0.5673566865513942,0.9944708560749915,SIRA
9922,52157,869.105,335.19642837852587,199.4151310276079,1.6808976663466915,0.8037847588327576,52763,257.69818574206505,0.7305515869680925,0.9885146788469192,0.8677167292016436,0.7687975286271705,0.006426681526516592,0.0013848873748343285,0.5910496400232452,0.9934939606101251,SIRA
9923,52158,868.899,318.79985013531285,209.2114911451133,1.5238161555580465,0.7545460132084155,52781,257.70065613866143,0.6977658862876254,0.988196510107804,0.8681448619043739,0.8083462273563862,0.006112194680304323,0.0016097802851156202,0.6534236232813023,0.9956974735793231,SIRA
9924,52165,865.845,336.211745346137,198.48644005104046,1.6938776536053581,0.8071390249194528,52639,257.71794825178506,0.7819901660970199,0.9909952696669769,0.8743972216620446,0.7665346372312457,0.006445159500548969,0.0013725891709452337,0.5875753500752374,0.9952807553017902,SIRA
9925,52183,853.722,324.3069361059837,206.05199711800745,1.57390823987137,0.7722152093774095,52876,257.76240835877326,0.772166321396863,0.9868938648914442,0.8997170711927102,0.7948100384585557,0.006214800530938883,0.0015298904419415718,0.6317229972344909,0.9942740306636039,SIRA
9926,52210,861.858,331.837025900996,201.48424055556626,1.6469626854487434,0.7945656137791519,52818,257.8290841441726,0.8189033189033189,0.9884887727668598,0.8832672396949671,0.7769750329822936,0.0063558135587243065,0.0014288254137057833,0.6036902018778363,0.9942552360638154,SIRA
9927,52233,863.826,330.23495807667507,202.33432019242002,1.6321252754481863,0.7903170754338196,52819,257.88586843825266,0.7846327174402884,0.9889055074878358,0.8796345742706209,0.7809163207317859,0.006322343309338447,0.0014503600720591765,0.6098302999852694,0.995319446340108,SIRA
9928,52266,858.1009999999999,318.8880924120811,209.73002889326014,1.5204694058111048,0.7532872768395458,52924,257.96731972311534,0.6973542008565825,0.9875670773184189,0.8919742394680803,0.8089587722509209,0.006101253059581394,0.0016117747817572393,0.6544142952017175,0.9950169145796481,SIRA
9929,52298,853.8389999999999,318.5292793128752,209.86033587436012,1.5178155413968906,0.7522817047473994,52821,258.04627823427245,0.7567794402801493,0.9900986350125897,0.9014527525965841,0.8101179231966511,0.006090658903072301,0.0016182179108658159,0.6562910494844549,0.9961287545871815,SIRA
9930,52303,851.191,319.5957116035404,208.9298050409621,1.5296798441030541,0.7567265289287304,52806,258.05861331930623,0.8177454659161977,0.9904745672840207,0.9071569201960574,0.80745330412765,0.006110466160708571,0.0016022259824406305,0.6519808383466593,0.9973219471602963,SIRA
9931,52334,856.496,310.3229430284949,215.44842571132284,1.440358368848299,0.7197130386546196,52812,258.13507769028604,0.7084416287632662,0.9909490267363478,0.8964851829255321,0.8318272415539164,0.005929662227777255,0.0017512263126405522,0.6919365597911976,0.9966366146073526,SIRA
9932,52369,868.3969999999999,342.67566014404144,195.27625407562888,1.7548250388463822,0.8217436131830119,52934,258.2213812182015,0.6928766108332671,0.9893263309026334,0.8726649157511767,0.7535445648799797,0.006543482979320618,0.0013014410668657377,0.5678294112601578,0.9964412686727246,SIRA
9933,52369,870.3,340.1124415956334,196.80310717465784,1.7281863405428457,0.8155821477504819,52977,258.2213812182015,0.6840702762719614,0.9885233214413802,0.8688527459020579,0.7592235673789497,0.00649453763859599,0.0013310878638337778,0.5764204252636186,0.996161905350484,SIRA
9934,52377,888.1,346.0571881731654,194.5803189921108,1.7784799098165534,0.8269483241715786,53242,258.2411036891564,0.7382241014799155,0.9837534277450133,0.8345007735597486,0.7462382303121926,0.006607044851235569,0.0012638542571928055,0.5568714963794731,0.9903847686603743,SIRA
9935,52384,874.216,328.06927338195766,204.71841484328553,1.6025391444785206,0.7814165800348848,53074,258.2583596157281,0.7126202233740087,0.9869992840185402,0.8613328686170354,0.7872067900581731,0.006262776293943908,0.0014835493155409452,0.6196945303136926,0.9930847424469236,SIRA
9936,52385,856.068,325.16810206431427,206.4413706365346,1.5751111371800213,0.772614181122392,52904,258.26082465397553,0.8353265722668708,0.99018977771057,0.8982563284333471,0.7942378819275905,0.0062072750227033366,0.0015236427161841126,0.6308138130888252,0.993601862483205,SIRA
9937,52426,861.757,325.2973518325005,206.00811044807503,1.5790511894166064,0.7739131943848246,52940,258.3618709722579,0.6814412353445811,0.9902908953532301,0.8871293494287122,0.7942329364712798,0.006204885969414041,0.0015230183633287639,0.6308059573757919,0.9960748972853252,SIRA
9938,52427,864.207,325.3224945445951,206.8639415251174,1.5726399301209024,0.7717933258153488,52962,258.3643350229098,0.8006077820536314,0.9898984177334693,0.8821233367785403,0.7941791279591129,0.006205247192183324,0.0015226943129921884,0.630720487285897,0.9918962230511148,SIRA
9939,52430,870.2199999999999,338.96206469049207,198.57824235313856,1.7069446313645182,0.8104252295498134,53014,258.3717270338699,0.816488616189616,0.9889840419511827,0.8700247373922321,0.7622437846246611,0.006465040333597026,0.0013462526418937264,0.5810155871989268,0.9917614373083115,SIRA
9940,52464,862.895,330.90877202362475,202.9529485173349,1.6304703845943913,0.7898345713079454,52899,258.4554883824013,0.7485233271508062,0.9917767821697953,0.8854322951743467,0.7810475582193066,0.006307349268519838,0.0014478933031306126,0.6100352882003411,0.9946444709681606,SIRA
9941,52467,868.011,333.06002415538075,200.90446398712513,1.6578030051971606,0.7975839355966717,53019,258.462877786385,0.7870837083708371,0.9895886380354213,0.8750757295647164,0.7760249175560188,0.006347990625638606,0.0014200992721469625,0.6022146726678258,0.998353294122546,SIRA
9942,52486,869.9649999999999,335.81713685424774,199.60012340237026,1.682449545270471,0.8041906256032062,53143,258.5096724398717,0.739697840915497,0.987637130007715,0.8714646574122709,0.7697929738233423,0.006398223085284604,0.0013859096299032659,0.592581222547785,0.9969880084113406,SIRA
9943,52492,868.0919999999999,336.0718809448654,199.21729466924464,1.686961373021539,0.8053631088197082,53087,258.524447939142,0.686681579739152,0.988791982971349,0.8753293209184363,0.769253432367805,0.006402344756246008,0.0013829185117751532,0.5917508432096491,0.998260814947603,SIRA
9944,52516,866.461,336.28852004501425,199.82693002622457,1.6828988965645468,0.8043078978423769,53110,258.5835414934829,0.691181889971045,0.9888156655996987,0.8790295290469378,0.7689335974325557,0.006403544063618978,0.0013808786462015743,0.5912588772605717,0.995028912125809,SIRA
9945,52533,873.235,333.7856610072899,201.1396295655063,1.659472386064945,0.7980424994634413,53222,258.62539125842284,0.6817420870264869,0.9870542256961407,0.8657246793932302,0.7748247497449402,0.006353828279506023,0.0014126324380897947,0.6003533928173093,0.9962698772607255,SIRA
9946,52534,869.452,342.85576138151356,196.200256629266,1.7474786591607947,0.8200770950728996,53095,258.62785279841194,0.7740157944365865,0.9894340333364724,0.8732912568121055,0.7543342767707589,0.006526359336458552,0.001303485229730575,0.569020201111264,0.9943506580733174,SIRA
9947,52562,864.753,332.3567684254799,202.221978753357,1.643524459973976,0.7935933575888032,53046,258.6967664088007,0.7810336116972273,0.9908758436074351,0.8832783614830599,0.7783706877231988,0.006323137788240171,0.0014317206837468617,0.6058609275066856,0.9957472536997577,SIRA
9948,52566,874.526,340.80230769646874,197.7979167001109,1.722982291128841,0.8143393566390436,53378,258.7066097117516,0.6714696301973558,0.9847877402675259,0.8637127750606179,0.759110498577273,0.006483322065526553,0.001327997783299112,0.5762487490502359,0.9928663898987043,SIRA
9949,52566,867.6319999999998,333.9816708103073,201.88218092035805,1.65433952262514,0.7966272680730065,53332,258.7066097117516,0.7560733549083064,0.9856371409285232,0.8774930232428246,0.7746131968382481,0.006353568291487032,0.0014110325479598823,0.6000256047159707,0.9926460724686798,SIRA
9950,52637,881.769,326.90171149862584,206.78463799610634,1.5808800627867785,0.7745121308313592,53501,258.88126605883394,0.67181018748963,0.983850769144502,0.8507292012717359,0.7919238625947731,0.006210492837711606,0.0015067442612822408,0.6271434041470251,0.9914385041242629,SIRA
9951,52640,856.435,315.5711821582602,214.05519186953242,1.4742514741273,0.7347755438369779,53413,258.8886433099354,0.7362237762237762,0.9855278677475521,0.9018554413894764,0.8203811309364164,0.005994893278082451,0.0016750349394463108,0.6730251999965137,0.9922083932196812,SIRA
9952,52652,870.8399999999999,337.2729061379398,199.6235398498598,1.6895447620636743,0.8060294648264414,53257,258.91815021237073,0.7969364896773021,0.9886399909871003,0.8724649691861469,0.7676814398677992,0.006405699805096479,0.001372367764256147,0.5893347931174976,0.9957075128135472,SIRA
9953,52660,866.059,328.35504120038615,205.61490493208197,1.5969418233996573,0.7796649649439158,53405,258.9378196126508,0.8049895287157772,0.9860499953187903,0.8822583155121998,0.7885909674663045,0.006235378678321043,0.0014874753919645388,0.621875713969442,0.9930993365943245,SIRA
9954,52663,879.6809999999999,337.3990860627344,200.9331952521243,1.6791605072490745,0.8033288554230958,53503,258.9451952525628,0.820871327254306,0.984299945797432,0.85519476909825,0.7674745011147297,0.006406757800784885,0.001371115024919553,0.5890171098613032,0.9890542689730896,SIRA
9955,52701,883.087,347.8866212722664,194.36508487220928,1.7898617002173725,0.8293682206668205,53463,259.03860184746173,0.6511602046111646,0.985747152236126,0.8492229786526267,0.7446063918759624,0.006601138901961374,0.0012517156264049893,0.5544386788225395,0.9923685563435841,SIRA
9956,52710,872.6999999999999,326.0393835208449,207.39944947043222,1.5720359159744373,0.7715919695664748,53280,259.06071952920695,0.6774193548387096,0.9893018018018018,0.8697069253325067,0.7945687932901033,0.006185531844447826,0.0015208375480892837,0.631339567270491,0.9924884749249709,SIRA
9957,52736,888.201,354.7989038988105,192.59521551106792,1.8421999890148943,0.8398430972312133,53954,259.1246044495843,0.7665116279069767,0.9774252140712458,0.8400294928533764,0.7303421786316658,0.006727831157061789,0.0011807565876748624,0.5333996978884482,0.9826289175906473,SIRA
9958,52745,859.8589999999999,326.9764932364681,206.08755317106474,1.586590205013781,0.7763658948476654,53187,259.14671479117027,0.7752057613168725,0.9916896986105628,0.8964718937199593,0.7925545724284112,0.006199194108189745,0.001508800089987929,0.6281427502771818,0.9966051349401942,SIRA
9959,52772,868.829,328.38299060175086,205.71394499348315,1.5963088482511663,0.7794654730793942,53373,259.213034500127,0.7813443885105122,0.9887396249039777,0.8785061392738029,0.7893619399260837,0.006222674725266256,0.0014902584488901151,0.6230922722038702,0.994647707395962,SIRA
9960,52774,870.4919999999998,325.5621971953148,207.85240399096264,1.566314321817852,0.7696703866866886,53331,259.2179463961812,0.6707166732330999,0.9895557930659467,0.8751858922084709,0.7962163562886522,0.006168988463927594,0.0015293894858719995,0.633960486021578,0.9929813887222035,SIRA
9961,52836,874.5360000000001,342.6316353682377,198.2759927871096,1.7280540652045748,0.8155507211288879,53598,259.3701690357375,0.6732930652190534,0.9857830516064032,0.8681292954951293,0.7569942242985931,0.006484814054209965,0.0013135528592804187,0.5730402556214288,0.9902445432524787,SIRA
9962,52868,868.73,331.729509669393,203.96443052575196,1.6264086282804577,0.7886428026496588,53418,259.4487006154754,0.6785255916628163,0.989703845145831,0.8803048744984481,0.7821091975629366,0.006274674844317791,0.0014482400752760369,0.6116947969125407,0.9948656955728187,SIRA
9963,52893,869.116,329.08510165767177,205.89081145329806,1.598347684069999,0.7801070142145257,53537,259.5100368765666,0.6945805045239064,0.9879709359881951,0.8799390147530844,0.7885803263938697,0.006221713679648948,0.0014841354408853477,0.6218589311754622,0.9939467824625449,SIRA
9964,52926,874.0209999999998,337.53295866964567,201.06750425183412,1.6787046714763543,0.8032089475528545,53753,259.5909785502054,0.6842227738132175,0.9846148121965286,0.8706331545300391,0.7690833498848788,0.006377450755198686,0.0013763234631963615,0.5914891990701469,0.992935681606863,SIRA
9965,52950,875.744,334.1154528272902,203.2782848700738,1.6436357333536218,0.7936249375792617,53771,259.64982937357547,0.735447310304596,0.9847315467445277,0.8676038837859857,0.7771260717707443,0.006310017994849673,0.0014196336265146047,0.6039249314258281,0.9926325975546268,SIRA
9966,53010,879.784,335.5539973673707,202.10446611985483,1.6602997638279589,0.7982691628445365,53558,259.7968981077545,0.6834796735388543,0.9897681018708689,0.860628154071235,0.7742327617790947,0.00633001315539277,0.0014030416186472938,0.5994363694120844,0.9952440625647729,SIRA
9967,53184,879.1519999999999,336.76547393075765,202.4573120554975,1.6633900278121032,0.799112199098553,53971,260.22292740493657,0.7895252516255455,0.9854180949028182,0.8646949546415044,0.7727126072859862,0.0063320824671096124,0.0013925099832635174,0.5970847734587068,0.9931848579296616,SIRA
9968,53199,876.8629999999999,336.5795160854603,203.5596810436963,1.6534684784321796,0.7963855438995378,54209,260.25962141747215,0.7333140352328178,0.9813684074600159,0.8694604723095413,0.7732485459732793,0.0063268015580266596,0.0013952127094070464,0.5979133138497906,0.9886308172855555,SIRA
9969,53230,885.093,336.36593323693035,202.59436094367354,1.660292673844208,0.7982672222282206,54029,260.3354393206056,0.6858298760532894,0.9852116455977346,0.8538636355124396,0.7739649399549324,0.006319104513186743,0.001398686724004383,0.5990217282794421,0.9945513869358537,SIRA
9970,53231,879.491,337.8024171131553,201.92612279870198,1.6729010215776141,0.8016721304743777,53935,260.33788469179325,0.8164263803680981,0.9869472513210346,0.8647920524716549,0.7706809409968983,0.006345971653982741,0.0013809449510269868,0.5939491128158647,0.9936180775947774,SIRA
9971,53232,880.63,348.78190517762204,195.46045025007422,1.784411653259709,0.8282161388671544,53796,260.3403300400116,0.828268683190963,0.9895159491412001,0.8625726725325022,0.7464272835697416,0.006552109730568493,0.001254616360800342,0.5571536896573036,0.9941915364811359,SIRA
9972,53233,893.511,329.96912551864335,206.37568371837438,1.5988759895227183,0.7802727650498444,54022,260.3427753652613,0.6891538501372275,0.9853948391396098,0.8378977014653534,0.7889913183727604,0.006198582186212375,0.0014817025372306303,0.6225073004675868,0.9953119760202288,SIRA
9973,53317,886.3339999999998,341.5432102071527,199.2423133835303,1.7142102217499409,0.812214411596299,53963,260.54810075424587,0.689892990696531,0.9880288345718362,0.8528658998598461,0.7628554542080292,0.006405896997339548,0.001338223760455138,0.5819484440149387,0.9975819712618811,SIRA
9974,53335,881.24,342.24153414374314,199.81839129118367,1.7127629340435162,0.8118601395041641,54233,260.59207800401356,0.6959341318927947,0.9834418158685672,0.8630456339184093,0.7614273897409646,0.006416828239312705,0.001330497789602112,0.579771669847739,0.9930114263237222,SIRA
9975,53344,868.816,327.23652779278217,208.66042217509508,1.5682731031675248,0.7703311470263366,54149,260.614063846049,0.7853367684946633,0.9851336128091008,0.8880549139103021,0.796408841041973,0.006134458004513763,0.0015223000113126833,0.6342670420898185,0.994703942335087,SIRA
9976,53347,859.683,319.45572121652526,213.1670012281367,1.4986171376245785,0.7448053080778695,53832,260.62139204790293,0.8067477240419805,0.9909904889285184,0.907074980496927,0.8158294709996922,0.005988260281112813,0.0016363567426900896,0.6655777257516375,0.997446186232596,SIRA
9977,53379,875.7399999999999,328.2601270122093,207.56673884189638,1.581467863510854,0.7747040901253274,53953,260.6995467169405,0.6959452411994785,0.9893611105962598,0.8746411856130565,0.7941858461147919,0.006149611776395386,0.0015090931016580838,0.630731158169068,0.9974810571593626,SIRA
9978,53381,872.79,331.03069961165437,206.18871541597468,1.6054743778960825,0.7823262617128598,53891,260.70443060582556,0.6838369992698018,0.9905364532111113,0.8805966844341416,0.7875536344866763,0.006201283220839893,0.0014715732666888454,0.6202407271931734,0.9957805956362737,SIRA
9979,53413,895.9659999999999,341.5233905486457,200.14050407299064,1.7064181592352399,0.810294540226558,54213,260.78256038880215,0.7575022691173133,0.9852433918063933,0.8361299430795754,0.7635862362746629,0.006394012516590449,0.0013408667179802027,0.5830639402281054,0.9949508956004897,SIRA
9980,53419,877.594,343.4271617828314,198.6831325171207,1.7285169477244777,0.8156606581805274,53925,260.7972071173456,0.6842974994875999,0.9906165971256374,0.8716022187208909,0.759395983018555,0.006428932810101862,0.0013188391528224995,0.5766822590247177,0.9968050581762616,SIRA
9981,53472,886.6510000000001,343.8404226638406,199.10071697490872,1.7269672750961136,0.8152921968049841,54090,260.9265508454029,0.6630376827408335,0.9885745978924015,0.8547337951790889,0.7588594407368462,0.00643028917309696,0.0013153933205140415,0.5758676507954389,0.9945045877101993,SIRA
9982,53519,877.4649999999999,331.9782172312629,206.43909969373462,1.6081169590633433,0.7831400908303613,54178,261.0411982708499,0.7557259453811178,0.9878363911550814,0.8734906268638959,0.7863202605519242,0.0062029973884277145,0.0014627807111611778,0.618299552154446,0.9942979956008345,SIRA
9983,53550,872.5759999999999,334.7523065523032,205.1044146703959,1.6321067837094207,0.7903116936682933,54256,261.1167892353304,0.7895435244161358,0.9869876142730758,0.8838179382553903,0.780029843332931,0.006251210206392217,0.0014275414945291217,0.6084465564899971,0.9930497523719618,SIRA
9984,53561,883.9399999999999,345.28747813902737,198.1213810241768,1.7428077492398049,0.8190047385568201,54079,261.1436065760754,0.7954407069131952,0.9904214205144326,0.8614160648721817,0.7563077815145324,0.00644662120085561,0.0013010865579717863,0.5720014603794337,0.9968885777257623,SIRA
9985,53567,874.191,336.8428824822178,203.05975716891012,1.6588362321443317,0.7978679480459804,54009,261.1582330558017,0.7457988165680474,0.9918161787850173,0.8808349260489252,0.7753117154541285,0.006288253635301918,0.0014015713108765085,0.6011082561204237,0.9971401546936536,SIRA
9986,53599,881.856,340.75729280107316,202.00148095418092,1.6869049236246223,0.8053485079779296,54115,261.2362271168759,0.7519500561167228,0.9904647509932551,0.8661063104622241,0.7666342955406095,0.006357530789773563,0.0013546316217403936,0.5877281430990465,0.9914414983465383,SIRA
9987,53615,883.1569999999999,339.83617537310255,201.3683224653088,1.6876347342648623,0.8055371428109757,54275,261.2752154165713,0.7021714076169522,0.9878397052049747,0.8638142084108642,0.768826965315626,0.006338453331588222,0.0013660842621688054,0.5910949025964349,0.9975522888686491,SIRA
9988,53639,871.395,331.581486453838,206.85593475837047,1.6029585365349084,0.7815469282109145,54186,261.33368695988923,0.7987223777473346,0.9899051415494777,0.8876881233169562,0.7881431793878863,0.0061817238661018665,0.0014713291871284394,0.621169671215646,0.9957092271117023,SIRA
9989,53647,874.6450000000001,326.6817987357278,209.89921937381382,1.5563745292160114,0.7662698642375152,54149,261.35317456730326,0.7494377156587458,0.9907292840126318,0.881234860993692,0.8000236792461378,0.006089470030676977,0.0015387590712994687,0.640037887354527,0.9961386656118127,SIRA
9990,53659,900.334,359.5163506083766,190.56513154176568,1.8865799199450206,0.8479603214710338,54211,261.3824032542055,0.6966529912754467,0.989817564700891,0.8318502217835547,0.727038986716159,0.006700019579350651,0.0011547464475873382,0.5285856882052592,0.9972191453383618,SIRA
9991,53661,871.401,334.47182204032174,205.27999793864277,1.6293444339389258,0.7895052763640952,54210,261.3872743842622,0.7848273441270677,0.9898727172108467,0.8880399787469662,0.7814926614438422,0.006233052347893661,0.0014341023705085898,0.6107307798905798,0.9950907968498953,SIRA
9992,53711,879.517,328.570280211708,208.81084895220528,1.5735306946954393,0.7720897555503315,54301,261.50902314694673,0.7148028373324816,0.9891346384044493,0.8725385538326974,0.7958998086450435,0.006117374098633576,0.0015141831318819124,0.6334565054012169,0.9967632550033222,SIRA
9993,53743,893.8969999999999,350.1538624757399,196.28926922495535,1.7838665549997519,0.8281002410173606,54580,261.58691261739733,0.7827980482120749,0.9846647123488458,0.8451947877895041,0.7470627648310495,0.006515338973926649,0.0012518293845348704,0.5581027745970119,0.9955808738561746,SIRA
9994,53745,890.1159999999999,348.1535408000472,198.16218796660792,1.7569120747632951,0.8222126359935884,54652,261.5917799392621,0.6593831280365118,0.9834040840225426,0.8524221298790107,0.7513690061520886,0.006477877770956316,0.0012735782041574937,0.5645553834059773,0.991874169978583,SIRA
9995,53749,871.2519999999998,330.74747129014327,208.4934351953164,1.5863687553533732,0.7762944575237047,54383,261.6015143113095,0.8062067827626033,0.9883419450931358,0.8898005636851261,0.7909403306724708,0.0061535558110875225,0.0014855278258646383,0.6255866066842776,0.9924110466114777,SIRA
9996,53749,877.19,340.0961550391761,202.36964570647487,1.6805690095068178,0.8036986337324663,54241,261.6015143113095,0.8217998899149899,0.9909293707711878,0.8777946074480713,0.7691986822996434,0.006327488047018105,0.0013663602607434202,0.5916666128515078,0.9943365735181122,SIRA
9997,53839,888.3,350.63161162632184,196.34787635548227,1.785767272529667,0.8285038381545567,54482,261.82044199984927,0.7724390243902439,0.988197936933299,0.8574079865733789,0.7467108877760823,0.006512595174990654,0.0012489463442015112,0.5575771499233448,0.9957030262434766,SIRA
9998,53923,876.5179999999999,329.8096597773103,208.71389916453978,1.5801997907063419,0.7742896459875674,54432,262.02460947543494,0.6942488187354353,0.9906488830099941,0.8819870975079489,0.7944722105846013,0.006116307693884062,0.0015030863524317848,0.6311860933911829,0.9974001326735007,SIRA
9999,53942,893.241,352.1032086982546,196.6905070460832,1.7901382938412949,0.8294263667499608,54569,262.07076815643546,0.6706367953850362,0.9885099598673239,0.8495708652798839,0.7443009938061225,0.006527440745583304,0.0012357115225160144,0.5539839693807816,0.9917079177627406,SIRA
10000,54001,873.3969999999999,331.8137707952212,208.11877288027216,1.5943481032636544,0.7788456797373482,54503,262.2140512162602,0.7765905430280718,0.9907894978258077,0.8895866863122701,0.7902446320652724,0.006144585670547234,0.0014781502607654458,0.6244865785079777,0.9956489919578034,SIRA
10001,54079,882.5269999999999,346.53588969589566,199.46710864522535,1.7373084316986247,0.8177292645403854,54691,262.4033561899178,0.7569425004199093,0.9888098590261651,0.872534311576511,0.7572184122694802,0.006407956687362852,0.0012995230666001426,0.5733797238799123,0.9961374288616008,SIRA
10002,54103,891.178,337.391478614212,204.98991571398238,1.645893054978209,0.7942639255118928,54738,262.4615764046358,0.7199143070044709,0.9883992838613029,0.8560562409353399,0.7779140643464375,0.006236095569824446,0.0014087016349137516,0.6051502915079935,0.9960126620110452,SIRA
10003,54203,883.7829999999999,342.84805263644336,202.18139715409453,1.6957447987914456,0.8076140737198569,54803,262.7040217493444,0.7860975751247244,0.9890516942503148,0.8720510341691208,0.766240378876867,0.00632525972061405,0.0013449875467311406,0.5871243182213648,0.9956130088678529,SIRA
10004,54251,875.728,333.7072318184975,207.81127663085053,1.605818689094936,0.782432574108229,54848,262.82031607436153,0.7611184376666011,0.9891153733955659,0.8889536967297695,0.78757752609122,0.006151171993483946,0.001459858936150072,0.6202783596039664,0.9960545822931988,SIRA
10005,54282,879.376,327.52061193687945,211.59954893746084,1.5478322783839185,0.7632825385155214,54920,262.89539548518934,0.7603159929405833,0.9883831026948289,0.882097289189062,0.8026835133535204,0.006033687261649892,0.0015450407220493664,0.644300822609551,0.9972696102243743,SIRA
10006,54322,914.3009999999999,359.40408435522664,193.2323467004575,1.8599581824277236,0.8431703535130844,54916,262.9922404731811,0.6825486574440549,0.9891834802243427,0.81659595756775,0.7317452748067428,0.006616179160473227,0.0011701100958715033,0.5354511472019955,0.9959167425286631,SIRA
10007,54476,889.751,340.77780529816056,203.99351322248904,1.6705325572116863,0.8010394946415134,54975,263.36476119441784,0.670333591740805,0.9909231468849478,0.8647251804929965,0.7728342547543234,0.006255558508300179,0.0013765478307147558,0.5972727853216704,0.9977636334163564,SIRA
10008,54484,878.7049999999999,333.65605900248784,208.93508751730639,1.5969364598698657,0.7796632757556681,55109,263.3840985240958,0.8063580393085484,0.9886588397539422,0.8867325546469966,0.7893880282333849,0.0061239273732194375,0.001466803497607928,0.6231334591181913,0.9951045402306681,SIRA
10009,54486,879.66,327.83936342013476,212.24247907671975,1.5446453737549397,0.7621522830741096,55017,263.38893263468776,0.7239798562298196,0.9903484377556028,0.8848407227464848,0.8034085043568973,0.006016946801382645,0.0015463280457340884,0.6454652248729865,0.9970148735197505,SIRA
10010,54496,882.8340000000001,326.22417446122535,215.16261736660297,1.516174967816975,0.7516567576865845,55707,263.4131018569263,0.7311366319630782,0.9782612598057695,0.8786509628706866,0.8074603983348735,0.005986204023437048,0.0015696983578640555,0.6519922948791126,0.9885343967052543,SIRA
10011,54598,885.313,342.12341872332513,203.9047123007107,1.6778593042949144,0.8029862669921071,55145,263.6595013714666,0.7868507522914625,0.9900806963459969,0.8753725326778149,0.7706561052012864,0.006266226212010058,0.0013634158070658672,0.5939108324840163,0.9964988162048449,SIRA
10012,54646,906.199,364.491524823324,191.22530573968893,1.9060841524787457,0.8513267696145504,55258,263.77537444120463,0.6645910611128002,0.988924680589236,0.8362210285718851,0.723680405378593,0.006670049497187791,0.00112848573651746,0.5237133291289247,0.9982416770945288,SIRA
10013,54652,875.653,329.68145200487066,213.03862345319212,1.5475196312339428,0.7631720389711888,55418,263.789854996105,0.7861334867663982,0.9861777761738063,0.8956778697211153,0.800135565382695,0.006032376710913977,0.0015251849700210214,0.6402169229902851,0.9907482565756554,SIRA
10014,54657,886.563,341.26630004292866,204.92238347237802,1.6653441867121792,0.7996424250541674,55297,263.80192151800145,0.7339268449887206,0.9884261352333761,0.8738491130556048,0.7730090005512329,0.006243780303399906,0.0013751990978326015,0.5975429149332159,0.9951146196950813,SIRA
10015,54681,892.021,349.02968934807444,199.8891152875952,1.7461165348893546,0.8197654093116603,55264,263.8598331418851,0.7605569155446756,0.9894506369426752,0.863567232525465,0.7559810560377498,0.0063830158436764955,0.0012860247776153345,0.5715073570879514,0.9979184460221869,SIRA
10016,54722,913.2649999999999,358.5574861554054,195.6424775105567,1.8327179798469786,0.8380211895865294,55746,263.9587361066073,0.7575027685492802,0.9816309690381373,0.8244763408950141,0.7361685261040757,0.006552346152468941,0.0011870952812786588,0.5419440988262472,0.9932306939908313,SIRA
10017,54753,895.425,352.92881908858556,197.9431844811854,1.7829804042691433,0.8279115675721848,55282,264.0334918014841,0.6732533261195681,0.9904308816613002,0.8581423843539745,0.748121087088701,0.006445835280050144,0.001245508084671521,0.5596851609467797,0.9979076745283296,SIRA
10018,54772,896.2620000000001,354.2456832357226,198.18267864240494,1.7874704573698552,0.8288642319138189,55364,264.0792993481964,0.6502362466462474,0.9893071309876454,0.8568375615463901,0.7454693503561268,0.006467641919881009,0.0012320969976559095,0.5557245523203858,0.9933412197077781,SIRA
10019,54810,874.8359999999999,328.47435170922756,213.07006168460265,1.5416260225026468,0.7610734162131175,55365,264.17089061237283,0.7540446841294299,0.989975616364129,0.8999458398355801,0.8042359753135991,0.005992963906389848,0.0015465195327520468,0.6467955039886162,0.9971167801865652,SIRA
10020,54815,893.9549999999999,346.4924871932083,201.93570131673604,1.715855517047652,0.8126158775324971,55353,264.1829397305169,0.7668149515975603,0.9902805629324517,0.8619418486176871,0.7624492579061473,0.006321125370668764,0.0013177042631396416,0.5813288708816348,0.9974763503213351,SIRA
10021,54893,904.655,358.3365274928936,195.54402570141735,1.8325107412897876,0.8379810093288005,55364,264.37083486865055,0.8187974523053058,0.9914926667148327,0.8428705012617069,0.7377724975969508,0.006527909341680972,0.0011930090111425323,0.5443082582104428,0.9974507297433715,SIRA
10022,54916,883.4429999999999,336.04715870194514,208.7669714205862,1.6096758812721275,0.7836179153863774,55402,264.4262143560585,0.7665335976103403,0.9912277535107036,0.884202406333992,0.7868723407079589,0.006119294171133096,0.0014470988988372195,0.6191680805712221,0.9966599257490536,SIRA
10023,54942,886.541,337.95264961870413,207.5113050120581,1.628598738748553,0.7892867388822364,55558,264.4888032920095,0.7065586419753086,0.9889124878505345,0.8784492533148283,0.7826208896140321,0.006151080223120821,0.0014234325650355974,0.6124954568602591,0.9975093285318367,SIRA
10024,54957,897.669,346.63353905281156,203.1906922823011,1.7059518581255655,0.8101786688302837,55761,264.52490555713337,0.742642090754304,0.9855813202776134,0.8570386864220304,0.763125536784343,0.0063073591908730745,0.00131950570928413,0.5823605848923918,0.993479121896267,SIRA
10025,55076,894.091,342.52493062716576,205.8840505781978,1.6636788020501363,0.7991906926526449,55773,264.8111424503014,0.7025,0.9875029135961846,0.8657825111057106,0.7731149436784943,0.006219132301313926,0.0013705214281668418,0.5977067161390014,0.9943919934834546,SIRA
10026,55135,901.067,350.80343848531953,201.62960887780235,1.739840891611926,0.8183183754328138,55733,264.9529435559703,0.6559317597791948,0.9892702707552079,0.8533419059724803,0.7552746481048477,0.006362626978966528,0.0012771321983780048,0.5704397940699016,0.9924744799255011,SIRA
10027,55150,893.011,346.41368621528864,203.46616725825362,1.7025616144604323,0.8093328591204085,55724,264.98898258634114,0.8006678281068524,0.989699231928792,0.8690439965921295,0.7649495188295078,0.006281299840712396,0.001326662309547669,0.5851477663574957,0.9962501257875336,SIRA
10028,55155,886.7570000000001,332.75018194151374,212.9079635258247,1.5628827425290401,0.7685054284827013,56088,265.0009945073186,0.7189223008641927,0.9833654257595208,0.8814252795420946,0.7963962422532854,0.00603300121369801,0.0014970282094024796,0.6342469746751538,0.991253651221051,SIRA
10029,55314,896.53,343.56866943416077,205.9817402075109,1.667956922240008,0.8003478892435891,56015,265.38269004869323,0.7033377837116155,0.987485494956708,0.864799193785724,0.7724298332725285,0.006211242532345532,0.001363937300392791,0.5966478473294261,0.9951829070927157,SIRA
10030,55424,882.65,341.5211884687444,207.32457252487396,1.6472779097507608,0.7946543885818194,55894,265.6464351867001,0.7846868275002832,0.9915912262496869,0.8939859201735909,0.7778329548973555,0.006161972944369667,0.0013913772775787162,0.6050241057243514,0.9966428442264329,SIRA
10031,55427,879.739,332.04626817155537,213.2773950842551,1.5568751111217423,0.7664430421491769,55953,265.65362456784936,0.8149111973653258,0.9905992529444355,0.899960703363326,0.8000500232413288,0.005990695296002948,0.0015139989085465053,0.6400800396884507,0.9965246829167659,SIRA
10032,55434,888.4250000000001,336.5121927246044,210.26952899304655,1.600384964650454,0.7807450948952067,55924,265.67039903393265,0.7053389657980456,0.991238108862027,0.8825606085095739,0.7894822380220635,0.006070501726821164,0.0014547012233228909,0.6232822041523263,0.9974914682595777,SIRA
10033,55501,881.0210000000001,330.16704181473136,215.28273044742383,1.5336438790447453,0.7581829720849497,56118,265.83090108628505,0.8093474298213634,0.989005310239139,0.8985415232636627,0.8051406331327654,0.005948848521913684,0.0015420542489865434,0.6482514391214304,0.994186851690529,SIRA
10034,55513,904.513,348.2910300888631,203.4497786293404,1.7119263163387612,0.8116548686610764,56040,265.85963749106986,0.6694120200655991,0.9905960028551035,0.8526581267358373,0.7633261109918287,0.0062740444596556325,0.0013139166878870985,0.5826667517219096,0.9974825459283603,SIRA
10035,55517,895.616,340.80921346237847,208.48784243523036,1.634671880535459,0.7910561380384111,56259,265.86921560244997,0.6768219832735962,0.9868109991290283,0.869745452690357,0.7801115847233366,0.006138826187697074,0.0014024649260377027,0.6085740846195555,0.9948189433501944,SIRA
10036,55530,891.9409999999999,333.3852970514833,213.78503367603625,1.559441703279781,0.7673277342858845,56421,265.9003420816596,0.6947589675578966,0.9842080076567236,0.8771326598128197,0.7975766910938418,0.006003697047568581,0.0014986090310607353,0.6361285781762016,0.9920054334560411,SIRA
10037,55563,873.756,315.945499986244,224.72930940222847,1.405893609634841,0.7028972745259915,56100,265.9793390925691,0.7113338710296885,0.9904278074866311,0.914566329496337,0.8418519621395134,0.005686257041308857,0.0017617698125834051,0.7087147261581485,0.9963775045598473,SIRA
10038,55627,893.42,344.67861382327953,206.37156140444907,1.6701846488808354,0.8009462965500312,56187,266.13247857971584,0.7827071900942733,0.9900332817199708,0.8757580986574243,0.7721177581274736,0.006196246675594218,0.0013584467706480399,0.5961658324157958,0.9957070214881268,SIRA
10039,55696,900.9599999999999,350.919517333129,203.4276025479022,1.7250339331433455,0.8148308837804665,56318,266.29748343454094,0.8242589276464756,0.9889555737064526,0.8622294452164911,0.7588562912040708,0.006300623336202403,0.0012888472104764922,0.5758628706999976,0.9933829927948349,SIRA
10040,55808,898.251,332.4978095349196,214.8354775389877,1.5476857609543513,0.763230764879714,56592,266.5650999523005,0.696729088639201,0.9861464517953068,0.8691823608950807,0.8017048302518375,0.005957887928879723,0.0015182038668942438,0.6427306348491275,0.9947450516851453,SIRA
10041,55820,894.312,344.3845312106263,207.17088435774286,1.662321094386713,0.7988212222196657,56387,266.5937572170751,0.7449818492419389,0.9899444907514143,0.8770443996990632,0.7741165268948327,0.006169554482454789,0.0013666550937109358,0.5992563972117182,0.996156550031222,SIRA
10042,55885,883.311,336.1980754038878,213.2377875383784,1.5766346072380772,0.773117874649531,56476,266.7489305649126,0.8010578521873746,0.9895353778596218,0.9000732229280447,0.7934278929005074,0.006015891122911118,0.001470650877491358,0.629527821232539,0.9925353491744069,SIRA
10043,55890,928.849,353.66030594220615,203.0297381947657,1.741913815615233,0.818798362469183,56877,266.7608632375601,0.715822638899562,0.9826467640698349,0.8140549808324041,0.7542855637328809,0.006327792197928183,0.0012634997337771035,0.56894671165583,0.9910561373821466,SIRA
10044,56048,923.0439999999999,361.6974023097587,198.12544057743128,1.8255979709400332,0.8366317637892756,56744,267.13766114742486,0.6715552360412174,0.9877343860143804,0.8266566747128563,0.7385667119573267,0.006453350740610881,0.0011844696874706647,0.5454807880114569,0.9958286197804863,SIRA
10045,56074,937.7729999999999,355.6386083140678,202.0103965506066,1.7604965605073453,0.8230136749171919,56916,267.1996149538384,0.6532005358494962,0.9852062688874833,0.8012645931218753,0.7513234185133013,0.006342308526484071,0.001246622126580894,0.5644868792065133,0.993777209294592,SIRA
10046,56131,895.196,352.17899216410143,203.30506908112335,1.7322686234821523,0.8165479093346795,56543,267.33538651949806,0.7852905789193878,0.9927135100719806,0.8801898933479448,0.7590895325037741,0.006274233349915402,0.0012850275554911346,0.5762169183567981,0.9981624879890586,SIRA
10047,56214,898.7949999999998,347.7550467632102,206.6142160017745,1.6831128733185692,0.8043637027374234,56742,267.5329657588807,0.717015306122449,0.990694723485249,0.8744461254865824,0.7693144017577594,0.006186271155996908,0.0013366698901219954,0.5918446487518992,0.9961413473190286,SIRA
10048,56333,904.166,350.3590766673058,205.44413496649508,1.7053739534810484,0.8100349100683981,56971,267.8159877109018,0.6897467920462337,0.9888013199698092,0.865917267821142,0.7644043084552785,0.006219428694855695,0.0013098536079549845,0.5843139467849927,0.9964737855028378,SIRA
10049,56346,920.06,369.19180687710264,195.20818017860114,1.8912722127695636,0.8487809676181485,56942,267.8468879558758,0.6704744225895121,0.989533209230445,0.8364512894649108,0.7254952113415595,0.00655222743188696,0.0011197135330613254,0.526343301679534,0.9954584608438903,SIRA
10050,56642,921.327,352.39448334159516,207.0553752711417,1.7019335184132747,0.8091755068654736,57583,268.549500637944,0.6422505187486536,0.9836583713943351,0.8385343280258298,0.7620706717409771,0.006221434330383729,0.0012943486546653934,0.5807517087277442,0.9884007989595309,SIRA
10051,56985,924.718,367.35253317204564,199.44160489790474,1.8419052201274424,0.8397869417794943,57768,269.3613844943875,0.6578886605555427,0.9864457831325302,0.8374363224454536,0.7332503798693963,0.006446477725226738,0.0011495065113888154,0.537656119578614,0.9903116132853136,SIRA
10052,57000,906.0649999999999,349.0001319958979,208.90586569249615,1.6706095390811897,0.8010601073036876,57581,269.3968337785436,0.7658099447810724,0.9899098661016654,0.872501155098105,0.7719104065602762,0.006122809333261366,0.0013409052218141125,0.5958456757560511,0.9954254697383366,SIRA
10053,57209,922.0509999999999,365.2606060854155,199.86419290515735,1.827543997632155,0.8370133617056535,57675,269.890276065578,0.7147551224387806,0.9919202427394885,0.8455987535211761,0.7388978487388939,0.006384670350563993,0.0011739668947924524,0.5459700308709653,0.997784252805275,SIRA
10054,57222,918.0389999999999,359.10759278881767,205.1060696187794,1.750838448887804,0.820842283012101,58490,269.9209388484626,0.7362583633556357,0.9783210805265857,0.8531995831306499,0.7516436418185021,0.006275691041711539,0.0012356323495207684,0.5649681642861807,0.9891679844298067,SIRA
10055,57239,919.405,356.0448174769801,206.1805584753405,1.7268593125843317,0.8152664836749842,58301,269.9610310787392,0.6965924303273701,0.9817841889504468,0.8509189182188099,0.7582220490997412,0.006220318619769389,0.0012681716253098803,0.5749006757410103,0.9927725857143888,SIRA
10056,57436,897.2470000000001,337.87452094706305,217.0157486501983,1.5569124501267124,0.7664559514358716,57931,270.42519574072384,0.7785187594881804,0.9914553520567572,0.8965407229812175,0.8003716734328513,0.00588262624394218,0.0014890794081494668,0.6405948156337029,0.9973500439467381,SIRA
10057,57644,917.251,360.3840144410814,204.8277878082609,1.7594488438181861,0.82278012446239,58495,270.9144151142824,0.6774792562818795,0.9854517480126507,0.8609691410918776,0.7517381577938268,0.006251891167182732,0.0012315656102197343,0.5651102578832565,0.9942825898624926,SIRA
10058,57790,920.668,360.9603497927364,204.70253997756436,1.7633408448781245,0.8236452752069583,58342,271.2572824649046,0.7359814571897964,0.9905385485584999,0.8567546328509069,0.7514877537675833,0.00624606938558118,0.0012287801809530215,0.5647338440626479,0.9958182537207004,SIRA
10059,57944,921.449,353.8206459167153,210.40901953274667,1.681584975313518,0.8039646763750955,59041,271.61846803951727,0.6863532449687881,0.9814196914008909,0.8575821444798836,0.7676727493834621,0.006106251655334725,0.0013081542582009476,0.5893214501459638,0.9909940961954272,SIRA
10060,58063,941.882,366.6895233786926,202.79096986067066,1.8082142593954253,0.8331601406862299,58936,271.89723736359986,0.7350118993366753,0.9851873218406407,0.8224629452083224,0.7414916980946914,0.006315373359604096,0.0011776167254895248,0.549809938343349,0.9941741704697634,SIRA
10061,58074,910.1149999999999,351.9588608893951,210.4178319847485,1.6726665110536154,0.801609632913424,58609,271.9229915269208,0.7776483348732576,0.9908717091231722,0.8810469656762863,0.7725987941879775,0.0060605238297585,0.0013320055362791346,0.5969088967807169,0.9984295217950644,SIRA
10062,59431,956.7849999999999,390.4890726437633,194.5646447826536,2.006988849798354,0.8670283136555521,60276,275.0816231287642,0.689838889404773,0.9859811533612052,0.8158196954231303,0.7044540869386033,0.006570461083336361,0.0009981283297781712,0.49625556060450127,0.9959793767836652,SIRA
10063,60493,931.3209999999999,363.8142428682899,212.6137516643857,1.711151042772514,0.8114643338007359,61239,277.528520659885,0.7918139218304144,0.9878182204150949,0.8764279017591757,0.7628302797379964,0.006014154412383084,0.0012562209485985334,0.58191003568515,0.9957359643624352,SIRA
10064,63612,984.2819999999999,400.9314667645517,204.34780844548035,1.9620052195055449,0.8603624855069829,64581,284.5932429269767,0.8156639482997384,0.9849955869373345,0.8251061576586367,0.7098301493359837,0.006302764679062939,0.0009870260657086412,0.5038588409063449,0.9885736757522623,SIRA
10065,20420,524.932,183.6011650038393,141.88621547951902,1.294002834477897,0.6346547081339138,20684,161.24376423134018,0.7901865180713568,0.9872365113130922,0.9312354606841701,0.878228437319384,0.00899124216473258,0.0032993579871328487,0.7712851881164475,0.9980452196135011,DERMASON
10066,20464,528.408,191.24931199749955,136.3684624168319,1.4024453206263747,0.7011230728415717,20772,161.41739077144186,0.7474068663257852,0.9851723473907182,0.9210042258862918,0.8440155370261007,0.009345646598783206,0.0029254378941963046,0.7123622267414572,0.9990490714845415,DERMASON
10067,20548,524.736,183.96525148951892,142.67238778861355,1.2894243542211248,0.6312985864753757,20825,161.74834207873081,0.7596864832889677,0.9866986794717887,0.9377729476132691,0.8792331202175218,0.00895295169795206,0.003300366434439864,0.7730508796874391,0.9967906313210487,DERMASON
10068,20711,525.413,186.07914937588032,142.08167972388168,1.3096632144095026,0.6457427044362662,20988,162.3886209406618,0.7935249042145593,0.9868019820850009,0.9427777067856491,0.8726857441326562,0.008984556485726441,0.003214459307980505,0.7615804080123681,0.9974138451887786,DERMASON
10069,20786,534.7170000000001,200.92724087809378,132.14355308179617,1.5205224635795958,0.7533073135666243,21057,162.68238127364958,0.789411720025825,0.9871301704896234,0.9135510133882317,0.8096581656259937,0.009666469781492052,0.0025624444613100523,0.655546345164849,0.9967729437406562,DERMASON
10070,20942,530.6829999999999,191.1765252973196,139.5864021820974,1.3695927562336647,0.6832932520241026,21191,163.2917099728084,0.7423608649415101,0.9882497286583927,0.9344534421168899,0.854141007735419,0.009128857095660376,0.0029971913021596885,0.7295568610952773,0.9991957922166617,DERMASON
10071,21101,533.701,185.38192140229614,146.03225775986593,1.2694587089596083,0.6160112955345878,21462,163.9104256399106,0.7463568194680249,0.9831795731991426,0.9309296621443072,0.8841769704404435,0.008785456679887026,0.0033120806249210006,0.781768915057241,0.9924233576133188,DERMASON
10072,21314,537.2149999999999,193.9609964806625,140.08144392251413,1.3846301911904317,0.6916691530332597,21587,164.73562959021723,0.7620852402745996,0.9873534997915412,0.9280653634806403,0.8493234855423164,0.009100168737949822,0.0029209339832627643,0.7213503830937494,0.9988035188583896,DERMASON
10073,21348,530.8249999999999,191.99449442844517,141.85953661262405,1.3534126715267982,0.6738447730355526,21590,164.8669700122079,0.7259742909610284,0.9887911069939787,0.9520600050022227,0.8587067587693381,0.008993558854620816,0.003016413449539861,0.7373772975561422,0.9979757782086692,DERMASON
10074,21397,535.436,192.5302973317144,141.6521869312392,1.3591763142010114,0.6772643983886091,21731,165.05607089319156,0.7726501281912397,0.9846302517141411,0.9378807358796898,0.8572992052716414,0.0089980042684355,0.0029981657739850537,0.7349619273593878,0.9989428435064042,DERMASON
10075,21405,534.918,191.20291335253236,143.02155691697874,1.3368817783428408,0.6636882481222078,21737,165.08692393722816,0.7244145119805063,0.9847265031973134,0.940049389860887,0.86341217841617,0.00893262851448411,0.003062187054792339,0.7454805898373561,0.9966194166618347,DERMASON
10076,21479,543.924,198.62980704313355,137.88680937075048,1.4405279805195659,0.7197918854754839,21762,165.37204171614547,0.7366922760323775,0.9869956805440676,0.9123205933765479,0.8325640757443521,0.00924762824354642,0.002740821774376385,0.6931629402200472,0.9985206104461892,DERMASON
10077,21558,539.466,197.2521196863304,139.4166267338272,1.4148392792699118,0.7074193630321045,21808,165.6758826908752,0.7289264581572273,0.988536316947909,0.9308724451888937,0.8399194034230526,0.0091498339218077,0.0028089462632808135,0.7054646042465366,0.9981190322226035,DERMASON
10078,21570,538.4540000000001,196.53727977637593,139.87730254426384,1.4050691298839006,0.7024746608878941,21820,165.7219870142084,0.8124599796602509,0.9885426214482127,0.934894907315837,0.8432089179354177,0.009111603142159292,0.0028412884291453416,0.711001279285818,0.9990059488324649,DERMASON
10079,21602,558.3429999999998,208.5232303742883,132.18752074151345,1.5774804550729549,0.7733967599704893,21932,165.84486921629195,0.7452820424357426,0.9849534926135327,0.8707664233146423,0.7953304239465746,0.009652959465525798,0.002382487490304741,0.6325504832550382,0.9978360241817752,DERMASON
10080,21636,545.616,191.64891668483762,143.94830399213967,1.3313732178136857,0.6601836853634702,21993,165.9753318716067,0.7611877286799887,0.9837675624062202,0.913298284842644,0.8660384558528418,0.008857871911852357,0.0030736744472478245,0.7500226070159746,0.9985600117358676,DERMASON
10081,21666,531.318,187.1686348226686,147.6309493275189,1.2678143416082452,0.6147025340913114,21877,166.0903608769396,0.8109139905681563,0.9903551675275404,0.9644496158519648,0.8873835139862005,0.008638818186221203,0.0033043003832171555,0.7874495008944976,0.998339770526299,DERMASON
10082,21706,546.187,199.32338990081993,138.86733006548812,1.4353512075649577,0.7173688226986048,22006,166.24360907421806,0.7910349854227405,0.9863673543579023,0.9143383683854741,0.8340396436009752,0.009182870630278261,0.002740974560553472,0.6956221270980417,0.9984620601390788,DERMASON
10083,21766,536.8689999999999,188.9191604203252,147.04807359279886,1.2847442051058384,0.6278119413684661,22078,166.47321685696335,0.7359594251901944,0.9858682851707582,0.9489685808544148,0.8811875750801454,0.00867955345126919,0.0032281269406297703,0.776491542475627,0.997593009509256,DERMASON
10084,21830,543.295,201.34774340817174,138.53555505766678,1.4534012104283176,0.7256715680254109,22029,166.71778327931486,0.7310294019154778,0.9909664533115439,0.9293775625579931,0.8280091967126987,0.009223442208345018,0.002674320391324646,0.6855992298408088,0.9964507505193537,DERMASON
10085,21877,542.194,202.01615513088026,138.07402986320284,1.4631003044600657,0.7299691083128892,22107,166.89715851437123,0.7471653005464481,0.9895960555480164,0.9351649395036497,0.8261574843172493,0.00923417996667186,0.002653563369037867,0.6825361888934061,0.9986189057749553,DERMASON
10086,21961,551.6959999999999,204.77631342904934,136.70995787896157,1.4978887902983002,0.7445144874694684,22267,167.21726478425876,0.7804193319118692,0.9862576907531324,0.9066972648138364,0.8165849945442836,0.009324544120443028,0.002557484153498476,0.6668110533148878,0.9988088020073725,DERMASON
10087,22069,561.5229999999999,208.03287278537908,135.98784427838203,1.5297902094801428,0.7567672701055392,22426,167.62793177976127,0.6838012022061102,0.9840809774369036,0.8795436942261604,0.8057761715029417,0.009426474819220584,0.002451245195426758,0.6492752385619383,0.9932549032099373,DERMASON
10088,22144,557.585,199.12296669805676,143.12925658634654,1.3912107939855785,0.6952186390125571,22445,167.91252627072063,0.7200598315611485,0.9865894408554243,0.8950427372109362,0.8432604689208826,0.008992185996118892,0.0028047361388848524,0.7110882184446667,0.9892736049761953,DERMASON
10089,22158,542.4359999999999,198.77512494863944,142.155495251201,1.398293640336497,0.6989634743664187,22424,167.9655971687111,0.7436568666935159,0.9881377095968605,0.946331752974061,0.8450031019329552,0.008970806252759249,0.0028212687127675356,0.7140302422763165,0.9984239467829016,DERMASON
10090,22162,568.0699999999999,219.33739002983086,129.5762069262578,1.6927288985597209,0.8068458317649989,22502,167.98075720278402,0.7276010374601923,0.9848902319793796,0.8630085637946748,0.7658555487504337,0.009897003430639421,0.0021002497249237224,0.586534721551828,0.9928442731794584,DERMASON
10091,22190,564.639,202.9816946112838,139.94558134462642,1.4504330373348928,0.7243339719572295,22701,168.08683915664918,0.7736020080881327,0.9774899784150478,0.8746321203870842,0.8280886583321745,0.009147440045573853,0.0026533019758389984,0.6857308260583811,0.9946066448340227,DERMASON
10092,22199,544.793,193.57310285751856,146.57916827113033,1.3206044565586745,0.6531494717331883,22459,168.12092271212373,0.7340939153439153,0.9884233492141236,0.9398969445067054,0.8685138597787051,0.008719901926101111,0.003060542230494608,0.7543163246277039,0.9961534999583059,DERMASON
10093,22205,564.439,206.90642941631077,137.69161796181717,1.5026799196570364,0.7464177183233313,22532,168.14364124415852,0.7252743663443951,0.9854873069412391,0.8758437072496666,0.8126554680707446,0.009318010782090104,0.0025068527174331597,0.6604089097852811,0.9923832074969373,DERMASON
10094,22227,544.406,197.92330173948858,143.93691636607784,1.3750697648413281,0.6863876815671343,22438,168.22691627925792,0.7197862694300519,0.9905963098315358,0.9424208970940973,0.8499601350662704,0.008904634081949367,0.0028667516284257085,0.7224322312018729,0.9933947182725555,DERMASON
10095,22298,539.161,191.95469019620046,148.09788208469143,1.2961339317899834,0.6361987543151655,22505,168.49538678701165,0.7367099481283246,0.9908020439902244,0.9639152136220404,0.877787287274874,0.008608605713346509,0.003152606211414436,0.7705105217013821,0.9986848319783638,DERMASON
10096,22309,556.9649999999999,198.7999603050897,144.13748608531355,1.379238432030249,0.6887090727770516,22620,168.5369425482044,0.7425442684063374,0.9862511052166224,0.9037205502449169,0.847771510062467,0.008911199977815667,0.0028394303719687965,0.7187165332735954,0.99128146442649,DERMASON
10097,22333,545.278,201.0372975087605,142.03858057119638,1.4153710682006655,0.7076845882528653,22596,168.62757411695867,0.799434421534937,0.9883607718180208,0.9438891160777815,0.8387875096142817,0.009001804392995142,0.0027486355129488983,0.7035644862849287,0.9958048185011521,DERMASON
10098,22416,559.918,213.20980148006396,133.9332071441859,1.591911416341526,0.778071554441614,22648,168.94063346271497,0.7166240409207161,0.9897562698693041,0.8985021558926782,0.7923680444799422,0.009511500779802996,0.0023127922350668004,0.6278471179129677,0.9994769947227774,DERMASON
10099,22428,550.7280000000001,196.3438846571294,145.87367550561785,1.345985723445817,0.6693469955304806,22696,168.98584706809095,0.8115501519756839,0.9881917518505463,0.9292361499163727,0.8606626448447166,0.008754408982393855,0.0029630461086543633,0.740740188231103,0.9970257181416318,DERMASON
10100,22449,554.779,202.21624988909852,141.82897985084753,1.425775254829841,0.7127946256469047,22712,169.0649417820255,0.787960687960688,0.9884202183867559,0.9165725300309131,0.8360601181890467,0.009007806578872044,0.0027148687817789654,0.6989965212262825,0.9966119431765753,DERMASON
10101,22455,561.438,210.22692689129056,137.79803799026655,1.5256162566417677,0.7552187587912248,22837,169.08753347609064,0.7585892368501064,0.9832727591189736,0.895198438195459,0.8043095904813692,0.009362143259465177,0.002416840744754167,0.6469139173403079,0.9869423889421826,DERMASON
10102,22461,544.584,192.80130315378545,148.54113649488988,1.2979657198221195,0.6375168992972389,22699,169.110122152095,0.7747309602649006,0.9895149566060178,0.9517200019727609,0.8771212610383992,0.008583825437593404,0.003134001448526053,0.7693417065655916,0.998579161951586,DERMASON
10103,22687,553.4350000000001,204.69091962669316,141.24058194513245,1.4492358839629333,0.7237914485193171,22989,169.95877603526873,0.7217344276897627,0.9868632824394276,0.9307942525418926,0.8303190798362357,0.00902238813535034,0.002645339028940558,0.6894297743400931,0.9991463684461305,DERMASON
10104,22688,561.892,207.34823251813972,139.52953712927464,1.4860526078147225,0.7397119110896448,22982,169.9625217245007,0.7464631177206027,0.9872073796884518,0.9030262602090331,0.819696023739347,0.009139114620862998,0.0025450434455161915,0.6719015713340961,0.9984810822758434,DERMASON
10105,22705,552.5649999999999,207.4162163955256,139.85923545710014,1.4830355372502204,0.7384642090286024,23033,170.02618581622028,0.7364102231447847,0.9857595623670385,0.9344684102531221,0.819734294506628,0.009135266082163647,0.0025444468467018923,0.6719643135902793,0.9965469568183356,DERMASON
10106,22721,553.5999999999999,201.16718652522184,144.05096756013052,1.3965000716933718,0.6980224583016413,23016,170.08608319297505,0.7767066625645233,0.987182829336114,0.9316335990256851,0.8454961573549178,0.008853799855869982,0.002790975445241774,0.7148637521019319,0.9983072810613406,DERMASON
10107,22726,550.994,203.89262381844514,142.38998578651658,1.431930923317449,0.7157489150238086,23071,170.10479679788958,0.7906620742441638,0.9850461618482077,0.9406739710487081,0.834286172850266,0.00897177786757217,0.002681133618700608,0.6960334182091439,0.9966717751960197,DERMASON
10108,22745,562.893,196.68994495076348,147.64208644847378,1.3322078391205012,0.6607186697017602,23132,170.17588972883695,0.7406382285900358,0.983269929102542,0.9020780374794365,0.8651987256971185,0.00864761244013029,0.002989093256860867,0.7485688349479178,0.9972492700389167,DERMASON
10109,22748,554.7470000000001,204.26642710270963,142.1328541809767,1.4371513769970363,0.7182153164777175,23002,170.18711221369108,0.7914274779946422,0.9889574819580906,0.9288875863295051,0.8331624272652367,0.008979533458005522,0.0026690225427730384,0.6941596302065007,0.9976124684070261,DERMASON
10110,22777,563.8609999999999,204.87890602782795,141.80155879724055,1.444828306300783,0.7217788447706888,23071,170.29555810540919,0.7720493525862654,0.9872567292271683,0.9002482200608714,0.8312010319026135,0.008994990825298676,0.002648529302991797,0.6908951554359697,0.9982248772599683,DERMASON
10111,22838,563.396,204.50704434575835,143.1830821570375,1.428290558248098,0.7140078893963073,23169,170.52344332279253,0.7795869602321215,0.9857136691268505,0.904149849052995,0.8338267460092473,0.008954682736919097,0.0026701352018827723,0.6952670423603701,0.9930433520643971,DERMASON
10112,22869,565.655,207.1308529477686,141.25464292199592,1.4663649184413077,0.7313908825635123,23192,170.63913721227152,0.7883687258687259,0.9860727837185236,0.8981601410235629,0.8238228867589366,0.009057276354356054,0.0025734325735042407,0.6786841487478279,0.995198626426017,DERMASON
10113,22931,559.5259999999998,207.80620404937588,140.849871213198,1.4753737597305228,0.735251533636482,23207,170.8702899872357,0.8068613652357495,0.9881070366699702,0.9204332824604424,0.8222578857493398,0.009062239067174387,0.0025553327822002334,0.6761080306769742,0.9975120472038872,DERMASON
10114,22964,565.7969999999999,216.1733745644588,135.5463134229489,1.5948303506413122,0.7789983763600764,23222,170.9931954941432,0.7664886515353805,0.9888898458358453,0.9014385390355716,0.7910002600396853,0.009413576666280213,0.0022732171913497357,0.6256814113828497,0.9978557047054613,DERMASON
10115,23009,553.724,197.5997214785392,148.4510651738702,1.33107648131123,0.6599931328727197,23288,171.16065168376565,0.731280193236715,0.9880195809000344,0.9430200207770558,0.8661988509045291,0.008587931743167422,0.0029822136917689976,0.7503004493083268,0.9987072819915623,DERMASON
10116,23018,567.483,209.2048083942608,140.18553686329437,1.4923423134461609,0.7422820753909002,23306,171.1941232657067,0.7331507198369219,0.9876426671243457,0.8981972846617571,0.8183087405098245,0.009088748301080059,0.002513926633837143,0.6696291947947751,0.9993159817111247,DERMASON
10117,23018,578.382,203.76099979562525,144.29760690616422,1.412088558946994,0.706041076807647,23465,171.1941232657067,0.7819942245625956,0.9809503515874707,0.8646650646266089,0.8401711978122236,0.008852246059415468,0.0027208487289509023,0.7058876416332264,0.9967758626523547,DERMASON
10118,23033,556.4209999999999,203.24329916981227,144.6375618242166,1.4051903019273888,0.7025368340987753,23355,171.24989469744207,0.7241715399610137,0.9862128023977735,0.9348745706176159,0.8425856862043982,0.008824004652881183,0.0027434800061510952,0.7099506385965367,0.9976157522030099,DERMASON
10119,23065,556.502,206.12332629544457,142.80876063275085,1.4433521121684854,0.7210993892297813,23341,171.3688130883695,0.805820494008315,0.9881753138254573,0.935900898072366,0.8313897129854189,0.008936628063968981,0.002633734739712992,0.6912088548579772,0.9976577606088215,DERMASON
10120,23090,558.141,209.57321328052507,140.49015130073784,1.4917288602807877,0.7420332196085563,23315,171.46166069397236,0.7270608980414384,0.9903495603688612,0.9314208267890817,0.8181468328419513,0.009076362636661978,0.0025085145023108282,0.6693642400893159,0.9985099549811507,DERMASON
10121,23163,556.583,200.6668913308743,147.55376951180958,1.3599577428268532,0.6777233661056359,23387,171.7324884076993,0.7998549673676577,0.9904220293325352,0.9396038693303613,0.855808784741346,0.008663251363419,0.0028666035797108563,0.7324086760404597,0.9960448498947875,DERMASON
10122,23164,573.6189999999999,218.55579133053666,135.17309475115803,1.616858678369974,0.7857979875670561,23464,171.73619541100038,0.7885348583877996,0.9872144561882032,0.8846599452981331,0.7857773722924237,0.009435148995447102,0.002218843130806802,0.6174460788067863,0.9983230509442634,DERMASON
10123,23179,559.3149999999999,205.18299278539564,144.0200511046055,1.424683516022126,0.7122653749763275,23473,171.7917908615436,0.7355610561056105,0.9874749712435564,0.9310899227304884,0.8372613564576648,0.008852107199853127,0.0026833085540651416,0.7010065790173289,0.9987125177490505,DERMASON
10124,23191,573.695,202.59262301040067,146.19393292825214,1.3857799633164491,0.6922942898521707,23615,171.83625427119026,0.7044225745701962,0.9820453101842049,0.8854564589607649,0.8481861368780864,0.008735829546393027,0.0027890005104670855,0.7194197227921721,0.9969574370600661,DERMASON
10125,23226,571.287,207.35531288435882,142.7751858261923,1.4523203852578646,0.7251857329679197,23524,171.965873550594,0.79,0.9873320863798674,0.8942842923860389,0.8293294787507984,0.008927723795933817,0.0026051271170375342,0.6877873843250709,0.9988876389784861,DERMASON
10126,23288,558.113,207.56773796742524,143.08569300911552,1.4506533364883782,0.7244336161783975,23545,172.19524534026039,0.804588170259812,0.9890847313654704,0.9395021522503479,0.8295857873986368,0.008913077033984251,0.0026040698838591,0.6882125786538164,0.9983578734374291,DERMASON
10127,23305,554.434,197.24145830820135,150.93390831024104,1.306806803828178,0.643764046400284,23586,172.25808425166284,0.7874374915529125,0.98808615280251,0.9527067917581155,0.8733360913530637,0.008463482441888064,0.0030370678382955108,0.7627159284598467,0.9967223646994534,DERMASON
10128,23307,579.9789999999999,228.96750090205327,129.7481935238435,1.7647066574377892,0.8239473107924888,23567,172.26547555776355,0.8021406938325991,0.988967624220308,0.8707063315431753,0.7523577576690874,0.009823979958898754,0.0019416227150981478,0.5660421955248574,0.9988984308334187,DERMASON
10129,23307,559.6949999999999,199.89386171586952,148.6443961232731,1.344778995570707,0.6686062630529342,23654,172.26547555776355,0.7288676236044657,0.9853301767142978,0.9349607638107845,0.8617847195459302,0.00857655904731924,0.0029180182367327012,0.7426729028428576,0.9987309203225992,DERMASON
10130,23310,567.128,216.48263594846432,137.55906618490525,1.5737431341491586,0.772160360301833,23537,172.2765619223249,0.8068535825545171,0.9903556103156732,0.9107306617715804,0.7957985229047974,0.009287114369303488,0.0022975928518922466,0.6332952890574572,0.9966441130431801,DERMASON
10131,23325,556.106,207.17186244340147,143.4534899609186,1.4441744324229533,0.721478218823189,23498,172.33198304710496,0.7793184096224524,0.9926376712911738,0.9477992370309125,0.8318310267360046,0.008881966235515603,0.0026231875443230054,0.6919428570406757,0.9992861828358345,DERMASON
10132,23343,563.168,206.94096125427853,143.91380276117687,1.4379507544366292,0.7185898702885463,23653,172.39846487933966,0.7215542023430497,0.9868938401048493,0.9248910882435798,0.8330804294830021,0.008865225603147776,0.0026340091773656127,0.694023001987583,0.9979708993044193,DERMASON
10133,23369,567.724,215.86168760277766,138.11700763896613,1.5628899821449498,0.7685078961447632,23658,172.49444895681722,0.7913111201408641,0.9877842590244315,0.9111197999500804,0.799097101817514,0.009237095622524612,0.0023233435034324106,0.6385561781331502,0.9979930538410665,DERMASON
10134,23393,566.4509999999999,208.38963942885763,143.70530788702678,1.4501179009524279,0.7241913287934845,23702,172.58300226264944,0.7151198337001712,0.9869631254746435,0.9161594997197956,0.8281745807308609,0.00890820499418021,0.002584982165845514,0.6858731361687372,0.9945969125406678,DERMASON
10135,23459,556.684,200.2933849228627,149.22997339837255,1.342179324713644,0.6670008838307797,23690,172.82628989810024,0.757719638242894,0.9902490502321655,0.9512657950320065,0.8628656905701572,0.008538018880722227,0.002919508048941863,0.7445371999631141,0.9993024362706798,DERMASON
10136,23482,572.8600000000001,207.77267416690216,144.53101976830456,1.4375645761026201,0.7184090261628253,23791,172.9109915230119,0.7125474131391291,0.987011895254508,0.8991827161700094,0.8322123793050564,0.00884816771002905,0.0026180009229803424,0.6925774442685833,0.9956248000882019,DERMASON
10137,23485,582.072,228.928812190574,130.73668947002426,1.7510678380995992,0.820894339627694,23796,172.9220365023073,0.7754920089816405,0.9869305765674903,0.8710578752738223,0.7553528751914227,0.009747873629575219,0.0019574433395575814,0.570557966059949,0.9990857041390994,DERMASON
10138,23500,570.486,209.9116343644506,143.07092404303074,1.467185843444448,0.7317464791724956,23931,172.97725082008998,0.7348342714196373,0.9819898875934979,0.9073769528829133,0.8240479444782236,0.008932409972955345,0.0025407289266435947,0.6790550147987857,0.9962999046327385,DERMASON
10139,23510,558.7900000000001,190.28263210279192,158.44914207258822,1.2009066733578162,0.5537181213352437,23901,173.014050576026,0.8089044866501514,0.9836408518472031,0.9461614344534411,0.9092477262063658,0.008093689157923944,0.003412362640213097,0.8267314276114464,0.9928272884932203,DERMASON
10140,23512,570.1320000000001,210.15065044461195,143.57566200718372,1.463692714396798,0.7302280218935173,23797,173.02140958798464,0.704184012698793,0.9880237004664454,0.9089680164353366,0.8233208377986285,0.008938016776310478,0.0025333626155027277,0.6778572019534356,0.9921746479006427,DERMASON
10141,23521,559.8919999999999,205.84768257630222,145.72168142006913,1.4126084778208743,0.7063024130485954,23770,173.05452126921088,0.7682082435168855,0.9895246108540177,0.9428815152125392,0.8406921035171927,0.008751655226236223,0.00269660810573117,0.7067632129161622,0.9983797063772903,DERMASON
10142,23532,567.875,209.95888946880302,143.0493174501155,1.4677377928910453,0.7319851324735321,23855,173.094982500094,0.7098642533936652,0.9864598616642213,0.9169870534453933,0.8244232141731418,0.008922271352575345,0.00254247118008526,0.679673636067574,0.9975826824880528,DERMASON
10143,23553,577.6899999999999,216.3088938497868,138.95709229604918,1.5566596153936425,0.766368515989316,23850,173.17220041665837,0.6951068350844056,0.9875471698113207,0.8868831350522914,0.8005782718158403,0.009183921107705465,0.0023271431703363447,0.6409255693036373,0.9977029502081515,DERMASON
10144,23562,612.0840000000001,246.25045162100983,122.51265345074418,2.010000148433762,0.8674568639308472,23959,173.20528327118055,0.6982574679943101,0.9834300262949205,0.7903145207540521,0.7033704187383625,0.010451169324378654,0.0015779056987465466,0.4947299459561794,0.9944072648065476,DERMASON
10145,23573,563.728,198.2148862441814,151.63012657163202,1.307226279670367,0.6440558150339941,23848,173.2457092918667,0.7924496587891215,0.9884686346863468,0.9321493632966135,0.8740297591899575,0.008408555815729071,0.0030269556197569454,0.7639280199496552,0.9986267834547378,DERMASON
10146,23590,561.266,199.5631290395131,150.6856358782403,1.3243673020085847,0.6556355036679186,23907,173.3081673214003,0.750270339036957,0.986740285272096,0.9410232108768148,0.8684378129142566,0.00845964938700776,0.002968158075111845,0.7541842348992973,0.9988169403909911,DERMASON
10147,23616,566.5529999999999,207.1344166391896,145.68234103587116,1.4218224059715459,0.7108707009267629,23931,173.4036478522456,0.7118827997829625,0.9868371568258744,0.924560035728379,0.8371551703756691,0.008770935663922324,0.002657354799065881,0.7008287792867156,0.9964540611395394,DERMASON
10148,23618,576.368,211.36384393209644,142.9815890170538,1.4782591617924075,0.7364689307294566,23943,173.41099033093337,0.6994195688225538,0.9864260953096938,0.8934150432229345,0.8204382883320577,0.008949269367943791,0.0025012149888149807,0.6731189849612368,0.9950443064953538,DERMASON
10149,23644,564.881,203.37403979784443,148.58858914991055,1.368705638578081,0.6827872145263006,23947,173.50641427831476,0.7333746898263027,0.9873470580866079,0.9311440662935915,0.8531394392852778,0.008601507350610913,0.002810828861501349,0.7278469028639981,0.9962081599715471,DERMASON
10150,23662,575.093,207.947016934361,145.12533173092228,1.4328788396495573,0.7161993948828502,24014,173.57244627971173,0.7178133721635723,0.9853418839010577,0.8990527032573052,0.8346955336921247,0.008788226563027681,0.002631439357929066,0.6967166339655809,0.9983105220411468,DERMASON
10151,23684,571.022,207.2337299685823,145.82346780921924,1.421127429500621,0.7105302410422794,23967,173.65311796080022,0.7681629475869227,0.9881920974673509,0.9127655382829776,0.837957787987153,0.008749946375974595,0.0026611767520380476,0.7021732544483225,0.9978776721582301,DERMASON
10152,23687,659.9989999999999,217.1394064061731,139.66259593623084,1.5547427351652388,0.7657039050751534,24419,173.6641157411104,0.7850396049448182,0.970023342479217,0.6833345333866542,0.799781663841618,0.00916702859822574,0.0023136311414917515,0.639650709817267,0.9944922941316843,DERMASON
10153,23687,573.605,213.4650261998432,141.44774606006527,1.5091440630605457,0.748949337612536,23983,173.6641157411104,0.737223778400249,0.9876579243630905,0.9046780794711765,0.8135483307627559,0.009011906370576401,0.002435173264330145,0.6618608864868668,0.9988434274136448,DERMASON
10154,23689,575.6379999999999,205.9678002629843,146.74750145282195,1.4035523482435657,0.7016945717902288,24018,173.6714472077413,0.7652721692779841,0.9863019402115081,0.8983750473591965,0.8431970773392429,0.00869465997986341,0.0027111199679739854,0.710981311233441,0.9978994889389856,DERMASON
10155,23692,563.739,197.04416589165768,153.50965360733008,1.283594622626709,0.6269466882977494,24015,173.68244382742165,0.7492252229460502,0.9865500728711222,0.9368184309737164,0.8814391587869636,0.008316907221494921,0.0030967844796064327,0.7769349906430699,0.9972695761199771,DERMASON
10156,23727,559.503,189.7993849464094,159.3717703775768,1.1909222348270636,0.5430731511752664,24021,173.8106863168407,0.803760162601626,0.9877607093792932,0.9524624330000385,0.9157600082103367,0.007999299740650289,0.0034702313432594953,0.838616392637396,0.9987269084823379,DERMASON
10157,23740,566.508,205.0815284050762,147.48845167312138,1.390492110254153,0.6948343178699282,24021,173.85829514870082,0.7452285283776996,0.9883019025019775,0.929562262426641,0.8477520940125657,0.008638649048234043,0.002752333640320402,0.71868361290269,0.9993238935101401,DERMASON
10158,23757,567.677,213.90190378464146,141.61766623649186,1.510418223016328,0.7494435190382448,24029,173.92053318764079,0.7286529260213471,0.9886803445836281,0.9264006781358531,0.8130854850303048,0.009003742214279643,0.0024274352144924025,0.661108005966966,0.9985495795944928,DERMASON
10159,23761,564.3929999999999,210.06922755059028,144.22108233023945,1.4565778051059888,0.7270913396990725,24043,173.93517419559564,0.7253716762829319,0.9882710144324751,0.9373706278702495,0.8279897832904032,0.008840925363014616,0.0025631699262411143,0.6855670812332888,0.998581794435703,DERMASON
10160,23781,568.2639999999999,209.04006746648113,145.20221693679255,1.4396479053586186,0.7193823708510091,24101,174.00836075702483,0.7186980567560216,0.9867225426330858,0.9254217212792128,0.8324163059549647,0.00879021350937644,0.0026034036071881034,0.6929169064197096,0.9975563729147089,DERMASON
10161,23794,562.7950000000001,197.8808648670578,153.6225584058058,1.2880977046635318,0.6303160639099765,24105,174.05591551977903,0.7714054141676122,0.9870981124248082,0.9440105773359037,0.8795995289221873,0.008316418629362773,0.003070832000986253,0.7736953312801338,0.9965951803308314,DERMASON
10162,23797,570.158,204.5811072216252,148.7523829425361,1.375313142382775,0.6865240074771475,24089,174.0668878507991,0.7058910773611771,0.9878782846942588,0.919902141495051,0.8508453699110659,0.008596928487692784,0.0027792373421957877,0.7239378434990983,0.9956412304325545,DERMASON
10163,23811,571.519,198.33517513253213,153.29391514467696,1.293822882306488,0.6345238052260399,24175,174.11808291986492,0.7515386800492377,0.9849431230610134,0.9160647103422861,0.8778981479382828,0.008329560922789137,0.0030519569477788834,0.7707051581534672,0.9971559691305965,DERMASON
10164,23878,582.76,223.93567718850696,136.1406370686498,1.6448848926392636,0.7939789300867285,24162,174.36287979150327,0.7054687269181907,0.9882460061253208,0.8835443267711481,0.7786293009698774,0.009378326375262038,0.002126317319269282,0.6062635883288398,0.9972338173993782,DERMASON
10165,23913,579.246,215.5886663527975,141.4866384928374,1.5237386982213974,0.7545169983420491,24269,174.49062219286154,0.7372364039955605,0.9853310808026701,0.8956077458164047,0.8093682527230742,0.009015542439375968,0.0023864716854572264,0.6550769685160023,0.9981661272413925,DERMASON
10166,23923,577.153,211.01847682806533,144.84638168397132,1.4568432733685375,0.7272094447809169,24305,174.52710284852407,0.7116551642075202,0.9842830693272989,0.9024924749856567,0.8270702427196748,0.008820736397110117,0.0025459753152857006,0.6840451863923818,0.9965466284758688,DERMASON
10167,23937,579.371,224.31889369314698,136.1951646356388,1.6470400714538176,0.7945874131929977,24243,174.57816295953393,0.7103810541310541,0.9873777997772553,0.8961198088928025,0.7782588442966601,0.00937122002310845,0.002120665428771848,0.6056868287259731,0.997590477663463,DERMASON
10168,23940,658.923,222.79844582822145,137.92854009533565,1.6153179441631447,0.7853333116444975,24923,174.58910246908252,0.7014767932489452,0.9605585202423464,0.6928906102179896,0.7836190320810921,0.009306534913459542,0.0021646499466385456,0.6140587874397078,0.991900178122422,DERMASON
10169,23941,569.4200000000001,214.43586941280142,142.23581045986305,1.5076081664632004,0.7483515399950871,24224,174.59274881994537,0.7522938662644545,0.9883173712021136,0.9278691098758208,0.8141956347976665,0.008956846807267927,0.002428007297150881,0.6629145317235751,0.9994153616935899,DERMASON
10170,23947,577.6969999999999,221.97113538599487,138.09634790258056,1.6073642696371913,0.7829087817945604,24185,174.61462532609616,0.7846330275229357,0.9901591895803183,0.9016972678031082,0.7866546477876571,0.009269266938906538,0.0021895839642288592,0.618825534885923,0.9946780539147557,DERMASON
10171,23971,580.5899999999999,217.29065515349225,141.1057253132181,1.5399138105216026,0.7604581069259748,24255,174.70210395655397,0.7847765591749877,0.9882910740053598,0.893628298802297,0.8040019200694384,0.009064730514100047,0.0023364850353530245,0.6464190874753435,0.9954296801880532,DERMASON
10172,23980,575.6049999999999,204.74952032489588,149.4307654387273,1.3701965570727905,0.6836369016782198,24289,174.73489715208353,0.7608350783679168,0.9872781917740541,0.9095151282467465,0.8534080904063401,0.008538345301288401,0.0027937047086487835,0.7283053687709959,0.9979215087876476,DERMASON
10173,23992,563.407,201.02169895759098,152.15141114424347,1.3211951006291833,0.6535417310956072,24263,174.7786118416267,0.7931764083575774,0.9888307299179822,0.949799288034741,0.8694514709006578,0.008378697022240372,0.002953504489057891,0.7559458602513176,0.998751966904954,DERMASON
10174,24046,573.7219999999999,209.4120244691513,146.69141336622226,1.4275683877034029,0.7136604154625446,24361,174.97519279229763,0.7086943707633363,0.987069496326095,0.9180148349850026,0.8355546594607006,0.008708809135371842,0.002618412085559853,0.6981515889464874,0.9966591382049059,DERMASON
10175,24047,571.9659999999999,210.9874181911441,145.93585040225847,1.4457545394745506,0.7222037794473632,24356,174.97883109749722,0.7620179357987135,0.9873131877155527,0.9236987177888483,0.8293330123551497,0.008773960086129,0.0025603022035695943,0.6877932453820668,0.9943802067310565,DERMASON
10176,24053,591.4459999999999,232.57205291999284,132.29833604708915,1.757936341974952,0.8224421127925502,24326,175.000659340229,0.6594922132046501,0.988777439776371,0.8640699809318262,0.7524578174507967,0.009669149499854191,0.0019120386726659887,0.5661927670428163,0.9953308417479246,DERMASON
10177,24056,568.9139999999999,200.98527434413728,152.607873664834,1.317004617897714,0.6507421626551281,24406,175.01157244065053,0.779874213836478,0.9856592641153815,0.9339852911985947,0.8707681346892446,0.008354891683743652,0.0029629934957528382,0.7582371443901869,0.9986018206234516,DERMASON
10178,24070,561.1899999999999,197.7759663737276,155.3898350441619,1.2727728703587304,0.618625325918227,24320,175.06249124748388,0.7816457751510034,0.9897203947368421,0.9604308621441827,0.8851555346046284,0.00821669989089022,0.0031113978304776408,0.7835003204412053,0.9972179517749381,DERMASON
10179,24070,561.763,204.4293445759035,150.08209499432098,1.3621168106937673,0.678985774939112,24330,175.06249124748388,0.743268280632411,0.9893136046033704,0.958472576474085,0.8563471727146497,0.008493117763851412,0.002817386190422674,0.733330480216374,0.9988817748968561,DERMASON
10180,24073,576.6560000000001,210.93443335274176,145.71437696091866,1.447588342015939,0.7230419482590138,24462,175.07340049364888,0.7110618815536849,0.9840977843185349,0.9097172913101534,0.8299896688791292,0.008762282779576362,0.0025650023893044145,0.6888828504460865,0.9972187833204643,DERMASON
10181,24098,571.72,198.4735915570388,154.95094642152606,1.2808801504000784,0.6248895497357074,24466,175.1642844561298,0.7392024539877301,0.984958718221205,0.9264544975776896,0.8825571355964997,0.008236102230767648,0.0030822851499133497,0.7789070975922985,0.9976866403117118,DERMASON
10182,24114,636.257,194.96789584634104,158.206105531925,1.2323664449662957,0.5844260758929368,24792,175.22242545331838,0.7201433477676572,0.9726524685382382,0.7485382090793384,0.8987245038096706,0.008085257354497015,0.0032537182447267225,0.8077057337479384,0.9953894436778404,DERMASON
10183,24139,575.109,215.07749008007562,143.13214856920547,1.502649769671305,0.7464058135191528,24459,175.31323215993163,0.7635058198380567,0.9869168813115826,0.9171255884193226,0.815116598648518,0.008909958576580456,0.0024262435601235663,0.6644150693923295,0.998383150988528,DERMASON
10184,24140,572.639,211.2390247892381,145.81697934527446,1.448658624926342,0.7235292209936138,24392,175.31686344988844,0.7052705387402127,0.9896687438504428,0.9250927651810474,0.8299454308918975,0.008750580977184678,0.0025610308160186343,0.6888094182583373,0.9978497046904367,DERMASON
10185,24171,569.7270000000001,207.68171452338686,148.3817131410133,1.3996449436192875,0.6996692307349665,24478,175.42939615638429,0.728612769035992,0.9874581256638614,0.93577379469922,0.8447031389305548,0.008592185450473164,0.0026983596684276036,0.7135233929191324,0.9986794090533416,DERMASON
10186,24173,581.924,221.07246122910675,139.50077785530385,1.5847399894673886,0.7757679115438071,24479,175.43665385227538,0.751087496892866,0.9874994893582254,0.8970318805515087,0.7935708178073928,0.009145429248711652,0.0022373123145032784,0.6297546428754942,0.9979973661175496,DERMASON
10187,24186,573.868,213.73122002515538,144.57381363428829,1.4783536150316032,0.7365086276996846,24512,175.483821559039,0.8036283891547049,0.9867003916449086,0.9228899059210408,0.8210490799537157,0.008836980899080268,0.0024771947680821207,0.674121591692843,0.9965900920499731,DERMASON
10188,24188,567.6510000000001,205.58500003851196,150.98786756393008,1.3615994672649099,0.678684044455881,24574,175.4910770040862,0.7347062754389162,0.9842923414991455,0.9432938640165863,0.85361809942949,0.008499462545002149,0.0027837208795123496,0.7286638596736147,0.9921483231467869,DERMASON
10189,24190,572.586,205.65013856974872,150.61314526654016,1.3654195867552568,0.6809008509566119,24510,175.49833214917908,0.7792667998195992,0.9869441044471644,0.9271804850145867,0.8533829997379588,0.008501452607265345,0.0027813064882746797,0.7282625442417572,0.9943839422079119,DERMASON
10190,24192,577.564,212.46812362576892,145.44657002475583,1.4607984470833906,0.7289592092046523,24463,175.50558699435484,0.7762803234501348,0.9889220455381597,0.911342044611705,0.8260325549044801,0.00878257786151492,0.0025222633319395425,0.682329781762023,0.996746285596712,DERMASON
10191,24194,576.961,211.55417771336553,145.8526526174726,1.4504650681136955,0.724348463574756,24488,175.51284153965068,0.7638923970699671,0.9879941195687684,0.9133234842605282,0.8296354316266578,0.008744076122731485,0.0025553056667832284,0.6882949494103507,0.9983477806787969,DERMASON
10192,24209,579.4159999999999,220.09762305773071,140.70414512298882,1.5642582730263166,0.7689735286502266,24517,175.56724107444862,0.8215352246504684,0.9874372884121222,0.9061617936879327,0.7976789509825739,0.009091561942159144,0.002270548552800125,0.6362917088406596,0.995324569612054,DERMASON
10193,24211,574.9459999999999,218.04671341997053,141.63517997236067,1.5394954379450159,0.7603073703194194,24500,175.57449307226554,0.7308539861744197,0.988204081632653,0.9203827660648363,0.8052150400180486,0.009006101087107948,0.0023354151472583596,0.6483712606712677,0.9981645978980752,DERMASON
10194,24212,565.7919999999999,206.26068331601155,149.78015564823193,1.3770895244656287,0.6875160297684527,24489,175.57811895884907,0.7281366534343798,0.9886887990526358,0.9504448555317279,0.8512437568620201,0.008518944462085393,0.0027591881024816305,0.7246159335965662,0.9978610114167128,DERMASON
10195,24235,573.373,210.67736769133674,146.8454313881922,1.4346879279778346,0.7170558723417466,24491,175.66149369357151,0.7724056603773585,0.989547180596954,0.9263570510784136,0.8337938508465372,0.008693103680269723,0.0025917277200260846,0.6952121857094978,0.9974125302205008,DERMASON
10196,24256,573.9799999999999,212.17680454515553,145.92168696840423,1.4540457210523974,0.7259606081465625,24494,175.7375839059366,0.7081216792199451,0.9902833346942108,0.9251997955514882,0.8282601120450754,0.008747394646485634,0.0025393669940010906,0.686014813204921,0.997496903719175,DERMASON
10197,24257,574.6719999999999,204.5871172231191,151.70314067455624,1.3486017251416904,0.6709431802199279,24688,175.74120642763563,0.7219345238095238,0.9825421257290992,0.9230110017123352,0.8590042658256697,0.008434147554236679,0.002832710808113207,0.7378883287066977,0.9951174730557714,DERMASON
10198,24258,570.6199999999999,207.74061561081285,148.99456737316564,1.394283155912083,0.6968525384146488,24558,175.7448288746658,0.7431985294117647,0.9877840215001221,0.9362048289101723,0.8459820356165265,0.008563798153632321,0.002705769200495654,0.715685604585882,0.9978683834028508,DERMASON
10199,24277,582.828,220.26525519247852,141.9059830917252,1.5521914608075646,0.7648146159578855,24743,175.81364118729678,0.6867609618104668,0.9811663904942812,0.8980986978852039,0.7981905318369992,0.009073001408430965,0.002271731648793405,0.6371081251142319,0.9889137914134282,DERMASON
10200,24307,574.4499999999999,216.89265790835924,143.17427875548876,1.5148856330456242,0.7511638167970779,24647,175.92223740584248,0.7213615859449193,0.9862052176735505,0.9256285840453398,0.8111027782239294,0.00892305335534452,0.002382301962237081,0.6578877168425766,0.9966246504020072,DERMASON
10201,24310,573.919,211.35740922307184,146.6762132942528,1.440979450424314,0.7200015811050431,24576,175.9330933409397,0.7365550674140282,0.9891764322916666,0.9274566459730729,0.8323961482478978,0.008694257886592836,0.00257473495094488,0.6928833476179362,0.9984306654586528,DERMASON
10202,24331,580.643,212.9238093669302,145.64367802702242,1.4619502353368525,0.7294653069309369,24677,176.00906613851242,0.7241369047619047,0.9859788466993556,0.9068833600100784,0.8266293312233446,0.00875113268533682,0.00252050333524733,0.6833160512387542,0.9989740619179452,DERMASON
10203,24338,573.554,210.022297368365,148.02951348812732,1.418786648820607,0.7093786315867436,24623,176.03438311808404,0.7555100266964674,0.9884254558745889,0.9297070515810911,0.8381699720641164,0.008629398363397362,0.0026271730017866394,0.7025289020699618,0.9967386266674613,DERMASON
10204,24343,572.5609999999999,208.5936819628224,148.93297524666193,1.4005876241802782,0.7001599434205728,24630,176.05246444593743,0.7762436224489796,0.9883475436459602,0.9331263162353882,0.8439971085860368,0.008568938995309633,0.00268207333782061,0.7123311193015904,0.9976821500122929,DERMASON
10205,24363,572.7849999999999,212.34163054417243,146.40449661872188,1.450376425917909,0.7243083563162934,24612,176.12477119469244,0.7908524313445433,0.9898829839102876,0.9331626694331294,0.829440608246879,0.008715742336500942,0.0025446339750793594,0.6879717226089527,0.99781796817016,DERMASON
10206,24370,570.256,209.97278319062215,148.0809250478032,1.4179596941526342,0.708969976168181,24649,176.1500715446801,0.7379481589147286,0.9886810823968518,0.9417283968589766,0.838918591581289,0.008616035420214286,0.0026324886939197,0.7037844033007337,0.9979379172537024,DERMASON
10207,24374,581.0409999999999,214.8628575454508,144.924985257324,1.4825798130249757,0.7382748988874733,24661,176.1645272561274,0.7174943334020194,0.9883621913142209,0.907241929634363,0.8198928808291709,0.00881524811460781,0.0024572127772282413,0.6722243360343569,0.9966262304286554,DERMASON
10208,24375,577.745,206.65617253203453,151.37429944777617,1.3651998607817208,0.6807740436090707,24670,176.1681409986482,0.8044554455445545,0.9880421564653425,0.9176606244327564,0.8524697754737509,0.008478201950032186,0.0027618461327913843,0.7267047180962671,0.9920971799744436,DERMASON
10209,24378,570.738,202.90099839319038,153.59030627216225,1.321053413577088,0.6534477031200158,24726,176.17898178146507,0.7176543318908416,0.9859257461781121,0.9404470720140532,0.8683002211751456,0.00832311913992905,0.0029184047307011644,0.7539452740928068,0.9960019779906155,DERMASON
10210,24388,589.5980000000001,229.50438061311036,135.53640563156281,1.6933043158676249,0.8069927816276624,24631,176.2151129074948,0.7592777085927771,0.9901343835004669,0.8816050049475528,0.7678071871079074,0.009410545375312053,0.0020174521736636745,0.5895278765745571,0.998250097727974,DERMASON
10211,24389,710.0640000000001,222.90008094678888,140.01524882502088,1.5919700376731851,0.7780902289960884,25462,176.21872561264846,0.7410141889223103,0.9578587699316629,0.6078674220045012,0.790572730454574,0.009139369426659103,0.0022022332482080193,0.6250052421384006,0.9949896188730076,DERMASON
10212,24417,606.972,237.33460443174837,131.4330586298897,1.805745121553271,0.8326576958181823,24738,176.31985130381227,0.7555232378241228,0.9870240116420083,0.8328462846927682,0.7429167429080809,0.009720055880400884,0.0018264555550016703,0.5519252868931515,0.9966363942691977,DERMASON
10213,24424,592.212,230.7850454275926,135.1245894220145,1.707942621063706,0.8106725772001753,24700,176.34512366553156,0.7367277992277992,0.9888259109311741,0.8751293487654083,0.7641098379611376,0.009449109295266647,0.0019869813933156037,0.5838638444689959,0.9972059448667089,DERMASON
10214,24425,579.59,216.6100060506655,143.95064133713868,1.5047519346812455,0.7472336929520281,24744,176.34873370726638,0.8038770405476566,0.9871079857743291,0.9136979887828656,0.8141301361028449,0.008868372816813326,0.0024032504313120625,0.6628078785108369,0.9973614375111538,DERMASON
10215,24427,583.658,215.1734347429717,145.59222249265235,1.4779184702248152,0.7363256632508787,24734,176.35595356904122,0.8039428646656135,0.9875879356351581,0.9010795037100137,0.819599100510253,0.008808835908747358,0.002451908025461027,0.6717426855572158,0.9927809222234294,DERMASON
10216,24439,580.2850000000001,213.52484998727564,146.08628002363122,1.4616352059394997,0.7293270362096356,24796,176.39926653414022,0.7564380339234864,0.985602516534925,0.9120331130121055,0.8261299167036165,0.008737053479572635,0.0025103724210680436,0.6824906392727241,0.9975523460851692,DERMASON
10217,24442,583.818,212.67035872945328,146.82789966125725,1.4484328878918749,0.7234265658060668,24761,176.41009311379221,0.7594456872980363,0.9871168369613506,0.9011387020535521,0.8295001436387792,0.008701021141046284,0.002541065435845407,0.6880704882967555,0.9966239244368423,DERMASON
10218,24446,613.0930000000001,234.98256030146186,132.64021858752736,1.771578506155735,0.8254547107311673,24874,176.4245275198315,0.6929138321995465,0.9827932781217336,0.817268868927901,0.7507983881590805,0.009612311228890693,0.0018840868269763534,0.5636982196622734,0.9986356499119378,DERMASON
10219,24458,570.635,209.01419695823432,149.31115574205356,1.399856533957331,0.6997794904148534,24712,176.46782365386787,0.7839102564102564,0.9897215927484623,0.9438739352130759,0.8442863031410736,0.008545841726970085,0.0026785119175560227,0.7128193616716207,0.9978448409673122,DERMASON
10220,24464,577.656,216.82356494805637,144.0188314823811,1.5055223175767956,0.7475359902034704,24752,176.48946773788236,0.758856008437248,0.9883645765998708,0.9212950861952811,0.8139773358129376,0.008862964558046778,0.0023999822294853254,0.6625591032171279,0.9974975166070535,DERMASON
10221,24469,578.395,217.57267292842104,143.4460592827688,1.5167560127917474,0.7518783877127758,24762,176.5075024471331,0.7066655114653728,0.9881673532024877,0.9191301766448235,0.8112576826465798,0.00889176807096412,0.0023757633558557276,0.6581390276530988,0.9982363274457517,DERMASON
10222,24479,584.661,219.81253399314414,142.3045241548348,1.5446630056116595,0.7621585601980607,24836,176.54356633865774,0.758662369057212,0.9856257046223225,0.8999021434389546,0.8031551392067754,0.008979636994695214,0.002304816285017897,0.6450581776342549,0.9963975034589079,DERMASON
10223,24482,593.198,230.13858196912352,135.77603288840155,1.6949867887087364,0.8074214398294896,24743,176.55438406962952,0.6898281205973513,0.9894515620579558,0.874293805582128,0.7671655163553449,0.009400317864926212,0.0020085312594821814,0.5885429294847632,0.9975724900646108,DERMASON
10224,24491,575.6639999999999,215.50365879038577,145.27854621607102,1.4833825392902114,0.7386082059337497,24841,176.58683328637179,0.7629595015576324,0.9859103900809146,0.9287059761667135,0.8194145485860763,0.008799300101685753,0.002447048485317003,0.6714402024345235,0.9960026724688571,DERMASON
10225,24502,571.304,207.86849382165735,150.66272130689558,1.3796942735305788,0.6889611683782257,24727,176.6264853443587,0.7856982523649191,0.9909006349334736,0.9433587237500247,0.8497030122126011,0.008483735769392594,0.0027279444839194227,0.7219952089631675,0.996132655322996,DERMASON
10226,24524,585.082,211.99643739881424,147.76454083251514,1.4346908683532082,0.717057260937051,24839,176.7057627670505,0.7944282474894719,0.987318330045493,0.9002594667249971,0.8335317561711009,0.008644447781716452,0.0025739826751491664,0.6947751885456798,0.9967876185648652,DERMASON
10227,24541,578.8639999999999,206.47728329883066,151.87321241248435,1.359537208826813,0.677476504815083,24910,176.76699824159945,0.7274640580998962,0.9851866720192693,0.920341566147698,0.8561086983393128,0.008413564373857246,0.00278788864665969,0.7329221033722326,0.9964348707061622,DERMASON
10228,24545,584.164,221.96854644162863,141.1223373617165,1.5728803149900492,0.7718733822276536,24783,176.7814035059247,0.7837596193760578,0.990396642860025,0.9038644837490489,0.7964254681120468,0.009043330472260282,0.002244340374182391,0.6342935262574931,0.9976678013760348,DERMASON
10229,24545,598.0669999999999,212.24811291389196,148.13438760854203,1.4328078465803362,0.716165697506447,24982,176.7814035059247,0.7616993545183715,0.9825074053318389,0.8623294556954209,0.8328997656513631,0.008647305476222935,0.002567033424417794,0.6937220196220959,0.9939703530600971,DERMASON
10230,24547,581.808,215.71508737134315,145.22769921183925,1.4853577419599968,0.7394254110999147,24870,176.7886056979183,0.7448642087695342,0.9870124648170486,0.9112738531913218,0.8195467820643683,0.008787839140071828,0.0024454391396835397,0.6716569279920612,0.9976508179340761,DERMASON
10231,24567,583.2139999999999,220.85988188277307,141.9189579419016,1.5562394558533053,0.7662230998324442,24838,176.86061148686767,0.7598119568242971,0.9890892986552863,0.907624286972563,0.8007819708096234,0.008990103874415805,0.0022803505735640574,0.6412517647737446,0.9979412974764639,DERMASON
10232,24568,574.4449999999999,211.31470052424723,148.66718444952082,1.4213943803852562,0.7106610951579018,24805,176.86421100678757,0.8314888144312451,0.990445474702681,0.9355839441139131,0.8369706914285092,0.008601217051621916,0.002603638419888755,0.7005199383103168,0.9957151036621107,DERMASON
10233,24569,585.5519999999999,222.72441045954113,140.8795949641178,1.5809557836695178,0.7745368738417684,24865,176.86781045345197,0.8242418142780462,0.988095716871104,0.9004641084356282,0.7941105785779183,0.009065261527109004,0.0022237400924395956,0.6306116110093561,0.9969690736743938,DERMASON
10234,24590,575.308,209.87965457175034,149.6176680918509,1.40277319683197,0.7012925273272915,24921,176.94338191929543,0.7554531490015362,0.9867180289715501,0.93361445323661,0.8430706743840425,0.008535162853670205,0.0026597909653521827,0.7107681620063642,0.9970465268240511,DERMASON
10235,24642,584.645,211.96429295786524,148.53836739424963,1.4270002873753884,0.7133865827719913,24997,177.13037249823608,0.7547782406272973,0.9857982957954955,0.905943967665776,0.8356613749724652,0.008601748760565913,0.0025875445324195236,0.6983299336208713,0.9965170159598191,DERMASON
10236,24647,589.4,213.90092570617017,146.89343666499477,1.456163941442753,0.7269070472964514,25009,177.14834195974728,0.7144886363636364,0.9855252109240673,0.8915663445566578,0.8281794077090209,0.008678578557478401,0.0025184078988690368,0.6858811313532645,0.9987553715925841,DERMASON
10237,24661,596.6170000000001,223.60038856645122,140.92026664491524,1.5867156221742735,0.776406336920247,24990,177.19864675756935,0.8273282340311325,0.9868347338935575,0.8706213223630704,0.7924791539658177,0.009066963568648927,0.0022059365748482093,0.6280232094703784,0.9964942375546755,DERMASON
10238,24667,591.7579999999999,214.5327994158671,148.550305903193,1.4441760864206732,0.7214789799407649,25110,177.2202015854351,0.70168401888832,0.982357626443648,0.8851929004272462,0.8260750900000967,0.008697158122830789,0.0024982461927663675,0.682400054318668,0.9855058398191888,DERMASON
10239,24687,597.668,236.37298044522603,133.39677197726255,1.7719542755166202,0.8255365548012159,24926,177.29203208513619,0.8026726492391728,0.9904116183904357,0.8684767044319717,0.7500520226600921,0.00957479565946555,0.0018692819964317275,0.5625780366964954,0.9968625574361011,DERMASON
10240,24690,582.536,216.12676561584607,145.87557353448224,1.481582970878656,0.7378600267528791,25006,177.3028041501633,0.7371029376641988,0.9873630328721107,0.9142930430352502,0.8203648615429229,0.008753615456291861,0.0024456563217339447,0.6729985060543391,0.9971031259968849,DERMASON
10241,24697,584.479,219.7676144780197,143.3554746967882,1.5330256130283908,0.7579567394508157,24966,177.32793642380298,0.7177691234596606,0.9892253464712009,0.9084818225675991,0.8068883891058417,0.008898555066527097,0.0023267681996763405,0.6510688724738203,0.9981052573478815,DERMASON
10242,24702,580.2959999999999,215.323092102273,146.2245614469806,1.472550780604302,0.7340515703393397,25013,177.34588586727347,0.7184991273996509,0.9875664654379722,0.9218129977390875,0.8236268768750482,0.008716828277154602,0.0024743452305802296,0.678361232310946,0.9989213621711797,DERMASON
10243,24707,590.3909999999998,217.55711325067085,145.3784403184334,1.4964881503346648,0.7439537136673642,25080,177.36383349423767,0.7606366603041684,0.9851275917065391,0.8907389068516924,0.8152518244249628,0.008805484812023753,0.002399386177119717,0.6646355372282304,0.9946192057533608,DERMASON
10244,24723,592.8479999999998,218.61896676330687,144.2485864107342,1.5155709473700496,0.7514260243458136,25152,177.4212537000216,0.7376476906552094,0.9829437022900763,0.8839431093743862,0.8115547169889931,0.00884273618748966,0.0023661248495975965,0.6586210586670848,0.9981869418419386,DERMASON
10245,24754,590.086,223.24700469138025,141.52632175273314,1.5774239161067503,0.773378135577285,25100,177.53245249918172,0.7472454493313612,0.986215139442231,0.8933561442087636,0.7952288217465897,0.009018623442327714,0.0022247871354703626,0.6323888789364697,0.9975453419143233,DERMASON
10246,24761,576.546,210.82770101965326,150.2609306372635,1.4030773011023112,0.7014495531598554,25024,177.55755226739123,0.8046600805927466,0.9894900895140665,0.936073859334678,0.8421927071663101,0.008514506725077874,0.002642318473854308,0.7092885560041182,0.9951866728610137,DERMASON
10247,24764,582.2049999999999,218.1527042196751,145.06871761798877,1.5037887409616406,0.74685491063347,25176,177.56830822481126,0.7475247524752475,0.9836352081347315,0.9180763451493035,0.8139633604816734,0.008809267655454494,0.002385277945870141,0.6625363522066186,0.9963147069261087,DERMASON
10248,24767,597.703,226.96939012044683,139.28066065734126,1.6295829517842229,0.7895751016264977,25154,177.57906353074333,0.698448956570784,0.9846147729983303,0.8711890274044002,0.7823921253720895,0.009164185816628855,0.002118222281755988,0.6121374378442553,0.9975287328598729,DERMASON
10249,24796,581.279,215.88176692454456,146.65247542827117,1.4720635727020779,0.7338435747996566,25087,177.68299792398003,0.7293370198246956,0.9884003667238012,0.9221938570068938,0.823056992979329,0.008706314200860807,0.002464527881612755,0.6774228136921754,0.9972094473535977,DERMASON
10250,24796,583.933,218.47025473153172,144.86322654160108,1.5081139634066658,0.7485486594060082,25139,177.68299792398003,0.7586818835480219,0.9863558614105573,0.9138300875480799,0.8133052169611221,0.00881070554652088,0.002377960752825065,0.661465375936178,0.9975651697593897,DERMASON
10251,24804,592.071,226.19774180621192,140.35216383534666,1.6116441359007083,0.7842188111481876,25093,177.71165878357834,0.7417242307347268,0.988482843820986,0.8891683744579661,0.7856473604224902,0.009119405813828895,0.0021431715124037632,0.617241774938826,0.994774087013104,DERMASON
10252,24813,587.813,222.79646788923972,142.02451245251464,1.5687184137578425,0.7704809406455662,25079,177.74389672648002,0.7133862342590995,0.9893935164878982,0.9024242688898144,0.7977859721494464,0.008979021798623291,0.0022436461844146027,0.6364624573584371,0.998430376523746,DERMASON
10253,24827,578.304,214.19269925048192,147.78817184885904,1.449322341367981,0.7238306877855911,25121,177.7940330189399,0.7165079365079365,0.9882966442418694,0.9328712649484893,0.830065794217493,0.008627409644761023,0.002526447353199238,0.6890092227299173,0.9985964599110566,DERMASON
10254,24846,584.247,216.31130274567695,146.65831486961181,1.4749337801814435,0.7350650933522785,25154,177.8620525252361,0.7735849056603774,0.9877554265723145,0.9146888030680854,0.8222503876015823,0.008706081572312523,0.002454815417645053,0.6760956999109526,0.99719638643408,DERMASON
10255,24849,581.9649999999999,217.79707775349223,145.91143970195688,1.4926662241039574,0.7424133168763861,25199,177.87279006954395,0.7705116279069767,0.9861105599428549,0.9219875297845439,0.8166904345285316,0.008764822638878516,0.002405208726485487,0.6669832658504019,0.9955833929774454,DERMASON
10256,24863,572.216,201.96994231070997,156.95743950003907,1.286781582026634,0.6293368105607825,25144,177.9228900415861,0.7627857033287314,0.9888243716194718,0.9542087610138839,0.8809374702294565,0.00812331345013514,0.0030178198143097582,0.7760508264542748,0.9986079101979085,DERMASON
10257,24868,606.435,217.3319578984918,146.69430782639617,1.4815295911528552,0.7378377806244296,25379,177.9407794702328,0.7872609851842471,0.9798652429173726,0.84973245461376,0.818751099428013,0.008739422466563125,0.0024225351166614058,0.6703533628145801,0.9931483435386265,DERMASON
10258,24873,579.1109999999999,205.71280932660665,154.31998473172482,1.33302766770114,0.6612427738046058,25155,177.95866710053124,0.77168652271035,0.9887895050685749,0.9319967659311493,0.8650830625621828,0.008270526648438333,0.002857223176713241,0.7483687051319655,0.9975961895825862,DERMASON
10259,24880,628.352,240.38028176547718,132.30796933842637,1.8168239068851253,0.8348937946349981,25346,177.98370676275636,0.6927274752199577,0.9816144559299298,0.7918706318221361,0.7404255684183075,0.00966158688767995,0.0017912403193990813,0.5482300223675739,0.9960374111095751,DERMASON
10260,24887,577.7569999999998,209.02463198240002,152.48862670132982,1.370755554063739,0.6839544931165168,25199,178.00874290276866,0.7478963817766558,0.9876185562919163,0.9368972836138655,0.8516161048318798,0.008398948526636398,0.0027250855784550117,0.7252499900090232,0.9941404518895399,DERMASON
10261,24890,582.247,211.6866931798642,149.9156022670079,1.4120391071960516,0.706016199901537,25213,178.0194715991995,0.7430959844752948,0.987189148455162,0.9226144273061558,0.8409573078263421,0.008504889239849907,0.0026238815177140507,0.7072091935865293,0.9986070383127624,DERMASON
10262,24895,574.555,209.4471657633134,151.72493651389462,1.3804399631047644,0.6893728230403516,25221,178.03735132320372,0.7838969708419926,0.9870742635105666,0.9476735901434097,0.8500346647058263,0.008413222163619739,0.002709496953295704,0.7225589312015468,0.9974492243288811,DERMASON
10263,24897,588.8539999999999,212.57879451417338,149.74955658911628,1.4195620965840208,0.7097609720023311,25260,178.04450271005658,0.7432827800334368,0.9856294536817102,0.9022806096782388,0.8375459232279432,0.008538329698926513,0.0025917147446084914,0.7014831735157478,0.9957989245144274,DERMASON
10264,24898,581.8510000000001,213.84478719060252,148.5035749875044,1.4399975704867451,0.7195451940621811,25159,178.0480782957684,0.7236949191954424,0.989625978774991,0.924167637891954,0.8326042483190013,0.00858883393005874,0.0025460589703365385,0.6932298343188493,0.9982492772080719,DERMASON
10265,24924,587.2679999999999,217.0500520059754,146.68225909571154,1.4797294052060395,0.7370857440045515,25294,178.1410183337324,0.7324986774819255,0.9853720249861627,0.9081444490404845,0.8207370451531989,0.008708475846813328,0.00243746315675583,0.6736092972868044,0.9967594848154611,DERMASON
10266,24934,589.119,216.84340030446452,147.56525692228547,1.4694746231402156,0.7327338487681889,25262,178.17675159354135,0.7212403459547019,0.987016071569947,0.9028087506304777,0.82168399565478,0.008696695287738209,0.0024454192621189853,0.6751645887152048,0.9921372295598939,DERMASON
10267,24972,584.063,218.50711797162367,146.3295938266731,1.493253088848484,0.7426508250834962,25307,178.31247267402938,0.6946700790030044,0.9867625558145967,0.9199067394010232,0.8160488057747659,0.008750084813856467,0.0023936274661505797,0.6659356534064217,0.9944104714234728,DERMASON
10268,24991,628.3969999999999,218.7656148105884,145.79191775892033,1.5005332131808324,0.7455678140403318,25568,178.38029449038493,0.7942475766724932,0.9774327284105131,0.795289580319285,0.8153945703250948,0.008753775951766171,0.0023869671947677955,0.664868305315646,0.997656974517381,DERMASON
10269,25017,585.64,214.54765961993385,149.057402399879,1.4393626627435983,0.7192494310676123,25394,178.47306152649358,0.713426110762562,0.9851539733795385,0.916607968937567,0.8318574150035215,0.008576074654032612,0.0025331673647492133,0.691986758896341,0.9960199038683497,DERMASON
10270,25021,584.754,217.0879251538145,147.09251198443215,1.4758597988780724,0.7354572428911901,25339,178.48732909878646,0.7080079230333899,0.9874501756186116,0.9195347037000151,0.8221891151814265,0.008676228973814575,0.0024456688912920755,0.6759949411228169,0.9976737578481151,DERMASON
10271,25032,585.495,219.2763506485734,145.79239106026589,1.5040315139487055,0.7469504694345341,25320,178.52655904321517,0.7706896551724138,0.9886255924170616,0.9176118911652182,0.8141623960594523,0.008759841428913926,0.0023742156636151154,0.6628604071572686,0.996962941713402,DERMASON
10272,25038,590.797,222.2298636831635,143.71612479696196,1.5463112715926866,0.762744184655576,25389,178.54795356172247,0.7724916697519437,0.9861751152073732,0.9014319281055592,0.8034381635416966,0.008875703478039919,0.0022813523982264457,0.6455128826352542,0.9981638463771806,DERMASON
10273,25038,582.6629999999999,210.7664855919379,151.84014020953325,1.3880814737202474,0.6935392864222298,25462,178.54795356172247,0.7216809823024154,0.9833477338779357,0.9267756569631229,0.847136360699237,0.008417864269987136,0.0026742067036593605,0.717640013618748,0.9961428077045302,DERMASON
10274,25061,594.405,222.77845076069104,143.50231625557709,1.5524380133622615,0.7649007925915553,25381,178.62994214466931,0.7087386877828055,0.9873921437295615,0.8913399099868932,0.8018277420222922,0.00888944777784969,0.0022666207388881317,0.6429277278765678,0.9981054446002116,DERMASON
10275,25084,590.5319999999999,219.285282150419,145.92182715838058,1.5027586100084342,0.7464487851536297,25369,178.71189311329232,0.788111097147166,0.9887658165477551,0.903898745157389,0.8149744084999954,0.00874203803820838,0.0023788570225444726,0.6641832865099174,0.9981071524264772,DERMASON
10276,25094,586.953,204.22269646404422,157.3683788610013,1.2977365461992076,0.6373524415586513,25457,178.74751225005673,0.7366072739014295,0.9857406607220018,0.9153203210952345,0.8752578207267345,0.008138307821154229,0.0029461704910596397,0.7660762527433124,0.9941651503603374,DERMASON
10277,25096,583.3749999999999,220.99338089257162,145.05540744969755,1.5235101178093475,0.7544313417332855,25347,178.7546352257016,0.7045282277308329,0.9900974474296761,0.9266564263758612,0.8088687294783596,0.008805920500979105,0.002325234229374576,0.6542686215279357,0.9967848646629848,DERMASON
10278,25098,588.53,220.77906135779588,145.40434459378466,1.5183800867476496,0.7524961701287408,25438,178.76175791752303,0.7797800285838563,0.9866341693529366,0.9105667079783005,0.8096861940536139,0.008796679470786353,0.0023321982607646015,0.6555917328410266,0.9954374321821998,DERMASON
10279,25098,581.869,207.75213422292606,154.42720609641825,1.3453078604116806,0.6689312454479988,25444,178.76175791752303,0.7166761850371216,0.9864015091966671,0.9315336311195707,0.8604569025784581,0.008277637031752572,0.0027989982897193735,0.7403860811949142,0.9960472147709187,DERMASON
10280,25107,582.701,212.80592946444565,150.60051172360002,1.4130491791091149,0.7065236292859717,25453,178.79380651931353,0.7496864735742013,0.9864063175264213,0.929208469848175,0.8401730486047633,0.00847596006948045,0.002605215471498139,0.7058907516018221,0.9974583470916709,DERMASON
10281,25108,575.308,203.35922555868996,157.90381660695564,1.2878677028110035,0.6301452584614992,25421,178.79736712046537,0.8181166503747149,0.987687345108375,0.9532814840123953,0.8792193549579781,0.008099379702034807,0.0029855234177505172,0.7730266741327232,0.9955560870269402,DERMASON
10282,25130,596.9499999999999,225.79867894699998,142.14311701323982,1.588530515522381,0.7769902616066419,25492,178.8756824143367,0.7130291680853479,0.9857994664992938,0.8861891725993937,0.7921910050515523,0.008985223993115797,0.0021828721421399025,0.6275665884845885,0.9969086763300453,DERMASON
10283,25135,607.531,229.87548234911753,139.88789329919504,1.6432836103797432,0.7935249768854361,25611,178.8934765633401,0.6718791766907244,0.9814142360704384,0.8557597720610829,0.778219037259703,0.00914563287643197,0.002069192659036349,0.605624869953419,0.9952134228328171,DERMASON
10284,25139,590.144,217.72874071707207,148.06436178334135,1.470500653193432,0.7331745480096732,25452,178.90771060828334,0.7376467136150234,0.9877023416627377,0.907072227384224,0.8217000200298096,0.00866099449926696,0.002435570559289288,0.6751909229169895,0.9928686931797092,DERMASON
10285,25139,591.1899999999999,225.59337281190827,142.75428196334397,1.5802914610283667,0.77431964749673,25371,178.90771060828334,0.6857337697763229,0.9908557013913524,0.9038652780445987,0.7930539287492733,0.008973840360074318,0.0021896211828784425,0.6289345339046574,0.9938998734753859,DERMASON
10286,25145,599.0409999999999,221.51290068249517,144.94095985810304,1.5282974591816967,0.7562152897272254,25561,178.9290595525659,0.7592089371980676,0.9837252063690779,0.880538619797461,0.8077590921398898,0.008809421383276802,0.002313420434965144,0.652474750934659,0.9971755040336497,DERMASON
10287,25148,585.4979999999999,207.37326862419698,155.4842350658638,1.33372536795356,0.661687715906433,25433,178.9397330695446,0.7144318181818182,0.988794086423151,0.9218547204757516,0.8628871708330942,0.008246113751558651,0.002819974183400826,0.7445742695883416,0.9930575916754638,DERMASON
10288,25155,583.634,213.94302559787448,150.2665366852374,1.4237569476031773,0.7118149301029864,25433,178.96463546693525,0.8155821418149986,0.9890693193881964,0.9280107723090248,0.8365060509301934,0.008504990085385588,0.0025687978061470786,0.6997423732428272,0.996263065436811,DERMASON
10289,25155,611.729,234.6583480722438,136.9516069343723,1.7134399027876532,0.8120259812470478,25553,178.96463546693525,0.6997607655502392,0.9844245294094627,0.8447263602654476,0.7626604249844875,0.00932849724000174,0.0019467773939147225,0.581650923837519,0.9966239023965074,DERMASON
10290,25158,578.245,205.59500891520372,156.09307713858433,1.3171308598950229,0.650827069410482,25507,178.9753068622798,0.7632888349514563,0.9863174814756733,0.9455014614241278,0.8705235978568768,0.008172152353732559,0.0028949322914019727,0.7578113344256815,0.9981366945502925,DERMASON
10291,25159,605.833,223.30106352479297,144.14085772599444,1.5491864489198384,0.7637601896627724,25592,178.97886385266824,0.71062591797537,0.9830806502031885,0.8613851639442063,0.8015137099102815,0.008875593764648554,0.0022595450293884344,0.6424242271741429,0.995234907195982,DERMASON
10292,25165,602.666,231.76502682036946,138.6561057632663,1.6715097077374443,0.801300885825472,25505,179.00020431066656,0.7130511164003174,0.9866692805332288,0.8706696715656322,0.772334837427398,0.009209816285331589,0.002021404504807998,0.5965011011040052,0.9970573811714194,DERMASON
10293,25172,596.596,222.1323266394931,144.87737586270046,1.5332437195025312,0.758036586773108,25527,179.02509829650566,0.7043483127203537,0.9860931562659145,0.8887240086054121,0.8059389689239254,0.008824579955485981,0.0022965844854891783,0.64953762163016,0.9958994789450543,DERMASON
10294,25187,590.9409999999999,219.3864283563925,146.76253785772056,1.494839429453567,0.743291050227158,25548,179.07843089899058,0.7051824061371336,0.9858697354000313,0.9063544276783513,0.8162694121082015,0.008710304059887741,0.0023853228511851645,0.6662957531434689,0.9960051634763176,DERMASON
10295,25188,588.1569999999999,216.67140118138138,148.57996029179094,1.4582814583869055,0.727847830906378,25479,179.08198584109257,0.79530169555745,0.9885788296243966,0.914991391868529,0.8265141816809423,0.008602167745806789,0.0024762181873068524,0.6831256925197174,0.9961895311492185,DERMASON
10296,25216,587.728,221.29220919385085,145.43524740195755,1.5215858132536326,0.7537083228525979,25496,179.1814955849009,0.814470284237726,0.9890178851584562,0.9173462646556493,0.8097053946799311,0.008775864895060709,0.0023269005512402026,0.6556228261737831,0.9975863911512809,DERMASON
10297,25223,574.473,205.419705895493,156.45382793162824,1.3129733456266937,0.6480120481816698,25498,179.20636438713612,0.7759729272419628,0.9892148403796376,0.9604336334798618,0.8723913005615299,0.008144142484854814,0.0029098488509992863,0.7610665812954378,0.9992601354881411,DERMASON
10298,25232,589.4989999999999,215.36829045173573,149.3171926898855,1.4423542699401717,0.7206385608515129,25550,179.23833349135342,0.7255578559926386,0.9875538160469667,0.9124212568845385,0.8322410560784059,0.008535521974149323,0.002525843240704812,0.6926251754225005,0.9990108792387039,DERMASON
10299,25256,586.29,220.57643051133445,146.0429267541678,1.510353396865484,0.7494184143454556,25536,179.3235565725576,0.7827919662782048,0.9890350877192983,0.9233140822702041,0.8129769629368581,0.008733624901462404,0.0023533539745105034,0.6609315422660376,0.9982401999570533,DERMASON
10300,25260,584.9920000000001,207.40813191778022,155.9523275514325,1.3299457287636685,0.6592653324112315,25601,179.33775648203644,0.7943396226415095,0.9866802078043826,0.9275628713502065,0.864661162625623,0.008210931588193991,0.0028311051936857207,0.7476389261530944,0.9943191964947635,DERMASON
10301,25265,591.321,224.79426587138232,143.57363820640725,1.5657071080709748,0.7694649345648653,25562,179.35550478793195,0.6979281767955801,0.9883811908301385,0.9079931271468427,0.7978651238842165,0.008897457584460016,0.0022241476569418136,0.6365887559107762,0.9967115400475611,DERMASON
10302,25276,600.507,224.48213114326143,145.96926902801857,1.5378725442556846,0.7597212048235268,25798,179.3945448800659,0.7279953917050691,0.9797658733235135,0.8808096462459105,0.7991484398621409,0.008881236395919506,0.002234410772588984,0.6386382289340938,0.9821441979898192,DERMASON
10303,25305,588.4739999999999,217.59707150713302,148.36880693643394,1.466595816197125,0.7314909774055992,25627,179.49742805824067,0.7449439194559746,0.9874351270144769,0.91825150013615,0.8249073703749574,0.008598975360882553,0.0024561065487827337,0.6804721696989272,0.9979776371190269,DERMASON
10304,25306,589.4499999999999,220.5987438347685,146.18762747704557,1.5090110404138475,0.7488976539295445,25639,179.50097470227848,0.7736945089886267,0.9870119739459418,0.915249338479522,0.8136989884073283,0.008717250605973623,0.0023572975153177004,0.6621060437351096,0.9991253299210141,DERMASON
10305,25308,596.521,219.34713462003094,147.39871933877095,1.488121033914133,0.7405617164158546,25685,179.50806778013487,0.7279107225034515,0.9853221724742067,0.8937503303695457,0.818374345719591,0.008667106631106012,0.0023980704044244197,0.6697365697319687,0.9966490765996422,DERMASON
10306,25319,590.337,220.5364099085458,146.81894215842078,1.5020977992783948,0.7461877061867486,25664,179.5470746995049,0.7118477282950967,0.9865570448877805,0.9129697855070084,0.8141380136457341,0.008710312804950661,0.0023605089281686273,0.6628207052630216,0.9956215226917382,DERMASON
10307,25339,593.5529999999999,222.5981979563672,145.16400732820316,1.5334255512324904,0.7581031216886385,25653,179.61797466858457,0.7094380827057144,0.9877597162125288,0.9038166274788869,0.8069156728024931,0.008784805949578405,0.002297336110025704,0.6511129030143,0.9984331622192901,DERMASON
10308,25340,588.451,213.25934835382975,151.90921166483113,1.4038605428639845,0.7018533529358791,25607,179.62151893241807,0.7146080090242527,0.9895731635880813,0.9195934391681244,0.8422679723957451,0.008415917456741506,0.0026126568768067887,0.7094153373236397,0.9959202005712015,DERMASON
10309,25350,593.7249999999999,229.90686892834478,140.67986637573668,1.6342556675046518,0.7909356301254176,25595,179.65695772509443,0.7416183956468316,0.9904278179331901,0.9036851701013681,0.7814336238082918,0.009069304494214784,0.0020860375561934817,0.6106385084181591,0.9979394431789635,DERMASON
10310,25361,577.625,204.54110518911588,158.09270716199052,1.2938048114991907,0.6345106554380636,25628,179.69593232465908,0.749637906062487,0.9895817075074138,0.9551779206950624,0.8785321276059143,0.008065182965542206,0.0029636340739193448,0.7718186992357745,0.9985827466762918,DERMASON
10311,25368,599.1,227.0648223252725,142.7169297241309,1.5910153249806065,0.777785780489217,25794,179.72072994187846,0.7669145655722837,0.9834845312863456,0.8881727692107444,0.791495257175622,0.008950836578574286,0.0021668889652951607,0.6264647421315039,0.9967150052912467,DERMASON
10312,25376,585.8439999999999,218.60138859165843,148.02079192118566,1.4768289356812367,0.7358666391568797,25642,179.7490658868621,0.7659985510746197,0.9896263941970205,0.9291141128333904,0.8222686371980398,0.008614493560516174,0.0024292063999751196,0.6761257117195216,0.9985220152254597,DERMASON
10313,25380,582.891,216.67828678708312,149.43628330908982,1.4499710645165862,0.7241248234589388,25623,179.76323218438867,0.7922584673013892,0.9905163329820864,0.9386999231154007,0.8296319619742578,0.008537363545590352,0.0024948557400811824,0.6882891923292563,0.9979994128969132,DERMASON
10314,25381,603.806,220.053562014914,147.30213401907045,1.493892559536339,0.7429092183896532,25783,179.76677358433943,0.7778186387177837,0.9844083310708607,0.8748301550217975,0.8169228070580191,0.008670011505256451,0.0023818999780429255,0.6673628726915537,0.996968430024709,DERMASON
10315,25394,607.084,231.08104099064303,140.40279214594585,1.6458436293093017,0.7942499680561799,25762,179.81280543666716,0.6647643979057591,0.985715394767487,0.8658514833822848,0.7781374216846642,0.00909982834490994,0.0020579658761993827,0.6054978470260569,0.9965547740883338,DERMASON
10316,25396,595.917,219.041852781303,148.15426134430814,1.4784714985163554,0.7365581583006744,25749,179.81988621421766,0.7550468262226847,0.9862907297370772,0.8986770118466614,0.8209384824449711,0.008625053267494999,0.0024164844535587847,0.6739399919590523,0.9964010698218005,DERMASON
10317,25401,596.5889999999999,229.065638310626,141.5421809861794,1.6183560032397173,0.7862480384679198,25745,179.83758693837578,0.7159648232707594,0.9866381821712954,0.8968301404398652,0.78509194248727,0.009017977178482186,0.002113347796039308,0.6163693581584349,0.9975050509887146,DERMASON
10318,25403,598.2739999999999,226.2633083537675,143.29596872530516,1.578992838155194,0.7738940430602113,25697,179.84466674023818,0.7368314189581158,0.9885589757559248,0.8918557428475361,0.7948468006091699,0.008906952263660494,0.002193020085570769,0.6317814364386337,0.9975783634160036,DERMASON
10319,25404,584.6039999999999,211.20192921610646,153.38606873753952,1.3769303232974583,0.6874273386304177,25737,179.8482065366571,0.7430460089502472,0.9870614290709873,0.9340893121985792,0.8515462297346368,0.008313727334912079,0.0026965498994660623,0.725130981375275,0.9984548366180608,DERMASON
10320,25407,588.858,224.1410865356218,144.507638200938,1.551067399108367,0.7644210823681241,25650,179.85882550791405,0.7133591644204852,0.9905263157894737,0.9207507736326574,0.8024357706472072,0.008822020960192932,0.002256259090244774,0.6439031660141775,0.9987372089872534,DERMASON
10321,25415,587.3919999999999,214.92975961533355,151.00022602134703,1.423373760943568,0.7116283058812578,25727,179.88713969999122,0.7166220217115465,0.9878726629610914,0.9256438571594808,0.8369578043633455,0.008456807382070964,0.0025597671133470883,0.7004983662847122,0.997070994153496,DERMASON
10322,25416,585.6329999999999,213.76951893955487,153.07571797903103,1.3964952884874788,0.6980199421905824,25694,179.89067866064906,0.7084599303135889,0.9891803533898965,0.9312493529400246,0.8415169737623569,0.008410824635645062,0.0026017757533509296,0.7081508171301553,0.9889292796608199,DERMASON
10323,25423,590.2520000000001,221.43816824883237,146.30577976650181,1.5135298728610644,0.750643770085154,25739,179.91544943612274,0.7639122596153847,0.9877229107579937,0.9169839343693804,0.8124861710107261,0.008710150975448703,0.0023413662649201744,0.6601337780836708,0.9991321932142724,DERMASON
10324,25432,594.236,212.11419877330493,153.47873892933012,1.3820428826364917,0.690254625691081,25800,179.9472925656417,0.7967418546365915,0.9857364341085272,0.9050497683435921,0.8483509996327907,0.00834044506029038,0.0026648409433139546,0.7196994185779555,0.9946554590832846,DERMASON
10325,25437,590.775,213.67376447474234,152.4394973268637,1.4016955462440222,0.7007349697300033,25852,179.9649807585585,0.7023303329835994,0.9839470833978029,0.9158651552469752,0.8422418222515641,0.00840011654183836,0.0026074277647692447,0.7093712871496354,0.9943225738310331,DERMASON
10326,25476,589.854,221.06653585239204,147.28094675689925,1.5009852986434333,0.7457471833267288,25736,180.10288904310505,0.7943377400848092,0.9898974199564812,0.9201360505503676,0.8146999198619607,0.008677442920882086,0.0023581000240570494,0.663735959423085,0.9962579172750452,DERMASON
10327,25481,602.476,229.90306779051298,141.64123740966852,1.6231365384472394,0.7876748934953101,25814,180.1205619561428,0.7065494676131322,0.9871000232432013,0.8821589191709647,0.7834630641826327,0.009022529248872218,0.0020969214800216802,0.61381437293844,0.9963045365404622,DERMASON
10328,25507,598.818,225.41143794602456,144.6482345374447,1.558342130250286,0.7669493767738214,25871,180.21243316586066,0.7591369047619048,0.9859301921069924,0.8938806854515141,0.7994822037780224,0.008837238324617734,0.002227058031310575,0.6391717941577635,0.9960483353037062,DERMASON
10329,25511,590.483,223.26312680085763,145.68222335647323,1.5325351416044075,0.7577770258250491,25785,180.22656304146383,0.7888373531230675,0.9893736668605778,0.9194382121042491,0.8072383721572581,0.008751641519378215,0.0022923264974437337,0.6516337894830999,0.9986516818396993,DERMASON
10330,25521,600.093,228.98763744033675,142.42190208134593,1.607811959354031,0.783046408730475,25829,180.26188288483533,0.7320998278829605,0.9880754191025591,0.8905748572011525,0.7872122918941551,0.008972518217951364,0.002125502296494558,0.6197031925092484,0.996366204166243,DERMASON
10331,25537,597.7710000000001,229.83238921563077,141.7851430513923,1.6209906360381094,0.7870362833591132,25884,180.3183802442276,0.7222002262443439,0.9865940349250503,0.8980697257636567,0.7845647032588227,0.008999976082375799,0.0021034693157454174,0.6155417735996046,0.997787451095249,DERMASON
10332,25539,593.522,223.75806049250093,146.11512220735324,1.5313819480981847,0.7573536352560569,25766,180.3254411695458,0.6930905340859748,0.9911899402313126,0.9110455876167545,0.8058947274240843,0.008761426073554209,0.0022796481488401537,0.6494663116899391,0.9945809856198817,DERMASON
10333,25546,589.1209999999999,215.43500841267883,151.28062131051763,1.4240753808809279,0.7119698655688872,25887,180.3501522311652,0.7161359049114151,0.9868273650867231,0.9249617289732548,0.8371441278740247,0.008433218837104784,0.002554900985529109,0.7008102908339616,0.9980066818446478,DERMASON
10334,25565,583.073,216.16435997476265,150.8299662820702,1.4331658708357018,0.7163355691237636,25774,180.41720805165576,0.7794207317073171,0.9918910529991464,0.9449521087380024,0.8346297607650013,0.008455480538813325,0.002531008029674259,0.6966068375546431,0.9983531449741043,DERMASON
10335,25576,596.602,225.7376431204073,144.73144807647412,1.5597000245664,0.767416478255894,25970,180.4560184536568,0.7837224980082123,0.9848286484405083,0.9029694921766481,0.7994059650804561,0.00882615120114198,0.0022234156806549745,0.6390498970062154,0.9967261400597496,DERMASON
10336,25577,585.9019999999999,209.4219741464028,155.88818401528334,1.3434114680935085,0.6677634144962196,25895,180.459546258133,0.7627184350211725,0.987719636995559,0.9362881062041487,0.861703013705607,0.008187902183461812,0.0027847284759885825,0.7425320838293259,0.9975261168436866,DERMASON
10337,25583,601.9979999999999,226.28841530324442,144.43067908058256,1.56676141622924,0.769821474405419,25908,180.48071163689394,0.6911709083049656,0.9874556121661263,0.8870972603884213,0.7975693823965114,0.008845265031593028,0.002207824292717164,0.6361169197363528,0.99664344605351,DERMASON
10338,25595,594.222,214.58930677535136,152.18855224914333,1.4100226567899379,0.7049988349164785,25904,180.5230349498271,0.7168463800588153,0.9880713403335393,0.910893377111032,0.8412489776986536,0.00838403230222119,0.0025901857127558323,0.7076998424790298,0.997872812102102,DERMASON
10339,25597,599.8019999999999,226.00677351753606,144.8345562671031,1.5604478609423542,0.7676730845847825,25898,180.53008787065374,0.8061539430587049,0.988377480886555,0.8940938618479755,0.7987817580018072,0.008829424288687583,0.0022173012531893277,0.6380522969164576,0.9956473418926423,DERMASON
10340,25601,579.2059999999999,206.35177513222868,158.23873486231471,1.3040534943089481,0.6418386582048741,25898,180.54419288574445,0.7574260355029586,0.9885319329677967,0.9589604353579378,0.8749340429470649,0.008060301360580785,0.0029136159232128443,0.7655095795076966,0.9982654420839852,DERMASON
10341,25603,591.6569999999999,224.57745105713997,145.8854859230527,1.5394091443448552,0.7602762603509771,25993,180.5512449800731,0.8250781476587928,0.9849959604508907,0.9190956402866574,0.8039598104358877,0.008771528768391984,0.0022604370200813902,0.6463513767961085,0.9949992198998163,DERMASON
10342,25611,608.7360000000001,199.1751344130293,165.28244547434954,1.2050592175195012,0.5580092361871309,26203,180.57945060336252,0.7173949579831933,0.9774071671182689,0.8685172082622957,0.9066365193402861,0.007776937035376568,0.0032413145548186345,0.8219897782014691,0.9905463589284907,DERMASON
10343,25613,610.307,232.41103437349665,140.67190346010935,1.65214963796521,0.796018683340438,25947,180.58650132083991,0.71867897527989,0.9871276062743284,0.8641191129552618,0.7770134572467329,0.009073948165911712,0.0020402820971800626,0.6037499127425207,0.9974851997590827,DERMASON
10344,25617,619.4119999999999,243.794767545078,134.44870569094564,1.8132920379723387,0.8341860333820728,25959,180.60060193000646,0.6994593709043251,0.9868253784814515,0.8390327301814169,0.7407894917047928,0.009516913282003278,0.0017678895443436118,0.5487690710202455,0.995078587166488,DERMASON
10345,25623,586.152,212.71747071026414,153.81657328359273,1.3829294605209765,0.6907405542544655,25883,180.62175077976923,0.7217339868176441,0.9899547965846308,0.9371720725273829,0.8491157316635666,0.008301817535427707,0.002662076277299159,0.7209975257585541,0.9970887193342363,DERMASON
10346,25623,595.048,225.5910435290572,144.86076121862808,1.5572957206029632,0.7665883940441715,25894,180.62175077976923,0.7643637014497942,0.9895342550397775,0.9093599873288142,0.8006601146667611,0.008804240078408352,0.002231846989541025,0.6410566192181911,0.9983147297726924,DERMASON
10347,25625,595.4539999999998,217.1140839908423,150.87039577291867,1.4390767842727061,0.7191160909345742,25960,180.62879984608915,0.746127416724901,0.987095531587057,0.9081912305796973,0.8319533976142605,0.00847274474110604,0.002503801435616696,0.6921464558019119,0.9960518958611662,DERMASON
10348,25642,589.7669999999999,212.282211092844,154.5115642502494,1.3738920586489458,0.6857265914070946,26006,180.68870580669685,0.7156972200513565,0.9860032300238406,0.926404857084779,0.8511721489827079,0.008278691642338507,0.002680470847882077,0.7244940272038409,0.9953765905139504,DERMASON
10349,25642,592.4000000000001,216.8463443428994,151.05284114192267,1.4355661416468164,0.7174701111781963,26019,180.68870580669685,0.8018888576164118,0.9855105884161575,0.9181881006290056,0.8332568683794528,0.008456686075302216,0.0025147544225485588,0.6943170087015329,0.9967379892614185,DERMASON
10350,25647,601.2939999999999,227.32440764525978,144.1781008157849,1.5766916498346042,0.7731366995006539,25994,180.70632142739976,0.692338840298024,0.9866507655612834,0.8914001345142236,0.794927052925141,0.008863586682468116,0.0021832243553110454,0.6319090194722501,0.996325674457069,DERMASON
10351,25664,587.3820000000001,214.90976439683968,152.26934925399829,1.4113790165238824,0.7056838040342868,25922,180.76620169733948,0.7912196325070909,0.9900470642697323,0.9347445534127261,0.8411260521580922,0.008373977727432967,0.0025855676327746443,0.7074930356190576,0.9985408248095217,DERMASON
10352,25665,594.833,226.61096497855692,144.6611191952687,1.5664953115195344,0.769731568141447,25962,180.76972344844683,0.7956659226190477,0.9885602033741623,0.9115091324238023,0.7977095171257585,0.008829571984358344,0.0022054565603078953,0.636340473713011,0.9968243686015512,DERMASON
10353,25671,589.97,221.56282573285054,147.79683897728552,1.4991039542253126,0.7449993887891336,25955,180.79085251443547,0.7798942763397739,0.9890579849739934,0.9268144453847973,0.8159800811189514,0.008630860727390851,0.002360217905006715,0.6658234927828907,0.9981386308469401,DERMASON
10354,25677,586.209,215.5427720514152,151.93137627642042,1.4186850493558465,0.7093284754538804,25895,180.81197911135416,0.7432483283642574,0.9915813863680247,0.9389645184251774,0.8388682088036967,0.008394390779741216,0.0025641527275012278,0.7036998717415224,0.9983284872733247,DERMASON
10355,25684,596.865,228.31089698361143,143.8543836959854,1.587097251524237,0.7765293253756236,25969,180.83662368828365,0.6883576329331046,0.9890253764103354,0.9059835240745795,0.7920630424454267,0.008889226638514694,0.0021581555346470668,0.6273638632079058,0.9956874630028947,DERMASON
10356,25684,599.5949999999999,226.92749629140974,144.61893661748846,1.569140954836532,0.7706229302655515,26050,180.83662368828365,0.8144342973110097,0.9859500959692898,0.8977522867131245,0.7968916356264808,0.008835364284823616,0.00219786643449778,0.635036278931448,0.9964614330783305,DERMASON
10357,25690,601.9189999999999,221.98279622362242,148.08004013237655,1.4990730420195746,0.7449870720468919,26058,180.85774493851883,0.79260767616932,0.9858776575331952,0.8910413603447841,0.8147376644283967,0.00864082507682454,0.0023485842879033035,0.6637974618382385,0.9950808804027208,DERMASON
10358,25695,600.86,222.77302296891887,147.46268205844626,1.5107077930443693,0.749555608735543,26066,180.87534409634168,0.8260995370370371,0.985766899409192,0.8943590359525359,0.8119266044236302,0.008669897761000928,0.002324132199233121,0.6592248109708861,0.9958960593019189,DERMASON
10359,25703,599.574,226.4097104960352,144.76078284731594,1.5640265688175858,0.76889478493704,26015,180.90349918762735,0.7289769987804532,0.9880069190851432,0.8984793430238622,0.7990094541055264,0.00880868811018306,0.002214617197344046,0.6384161077500112,0.9984997544821284,DERMASON
10360,25719,594.694,223.4502302264496,147.27768942782518,1.5172035295675486,0.7520488675947473,26050,180.95979622845414,0.7170458347273335,0.9872936660268714,0.91385402461858,0.809843856706101,0.008688138350108853,0.0023052161794082583,0.655847072244612,0.9950534928660684,DERMASON
10361,25721,605.986,236.3257129519173,138.99166164586563,1.7002869823518432,0.8087620384800875,26011,180.96683212714177,0.6772248551869405,0.9888508707854369,0.8801820990569371,0.7657517663512188,0.009188045291859464,0.0019487445747492442,0.5863757676700118,0.9970070845358897,DERMASON
10362,25723,596.77,225.14371869182241,145.69502736858192,1.5453081876449342,0.7623880684374871,26015,180.9738677522879,0.7362681397944872,0.988775706323275,0.9076481279301792,0.8038148645843664,0.008752622893590266,0.0022539387631780364,0.6461183365267832,0.9984519556223632,DERMASON
10363,25726,594.314,214.37704916367417,153.05904216724883,1.4006166909722502,0.700175052944562,26034,180.98442067718645,0.7253912307909206,0.9881693170469387,0.915272065247866,0.8442341257296023,0.008333089060237666,0.0026111835386988217,0.7127312590464262,0.998263297598091,DERMASON
10364,25730,602.505,220.80643867607242,149.05964222450893,1.4813294556517231,0.7377543462878763,26113,180.99849028662015,0.7970139082489236,0.9853329759123808,0.8906936160359707,0.8197156358839185,0.008581672704083654,0.0023900367928258886,0.671933723712577,0.9953552171811869,DERMASON
10365,25748,592.2539999999999,215.41159559462088,152.6381424402552,1.4112566633136021,0.7056221232756551,26065,181.0617899995495,0.7403105232892467,0.9878380970650298,0.9224383692506827,0.840538734694145,0.008366148655997394,0.0025759431111111396,0.7065053645212345,0.9970604033473975,DERMASON
10366,25757,604.185,237.54411972476893,138.20163139556652,1.7188228338988283,0.8133365177732546,26012,181.09343155880498,0.7920843840334584,0.9901968322312779,0.8866766344493517,0.7623570382151716,0.009222507268888805,0.0019215975019114928,0.5811882537162087,0.9989596412812051,DERMASON
10367,25757,620.685,238.20276422913858,138.90558777999766,1.71485372212967,0.8123715923482544,26150,181.09343155880498,0.7272701603794895,0.9849713193116635,0.8401612401976261,0.7602490766421274,0.009248078744773793,0.0019057015495412262,0.5779786585352074,0.9911488539006138,DERMASON
10368,25765,593.2810000000001,220.59532584722672,149.07943873002714,1.4797166378303186,0.7370803978204425,26038,181.12155274870372,0.7074992448581706,0.9895153237575851,0.9198544856414271,0.8210579805038093,0.008561821302046448,0.002400165720185305,0.6741362073489936,0.9975305621781353,DERMASON
10369,25792,597.381,214.5223095232534,153.37198588778475,1.3987059519475058,0.6991791081952431,26121,181.2164295471283,0.7259217562623136,0.9874047701083419,0.9082221158598883,0.8447439800077536,0.008317397236478497,0.0026125681526910235,0.7135923917593401,0.9981059256182454,DERMASON
10370,25799,596.6139999999999,227.01188221100116,144.94211795168368,1.566224403362695,0.7696399811075345,26040,181.24101912818318,0.7162012103714397,0.9907450076804916,0.9108059439016948,0.7983767958001632,0.008799251219465915,0.0022052463091511796,0.6374055080721356,0.998320061580376,DERMASON
10371,25811,595.437,216.31812933262526,152.3224007576826,1.4201334029441166,0.7100421268898013,26157,181.2831649358519,0.7611170087284737,0.9867721833543602,0.9148356055702821,0.8380396293881532,0.008380850386758563,0.0025499171800276808,0.7023104204250334,0.9973744872813158,DERMASON
10372,25814,600.225,217.3595754819498,152.0178210795474,1.4298295682597015,0.714746070286176,26186,181.2936998568717,0.7481017794006839,0.9857939356908272,0.900403157232514,0.8340727545813913,0.008420220635389703,0.0025137320019080547,0.6956773599349899,0.9947000592038956,DERMASON
10373,25823,599.81,224.28269176685689,147.19961095112183,1.523663617842922,0.7544888685754796,26130,181.32530094748526,0.7808115626511853,0.9882510524301569,0.9019638988406553,0.8084676508875411,0.008685384802960806,0.002288860983342895,0.6536199425316193,0.99589692633201,DERMASON
10374,25842,617.8839999999999,232.47880814920742,142.30597202158486,1.6336546165043953,0.7907614102659493,26260,181.39199628166088,0.6640456367560901,0.9840822543792841,0.8505935544038583,0.7802517473560064,0.008996161603173417,0.0020567239757239794,0.6087927892521012,0.9945571506562827,DERMASON
10375,25846,597.185,211.28261913129134,156.3686135547186,1.3511830432477199,0.6725054420198753,26176,181.40603428007847,0.7129537680679686,0.9873930317848411,0.9107211505162841,0.8585942138825555,0.008174673803733318,0.0027403246940260534,0.7371840241126036,0.9960705531340683,DERMASON
10376,25856,594.783,216.58370218991095,152.61578012620524,1.41914356438638,0.7095547149622585,26256,181.4411245243822,0.7566871524729295,0.9847653869591713,0.918447019080167,0.8377413567586259,0.00837653551167663,0.002544977926125655,0.7018105808237836,0.9959699691943396,DERMASON
10377,25860,585.72,213.94600645926346,154.1022302278253,1.3883381580069603,0.6936776174429802,26144,181.45515872206914,0.7920852732173487,0.9891370869033048,0.9472361787803011,0.8481352922874924,0.008273240775686908,0.002640681163992683,0.7193334740235902,0.9986781103186588,DERMASON
10378,25862,586.579,211.9100511084964,155.79370052245136,1.3601965316817037,0.6778633977261833,26116,181.46217541388833,0.783625730994152,0.9902741614336039,0.94453694494011,0.8563169819678871,0.00819387715986762,0.0027177370730474926,0.7332787736065906,0.997403244615498,DERMASON
10379,25865,596.414,224.3210784183402,147.26623176112253,1.5232349991966028,0.7543281816778206,26147,181.47269994292526,0.7614967909085556,0.9892148238803686,0.9137485231418908,0.8089863922840712,0.00867276545209125,0.0022914069726013907,0.6544589829007971,0.9968948282931052,DERMASON
10380,25878,585.837,207.50476988231026,159.3829129105811,1.3019260728327073,0.6403385830495412,26154,181.51829918401214,0.7363419075802413,0.9894471208992889,0.9475169292242794,0.8747668754167108,0.00801857832453475,0.0028963194173411127,0.7652170863263152,0.9962560760653064,DERMASON
10381,25881,590.606,219.66031683927363,150.42339514105157,1.4602802751081294,0.7287310179978821,26143,181.52882045915118,0.800451551046918,0.9899781968404544,0.932384848341269,0.8264069863469083,0.008487319533220263,0.0024418907833519943,0.6829485070829794,0.9972962338078193,DERMASON
10382,25885,587.92,218.823495736661,150.93355671759582,1.4498001670105118,0.724047387212998,26146,181.54284787749057,0.7461374380260579,0.9900175935133482,0.941069210517521,0.8296314217371104,0.008453679572596523,0.00247039451451188,0.6882882959335392,0.9978804863958257,DERMASON
10383,25895,592.636,217.88244462886718,151.4506888718378,1.4386362072822658,0.7189103917838762,26198,181.57791168233277,0.724781683833408,0.9884342316207344,0.9265091668494375,0.8333755938511972,0.008414073938168263,0.0025035092316343776,0.6945148804268355,0.999154253478359,DERMASON
10384,25901,591.889,211.12910564664878,156.67932806447445,1.3475236858289814,0.6702869879082178,26173,181.59894671551774,0.7575828482845359,0.9896076108967257,0.9290644836736891,0.8601322217479882,0.008151388195307084,0.0027521506802905544,0.7398274388891303,0.9969349973292965,DERMASON
10385,25911,613.9049999999999,233.38947803293377,141.75672063353903,1.6464085581965333,0.794409410416645,26288,181.63399969067686,0.7056372549019608,0.9856588557516738,0.8639561436067481,0.778244166024684,0.0090073512420568,0.0020381697712762107,0.605663981951456,0.997170363276268,DERMASON
10386,25918,598.787,221.18152879649304,149.87698689857646,1.4757537722997407,0.7354123908665156,26281,181.65853274879754,0.7384045584045584,0.9861877401925345,0.9083780335815651,0.8213096895443732,0.008533896473358015,0.002395272447320274,0.6745496061394747,0.9954691258636341,DERMASON
10387,25919,602.036,230.24214179730754,143.53294929304496,1.6041065339445661,0.7819030952152658,26196,181.66203720092616,0.7607795943526373,0.9894258665445106,0.8986346959930953,0.7890042881934767,0.008883141394240037,0.002123556360630972,0.622527766787695,0.9986008582660605,DERMASON
10388,25923,592.2379999999999,206.95271835196434,159.8836204276097,1.294395997529128,0.6349404236761105,26269,181.6760543334471,0.7462862736066329,0.9868285812174046,0.9287580357556013,0.8778626141284637,0.007983362973111304,0.002924636218608014,0.7706427692844598,0.9975169160865683,DERMASON
10389,25927,602.169,230.70901287515719,143.489567276871,1.6078452061256234,0.7830566237666791,26256,181.690070384566,0.7917366476318441,0.9874695307739183,0.8985150247040209,0.7875291395004294,0.008898407562585612,0.0021113419887213635,0.6202021455622869,0.9971890465711492,DERMASON
10390,25929,597.772,224.6099506176916,147.28940741792007,1.5249565773618847,0.7549725652244266,26208,181.69707800467796,0.7031783912784075,0.9893543956043956,0.9118522931401807,0.8089449176450085,0.008662499541736727,0.0022882253395759902,0.6543918797836898,0.9979192012483457,DERMASON
10391,25938,590.3449999999999,217.56576219311253,151.9157899586942,1.4321471273806923,0.715851765757937,26177,181.72860895120684,0.7342051630434783,0.9908698475761164,0.9352647612497998,0.835281282860598,0.008387915883765616,0.0025186326464798642,0.6976948214972465,0.9992016343956662,DERMASON
10392,25939,597.4250000000001,225.08549409571086,147.27750508691753,1.5283087119304068,0.7562194582626813,26297,181.73211205201295,0.6966669352456154,0.9863862798037799,0.913263937281579,0.8073914882081953,0.008677493122160101,0.0022746297098044867,0.6518810152310444,0.9962754347196432,DERMASON
10393,25940,600.063,225.86060995393504,146.52423973974655,1.5414556004870197,0.7610122866195308,26262,181.73561508529394,0.6901322265676962,0.9877389383900693,0.9052866957477654,0.804636165298409,0.008707039705240364,0.0022513783310230367,0.6474393585061285,0.9979990251449953,DERMASON
10394,25940,597.074,223.88161653857702,147.6995476086132,1.515790807510376,0.751510050150087,26225,181.73561508529394,0.7984732354480254,0.9891325071496664,0.9143732575940032,0.8117487174476387,0.008630748517292869,0.002311610558777496,0.6589359802778862,0.9988091016430585,DERMASON
10395,25950,601.233,218.8558913888655,151.31955225050422,1.4463160122662617,0.7224608516039329,26322,181.77064170508248,0.771861986912552,0.985867335308867,0.902114382023353,0.8305494567752368,0.008433753040033352,0.0024754983232490547,0.6898124001496411,0.997686719796248,DERMASON
10396,25952,604.3860000000001,228.45880748483782,144.79348146415873,1.5778252251044125,0.773510276987078,26251,181.7776462191293,0.7289068643972587,0.9886099577158965,0.89279531987852,0.7956692421726547,0.0088031291416784,0.002176442089342065,0.6330895429396066,0.9989046505999344,DERMASON
10397,25953,596.042,224.5859701046471,147.5849989186918,1.5217398228147632,0.7537663154259786,26279,181.78114837493925,0.7331977286210696,0.9875946573309486,0.9180021622755044,0.8094056289012057,0.008653564909823415,0.0022910770744852937,0.6551374720969563,0.9969487807081341,DERMASON
10398,25955,609.72,230.27265266670088,144.05601421873658,1.5984938491846081,0.7801528921050243,26258,181.78815248415157,0.6969656283566058,0.9884606596085003,0.8773442120256223,0.7894474240815461,0.008871995864638832,0.002125660691294774,0.6232272353889886,0.9962249024136263,DERMASON
10399,25958,591.7410000000001,210.3156323871071,157.57573385144,1.3346955603290382,0.6623047787797549,26265,181.79865814200983,0.7389967545407959,0.9883114410812869,0.9315748805672935,0.8644086798426429,0.008102150873992877,0.002790336405880735,0.7472023657873006,0.9972876802836642,DERMASON
10400,25959,597.217,217.88249284310075,152.03699344054922,1.4330886708062862,0.7162989542307963,26365,181.8021598930554,0.7097470950102529,0.9846007965105253,0.9146048484278009,0.8344046257262756,0.008393331516741815,0.0025096950376870776,0.6962310794334062,0.9977608721992461,DERMASON
10401,25959,592.323,219.10437540741276,151.1912099726215,1.4491872606025797,0.723769376464597,26269,181.8021598930554,0.7026200400584637,0.988199017853744,0.9297809184362358,0.8297513892865175,0.008440401225294224,0.0024679411963456346,0.688487368022906,0.9977471228245951,DERMASON
10402,25961,605.859,232.30372387770458,142.87104434497653,1.6259678435385678,0.7885128247336575,26272,181.80916319280928,0.6950364103662454,0.9881623020706456,0.8887674767763332,0.7826355951509499,0.00894818088200395,0.0020708703120318867,0.6125184747972817,0.9959353435936689,DERMASON
10403,25993,607.719,224.08048194593408,148.23174807251453,1.5116902071229341,0.7499352871078305,26340,181.92117932308233,0.7087969022687609,0.986826119969628,0.8844242495140904,0.8118564265091865,0.00862080105974432,0.0023101720072860876,0.6591108572642663,0.9963714283347934,DERMASON
10404,25994,612.4979999999999,226.90055136876094,146.65248534010843,1.5471988138663015,0.7630585655170812,26369,181.9246787157966,0.7044444444444444,0.9857787553566688,0.870710193382473,0.8017815629726297,0.008728958658488918,0.0022251867279072923,0.642853674722833,0.9946224430207605,DERMASON
10405,25997,596.404,220.12837327224608,151.04903465476391,1.4573305534548378,0.7274260147029838,26392,181.93517649008953,0.8082890277648229,0.9850333434374052,0.9184425656713335,0.8264958023611035,0.008467452908883566,0.002437222403279307,0.6830953113205244,0.9954956681091446,DERMASON
10406,26000,609.3219999999999,223.29616809644028,149.25132042334818,1.4961084931313537,0.7438013660573111,26407,181.9456736586892,0.794912559618442,0.9845874200022722,0.8800138233786889,0.8148177159050394,0.008588314157555395,0.002335229331105363,0.6639279101527056,0.9933081852064131,DERMASON
10407,26006,593.423,221.90376910809823,149.42695013061754,1.4850317758217446,0.73929083515892,26248,181.96666617922813,0.7141170332537002,0.9907802499238038,0.928014309114442,0.8200251258039013,0.008532791244639631,0.0023800140531807993,0.6724412069497041,0.9985965596922365,DERMASON
10408,26008,591.996,216.3068242438734,153.3673358011772,1.410383919847769,0.7051815328899883,26323,181.9736631479185,0.7938949938949939,0.9880332788815864,0.9325653520842078,0.8412756452970422,0.008316934183477138,0.0025697820603085473,0.707744711369955,0.998191760273485,DERMASON
10409,26010,593.6080000000001,213.9164589504202,155.0789917982761,1.3794032090992623,0.6888002395019406,26346,181.98065984758267,0.7864658925979681,0.987246640856297,0.9275786110058876,0.8507090138854657,0.008224392885444836,0.0026570990825558164,0.7237058263059813,0.9982821392503037,DERMASON
10410,26026,598.507,224.66613221204955,147.9712429333163,1.5183094211981178,0.7524693414052542,26381,182.03662376367384,0.7313139260424862,0.9865433455896289,0.9130169098487976,0.8102539620518319,0.008632372712366462,0.0022950629359974875,0.6565114830206914,0.9967875697950641,DERMASON
10411,26031,597.9909999999999,227.27332937512855,146.1657256929377,1.5549016590426965,0.7657591217738879,26319,182.05410895939983,0.7959576810176126,0.9890573350051294,0.9147689622079079,0.8010359572763963,0.008730872013181536,0.002217407080552424,0.6416586048497126,0.9977160292198403,DERMASON
10412,26038,618.657,230.34085724976833,144.20181417234102,1.5973506198367193,0.7797936503278676,26411,182.07858541249206,0.7854126447876448,0.9858770966642687,0.8549045414671144,0.7904745497020381,0.00884633448228621,0.0021305644992352605,0.62485001372664,0.9981045567312308,DERMASON
10413,26043,589.8549999999999,219.30740187247173,151.4279242880016,1.4482626167111012,0.7233490926222369,26259,182.0960665789842,0.7964220183486238,0.9917742488289729,0.9406116310930093,0.8303233954906543,0.008420973078081317,0.0024690571439649153,0.6894369410991295,0.9984857483735224,DERMASON
10414,26044,595.703,221.9204490171667,149.88918352914726,1.4805634655686302,0.7374346132802143,26333,182.09956261090406,0.7422480620155039,0.9890251775338929,0.9222697754686336,0.8205623385198617,0.0085209817622933,0.0023829543315340225,0.6733225513971843,0.9968967701421273,DERMASON
10415,26045,600.417,221.41792802695738,151.25789410754524,1.4638437837137144,0.7302939819762206,26544,182.10305857570683,0.7001344086021506,0.981201024713683,0.90787961616882,0.8224404419209269,0.008501360262121612,0.0023993080684614446,0.6764082805070898,0.9901560566727857,DERMASON
10416,26061,607.468,219.36588291050066,152.0946569409913,1.442298416805061,0.7206127294937003,26501,182.1589848877707,0.7922480620155039,0.9833968529489453,0.8874709168081822,0.8303888575147758,0.008417400825390456,0.0024687881432729677,0.6895456546846944,0.9945306060665441,DERMASON
10417,26080,590.353,215.06433531160775,154.47710605547226,1.3922084689648366,0.6957508155167585,26337,182.22537509000506,0.7463369963369964,0.9902418650567643,0.9403594688654783,0.8473063412674995,0.008246331875445082,0.002621817141700185,0.7179280359521164,0.9995054917598283,DERMASON
10418,26088,601.7139999999999,223.00462023820458,150.12790296861246,1.4854308614756886,0.739455583149591,26490,182.25332162419133,0.7174917491749175,0.9848244620611551,0.9054623929825539,0.8172625366663508,0.00854816851572388,0.00235233517684197,0.6679180538383185,0.9921460901082189,DERMASON
10419,26091,613.028,231.8915593505304,143.6484352654057,1.6142992363410444,0.7850251931558859,26509,182.26380046977275,0.7166675822666594,0.9842317703421479,0.8724488331706453,0.7859872130760065,0.008887798832951224,0.002092357556774308,0.6177758991189877,0.997275162177684,DERMASON
10420,26092,590.9449999999999,208.1101278566837,159.86092594494286,1.301819857645252,0.6402634040364714,26380,182.26729328442298,0.7824861298545509,0.9890826383623957,0.9389081503102491,0.875821350751091,0.007976012872017619,0.00289486104207778,0.7670630384314658,0.9985778954957852,DERMASON
10421,26096,595.1179999999999,225.22478461630186,147.89637292088264,1.5228553626314159,0.7541857159606922,26383,182.28126387374212,0.7322109988776655,0.989121782966304,0.9259288912499789,0.8093303948953962,0.008630624793696423,0.0022841541143346607,0.6550156881015379,0.9974941532331338,DERMASON
10422,26103,586.1999999999999,200.7781654784494,165.66402541453064,1.2119599591767427,0.5649724522140648,26413,182.30570982890785,0.7737661182747888,0.9882633551660167,0.9545719295025712,0.9079956946238544,0.0076917659073075665,0.003225083609932131,0.8244561814554558,0.9992078800197676,DERMASON
10423,26127,590.039,216.87294368326752,153.79958562727208,1.4101009622278926,0.7050384514864656,26350,182.38949965745175,0.7199900793650794,0.9915370018975332,0.9430570644092738,0.8409970213888129,0.008300721234097582,0.002561376509743367,0.7072759899848555,0.99733055403833,DERMASON
10424,26132,595.893,217.0295553502885,153.55681948861906,1.4133501597196974,0.706674552092627,26473,182.40695102714497,0.736320090166244,0.9871189513844294,0.9247960071854444,0.8404705558776905,0.008305126104021449,0.0025563246487605214,0.7063907552973542,0.9983774868240335,DERMASON
10425,26137,602.259,217.31711698562935,154.23672100515068,1.4089842909612433,0.7044726653189555,26529,182.42440072737787,0.7374583827097794,0.9852237174412907,0.9055219965752601,0.8394387117671966,0.008314539426316308,0.0025466773939851694,0.7046573508133707,0.9928511378064054,DERMASON
10426,26144,624.429,239.0307309852512,139.82744598668145,1.7094693341392995,0.8110499833906774,26560,182.44882750392256,0.8084106369820655,0.9843373493975903,0.8425889702419609,0.7632860710080835,0.00914285231736732,0.001914303599844546,0.5826056261949571,0.9959464518773032,DERMASON
10427,26145,593.741,217.41367440583056,153.3228930764465,1.4180118183488002,0.7089957624083955,26419,182.45231677646854,0.7963267543859649,0.9896286763314281,0.9319753612370368,0.8391943021757584,0.008315688445432418,0.0025440642692401544,0.7042470768042584,0.9986306779460336,DERMASON
10428,26148,599.1179999999999,218.27228571347578,152.9530950157539,1.4270537362515883,0.7134123643331971,26484,182.4627841937501,0.7405267629566695,0.987313094698686,0.915426762158009,0.8359411438668283,0.00834757096961434,0.0025144481659607975,0.6987975960093815,0.9972217202688161,DERMASON
10429,26155,591.657,215.98594348526441,154.5345859133918,1.397654396966597,0.698628648864376,26485,182.48720583248618,0.7936339361573006,0.9875401170473853,0.9389113178806199,0.8449031584545516,0.008257921754359182,0.002595842034614769,0.7138613471664771,0.9977314506917253,DERMASON
10430,26160,593.629,217.32751558680607,153.58197227259666,1.4150587622423925,0.7075288765934163,26449,182.50464785936782,0.7258601553829079,0.9890733109002231,0.9328619639619389,0.8397677917892126,0.00830762674261491,0.00254855255410751,0.7052099441265305,0.997913510656715,DERMASON
10431,26161,602.251,230.11955989697296,144.9688197735596,1.5873727899310919,0.7766180564550409,26488,182.5081360647152,0.8003242780225159,0.9876547870733917,0.9063775609957793,0.7931013606423812,0.008796283012766063,0.0021468106273364175,0.6290097682527964,0.998472990725351,DERMASON
10432,26163,600.6669999999999,227.75692196804036,146.43017628305086,1.5553960785226686,0.7659307698098466,26435,182.51511227541147,0.7016842782813925,0.9897106109324759,0.911233881629701,0.8013592328975302,0.00870530604166343,0.00221448522259823,0.6421766201501182,0.9988389967004352,DERMASON
10433,26168,601.4639999999999,218.9375896314217,152.8051196352395,1.4327896221935938,0.7161570461050363,26520,182.5325516356733,0.7899296646240227,0.9867269984917044,0.908994213772591,0.8337195633831733,0.008366615317617766,0.002493500925450851,0.6950883103678293,0.9959153176031057,DERMASON
10434,26176,592.5279999999999,211.12678979975382,158.34737566125315,1.3333141071526804,0.6614255646398863,26477,182.56045114697656,0.7324211645541285,0.9886316425576915,0.9369046412674189,0.8646958129763096,0.008065662813254654,0.0027814627566652354,0.747698848978761,0.9969174232452037,DERMASON
10435,26181,595.879,218.6640839150368,153.20903514558887,1.4272270803562495,0.7134959521335628,26459,182.57788617658846,0.7026570048309179,0.9894931781246457,0.9265736257819659,0.8349697074510424,0.008352014205532134,0.0025041126701387654,0.6971744123608793,0.9950262010529016,DERMASON
10436,26185,600.1779999999999,218.074899059804,153.3052493804981,1.422488140106344,0.7111962150140273,26496,182.59183300161658,0.7106605873093416,0.9882623792270532,0.9134868466767435,0.8372895449629134,0.008328237504670766,0.0025248497432823736,0.7010537821042027,0.9972406906199254,DERMASON
10437,26188,600.0509999999999,219.92700902755348,152.61497103319786,1.441057895818841,0.7200379905615114,26495,182.6022924213287,0.7728721520481643,0.9884129080958671,0.9139782661158176,0.830285889981123,0.008398007065356403,0.002461878573010646,0.6893746591017456,0.9934287956759922,DERMASON
10438,26188,605.99,224.47038460430846,149.35870830128331,1.502894522571201,0.7465024286889268,26585,182.6022924213287,0.7434281496621813,0.9850667669738574,0.8961511804712234,0.8134805522038735,0.008571497808320928,0.0023153954750234763,0.6617506088139189,0.9945413652945964,DERMASON
10439,26195,605.709,222.05162725874203,150.58380588653026,1.474604961346674,0.7349256172589518,26593,182.62669540441667,0.7272550598295344,0.9850336554732448,0.8972226184392941,0.8224515067012497,0.008476870672217677,0.0023925252082647418,0.6764264808751559,0.9974618446847761,DERMASON
10440,26210,607.8589999999999,223.42999397603037,149.87021125640746,1.4908232403420862,0.7416651276677673,26556,182.67897653399694,0.7272475027746947,0.9869709293568308,0.8913970293281199,0.8176116969935325,0.008524608698055337,0.0023498633053060888,0.6684888870606441,0.9965987687404245,DERMASON
10441,26217,599.7139999999999,222.9190747113306,150.16284728187935,1.4845155026454468,0.7390774588501237,26534,182.7033692746846,0.7379665597027529,0.988053063993367,0.9160190033108343,0.8195950459209317,0.00850284451734869,0.002366689581121855,0.671736039298134,0.997202564023731,DERMASON
10442,26228,596.962,216.96635130194497,154.2756388474957,1.406355228361233,0.7031334568400528,26582,182.7416941459005,0.7050537634408602,0.9866827176284704,0.9248720723482395,0.8422582259844748,0.008272317801660248,0.002567958602533173,0.7093989192385145,0.997666879064893,DERMASON
10443,26233,587.7459999999999,202.93220786879962,164.98079039441265,1.2300353718978925,0.5822849777901257,26523,182.7591118851192,0.7700187859574967,0.9890660935791578,0.954285794529337,0.9005919454800256,0.007735760601867862,0.003139026758995194,0.8110658522634975,0.9976396872226123,DERMASON
10444,26240,598.413,216.96751854795755,154.39296228826396,1.4052940971678614,0.7025900741342266,26572,182.78349393162028,0.802937576499388,0.9875056450398916,0.9208134525768208,0.8424463493655093,0.0082685792129557,0.002569092046953113,0.709715851559274,0.9973594968627097,DERMASON
10445,26243,598.6450000000001,221.18718776594457,151.40891661348084,1.4608597215618075,0.7289861723246277,26515,182.79394238454643,0.7559991933857633,0.9897416556666038,0.9202050776928568,0.8264219290042015,0.008428426161869625,0.002425121934364991,0.6829732047390253,0.997728045709228,DERMASON
10446,26243,602.4859999999999,226.9610327243277,147.92045499939542,1.5343451500690377,0.7584391650058188,26530,182.79394238454643,0.6981378026070764,0.9891820580474934,0.9085094000671866,0.805397914304401,0.008648440830862619,0.0022447066007357337,0.6486658003658791,0.9952772248070373,DERMASON
10447,26244,597.483,210.73752339249234,159.41306709079151,1.3219589036102648,0.654047861636654,26661,182.79742506947304,0.7015049049744727,0.984359176324969,0.9238230355945461,0.8674175444731705,0.008029931542161726,0.00280417048232538,0.7524131964598648,0.9946593242539777,DERMASON
10448,26251,612.657,231.56994314062808,144.79218654547194,1.599326238974253,0.7804138691769883,26632,182.8218020063328,0.6859419911157565,0.9856939020726945,0.87886246360323,0.7894884781973132,0.008821376067221366,0.002113972264063514,0.6232920572063095,0.9968473416342921,DERMASON
10449,26253,590.582,216.96670023766967,154.2669578342417,1.4064366296170707,0.7031750725865051,26516,182.82876624845508,0.7924955474386453,0.9900814602504149,0.9458633330925742,0.8426581869391976,0.008264453595309857,0.0025703939273069923,0.7100728200156555,0.9986724237655075,DERMASON
10450,26258,602.3919999999999,225.55383519213626,148.61426962468587,1.5177131762767833,0.7522427850293842,26686,182.84617569327477,0.7681146701769782,0.9839616278198307,0.9093124068862602,0.8106542526200838,0.008589909177855749,0.0022882896485373135,0.6571603172910265,0.9973808724788227,DERMASON
10451,26262,612.125,223.16316701505264,150.0670985312965,1.4870892367424027,0.7401383715235694,26641,182.8601020557378,0.7766835240883684,0.9857738072895161,0.8807596839911462,0.8194009096644683,0.008497569378381411,0.0023629811044166564,0.6714178507589583,0.9984582592203635,DERMASON
10452,26264,599.4789999999999,221.74025965989955,151.20124570911165,1.4665240264388715,0.7314598628704112,26596,182.86706483925505,0.8006828851899275,0.9875169198375695,0.9183807783109237,0.8246904063327635,0.008442745189609333,0.002408946830267022,0.6801142662972987,0.9974039122488332,DERMASON
10453,26264,595.114,219.88839606699435,152.2208553410323,1.4445352811502812,0.7216441890924553,26551,182.86706483925505,0.7999512670565302,0.9891906142894806,0.9319023341116616,0.8316358121214371,0.008372235610226712,0.0024703241011351713,0.6916181240028823,0.9990667812051335,DERMASON
10454,26269,606.223,226.56820106632813,147.942009916393,1.5314662900305966,0.7573846415239792,26660,182.8844706382912,0.7126115617285625,0.9853338334583646,0.8982321297838612,0.8071939035467361,0.008624926760300283,0.002258638211804925,0.6515619979230175,0.997845235684087,DERMASON
10455,26272,667.3019999999999,219.51065661847014,153.01674733984478,1.4345531481658327,0.716992210382698,26984,182.89491332260226,0.6995047659619789,0.9736139934776163,0.7414094998944203,0.8331937781065936,0.008355308184320575,0.002483855397177452,0.6942118718755396,0.995883826293151,DERMASON
10456,26301,598.718,219.62136591721807,152.95457883457905,1.4358600284515797,0.7176085096904662,26571,182.99582854830192,0.7973866116905166,0.9898385457829965,0.9220139567981461,0.8332332684665962,0.008350304776138476,0.002482838644732209,0.6942776796795268,0.9968855688979422,DERMASON
10457,26306,653.4029999999999,227.98467579369407,147.45388412226973,1.5461422203341058,0.7626842280507983,26812,183.01322210103615,0.7542939068100358,0.9811278532000597,0.7742878269677862,0.802743524159698,0.008666641670861935,0.002219922670606585,0.6443971655803316,0.9963296643673784,DERMASON
10458,26307,606.265,217.53181696209646,154.67766430276342,1.4063557136232896,0.7031337049551399,26684,183.01670061321704,0.6967265215318608,0.9858716834057862,0.8994068585222581,0.8413330204707781,0.008268970880833865,0.002555659335442975,0.7078412513344828,0.9954765881525088,DERMASON
10459,26311,600.1289999999999,224.1376271537175,149.61480179785553,1.4980979452591174,0.7445980556556739,26567,183.0306140008465,0.7175857742868053,0.9903639853954154,0.9180323626324784,0.8165992311291889,0.008518780249846737,0.0023366466600155365,0.6668343042807824,0.9989831010713331,DERMASON
10460,26317,596.916,220.16249826139418,152.82934324936255,1.4405774020906974,0.7198148530549824,26624,183.0514820994227,0.7945954106280193,0.9884690504807693,0.9281534949790033,0.8314380675408654,0.00836579010758803,0.002466075374282659,0.6912892601560887,0.9958556864888587,DERMASON
10461,26318,604.873,232.12635605294588,144.7366524117256,1.603784198301249,0.7818031839537704,26607,183.05495988456585,0.7834603477018338,0.9891381967151501,0.903929059566468,0.7886004975790543,0.00882006064491777,0.0021041636852051123,0.6218907447819321,0.9973785495510576,DERMASON
10462,26322,602.187,222.06245001687813,151.33561522590932,1.4673508921570768,0.7318178797377731,26670,183.0688703644586,0.715972146665216,0.9869516310461193,0.9121494431391054,0.8244026414665975,0.008436382114462355,0.0024037732813193876,0.6796397152571034,0.9972699425278923,DERMASON
10463,26322,598.134,218.2334017440144,153.74302169492785,1.4194686649066568,0.7097149489090563,26631,183.0688703644586,0.7712728551336147,0.9883969809620368,0.9245529081403449,0.8388673269144957,0.008290912610896376,0.0025325336102315008,0.7036983921646714,0.9988778172229471,DERMASON
10464,26324,604.6229999999999,228.08255175366872,147.71382719202057,1.544083963494987,0.7619522756875123,26599,183.07582520804985,0.8214698080823841,0.9896612654611076,0.9048829776933612,0.8026735223734845,0.008664433663336451,0.0022185830603456695,0.6442847835194567,0.9948298021562325,DERMASON
10465,26325,608.1,229.0356868097376,147.25391191317314,1.5553793025531728,0.7659249489949553,26682,183.07930253076987,0.701326726342711,0.9866201933888015,0.8945986470998836,0.7993483682866234,0.008700310989923556,0.0021910834093231725,0.6389578138824874,0.9938217589174432,DERMASON
10466,26329,605.8739999999999,229.4179595709772,146.26145046342035,1.568547001578889,0.7704232995502539,26626,183.09321116123365,0.7352210214738488,0.9888454893712912,0.901321221673505,0.7980770620732001,0.0087135082825393,0.0021804800923316213,0.6369269970073904,0.9990499313805882,DERMASON
10467,26330,622.645,227.95152352831084,148.07410246747799,1.5394422098785072,0.7602881816758452,26813,183.09668815376435,0.7614668286193533,0.9819863499048969,0.8534532041548836,0.8032264286710254,0.008657482853335011,0.0022229175854851795,0.6451726957156101,0.9932060804457125,DERMASON
10468,26350,594.5939999999999,218.68925877814644,153.66679031181874,1.4231393675522532,0.7115140502976046,26655,183.16621414379765,0.7830841926951767,0.9885574939035828,0.9365898321195761,0.8375638344890737,0.008299402610176336,0.0025194065944105556,0.7015131768440404,0.9983510188233996,DERMASON
10469,26383,603.7219999999999,231.04495130583874,145.96259093763666,1.5829052486780943,0.7751723998469593,26630,183.280874367043,0.7802620293969775,0.9907247465264739,0.9096200766199153,0.7932693327907023,0.008757341898413325,0.0021391179332499125,0.629276234346206,0.9960846542149961,DERMASON
10470,26386,586.4970000000001,204.01684728256353,165.0594356161769,1.2360205069219838,0.5877424842290486,26654,183.29129446698227,0.779935562058467,0.9899452239813912,0.9639440614768869,0.8984125424363785,0.007732011190880146,0.003107244743544724,0.8071450964069975,0.9976478912205706,DERMASON
10471,26403,604.917,217.24251075542645,155.2296666835613,1.3994909310620343,0.6995889324393796,26789,183.3503305141349,0.7275958994708994,0.9855911008249655,0.9067165866576127,0.8439891892087011,0.008227947989070426,0.002575246676348022,0.7123177515011605,0.9968822332603738,DERMASON
10472,26403,603.752,230.57885557357596,146.07770151720075,1.5784671663007044,0.7737213964310061,26707,183.3503305141349,0.7043053777208707,0.9886172164601041,0.910219163761354,0.7951740850566812,0.00873305516697254,0.002153747754802287,0.6323018255457299,0.9980676708159306,DERMASON
10473,26403,588.912,213.7594715486179,157.56598923333814,1.3566345922029106,0.6757638730425495,26646,183.3503305141349,0.7798157008683324,0.9908804323350596,0.9566703895172926,0.8577413163768667,0.00809602967649956,0.002703193747735326,0.73572016581992,0.998103427132565,DERMASON
10474,26405,622.432,236.56533074989824,143.02485726441355,1.6540154996453107,0.7965374013692881,26835,183.35727468178615,0.6804535498002835,0.9839761505496553,0.8564701107954157,0.775080922046161,0.008959111181590542,0.0019944946598006537,0.6007504357199269,0.9936505320994331,DERMASON
10475,26416,610.6279999999999,231.66223878606002,145.72618415879467,1.5897090843579813,0.7773681503747496,26803,183.3954629038681,0.7761650114591291,0.985561317762937,0.890273590500281,0.7916502226037526,0.008769769790508026,0.002124718056885598,0.626710074948571,0.9962866994044146,DERMASON
10476,26420,605.129,221.7853346682623,152.08154342380834,1.4583316928222458,0.7278700848914144,26769,183.40934755868633,0.8171218259982062,0.9869625312861893,0.906664777647477,0.8269678778942835,0.008394600100994031,0.002421778040161212,0.6838758710689746,0.9973178567363055,DERMASON
10477,26425,595.5319999999999,216.94730467032923,155.37596079364215,1.396273294544329,0.6979031282222441,26775,183.4267018992237,0.719047619047619,0.9869281045751634,0.9362992053904281,0.8454896555546377,0.00820992638298313,0.002587928178278116,0.7148527576498999,0.9981298150379246,DERMASON
10478,26426,621.017,236.6239060948583,142.7664828378531,1.6574191742441657,0.7974782673632544,26918,183.4301725703037,0.7110644709934345,0.9817222676276097,0.8610617884187831,0.7751971286314994,0.008954208207631056,0.001994598889525046,0.6009305882385215,0.9959938793363511,DERMASON
10479,26431,598.299,219.5729451389952,153.9217707141544,1.4265229935975758,0.7131561858235602,26715,183.44752494077179,0.7563816391941391,0.989369268201385,0.9278695118252546,0.8354741738543648,0.008307402108849275,0.0024967618129159634,0.6980170951776333,0.9957374361950816,DERMASON
10480,26432,596.331,223.403866626965,151.00130606314482,1.4794830087995616,0.736982537198873,26708,183.45099521790505,0.7779838116261958,0.9896660176726074,0.9340392288035076,0.8211630263509611,0.008452022799143652,0.0023705983024571086,0.6743087158458692,0.9976282877794153,DERMASON
10481,26437,601.896,226.34812006640064,149.23751989869376,1.5166971430512348,0.7518559473894459,26767,183.46834561897452,0.7886462621561959,0.9876713864086375,0.9170206611196919,0.8105582920907536,0.008561792944222137,0.0022797199279520966,0.6570047448770795,0.9964772195261719,DERMASON
10482,26439,604.9229999999999,228.28488086077698,147.90013090501884,1.5435069561052726,0.7617464294067176,26738,183.47528531999333,0.7696495109455054,0.9888174134191039,0.9079348666933303,0.8037119437265253,0.00863439921558217,0.002222355726526107,0.6459528884886695,0.9970327766985548,DERMASON
10483,26442,602.609,219.86247702658554,153.36901421104355,1.4335521301848078,0.7165186496177212,26771,183.4856943793907,0.7136842105263158,0.987710582346569,0.915024953319619,0.8345475629168129,0.008314895886339367,0.0024879460079248257,0.6964696347703917,0.9984255285341301,DERMASON
10484,26443,618.475,240.38035119581477,140.9441705602599,1.7055004846265813,0.8100664004594176,26783,183.48916393463648,0.7749772867149263,0.9873053802785349,0.8687129397085275,0.7633284626710837,0.00909050982096641,0.0019037671512524338,0.5826703419238001,0.9937445505285768,DERMASON
10485,26461,607.7909999999999,231.88290818431202,145.6264257885772,1.5923133931815603,0.7781995587556655,26818,183.55160471441576,0.7910612855007474,0.9866880453426803,0.9001348721669374,0.7915702202963569,0.008763195199890859,0.002122267079351646,0.6265834136600231,0.9977171615162765,DERMASON
10486,26464,597.198,219.62862160797815,154.02115095207975,1.425964033188602,0.7128859781590464,26774,183.56200944604888,0.7881350884507713,0.9884216030477329,0.9324566759949505,0.8357836428700733,0.008299146826178135,0.0024979784076342424,0.6985342976891704,0.9960847844534172,DERMASON
10487,26466,610.1659999999999,222.17372534662178,152.25908948104131,1.4591820173355625,0.7282463292019563,26878,183.56894560616948,0.7448077897225193,0.9846714785326289,0.8933099353278118,0.8262405706155239,0.008394684702887546,0.0024132939076065064,0.6826734805310668,0.9961448665028118,DERMASON
10488,26496,604.717,220.77369625531452,153.57785531872622,1.4375360028119555,0.7183956379259872,26830,183.67295657581948,0.7310451385056836,0.9875512486023108,0.9105123136605606,0.8319512681592749,0.008332340589346109,0.0024622850528784167,0.6921429125918259,0.9949803559418781,DERMASON
10489,26499,602.783,227.5733875791488,148.38378468625362,1.533680975049502,0.7581965352139923,26808,183.68335443348445,0.7487285262206148,0.9884735899731424,0.916468110777961,0.8071389910193272,0.00858799907842367,0.0022483559201813916,0.6514733508236976,0.9991522839100548,DERMASON
10490,26507,602.741,219.71915208059121,154.11267561415357,1.425704609987398,0.7127604272677869,26844,183.7110791767741,0.7625719217491369,0.9874459842050365,0.9168725559059818,0.8361177322830299,0.008289099184388698,0.002498945789872195,0.6990928622381164,0.9966999165021675,DERMASON
10491,26516,601.3739999999999,229.9247948303115,147.21535131418884,1.5618262143029034,0.7681448519737465,26796,183.74226451254367,0.8107876712328768,0.9895506792058516,0.9213583559520183,0.799140713154267,0.00867117192752721,0.002181476744016573,0.6386258794207108,0.9974226396115111,DERMASON
10492,26516,602.0629999999999,221.33196573630067,152.8388491712334,1.4481394418792755,0.7232930260100864,26810,183.74226451254367,0.7284615384615385,0.9890339425587468,0.9192507603480308,0.8301659631553532,0.00834710988596699,0.0024455445957747932,0.6891755263816554,0.9980222621311862,DERMASON
10493,26529,600.701,222.45141095189197,152.32616860311012,1.4603624117369816,0.7287672100773483,26852,183.78730065561965,0.7253711754573046,0.9879711008490988,0.9238767414429945,0.8261907617001631,0.008385216591348787,0.0024099908050990533,0.6825911747186959,0.9968304941425741,DERMASON
10494,26545,599.6229999999999,221.68388723097692,152.73598272016105,1.451418868578863,0.7247794174384213,26844,183.84271460951314,0.7456460674157304,0.9888615705558039,0.927760819697995,0.8293012040968214,0.008351248341720735,0.002436578148381725,0.6877404871164379,0.9981995196864164,DERMASON
10495,26564,605.9839999999999,220.3652255671734,154.06486002977942,1.430340608004828,0.7149904938335202,26874,183.9084969933278,0.7035330261136713,0.9884646870581231,0.9090358700963872,0.8345622432939964,0.008295634150247456,0.0024823572564177604,0.696494137931908,0.9962238487213236,DERMASON
10496,26570,613.754,225.24351716583388,150.55304738701497,1.4961073261228512,0.7438008975369939,26938,183.92926548978895,0.7752684407096172,0.986339000668201,0.8863653033613149,0.8165796192676763,0.008477362332172897,0.0023250626185042774,0.6668022746033434,0.9976077681094433,DERMASON
10497,26571,626.86,215.0255524386237,157.9695124623141,1.36118387077963,0.6784413093160548,27000,183.93272667787537,0.799079754601227,0.9841111111111112,0.849721577547698,0.8553993913368814,0.008092490024410962,0.0026726228862201423,0.7317081186995071,0.995989289292276,DERMASON
10498,26572,611.198,231.72891880151482,146.25211170561553,1.5844483617983705,0.7756734251649797,26894,183.93618780083145,0.7928153717627402,0.9880270692347736,0.8938615554851844,0.7937558624626398,0.008720793271169458,0.0021354211402514886,0.6300483691938095,0.9982791064228663,DERMASON
10499,26578,607.052,227.14507682502395,149.5171857777759,1.5191904237859633,0.7528034850648657,26978,183.95695317103716,0.6977318072036123,0.9851731040106754,0.9063175140269888,0.8098654645847518,0.008546357018023325,0.002267839483711013,0.6558820707270758,0.9964097609814814,DERMASON
10500,26578,591.719,207.1700534738016,163.66881630927804,1.2657881821685635,0.6130790142365532,26872,183.95695317103716,0.742174192287286,0.9890592438225663,0.9538962288816304,0.8879514683057224,0.007794794697637204,0.002989106318982278,0.7884578100662881,0.9980205781204136,DERMASON
10501,26579,599.102,216.4623815497143,156.48221143000714,1.3833034411488725,0.6909451485938389,26857,183.96041383818394,0.7305736510816085,0.9896488811110697,0.9305655321241725,0.8498493480537368,0.00814411307986434,0.0026205433009824806,0.7222439143873615,0.9990824921208685,DERMASON
10502,26582,618.13,224.91465190055104,152.06669757738302,1.4790526491580938,0.7368021161994737,27097,183.9707954490334,0.7514133876074175,0.9809942060006642,0.8742544948308176,0.8179582516944183,0.0084611636408303,0.0023363312027035476,0.6690557015149896,0.9895686077600719,DERMASON
10503,26584,608.165,220.6112556347026,153.96033253846517,1.4329097112049005,0.716214046233944,26937,183.97771619747746,0.7287080946245991,0.9868953484055388,0.903207107936327,0.8339452838349986,0.00829864789477515,0.002475924109714333,0.6954647364306363,0.9965381746320155,DERMASON
10504,26586,600.927,226.16415311496442,150.2471222260935,1.5052810979942108,0.7474413990055497,26902,183.9846366855913,0.7992424242424242,0.9882536614378113,0.9251655000819936,0.8135004338732129,0.008506889081282044,0.0022981675521175,0.6617829559119057,0.996169374508928,DERMASON
10505,26591,601.403,225.9376561046847,150.2897462852409,1.5033471124228834,0.7466809294274116,26922,184.00193676712402,0.71076125307388,0.9877052224946141,0.9238752944340863,0.8143925184470782,0.008496771693606284,0.002305519569519639,0.6632351741025747,0.9970726838443938,DERMASON
10506,26591,626.823,225.26409712441534,150.70485083219606,1.4947368706481656,0.7432497371844934,27056,184.00193676712402,0.6906394473014389,0.9828134240094618,0.8504615561517849,0.8168276219600948,0.008471441357016109,0.002326262573476416,0.6672073639969838,0.9972994473342631,DERMASON
10507,26593,603.549,222.26775303505713,152.5197646084787,1.4573045900354153,0.7274144824569615,26901,184.00885634431344,0.7776640542753538,0.9885506115014312,0.9173860422934985,0.8278702323287116,0.008358130073141696,0.002421798223020717,0.6853691215759949,0.9987915667412381,DERMASON
10508,26603,600.076,218.08651891335563,155.82565915189141,1.3995546054502828,0.6996221350047923,26945,184.04345032787646,0.7873039360757621,0.9873074781963258,0.9283846761360653,0.8439010868021408,0.008197816746733663,0.002564744772915281,0.7121690443058346,0.9967194658173573,DERMASON
10509,26604,604.494,217.0553432430359,156.49219702708874,1.3870042555889461,0.6929576177798986,26967,184.04690936860163,0.7142972211035038,0.9865391033485371,0.9148982861886911,0.8479261860995752,0.008158748430425347,0.00260156987620812,0.7189788170733715,0.9972266789590728,DERMASON
10510,26605,612.2909999999999,229.7859187777714,148.02368645641727,1.5523591141302069,0.7648732207485855,27011,184.05036834431763,0.7382075471698113,0.9849690866683943,0.8917792760492883,0.8009645209039761,0.008636944889222755,0.002192769733782041,0.641544163746936,0.9959069297095982,DERMASON
10511,26606,600.6879999999999,222.95847285988262,152.21445106497384,1.4647654759449296,0.7306958417274798,26902,184.05382725502812,0.7932617769827072,0.9889971005873169,0.9265983842772094,0.8255072116980996,0.008380007248736474,0.002400532795754393,0.6814621565655712,0.9981822401002273,DERMASON
10512,26611,596.977,215.00294125268377,157.94784452367796,1.361227447586046,0.6784667754915152,26920,184.0711208336262,0.7466610549943883,0.9885215453194651,0.9383305594307613,0.8561330359536583,0.008079476203550554,0.002677490826707417,0.7329637752512279,0.9977304089582613,DERMASON
10513,26613,597.583,221.82511020698098,153.2020924321854,1.4479248075881954,0.7231952843772479,26866,184.0780378101551,0.7092260952990086,0.9905828928757537,0.9364988094017679,0.8298340870354814,0.008335216255475932,0.0024381572718938315,0.6886246120060108,0.997076658839299,DERMASON
10514,26614,598.639,220.42562527431804,154.08545503182762,1.4305414176100353,0.7150864438864878,26917,184.0814962009534,0.7467452300785634,0.9887431734591522,0.9332328186757454,0.8351184031886736,0.008282318526877509,0.002484985782366355,0.6974227473443998,0.9976921256595432,DERMASON
10515,26622,600.457,222.11141523085226,152.93173270834387,1.4523566253868383,0.7252020459005752,26951,184.10916098863603,0.7465716929807342,0.987792660754703,0.927869114690103,0.8289045423319713,0.008343152852184368,0.0024295623066996203,0.6870827402985749,0.9978891700615794,DERMASON
10516,26625,604.3439999999999,222.34126831185935,153.14411127825204,1.4518434072066992,0.7249708805855821,27108,184.11953421235268,0.741003590214578,0.982182381584772,0.9160750416290894,0.8280942877149722,0.0083508457581919,0.0024223080940104745,0.6857401493461671,0.9955873148851699,DERMASON
10517,26625,612.307,234.4139087327115,145.04152725869272,1.6161847793743667,0.7855949411136864,26972,184.11953421235268,0.7787820287820287,0.9871348064659647,0.892403020742349,0.7854462869022565,0.008804278262261465,0.0020669952886430746,0.6169258696085418,0.9970662004636205,DERMASON
10518,26625,592.1650000000001,214.7993943135835,157.99607762373034,1.3595235878268508,0.67746850369939,26911,184.11953421235268,0.7337742868954114,0.9893723756084872,0.9541441917613073,0.8571697085121125,0.00806758288501722,0.002686522357743551,0.73473990919074,0.9988962374625692,DERMASON
10519,26627,603.9530000000001,215.50598939307503,157.97829463233612,1.3641493592181348,0.6801666079178454,27005,184.12644937016293,0.8169044331952754,0.9860025921125718,0.917330464334354,0.854391332179279,0.008093513703874827,0.002660383246505074,0.7299845485030831,0.9958079540796203,DERMASON
10520,26637,596.017,220.33125138851258,154.0837863258328,1.4299444259669853,0.7148010353224433,26884,184.16102126430155,0.7776091081593928,0.9908123791102514,0.9422754591923295,0.8358370412900181,0.008271624108890362,0.0024903306142557797,0.6986235595924516,0.9989928648884399,DERMASON
10521,26638,602.775,219.87694043382476,154.68492237024435,1.421450371921452,0.710688528708284,26935,184.1644780967689,0.7170583326603677,0.9889734546129572,0.9212998812110255,0.8375797740927542,0.008254258594257255,0.002505893208355616,0.7015398779692689,0.9972041204571472,DERMASON
10522,26639,601.862,216.55793679212033,157.16030462586326,1.3779429691718874,0.6879907661751075,27043,184.16793486435145,0.8068756625776162,0.9850608290500315,0.9241318405710804,0.8504326259865466,0.00812935683742334,0.002622983764446935,0.7232356513423733,0.9965774808216739,DERMASON
10523,26641,617.725,230.16217607632188,147.70336386111128,1.5582730823432596,0.7669255847719615,27067,184.17484820487695,0.7218413851030969,0.9842612775704733,0.8773442425614283,0.8001959806975604,0.008639397022496224,0.0021849859951854054,0.6403136075245305,0.9977834588635821,DERMASON
10524,26647,600.589,212.52589384079405,159.8763041129403,1.3293145286287134,0.6588579065722734,27032,184.19558666959932,0.763786975464343,0.98575762059781,0.9283322512990492,0.8666971508308661,0.007975603026261645,0.002775957211927411,0.7511639512583411,0.9985331537898636,DERMASON
10525,26651,615.371,233.18112475052666,146.10464927098303,1.5959870265185145,0.7793639353705245,26978,184.20941101566123,0.6746917799549379,0.9878790125287271,0.8844011969468396,0.789984228838167,0.00874943246972071,0.002102002997037014,0.6240750818130336,0.9960157341470822,DERMASON
10526,26653,606.2819999999999,224.17663258050393,152.22797382404886,1.4726375642338654,0.7340885915873027,27108,184.2163227996539,0.7010995370370371,0.9832152870001476,0.9111851099342566,0.8217463197619408,0.008410934325610773,0.0023657839201471713,0.6752670140422941,0.9944235707667193,DERMASON
10527,26661,628.7499999999999,240.36969128611716,141.62089736661605,1.6972755840112261,0.808002167608291,26993,184.243967342717,0.6817972585924713,0.9877005149483199,0.8474816486671827,0.7665024918778445,0.009015779276325613,0.0019197174731152371,0.5875260700549451,0.9971936536743274,DERMASON
10528,26666,607.9319999999999,230.64190776995395,147.58299674047728,1.5627945824649072,0.7684753752626843,26928,184.2612430759867,0.80659407138536,0.9902703505644682,0.9066877131763031,0.7989061695577541,0.008649287773567611,0.002173417750702713,0.6382510677574427,0.9974553109437738,DERMASON
10529,26669,597.6779999999999,214.52947072564032,158.64844905406565,1.352231755209476,0.6731365573667208,26990,184.27160773852833,0.7714046048825639,0.9881067061874769,0.9381711099246565,0.8589570799537911,0.008044151288973726,0.002701132245707214,0.7378072652027435,0.9976864132314093,DERMASON
10530,26670,603.3749999999999,224.31367492493354,152.66445808025918,1.469324803858451,0.7326693990969407,26971,184.27506249649406,0.8116250760803408,0.9888398650402284,0.9205730487091781,0.8215061456157838,0.008410711470751163,0.0023629567045448797,0.6748723472845015,0.9916066793032925,DERMASON
10531,26679,607.882,226.4619404259529,150.3084852948095,1.5066477450143871,0.7479765542769937,27019,184.3061524040622,0.772051163329089,0.9874162626300012,0.9072789685557051,0.8138504512387391,0.008488396882415117,0.0022971210120182133,0.6623525569814993,0.9979319863806894,DERMASON
10532,26688,599.8309999999999,216.07243932147992,157.66870083495897,1.3704206236065555,0.6837642683819192,26976,184.33723706807592,0.7603852071343097,0.9893238434163701,0.9321119573303185,0.8531270237284299,0.008096239482969121,0.002645561759145628,0.7278257186157289,0.9974273751822567,DERMASON
10533,26689,604.6020000000001,223.6594583256002,152.25217705971124,1.469006635208139,0.7325324441965663,26962,184.34069059607202,0.7363701578192252,0.9898746383799422,0.9174935223618249,0.8242025263591201,0.008380211260279524,0.0023854509744073178,0.679309804456756,0.9979106101089181,DERMASON
10534,26693,599.723,224.43214430904152,151.62633090571168,1.480166030322292,0.7372684689217713,26950,184.35450406110422,0.7590138762511374,0.9904638218923933,0.9326223970407831,0.8214264700302882,0.00840790260776389,0.002361251298587696,0.6747414456664201,0.9987293671259896,DERMASON
10535,26695,617.5699999999999,226.55640464409817,150.69861451150805,1.5033741708806305,0.7466915947832575,27118,184.3614104054999,0.6950193964956131,0.9844015045357327,0.8795639225408746,0.8137550147616299,0.008486847898261778,0.002295624722649269,0.6621972240497006,0.9955302026651737,DERMASON
10536,26698,597.935,207.56604341994495,164.22879204545995,1.263883396052069,0.6115416644938018,26987,184.37176943702465,0.7631706829031244,0.9892911401786045,0.9383841027439171,0.8882559324214995,0.00777459148325511,0.002985450039500842,0.7889986014819875,0.9972022319213872,DERMASON
10537,26700,598.326,221.00611341235535,154.10617010301635,1.434115929716623,0.7167855318869759,27015,184.37867513470437,0.7243624525230602,0.9883398112159911,0.9372282587704217,0.8342695696869201,0.008277382524807317,0.002473423027810349,0.6960057149055988,0.9981528829199255,DERMASON
10538,26707,606.6669999999999,228.24359578130617,149.41761271723,1.5275548285813723,0.75593993063057,26985,184.4028430400193,0.7861474155186624,0.989697980359459,0.9118727269537426,0.8079212142131983,0.00854620870113851,0.0022461011205047706,0.6527366883757285,0.9970910801205587,DERMASON
10539,26712,611.7950000000001,230.62672468832335,147.77858340647236,1.5606234636447491,0.7677332735345197,27053,184.4201038904535,0.7474187861999496,0.9873951132961224,0.896818221063495,0.7996475869814523,0.008633824673866553,0.0021775970132494747,0.6394362633652594,0.997919236113147,DERMASON
10540,26713,601.382,217.79034213042706,156.63265834225075,1.3904529517372008,0.6948133543461309,27007,184.4235558666799,0.7918717021402739,0.9891139334246677,0.9281788711952336,0.8467940040988367,0.00815297204096983,0.0025858707442776665,0.7170600853777407,0.9970383122864089,DERMASON
10541,26723,608.189,217.71089840667395,157.19814159074897,1.3849457519253912,0.6918409362724226,27175,184.45807207589954,0.7568539707714965,0.9833670653173873,0.9078580600954355,0.8472615446716881,0.0081469482620467,0.0025896716459972865,0.7178521250794551,0.9941862511394058,DERMASON
10542,26724,705.4780000000001,232.98397103508034,148.20216804086442,1.572068574400603,0.7716028639726121,27718,184.46152334159686,0.7469812164579607,0.9641388267551771,0.6747523053553952,0.7917348241687516,0.008718154880821746,0.0021131159758601584,0.6268440318015241,0.9854418034457483,DERMASON
10543,26724,605.805,223.6799617902718,153.18477758743822,1.4601970594799785,0.7286943424140067,27029,184.46152334159686,0.6911855990068281,0.9887158237448667,0.9150516747162509,0.8246671801319102,0.008370003060555,0.002387922476821335,0.6800759579867166,0.9930449140752329,DERMASON
10544,26728,616.154,218.99140884095164,155.62941237834502,1.4071338154806468,0.7035311068814656,27089,184.47532775870442,0.7487463932543351,0.9866735575325778,0.8847035750102317,0.8423861407854797,0.008193333165255598,0.0025449850175920177,0.7096144101874541,0.9985224325271211,DERMASON
10545,26729,607.6510000000001,226.03470692908206,151.12451774122306,1.4956852157909342,0.7436313410669229,27142,184.47877870157902,0.7587861238857662,0.9847837300125267,0.9096705629561211,0.816152444940497,0.008456534360772271,0.0023145007426883255,0.666104813382351,0.9962831215431615,DERMASON
10546,26749,607.1469999999999,220.36713192984917,155.19751135725585,1.4199140824015957,0.7099342467808221,27106,184.54778400761379,0.7609091426295728,0.9868294842470302,0.9118632390619172,0.8374560325373841,0.008238331598558793,0.002499580296751207,0.7013326064332561,0.9958320443219965,DERMASON
10547,26751,613.862,232.34898954005274,147.1072507618433,1.579453006814804,0.7740450034047491,27080,184.55468311915126,0.726021820550399,0.9878508124076809,0.8920894130337239,0.7942994866665318,0.008685618838176246,0.002132640522405156,0.630911674518716,0.9964953413531489,DERMASON
10548,26752,606.3109999999999,228.12546477933546,149.8798621245799,1.5220554752693725,0.7538851059767435,27065,184.5581325782071,0.7961904761904762,0.9884352484758914,0.9144821331413616,0.8090203027387985,0.008527417194203628,0.0022533827005974095,0.6545138502435774,0.996206389402875,DERMASON
10549,26757,603.4179999999999,217.92687283885917,156.5948851388222,1.3916602234208724,0.6954585642589365,27098,184.5753789065019,0.761136712749616,0.9874160454646099,0.9234444182122274,0.8469601591676202,0.008144667669726022,0.002585264947363158,0.7173415112172405,0.9982956477696514,DERMASON
10550,26774,614.8629999999999,221.09061390004086,154.57152078292862,1.4303450776713769,0.7149926300918372,27178,184.63400437281115,0.7349033816425121,0.9851350356906321,0.8899516316340723,0.8351055755640878,0.008257660935984196,0.0024774354191401233,0.6974013223382265,0.9975245485679913,DERMASON
10551,26783,608.733,225.81121354488513,152.15890409695223,1.4840486324809707,0.7388842559539252,27142,184.66503384951324,0.8173772392956328,0.986773266524206,0.9082708862316659,0.8177850468564389,0.008431139661161376,0.0023260696091442533,0.668772382861988,0.9924907402273735,DERMASON
10552,26792,618.841,236.54663389109734,144.4922006997194,1.6370892874881426,0.7917538829080745,27091,184.69605811317274,0.7697081130774535,0.9889631242848178,0.879137570034515,0.7808018870317307,0.008829002459357171,0.0020242065114292134,0.6096515867923115,0.9980540818378406,DERMASON
10553,26798,603.572,211.91173506240693,161.4569528400328,1.3124968069499203,0.6476868914075591,27145,184.7167380607748,0.8108811425804889,0.9872167986737889,0.9243875294082406,0.8716682821098919,0.007907744423554255,0.0028160305417704395,0.7598055940364101,0.9972424160754758,DERMASON
10554,26805,622.843,238.5741308249727,143.44245219991043,1.6632044918786022,0.7990617417563243,27174,184.74086174050947,0.7655290589747251,0.9864208434533009,0.8682973985168018,0.7743541225600967,0.008900359292108664,0.00197399369293139,0.5996243071258174,0.997297841051254,DERMASON
10555,26809,660.12,223.05812878163232,153.57272921610294,1.4524592349189263,0.7252482253792529,27318,184.75464528613338,0.6990248226950354,0.9813675964565488,0.7731160630924929,0.8282802617204909,0.008320270386125268,0.002415607953439297,0.686048191955765,0.9964570320055833,DERMASON
10556,26811,599.4739999999999,219.35682971912155,155.69662111804564,1.4088734112785286,0.7044163874051893,27140,184.7615366733413,0.7369506060855942,0.9878776713338246,0.9375235222181942,0.8422875955579854,0.008181598214133064,0.0025401509772748584,0.7094483936308523,0.9995229784607712,DERMASON
10557,26811,607.0409999999999,227.10153179463,151.1946270001317,1.5020476342352576,0.7461678687296609,27130,184.7615366733413,0.7369506060855942,0.9882417987467748,0.9142960160965209,0.8135635863540668,0.00847046107174779,0.002289037049429272,0.6618857090412911,0.9941838633995974,DERMASON
10558,26813,594.8910000000001,210.73305021765924,162.49467566797614,1.2968612623852867,0.636723132985555,27119,184.7684278035182,0.7755922594081744,0.988716398097275,0.9520954177462116,0.8767890352874262,0.00785936113891244,0.0028651505580675196,0.7687590124002557,0.9969737832914618,DERMASON
10559,26814,606.0550000000001,227.73145481201303,150.52852344591753,1.512879084965138,0.7503935136990393,27120,184.771873272229,0.7994633273703041,0.988716814159292,0.9173760377296594,0.8113585952575318,0.008493005698963715,0.0022703485867660842,0.6583027700982754,0.9959324924562947,DERMASON
10560,26816,609.169,227.9826046575322,150.45168201812467,1.5153210758392683,0.7513304730112004,27176,184.77876401691327,0.6983333333333334,0.9867530173682661,0.9080887014008818,0.8104950125229147,0.008501737942181242,0.002263022457141838,0.6569021653245196,0.9954176958806962,DERMASON
10561,26817,600.994,221.45334026456518,154.52990083246058,1.4330776055092547,0.7162937054771144,27147,184.78220929289392,0.7900132567388423,0.9878439606586363,0.9329960036070222,0.8344069638874667,0.008257946088845329,0.0024692410374966426,0.6962349813839004,0.9977587599934203,DERMASON
10562,26821,616.3349999999999,238.46876672035467,143.70025775901624,1.6594873971643405,0.7980466154066863,27114,184.7959897544906,0.7608794326241135,0.9891937744338718,0.8872605427341136,0.7749274351353334,0.008891121386986119,0.0019777912404628888,0.6005125297254265,0.9965429749186215,DERMASON
10563,26822,593.478,213.55159173722737,160.19426264142356,1.3330789019282048,0.6612754812015083,27091,184.79943470932625,0.7858314777921013,0.990070503119117,0.9569555670645801,0.8653620102102526,0.00796180716341911,0.00275411911603151,0.7488514087151293,0.998278013637354,DERMASON
10564,26824,607.935,223.41533028398163,153.34519475280035,1.4569437969291286,0.7272541451961516,27158,184.8063244263464,0.7096296296296296,0.9877015980558215,0.91205097065139,0.8271873026414096,0.008328934174022577,0.0024053851747405015,0.6842388336511711,0.9968975243060956,DERMASON
10565,26826,612.154,232.0455460202034,147.55999790137292,1.5725504833315291,0.7717635254711483,27092,184.8132138865224,0.684424033677765,0.9901816034253654,0.899589548183015,0.7964523217801015,0.008650024081868464,0.0021470205923943887,0.6343363008689145,0.9975258565261454,DERMASON
10566,26849,597.794,213.15136497740153,160.70266701320523,1.3263710487137497,0.656946906555969,27159,184.89242422715535,0.807950407751798,0.9885857358518355,0.9441366908112889,0.8674231302565564,0.00793889399893484,0.002772450242274197,0.7524228869040829,0.9979919335791952,DERMASON
10567,26859,606.793,216.98534383880354,158.14955653144398,1.372026255386063,0.6846744461247273,27241,184.9268529230997,0.7211437776882803,0.985977019933189,0.9166817370635769,0.8522550401398546,0.00807868289358515,0.0026290487381632464,0.7263386534437851,0.9965557028266319,DERMASON
10568,26860,616.2289999999999,230.06306122304466,148.9521822142348,1.544543072837629,0.7621158576234678,27217,184.93029544016434,0.7027734170591313,0.9868831980012492,0.888856407090016,0.8038243708357667,0.008565266612920501,0.0022057959026172626,0.6461336191495162,0.9979812055848921,DERMASON
10569,26861,604.4269999999999,215.97722875824638,158.7210483739079,1.3607346408742018,0.6781785820613772,27189,184.93373789314703,0.7289676508901433,0.9879362977674795,0.9239411894282668,0.8562649819910051,0.008040550566183179,0.002666234131889432,0.7331897193840563,0.9976766494987207,DERMASON
10570,26874,611.538,230.05237407368307,149.02482769809387,1.5437184369019445,0.7618219080304452,27164,184.9784839520877,0.7776041666666667,0.9893241054336622,0.9030156554743841,0.8040711802993229,0.008560406864392463,0.0022072531972593236,0.6465304629879463,0.9980609957332428,DERMASON
10571,26874,609.355,230.08509872717002,149.19089173586644,1.5422194749966502,0.7612860885075676,27275,184.9784839520877,0.7880938416422287,0.9852978918423465,0.9094973097277477,0.8039568184788499,0.008561624571227581,0.0022063115284132982,0.6463465659786344,0.9968082616494574,DERMASON
10572,26879,601.6899999999999,218.05327654303224,157.226802299236,1.3868708983092497,0.6928854801419543,27237,184.99569109289124,0.7368752912794364,0.9868561148437787,0.9329908488520138,0.8483967497566257,0.008112402862570492,0.0025925387508919182,0.7197770449976066,0.9982378369782081,DERMASON
10573,26884,604.4839999999999,230.47864488953311,149.13570982397968,1.5454289597143436,0.7624309906365556,27139,185.01289663334313,0.7827859305846727,0.9906039279266001,0.9245579357149849,0.8027333583205446,0.00857307859282596,0.002195845658884988,0.6443808445605798,0.995844818269107,DERMASON
10574,26909,600.3870000000001,223.3074553231324,153.6162316256966,1.453670962761581,0.7257926031545787,27186,185.09890034594613,0.7219047619047619,0.9898109320974031,0.938090769476471,0.8288970920299219,0.008298615902602564,0.002416506072322944,0.6870703891756607,0.9987742741179567,DERMASON
10575,26917,606.429,218.76789773723678,157.41984546720255,1.389709773173521,0.6944150372748981,27369,185.12641309558282,0.7442625670519272,0.9834849647411305,0.9197643991670968,0.8462229376905156,0.008127499265788787,0.002570844887469154,0.7160932602735663,0.9951618023058648,DERMASON
10576,26920,607.998,227.5359147780089,151.08092681693847,1.5060532098383888,0.747743970701362,27204,185.13672932260246,0.7994298271663598,0.989560358770769,0.9151254180009548,0.8136593711073156,0.00845229995460657,0.002285205108822804,0.6620415721907523,0.9970698348443361,DERMASON
10577,26926,603.383,220.63513565213592,156.27020384765558,1.4118823052616498,0.7059372969610005,27296,185.1573600523052,0.8153957967415663,0.9864449003516998,0.9293848002970786,0.8392016054244111,0.008194129675857384,0.002506962394152552,0.7042593345469093,0.9943312927621257,DERMASON
10578,26927,608.024,224.17998152804952,153.14815698988485,1.4638111612590687,0.7302797405505269,27214,185.16079828377204,0.7771139971139971,0.9894539575218637,0.9152850949116909,0.825947067270164,0.008325471887995303,0.002389997701126822,0.6821885579321849,0.9985952251843613,DERMASON
10579,26928,603.535,215.1376235455015,160.09150062282987,1.3438416324946472,0.6680289299501949,27225,185.16423645139594,0.7499791115443531,0.9890909090909091,0.9289857267662719,0.8606780785241582,0.007989365104928012,0.0027043008060541676,0.7407667548520371,0.9954732051381237,DERMASON
10580,26930,606.008,216.38141335918775,158.8763772823744,1.3619483088704145,0.6788875520108503,27253,185.17111259512896,0.7234579840962819,0.9881480937878399,0.9214876151624586,0.8557625616750618,0.008034957792765977,0.0026581316945829205,0.7323295619646641,0.9973950084535858,DERMASON
10581,26933,608.7379999999999,227.9590999560499,152.07881147352202,1.498953718452351,0.744939519385758,27233,185.1814263319951,0.707051349364696,0.988983953291962,0.9133427146032059,0.812344961739618,0.008463932720307796,0.0022735993179948443,0.6599043368637415,0.9891660595647382,DERMASON
10582,26935,613.773,222.18346484066646,154.80813387280216,1.4352182878402444,0.7173061538525557,27298,185.18830183745843,0.7342037834596303,0.9867023225144699,0.8984859376378385,0.8334927262488312,0.008248875620592778,0.0024557365528163804,0.694710124709709,0.9970606757311512,DERMASON
10583,26951,605.502,225.1993347242092,152.7396175973295,1.474400278504734,0.7348387358045284,27309,185.2432966942593,0.793376508684133,0.9868907686110806,0.9237481552759683,0.8225747954411937,0.008355880476576349,0.002359791184703228,0.6766292940951216,0.997622419658309,DERMASON
10584,26951,603.021,222.76716486865692,154.5212053712801,1.4416608020458872,0.7203175623107352,27300,185.2432966942593,0.7939608189718662,0.9872161172161172,0.931364917449686,0.8315556594863448,0.008265636335151086,0.0024379306703482023,0.6914848148237697,0.9968865527413874,DERMASON
10585,26953,608.637,219.61008261682358,156.59776662854648,1.4023832353736165,0.7010909676575032,27315,185.25016990342232,0.7575110311683202,0.9867472084935017,0.9143243265657244,0.843541278688226,0.008147890127882744,0.00254478024864764,0.7115618888509675,0.9978824638553815,DERMASON
10586,26953,608.884,223.07800556957366,153.96337770084867,1.4489030372080751,0.7236402983530651,27232,185.25016990342232,0.7762960829493087,0.9897547003525264,0.9135826670644184,0.8304277664238235,0.008276555692114928,0.0024279338622229213,0.6896102752476605,0.999178422296232,DERMASON
10587,26956,607.337,229.4683067780597,149.91653996729502,1.530640360484035,0.7570807330835165,27315,185.26047923904613,0.8022619047619047,0.9868570382573677,0.9183449284560701,0.8073466956734417,0.008512698723032338,0.0022309370424870066,0.651808687014825,0.9976846836589973,DERMASON
10588,26962,606.9269999999999,218.8406959497999,157.59836528977775,1.3885974993929364,0.6938172745281317,27340,185.28109618941016,0.6995848469122989,0.9861741038771031,0.9197907805458574,0.8466482679798825,0.008116634372442694,0.0025725738019836296,0.7168132896733348,0.995365141572017,DERMASON
10589,26972,595.9110000000001,216.84242866123213,158.69870675306333,1.366378044898885,0.6814530018059208,27237,185.31545267623207,0.743235050978231,0.9902705878033558,0.9544654463212356,0.854608822730657,0.008039538360567705,0.002645333078845483,0.7303562398890795,0.9979427311393415,DERMASON
10590,26983,606.261,223.45264193503024,154.03708189520174,1.4506418791226843,0.724428435317229,27294,185.35323745645474,0.7917546948356807,0.9886055543342859,0.9225307144658214,0.8294967374355185,0.008281237888115859,0.0024184312833595784,0.6880648374161698,0.9981356687076367,DERMASON
10591,26987,609.579,230.74497687400674,149.46170905995237,1.5438400800130678,0.7618653056679653,27289,185.36697546695808,0.789093567251462,0.9889332698156766,0.9126504636973782,0.8033413250342333,0.008550227030570524,0.0021966347127214754,0.6453572845077575,0.9963284417514726,DERMASON
10592,26989,603.446,209.2363657946405,164.96866207717008,1.268340078412969,0.615121827688101,27389,185.37384409041448,0.7248871938117748,0.9853955967724269,0.9313648244714703,0.8859542335597321,0.007752653517901386,0.002946288622697699,0.7849149039624127,0.9955390308391946,DERMASON
10593,26995,601.6139999999999,218.71890253221306,157.4489370036721,1.3891418176237798,0.6941100479934074,27306,185.39444843394236,0.7570743472529938,0.9886105617812935,0.9372540542756735,0.8476379786453864,0.008102200501285907,0.0025800277528559524,0.7184901428420366,0.9980847029723559,DERMASON
10594,26997,606.1539999999999,221.88331262140002,155.6691561195319,1.4253518047661609,0.7125895375008038,27317,185.40131603959875,0.7885789396816124,0.9882856829080792,0.9233352582501548,0.8355802599537957,0.008218813668978035,0.002471391697110775,0.698194370824453,0.9951726065322082,DERMASON
10595,26998,602.311,224.79142800589614,153.10486375903469,1.4682187259556034,0.7321927968142987,27240,185.40474974703295,0.7303468051723205,0.9911160058737152,0.9351900285286909,0.8247856752890502,0.008326225202085197,0.0023767984433064084,0.6802714101620148,0.9987872231320949,DERMASON
10596,27014,621.167,229.02157114199935,150.7524330362413,1.5191898832368558,0.7528032802708877,27398,185.45968041996537,0.6908244680851063,0.9859843784217827,0.8797960518237781,0.8097913200716605,0.008477884472569754,0.0022488460531044567,0.6557619820634025,0.9962269689620696,DERMASON
10597,27030,607.8610000000001,219.67202259848113,157.20781423049402,1.397335263986329,0.6984612599436967,27401,185.514594827985,0.7265738401161228,0.9864603481624759,0.9192790213871227,0.8445071549555975,0.008126970869348174,0.002549892076617633,0.7131923347711977,0.9965687993805377,DERMASON
10598,27036,609.2779999999999,226.35229964296602,153.0423308082998,1.4790175923711852,0.7367874103499369,27358,185.53518354064238,0.6880789982693678,0.9882301337817092,0.9152111621740625,0.8196743917923255,0.008372255497964418,0.002331243855460895,0.6718661085601187,0.9937017942783842,DERMASON
10599,27043,611.748,228.0243962503491,151.47803767135548,1.5053297478349137,0.7474604810477428,27374,185.55920081815668,0.7188463583200425,0.987908234090743,0.9080706016354094,0.8137690697552833,0.00843191939689935,0.0022809245764315185,0.6622200988903791,0.9968596144738661,DERMASON
10600,27049,606.037,221.521476650961,156.16041249413158,1.4185507909008992,0.7092621747369368,27354,185.57978458210746,0.8370675249118029,0.9888498939825985,0.9254709659751039,0.837750756214555,0.008189636461642242,0.002488305506881752,0.7018263295380588,0.9955762948412885,DERMASON
10601,27050,607.241,220.98043688444497,156.43021883134043,1.412645450062952,0.7063209824076584,27365,185.58321498747173,0.7190324295587454,0.9884889457336014,0.9218387498044884,0.8398173956209384,0.008169332232326985,0.002506719768002257,0.7052932579875357,0.9963293118561681,DERMASON
10602,27056,615.237,226.43324367791843,152.5744613905258,1.4840835197074398,0.7388987012375461,27429,185.60379608821194,0.7116067436416718,0.9864012541470706,0.8982320821073406,0.8196843938349316,0.008369058385493733,0.002330467369828693,0.6718825054965395,0.9971297535871576,DERMASON
10603,27057,606.1379999999999,227.46090406177362,151.86031990276456,1.4978297438555097,0.7444908873371732,27358,185.6072260497939,0.8018314366998578,0.9889977337524672,0.9254361972467366,0.8159961678486377,0.00840673038628723,0.0022991079267880936,0.6658497459436622,0.9973295544130518,DERMASON
10604,27058,613.8729999999999,223.25256702621618,154.63608102293674,1.4437288215620374,0.7212730381789493,27433,185.61065594799248,0.7244056543156993,0.9863303320817993,0.9022948780098764,0.8313931544903425,0.008250889460648097,0.0024316793611042706,0.6912145773334023,0.9979264071800547,DERMASON
10605,27059,616.194,221.029121390392,156.25576843028702,1.4145341551918666,0.7072670049526059,27496,185.61408578281112,0.7952448127902192,0.9841067791678789,0.8955434798586304,0.8397720834937892,0.008168414257378026,0.002505897198804631,0.7052171522154996,0.9975537486359658,DERMASON
10606,27063,614.036,232.21300017751017,148.7617191759641,1.5609728192427987,0.7678529429832337,27425,185.62780448835704,0.7896994455792238,0.9868003646308113,0.901982546029767,0.7993859273445411,0.008580460413757166,0.0021613064466480905,0.6390178608364919,0.9974895117764413,DERMASON
10607,27066,601.8379999999999,216.74882030055204,159.50069610361285,1.3589208423250414,0.6771141090734821,27432,185.6380928521997,0.7955908289241622,0.98665791776028,0.9390197578678591,0.8564664508659698,0.00800815858643878,0.002657993106246868,0.7335347814589509,0.9968157030949127,DERMASON
10608,27067,621.8100000000001,226.29756742161968,152.6191815885327,1.4827596706141877,0.738349639286436,27469,185.64152218010562,0.7446422184929434,0.9853653209072045,0.8796999812586218,0.8203425440903351,0.008360644601234701,0.002335610754394935,0.6729618896446035,0.9978407498253336,DERMASON
10609,27073,604.727,218.07024168709626,158.34613354841156,1.3771744014224705,0.6875632975662112,27423,185.66209681735003,0.7291801335918983,0.9872369908470991,0.9303096550668831,0.8513866696390061,0.00805489756167016,0.002610641085616898,0.7248592612389982,0.9982576192123515,DERMASON
10610,27076,602.0889999999999,220.98878096772782,156.43857045422885,1.4126233723951422,0.7063098941029546,27367,185.67238328100726,0.7309145880574452,0.9893667555815399,0.9385836482225887,0.8401891827627304,0.008161795721957741,0.002508844976425666,0.7059178628315048,0.9971960720270118,DERMASON
10611,27077,618.3380000000001,225.08904193826896,153.5390850046901,1.4660048412519409,0.7312346662970847,27539,185.67581197558823,0.7554966517857142,0.9832237917135699,0.8899355077921046,0.8248993837137133,0.00831292395532256,0.002374310357202498,0.6804589932512641,0.9975561783797751,DERMASON
10612,27077,609.677,226.3168975286531,153.1679270567246,1.477573679278419,0.7361805425778354,27459,185.67581197558823,0.8044266191325015,0.9860883499034925,0.9153997421248194,0.8204239895612767,0.00835827076591399,0.0023358750188397824,0.6730955226476422,0.994548227904307,DERMASON
10613,27082,650.043,221.09400331527561,156.99783025456097,1.4082615215559808,0.7041054974886741,27928,185.69295449886536,0.7891025641025641,0.9697078201088514,0.8053903577938643,0.8398823654844719,0.008163872805379056,0.0025058198393782213,0.705402387851792,0.9933910400253867,DERMASON
10614,27084,606.3000000000001,224.7052589550039,153.72331793462104,1.4617512942998776,0.7293780024345992,27413,185.69981106508197,0.7103627350696357,0.9879983949221173,0.9258647136489799,0.8264150644657028,0.008296605337284149,0.0023871136441024382,0.6829618587758518,0.9983203810230515,DERMASON
10615,27088,630.5179999999999,245.93648926345693,141.24340896458136,1.7412245361844017,0.8186389807639026,27524,185.71352343807945,0.7837962962962963,0.9841592791745386,0.8562327323613306,0.7551279763091021,0.009079167500865954,0.0018209919803110232,0.57021826060468,0.99287802634526,DERMASON
10616,27092,603.3009999999999,214.56862702635976,161.13799271607857,1.331583094772843,0.6603183499963373,27441,185.72723479868273,0.7668704710144928,0.9872818045989578,0.9353687160733941,0.8655842998700184,0.007919999521126523,0.0027424732497969297,0.74923618018147,0.9976702315218254,DERMASON
10617,27098,622.9200000000001,236.09943146663545,146.526484176759,1.6113089233876798,0.7841166609278314,27476,185.747799941839,0.691363694348769,0.9862425389430776,0.8775715847746933,0.7867354816908488,0.008712799153687927,0.0020589813581766776,0.6189527181513318,0.9973240379123007,DERMASON
10618,27100,618.0029999999999,219.81750839753494,157.64870673217018,1.394350216719402,0.6968880387581313,27496,185.75465448360347,0.7983502724996318,0.98559790514984,0.8916573385691847,0.8450403056505873,0.008111347173340772,0.0025514228943691185,0.7140931181740381,0.9956958940838037,DERMASON
10619,27117,608.494,229.26820793623324,150.8614366693836,1.5197270621164767,0.7530066621642648,27421,185.81290787935967,0.8019696566409369,0.988913606360089,0.920320094454218,0.8104608552226313,0.008454777738549,0.002250143067402328,0.6568467978481991,0.9982278543544589,DERMASON
10620,27119,616.287,227.17337570915453,152.44852193226862,1.4901645016281984,0.7413968445510968,27482,185.8197600194147,0.7133575336700336,0.9867913543410232,0.8972583766725885,0.8179645147207566,0.008376908282353867,0.0023131371121025697,0.669065947342363,0.9970183239778307,DERMASON
10621,27123,610.39,228.61802733346883,151.1775158086751,1.5122488692220586,0.7501507804874361,27406,185.83346354155867,0.7659268044730599,0.9896737940596949,0.9148139278774021,0.812855686443732,0.008428935860099135,0.0022698978045410166,0.6607343669839106,0.9991947993275717,DERMASON
10622,27125,603.014,213.83523966062947,162.1897200105204,1.3184265910734607,0.651696494262604,27498,185.8403149237035,0.7447217417565823,0.9864353771183358,0.9373997224321968,0.8690817997007614,0.007883326807765142,0.0027741626078932754,0.7553031745711142,0.9958117896767573,DERMASON
10623,27128,608.001,220.65079046537582,156.67063226173988,1.4083736516537972,0.7041625093312229,27458,185.8505915233403,0.7553179641385455,0.9879816446937141,0.9221871230248871,0.8422838238257012,0.008133691774748444,0.0025252321733463443,0.7094420398784449,0.9991594763403242,DERMASON
10624,27131,606.101,214.64059948614224,161.77945706903242,1.3267481754160764,0.6571927708466337,27448,185.86086755476447,0.7162732984846085,0.9884508889536578,0.9280805353405904,0.8659166439141638,0.00791126753478096,0.0027436593161336413,0.7498116342075687,0.9948112175906382,DERMASON
10625,27132,602.923,219.82254014678355,157.36149248773333,1.3969271431758896,0.6982469701506459,27433,185.86429277231932,0.7293156281920327,0.9890278132176575,0.9379246924873457,0.84551972080848,0.008101965949682426,0.0025542602351756715,0.71490359827605,0.9986682411859266,DERMASON
10626,27132,617.536,231.90433021412542,149.3502017052982,1.5527553867769475,0.7650116482834106,27525,185.86429277231932,0.7209821428571429,0.9857220708446867,0.8940609192784514,0.8014696948552201,0.008547262649790853,0.0021754806975573773,0.6423536717713197,0.9974181240588681,DERMASON
10627,27134,614.045,235.31390192296516,147.25576859985838,1.597994456586548,0.7799960810504565,27477,185.8711430180702,0.7363564818583951,0.9875168322597081,0.9043223948350391,0.7898859417108256,0.008672289449508557,0.0020824331318271146,0.6239198009123977,0.9970203832125943,DERMASON
10628,27141,616.4,234.64798776647754,147.64071618107167,1.5893175936555142,0.7772427389142774,27435,185.89511689029663,0.8173769010691161,0.9892837616183707,0.8976570559485736,0.7922297508696307,0.008645517400481837,0.0021007546923292333,0.6276279781629571,0.9975001879648264,DERMASON
10629,27166,639.6969999999999,231.71968605081562,149.74182923801055,1.5474613020955121,0.7631514143949896,27700,185.98071263514242,0.7105380168963984,0.9807220216606498,0.8342321682710021,0.8026107570090409,0.008529768315203402,0.0021834180795248788,0.6441840272666258,0.9968498536231436,DERMASON
10630,27172,621.925,239.37717502598156,145.47228406351508,1.645517402624038,0.7941578062661129,27568,186.00124975263967,0.7738664843928001,0.9856355194428322,0.8827860064052632,0.7770216593643543,0.008809700243853288,0.0019809494516358456,0.6037626591213348,0.9935019626387211,DERMASON
10631,27176,602.4989999999999,222.58651425577668,155.7506438329209,1.429120989667002,0.7144065939505047,27459,186.01493990462913,0.7924649345347446,0.9896937251902836,0.9407684342648301,0.8356972592278311,0.008190554690012388,0.002464273964491635,0.6983899090809087,0.9980836780391558,DERMASON
10632,27194,603.4739999999999,219.54995596563757,158.8607130199766,1.3820280155612128,0.6902464662345464,27441,186.0765331242175,0.7993533215755438,0.9909988703035604,0.9383520988602767,0.8475361896831394,0.008073470470163917,0.0025696444149014394,0.7183175928226145,0.992735037351345,DERMASON
10633,27199,606.833,224.82256943587853,154.6870875071135,1.4534023043490283,0.7256720590333872,27511,186.09363873397632,0.7700518105376405,0.9886590818218167,0.9281633616539119,0.8277355747731188,0.008265839532184217,0.0023934988117585783,0.6851461817449852,0.9957930393640998,DERMASON
10634,27201,610.4499999999999,224.80995497217302,154.74052919164714,1.452818832574525,0.7254099621015256,27519,186.10048053764172,0.712254516889238,0.9884443475416984,0.9172643998377642,0.8278124541267634,0.008264768022211426,0.0023940777727263383,0.6852734592073747,0.9955781869999645,DERMASON
10635,27214,614.362,229.06347178231096,151.5672906183065,1.5112988485039553,0.7497841485911307,27556,186.1449461318322,0.7118120945804561,0.9875889098562927,0.9060528972075609,0.8126347893160979,0.008417118827894133,0.002264252542629826,0.6603753008068189,0.9980244316897988,DERMASON
10636,27215,610.5640000000001,226.73013811650864,153.07588425115046,1.4811617076437344,0.7376843806194134,27493,186.14836612220762,0.7157133464825772,0.9898883352125996,0.917393829895197,0.8210128907809888,0.008331072501065906,0.0023349661065826567,0.6740621668285558,0.9983950700778197,DERMASON
10637,27218,600.9939999999999,215.5748404681045,161.67787187867074,1.333360205470048,0.6614549664791469,27449,186.1586257163542,0.7986502347417841,0.9915843928740573,0.9469472806867264,0.8635452324219506,0.00792030422764731,0.0027168270310506336,0.7457103684386807,0.9943005300825444,DERMASON
10638,27220,616.84,219.9697757020675,157.9569003782412,1.3925936453255998,0.695955860380193,27572,186.16546513167023,0.7259441007040751,0.9872334252139852,0.898985998819041,0.8463229302184557,0.008081182061060526,0.002557402497472738,0.7162625022135534,0.9974626089676075,DERMASON
10639,27227,602.7839999999999,216.5306559353431,160.42755812191112,1.3497098532834269,0.6716153834322081,27481,186.1894011067877,0.7222399066263462,0.9907572504639569,0.9416428718359812,0.8598754772275043,0.007952791564819595,0.0026818940504883906,0.7393858363372282,0.9979563486825643,DERMASON
10640,27239,621.269,220.44592393499906,159.21958886246486,1.3845402158739524,0.691620143416727,27883,186.23042704950524,0.6723188942367024,0.9769034895814654,0.8868326137258594,0.8447896142748249,0.008093025585924559,0.0025426403835822555,0.7136694923866076,0.9881041130516077,DERMASON
10641,27239,613.129,224.31370214344432,154.79451648094624,1.4491062554599938,0.7237325986166095,27562,186.23042704950524,0.714746785620572,0.988280966548146,0.9105363908144113,0.8302231440610545,0.008235019719646254,0.002413369113043154,0.6892704689346225,0.998826148237005,DERMASON
10642,27246,610.0190000000001,228.25735828297803,152.20476160968266,1.499672913442264,0.7452259141139571,27561,186.25435467621756,0.7441822353326778,0.9885708065745075,0.9200806394986757,0.8159840106679584,0.008377646564008589,0.0022910174242737093,0.6658299056657668,0.9985270744867684,DERMASON
10643,27247,609.007,233.44129405129453,148.87189171383886,1.5680682992865755,0.7702622024422184,27482,186.2577726576772,0.8094049847013041,0.9914489484025908,0.9231748973256497,0.7978784276990446,0.008567596214309631,0.0021418331977458723,0.6366099853874997,0.9982479370954283,DERMASON
10644,27248,603.652,220.67879962542327,157.5183616845774,1.4009719074359184,0.7003595995836391,27539,186.26119057641534,0.7246808510638297,0.9894331675078979,0.9396610103655902,0.844037537328335,0.008098898988014653,0.002535436813006632,0.7123993644192805,0.9980514964266152,DERMASON
10645,27252,609.442,227.5315490345139,152.67317261853188,1.4903178150559733,0.7414593246202937,27549,186.27486162422093,0.7138142385667138,0.98921920940869,0.9220266696378039,0.8186770688049295,0.008349168832911856,0.0023135213397246367,0.6702321429870314,0.9988589029167153,DERMASON
10646,27262,667.055,234.9685608315796,149.09320802040358,1.5759843385986025,0.7729031000072725,28168,186.3090348549152,0.7380875027073858,0.9678358420903153,0.7699176749702651,0.7929104821323629,0.008618903999397682,0.0021014953959403726,0.6287070326753761,0.9908324370631927,DERMASON
10647,27266,606.522,221.94584539118176,157.09848664249512,1.4127815622836524,0.7063893281886816,27559,186.3227023922446,0.7207888336681822,0.9893682644508146,0.9314041692292212,0.839496238660602,0.008140022203153442,0.002493907669255098,0.7047539347252985,0.9956633649267582,DERMASON
10648,27267,597.4399999999999,214.7514661911341,161.88630680264004,1.326557325524409,0.6570683857178115,27575,186.3261191199282,0.7732467458809517,0.98883046237534,0.9599721407911672,0.8676360745034138,0.007875874360623982,0.0027531441144787645,0.7527923577796938,0.9986222168114446,DERMASON
10649,27275,605.43,219.92073623219258,158.4897956785521,1.3876018660421159,0.6932805388174406,27604,186.35345068619353,0.7525383511753669,0.9880814374728301,0.9350756526169026,0.847366437012294,0.008063088404480022,0.0025642845579682814,0.7180298785749099,0.996339599384539,DERMASON
10650,27277,605.2119999999999,218.1704781348835,159.46469124808704,1.3681428561227074,0.6824654817870125,27611,186.36028295144067,0.7493681318681319,0.9879033718445547,0.9358180264963133,0.8541956938657107,0.007998331126402592,0.0026266889884395623,0.729650283418723,0.9982658227272346,DERMASON
10651,27278,604.2529999999999,220.72924706701087,158.02007275577535,1.3968430922579969,0.6982028064899273,27581,186.36369899013533,0.7969964354584235,0.9890141764258004,0.938825243407727,0.8443090413548933,0.00809184130313846,0.0025364883938002463,0.7128577573136189,0.995750434066056,DERMASON
10652,27280,603.2030000000001,223.0210859205955,156.1554336774585,1.4281993310668208,0.7139640336508116,27550,186.37053087968397,0.760418118466899,0.9901996370235935,0.9421656021595349,0.8356632742163196,0.008175259747822416,0.002459272127116723,0.6983331078739398,0.9973588775273747,DERMASON
10653,27284,618.535,226.60596303959608,153.9071228508421,1.4723552675285179,0.7339681350882222,27723,186.38419390751508,0.7961017740429505,0.9841647729322224,0.8961678224000077,0.8225034831715667,0.008305452391130189,0.0023447364727181,0.6765119798293597,0.9960659770479041,DERMASON
10654,27284,605.5669999999999,225.6458126033729,154.24254276147505,1.4629285057386394,0.7298939474078409,27557,186.38419390751508,0.7994608532583216,0.9900932612403383,0.93496101784572,0.8260033357460543,0.008270261420736435,0.0023747954336610856,0.682281510663609,0.998129070888215,DERMASON
10655,27285,612.0029999999999,227.46044761831615,153.2213987297227,1.484521414789775,0.739079903955306,27594,186.38760950797914,0.7385102582146917,0.9888019134594477,0.9154333288835691,0.8194286587386912,0.008336465003420054,0.002318495673202824,0.6714633267622905,0.9968016878246044,DERMASON
10656,27287,609.595,225.4052286882693,154.30998477690719,1.46073002997277,0.7289290978642868,27592,186.39444052113888,0.7814594192107223,0.9889460713250218,0.9227474687575336,0.8269304204070549,0.008260535371725337,0.0023826696485785186,0.6838139201945888,0.9988675281416387,DERMASON
10657,27291,612.194,229.6139292856344,151.7313612055246,1.51329248918169,0.7505525327572959,27618,186.40810179648128,0.743461915658712,0.9881598957201825,0.9150633802894207,0.8118327245059855,0.008413540335115401,0.0022543677231596526,0.6590723725788113,0.9973692712506717,DERMASON
10658,27301,622.829,230.97046476142043,150.85808716099945,1.531044633456893,0.7572295657672754,27733,186.44225060542118,0.7015366430260047,0.9844228896981935,0.8844041407222997,0.8072125187001966,0.008460146689184295,0.0022156910848103125,0.6515920503463153,0.9976165118858996,DERMASON
10659,27306,608.784,225.49241142097114,154.5957169926271,1.4585941694084914,0.7279863142512467,27648,186.45932266459178,0.8014910916082069,0.9876302083333334,0.9258518320052176,0.8268984374666667,0.00825798034940933,0.002381564197875018,0.6837610258848149,0.9973298456243596,DERMASON
10660,27320,615.9019999999999,232.77684828486616,149.92101258253507,1.552663260973621,0.7649794782220304,27640,186.5071161166904,0.6840945512820513,0.9884225759768451,0.9050390751235229,0.8012270871905952,0.0085203824408809,0.002166014421702384,0.6419648452479257,0.9967552300530703,DERMASON
10661,27322,613.4399999999999,233.17756207888664,149.6336025414194,1.5583235190393936,0.766942964248531,27682,186.51394275295914,0.8168500358765846,0.9869951593092985,0.9123850671214612,0.7998794613431087,0.008534425081578458,0.0021550245150615084,0.6398071526785417,0.9970265336685997,DERMASON
10662,27324,614.317,222.36952106696074,156.863528882334,1.4175986135933731,0.708791242954529,27649,186.5207691393738,0.7946950527877149,0.9882455061665884,0.9098484786592105,0.8387874752098242,0.00813824919729764,0.0024849548057594303,0.7035644285688716,0.9973719585128461,DERMASON
10663,27325,608.1259999999999,219.62253646975728,159.03471034085788,1.380972342446765,0.6896661627775477,27706,186.52418223889447,0.7093349254971185,0.9862484660362376,0.9285021016881625,0.8492943631246124,0.008037421279771539,0.002579463943859272,0.7213009152352412,0.9960966145214065,DERMASON
10664,27332,626.434,234.39229223718652,149.6996444726365,1.5657504936829088,0.7694796239334386,27859,186.54807218704102,0.7198693636746734,0.9810833123945583,0.8752470055801118,0.7958797211568248,0.008575746093852865,0.002122469378986198,0.6334245305486653,0.9917847714174376,DERMASON
10665,27335,613.1439999999999,231.7023385819094,150.6374389100581,1.5381457641499943,0.7598200494501072,27683,186.55830979973973,0.7420326836418916,0.9874291081168949,0.9137007401183869,0.8051636895058323,0.0084763979726325,0.002197494651586193,0.6482885668986444,0.9971623131220201,DERMASON
10666,27337,612.159,225.18753656150827,154.98551958976648,1.4529585548221573,0.7254727630522935,27674,186.5651345627718,0.7533344356261023,0.9878225048782251,0.9167105700934136,0.8284878346800199,0.008237463385210824,0.0023939650338828007,0.6863920922127879,0.9972992623428493,DERMASON
10667,27340,607.122,226.0621005360026,154.10755589154778,1.4669112051526687,0.7316276009514461,27620,186.57537123923765,0.7977357609710551,0.9898624185372918,0.932086962341,0.8253279554461351,0.008268547934747718,0.002366547545632823,0.6811662340408976,0.9992103812862377,DERMASON
10668,27347,605.562,222.65471875866186,156.6081220230073,1.421731618274253,0.7108262628251911,27630,186.59925463375382,0.721081081081081,0.9897575099529496,0.9371353607384469,0.8380655737910095,0.008141833428115034,0.0024775018058550455,0.7023539059736541,0.9985587553411659,DERMASON
10669,27351,606.3989999999999,223.26342755086452,156.25661026843807,1.4288254888373257,0.7142648240397241,27646,186.61290091537464,0.7187229010642491,0.9893293785719454,0.9346868241086488,0.8358417809959491,0.008162898159148276,0.0024576523327076434,0.6986314828584802,0.9982224700124137,DERMASON
10670,27353,652.432,225.34614771273755,155.3221376995642,1.450830841310072,0.7245138609744448,28126,186.61972368198627,0.7898186648186648,0.9725165327455024,0.8075033297248151,0.828146944494839,0.00823844359714611,0.0023903117747315706,0.6858273616761381,0.9950194881340583,DERMASON
10671,27355,611.896,227.6450698470614,153.52127273410395,1.4828242744009719,0.7383764771126938,27659,186.6265461991685,0.735092575175342,0.9890090024946672,0.9181028905846955,0.8198136964905485,0.008321881551711256,0.0023187929520786087,0.6720944969534971,0.9965980347739557,DERMASON
10672,27362,603.342,215.3632076139713,162.64388579498316,1.3241395860736025,0.6554859258561214,27645,186.65042304544482,0.8081398783153169,0.9897630674624706,0.9445622514310407,0.8666773917112489,0.007870886909362301,0.0027392603147628077,0.7511297013034136,0.994600571771491,DERMASON
10673,27371,600.962,218.47773680276228,159.63238225337588,1.3686304352458034,0.6827442538615405,27674,186.6811173604501,0.7851692484222604,0.9890510948905109,0.9523717521339936,0.8544628852915224,0.007982088224864356,0.0026246361104885507,0.7301068223407132,0.9992464180361009,DERMASON
10674,27377,615.689,235.18658190584947,148.49313534950963,1.5838212409771582,0.7754700242595537,27691,186.70157743365357,0.8077717455446713,0.988660575638294,0.9075549524182448,0.7938445123897181,0.008590663034877797,0.0021044966318205997,0.6301891098512695,0.9981068980149282,DERMASON
10675,27378,601.0459999999999,213.3284849937898,163.72963141447667,1.3029314434462698,0.6410488374361348,27718,186.7049872278705,0.7468085106382979,0.9877336027130384,0.9523490670849127,0.8751995179326646,0.00779196745539447,0.0028200393722134045,0.7659741961895684,0.9980118650838705,DERMASON
10676,27381,610.7209999999999,220.244385107258,158.64460750781961,1.3882878754413517,0.6936505276278605,27756,186.7152162369031,0.7472572457835271,0.9864894076956334,0.9225150538536677,0.8477637972290356,0.008043693988797269,0.0025629183418693475,0.7187034558921935,0.9977672938529306,DERMASON
10677,27384,609.637,231.65693146635516,151.0573014189707,1.5335699055276666,0.7581559220497766,27624,186.72544468558027,0.7715976331360946,0.9913119026933102,0.9259000671928048,0.8060429856496629,0.008459572431578848,0.0022027285865732324,0.6497052947150227,0.9963684874369424,DERMASON
10678,27384,607.039,226.76707586485054,154.08571101883513,1.471694385971526,0.7336857871583164,27661,186.72544468558027,0.8015454864769933,0.9899859007266548,0.9338423439434523,0.8234239647596178,0.00828100627610468,0.0023483178883858626,0.6780270257404484,0.997848567319189,DERMASON
10679,27397,684.7679999999999,226.72131851670287,154.56156151558923,1.4668674170572191,0.731608639151024,28261,186.76976149020817,0.692945848192832,0.9694278334099996,0.7342195760093829,0.8237856180094886,0.008275406742223705,0.0023508554934726024,0.6786227444392752,0.9954495922919209,DERMASON
10680,27408,625.9929999999999,230.81015813919467,151.7794063045179,1.5206948278353118,0.7533723870272855,27861,186.8072521132446,0.8033060757935461,0.9837407128243781,0.878917791829091,0.8093545518936249,0.008421269634383928,0.002229012941481467,0.6550547906709305,0.9961384321220269,DERMASON
10681,27409,641.327,232.7359074879579,150.45729064741732,1.5468569617763015,0.7629375557603338,27842,186.81065997861597,0.794463768115942,0.9844479563249766,0.8374213066282229,0.8026722734577681,0.008491222134625775,0.0021742176205871455,0.6442827785778622,0.9966133013957456,DERMASON
10682,27413,609.243,228.28970789712866,153.08303076097815,1.4912802990788525,0.74185100720789,27674,186.82429081847204,0.7104758449098072,0.9905687649056877,0.9280798297828734,0.8183649299803666,0.008327790022877053,0.002304080077963801,0.6697211586217703,0.9987419697289093,DERMASON
10683,27418,626.891,245.22562859126145,142.7880934055867,1.717409503428994,0.8129938229644458,27710,186.84132796988115,0.6771214066976193,0.9894622879826778,0.8767213169674709,0.7619159915838388,0.008943964862180373,0.00185925176640323,0.5805159782311844,0.996983657906615,DERMASON
10684,27419,617.3599999999999,228.98332960441016,152.73354938337977,1.4992339962560168,0.7450511925119038,27768,186.84473521374215,0.7724749964783773,0.987431575914722,0.9040334522183866,0.8159752744295128,0.00835126480194063,0.0022837050556524527,0.6658156484803188,0.9982134554409398,DERMASON
10685,27422,621.058,227.3340024745156,153.990412819471,1.476286726635561,0.7356377190990362,27834,186.85495657254486,0.72979374584165,0.9851979593303154,0.8933973701152494,0.8219402048907819,0.008290205035173057,0.002334027301453545,0.6755857004159007,0.9973582022287827,DERMASON
10686,27426,618.587,228.32371206171433,153.6259714455389,1.4862312011003693,0.7397854640381357,27822,186.86858418125442,0.7047486894850448,0.9857666594781108,0.9006804955999187,0.8184370449037949,0.008325082478732383,0.002304142964080903,0.6698391964708564,0.9955359135149872,DERMASON
10687,27427,625.8349999999999,229.81616081826195,152.53704462768823,1.5066252357202556,0.7479677549187204,27869,186.87199092815194,0.7972965116279069,0.9841400839642613,0.8799712341157813,0.8131368580120432,0.008379194254503298,0.0022596262467494974,0.6611915498576977,0.996167874660595,DERMASON
10688,27427,612.889,233.65183506547802,149.6634734973319,1.561181426606696,0.7679243528649516,27664,186.87199092815194,0.7379991389516737,0.9914329091960671,0.9175389660742864,0.7997882442300673,0.008519044557023299,0.0021501597002341524,0.6396612356086139,0.9986272403524578,DERMASON
10689,27429,605.0239999999999,209.7789848372228,167.36136113994564,1.2534493231194985,0.6029241581054734,27774,186.87880423563496,0.7326904583823058,0.9875783106502485,0.9416177432132317,0.8908366316132327,0.007648072654388523,0.002971146293571444,0.7935899042240104,0.9947247282840536,DERMASON
10690,27430,616.386,234.94596043560168,149.623611790554,1.5702465514900383,0.7709937865288009,27737,186.8822107962272,0.7355859479753285,0.9889317518116595,0.9072566070381717,0.7954263629378354,0.008565292031921315,0.0021150559511491822,0.6327030988565132,0.9934998590965008,DERMASON
10691,27439,609.885,216.95130115163857,162.24378394353226,1.337193301822564,0.66388459844894,27893,186.91286704769183,0.7596622369878184,0.9837235148603592,0.9270053476969564,0.8615429640454135,0.007906676670127868,0.002687085604560628,0.7422562788961569,0.9925401243756818,DERMASON
10692,27443,628.873,236.87330951159956,147.96862783747972,1.6008346699799614,0.780885545397527,27851,186.92649043452099,0.7146242383209208,0.9853506157768124,0.8719981254670631,0.7891412114768772,0.008631465565411929,0.0020648247722057068,0.6227438516511936,0.9969099482400885,DERMASON
10693,27448,615.37,228.73434134556112,152.970142242434,1.4952874985436868,0.7434714161658907,27761,186.94351827193887,0.7160036520151298,0.9887251900147689,0.9108522362998727,0.8172953705692726,0.008333370057765998,0.002293594224488646,0.6679717227539648,0.9988097664146931,DERMASON
10694,27453,609.562,218.46579473589503,160.36019829683855,1.3623442540991297,0.6791182757316409,27767,186.96054455850953,0.7728885135135135,0.9886916123455901,0.9284615077869763,0.8557886363150239,0.00795781134068754,0.0026329309102010034,0.732374190045928,0.9977457696595742,DERMASON
10695,27457,607.6170000000001,221.21714726658865,158.66441595665302,1.394245495644247,0.6968325989549914,27784,186.97416447144073,0.8186344663088849,0.9882306363374604,0.9345512344924347,0.8452064714771784,0.008056857896586977,0.00253627722061108,0.7143739794269023,0.9960127030214143,DERMASON
10696,27457,608.346,221.14238829944819,158.6631632560417,1.393785323330413,0.6965887812091272,27821,186.97416447144073,0.7949334105385061,0.9869163581467237,0.9323127726772927,0.8454922003386326,0.008054135131276112,0.002538850317154236,0.7148570608334622,0.996357279668796,DERMASON
10697,27459,611.196,231.55315906306814,151.1926802962601,1.5315103787388564,0.7574008471254843,27760,186.98097405587242,0.7018633540372671,0.989157060518732,0.9237055955598817,0.8075077654412153,0.008432687245095166,0.0022117324295082372,0.6520687912478647,0.9986501214478054,DERMASON
10698,27459,604.559,220.9927438996878,158.43736673156957,1.3948271702476718,0.6971403264459591,27720,186.98097405587242,0.7885758593951926,0.9905844155844156,0.9440982647785874,0.8460955357916463,0.008048098761778937,0.002544196637735325,0.7158776556865528,0.9985256047248117,DERMASON
10699,27460,619.3290000000001,235.51651582076,148.87267056351166,1.5819996707876922,0.7748775382779639,27790,186.98437875509165,0.7804905778358866,0.9881252249010435,0.8996375297264187,0.7939331902200704,0.008576712156619083,0.0021020179936929615,0.6303299105330183,0.9971817109508706,DERMASON
10700,27460,611.836,227.22728085126917,154.073826422254,1.4747948183524122,0.7350061640982675,27741,186.98437875509165,0.7944452480833213,0.989870588659385,0.92180772425322,0.8228958162707656,0.00827484635292313,0.002340556442123931,0.6771575244359296,0.998668408246456,DERMASON
10701,27475,629.537,235.87056259066313,148.96363024077507,1.5834104083622114,0.775336614447009,27891,187.03544180608816,0.6802089522677758,0.9850847943781148,0.871174279485829,0.7929579670807633,0.00858491583587491,0.002093709734991146,0.6287823375568569,0.9956204978818486,DERMASON
10702,27476,626.7399999999999,241.1836714217381,145.3529132856972,1.659297127039219,0.7979944347712754,27796,187.03884551382188,0.7293093380049902,0.9884875521657792,0.8789993323364415,0.7755037661184052,0.008777976103571776,0.001958437885741869,0.6014060912638303,0.9979113994179599,DERMASON
10703,27477,602.09,220.59206964688613,158.80745650985145,1.3890536029912546,0.6940626315749852,27755,187.04224915961652,0.7361751152073732,0.9899837867050982,0.9524810620406167,0.8479101241446501,0.008028244336968597,0.0025597622359191164,0.7189515786269959,0.998662280668079,DERMASON
10704,27490,618.868,233.00152314278455,151.20256224499917,1.540989250997238,0.7608448803692892,27753,187.08649092002773,0.7311170212765957,0.9905235470039275,0.9019626412915873,0.8029410640606849,0.008475864792389399,0.0021731938118928914,0.644714352354905,0.9934978869425545,DERMASON
10705,27494,618.455,232.56891482559098,150.7585687591918,1.5426580176485734,0.7614430508294384,27792,187.10010166472,0.7096141437604853,0.9892774899251583,0.9032991100642401,0.8044931619732193,0.008458897025736196,0.0021856616342236356,0.6472092476616685,0.9984225350015742,DERMASON
10706,27496,614.2749999999999,233.9478781242445,150.04866213152198,1.5591467114793895,0.7672263259727237,27800,187.106906665783,0.8075657894736842,0.9890647482014389,0.9157010284597684,0.7997803107511609,0.008508433158431935,0.0021473962356753397,0.6396485454652237,0.9973059261646782,DERMASON
10707,27501,607.5319999999999,224.8741739005189,156.23007005853322,1.4393783080060547,0.7192567253629668,27805,187.12391808574796,0.72086500655308,0.9890667146196728,0.9363108023308501,0.8321272062505892,0.008176945343824548,0.0024184089604775195,0.6924356873824105,0.9966769081075034,DERMASON
10708,27502,608.2719999999999,220.40977325531713,159.01185946042648,1.3861216012644066,0.6924796318386451,27778,187.1273201841635,0.7814844282791543,0.9900640794873641,0.9340679932941849,0.8489973807440921,0.008014317986157994,0.0025684536586726334,0.720796552510329,0.9991116715514811,DERMASON
10709,27503,607.354,225.34575806386638,155.75691475267325,1.44677851652168,0.7226723173343051,27755,187.13072222072776,0.7873296690713386,0.9909205548549811,0.9369278332598582,0.8304159964160146,0.008193497366246097,0.002403432375281641,0.6895907271036026,0.9976850491660566,DERMASON
10710,27507,603.822,216.65375113304344,161.89395826486444,1.3382448205916986,0.6645459213588712,27785,187.14432974853958,0.8047217833947692,0.989994601403635,0.9480586976017475,0.8637945513051255,0.00787631334325966,0.0027048587392098297,0.7461410268644232,0.9985193646322857,DERMASON
10711,27509,616.6489999999999,230.11969173162737,152.48638697935178,1.5091162974619363,0.748938551185396,27861,187.15113314142553,0.7903976554419032,0.9873658519076846,0.9090936081158706,0.813277350291634,0.008365251071708437,0.002257425635394669,0.6614200484973812,0.9981597746554621,DERMASON
10712,27517,610.1779999999999,225.06952025585682,156.04952135433143,1.442295486089997,0.7206113739671796,27787,187.17834424013233,0.7098230408089563,0.9902832259689783,0.9287479276240508,0.8316467908553314,0.008179289902818505,0.0024135207010532065,0.6916363847399712,0.997544035726065,DERMASON
10713,27528,621.479,240.1646542554,146.18377716144144,1.6428953945427789,0.7934146810335052,27819,187.21575304303204,0.7868290173212142,0.9895395233473525,0.8956361349501132,0.7795308332255247,0.00872437715255013,0.001987226571381485,0.6076683199492809,0.9983354842542215,DERMASON
10714,27549,633.705,226.52262593539714,156.1855461806464,1.4503430789517353,0.7242932655901122,28159,187.287149099742,0.6921859296482412,0.9783372989097624,0.8620678236514531,0.8267922390814733,0.008222535334690811,0.002370124046797256,0.6835854066053562,0.9914333633424861,DERMASON
10715,27550,608.478,223.36212802240252,157.21860071804574,1.4207105711554953,0.7103257094029839,27828,187.2905482330962,0.8042621515107283,0.9900100618082507,0.9350647946148677,0.838506285247746,0.008107518258526408,0.0024722534261615837,0.7030927903999743,0.9988913598244585,DERMASON
10716,27559,611.485,229.7812386315817,153.08851011063257,1.5009698537501315,0.7457410588010263,27857,187.32113765765024,0.7134462048255151,0.9893025092436372,0.9261934443243851,0.8152151096982745,0.008337793048789205,0.0022715366918341726,0.6645756750803696,0.9975080538312772,DERMASON
10717,27560,616.807,232.90783077448364,150.9626634819987,1.5428174450714853,0.7615000715939468,27868,187.3245361742585,0.7970385794435768,0.9889478972297976,0.9103124651903375,0.8042861227608881,0.008450937255968202,0.002181357973352242,0.6468761672657425,0.9980118356585675,DERMASON
10718,27563,610.7019999999999,229.03530368202394,153.48738521425344,1.492209300212607,0.7422281498685125,27810,187.33473135416,0.818548985834348,0.9911183027687882,0.928704745181954,0.8179294996994961,0.008309520142293072,0.002294136185567279,0.6690086664786679,0.9983009540423023,DERMASON
10719,27566,624.367,236.28754967082503,149.34934409084437,1.5821130726031107,0.7749144964699258,27953,187.34492597924688,0.7157769007062734,0.9861553321647051,0.8885947312291219,0.7928683768579399,0.008571702447610283,0.002089542630165989,0.6286402630213441,0.9945799780907266,DERMASON
10720,27566,705.665,237.13182712539285,148.4305542637416,1.5975944326397968,0.7798703432470512,28466,187.34492597924688,0.7023900524894257,0.9683833345043209,0.6956430662513945,0.7900454707000627,0.008602329939976524,0.00206730335298189,0.6241718457736837,0.9971734658185427,DERMASON
10721,27566,619.27,228.53844301846937,154.23316960057815,1.4817723295859224,0.7379389176498495,27870,187.34492597924688,0.768390243902439,0.9890922138500179,0.9032823678345864,0.819752351091788,0.00829059141763293,0.0023093829701030036,0.671993917120514,0.9957419920392335,DERMASON
10722,27572,612.275,220.46034722144955,159.58734585192346,1.3814400261159079,0.6899234728340355,27880,187.36531356533925,0.737613697164259,0.9889526542324247,0.9242406800549553,0.8498821485440792,0.00799580542657223,0.002573219350209172,0.7222996664139003,0.99781367003433,DERMASON
10723,27573,626.948,236.71088318421693,148.5788783749974,1.5931664431251369,0.778470810952012,27937,187.36871128067952,0.6881551362683438,0.9869706840390879,0.8815173048707134,0.7915508943239523,0.008584879526501176,0.0020788796279608136,0.6265528183050488,0.9982029249690847,DERMASON
10724,27578,628.9540000000001,229.7758473910322,153.2815865972093,1.499044030610364,0.74497551178474,28005,187.3856989332599,0.8189944465892555,0.9847527227280842,0.876062043386243,0.8155152121552932,0.008331853194250206,0.0022732627627389365,0.665065061256693,0.9969618100443616,DERMASON
10725,27585,618.439,237.3762446953001,148.24868899533843,1.6012029941307895,0.7810004722586188,27904,187.40947905994366,0.7013729977116705,0.9885679472477065,0.90633575612046,0.7895039341468454,0.008605265350563716,0.0020623445497875395,0.6233164620333463,0.9980561852988047,DERMASON
10726,27586,614.3019999999999,226.91371651621313,155.48520770963597,1.4593910241285961,0.7283386783415033,27917,187.4128759745824,0.7497214295420573,0.9881434251531325,0.9186175480819581,0.825921318692921,0.008225683916342099,0.002361057071257082,0.6821460246714536,0.9955177855505232,DERMASON
10727,27586,606.403,217.58137913591747,162.06949372976536,1.342519027662989,0.6672114108720173,27860,187.4128759745824,0.7895926954231903,0.9901651112706389,0.9427052236036318,0.8613461166523373,0.007887384149058126,0.0026780800623096537,0.7419171326720617,0.9960378675614091,DERMASON
10728,27597,638.0419999999999,241.45356232335942,146.92706915229235,1.6433565558507723,0.7935456909619211,28079,187.45023797279183,0.8203626634958383,0.9828341465151893,0.8518697608552102,0.7763407429945255,0.008749268482927834,0.0019604737061797504,0.602704949233292,0.9904591295662373,DERMASON
10729,27606,624.0039999999999,238.28619912397627,148.17351221086838,1.6081565157534157,0.783152236129051,27973,187.4808013423212,0.6980025284450063,0.9868802059128445,0.8909197785539175,0.7867883328181257,0.008631681486777378,0.0020403600608591217,0.6190358806587256,0.9955065849664833,DERMASON
10730,27610,614.555,230.20289656940673,153.3364307026969,1.5012929120265344,0.745869114652193,27888,187.49438346291296,0.6889238216433365,0.9900315547905909,0.9186598961967457,0.8144744755910703,0.008337663765643127,0.0022632579516979044,0.663368671389349,0.9959106844172889,DERMASON
10731,27611,617.395,221.34945231480185,160.06118524725144,1.3829052432223123,0.6907272978351475,28061,187.49777883933072,0.7339447102604998,0.983963508071701,0.91026068167344,0.8470668297505995,0.008016712625939004,0.002545931888374683,0.7175222140637313,0.9922652319572164,DERMASON
10732,27612,619.4359999999999,235.43480971375203,149.78552485429856,1.5718128299965395,0.7715175288429551,27945,187.5011741542631,0.7822539520652728,0.9880837359098229,0.9043048188502889,0.7964037874528074,0.008526539537655803,0.0021158546969598335,0.6342589926691765,0.9969364222180928,DERMASON
10733,27616,614.614,232.09242538290016,152.0382048831463,1.5265401585166176,0.755562889834291,27919,187.51475479920575,0.805671441491379,0.989147175758444,0.9186831287776124,0.8079313854808001,0.008404273804421356,0.00220890924646455,0.6527531236449252,0.9964538568411415,DERMASON
10734,27617,625.484,243.79873531800033,144.823861998437,1.68341550870002,0.8044425867682532,27936,187.51814980676136,0.7406404205106201,0.9885810423825888,0.8870619570512778,0.7691514460162024,0.008827850067639509,0.0019058212044175665,0.5915939469088151,0.9958984250793558,DERMASON
10735,27617,617.7679999999999,232.34335056501877,151.6086237292489,1.532520676264105,0.7577717223129505,27937,187.51814980676136,0.7253125328290787,0.9885456562980993,0.9093593723624128,0.8070734512123963,0.008413055384908526,0.0022018399952552854,0.6513675556518881,0.9982342468841285,DERMASON
10736,27624,616.675,232.0169414861329,152.25543015035257,1.5238664476992096,0.754564849254989,28015,187.54191313880781,0.763473550384169,0.9860431911475995,0.9128170520121838,0.8083112894151169,0.008399107351800352,0.002211706390754896,0.6533671405959288,0.995644263583308,DERMASON
10737,27628,616.948,231.23665411858832,152.79423608398633,1.513385976101118,0.7505884704743121,28090,187.55549083389448,0.7258301807482135,0.9835528657885368,0.9121414465861354,0.8110975811720048,0.008369648694027376,0.0022344951542173233,0.6578792861830768,0.9956252856768826,DERMASON
10738,27632,612.837,226.7563517334416,155.6768155643247,1.456583955108892,0.7270940767426808,27962,187.56906754612288,0.7758310871518419,0.988198269079465,0.9245538861667787,0.8271833009847307,0.008206295300139027,0.0023699213700326296,0.6842322134279958,0.9966416636478617,DERMASON
10739,27634,621.52,235.40886278089368,149.7871527046278,1.5716225225611122,0.7714539951306527,27960,187.57585553373198,0.8048112767940354,0.988340486409156,0.8989662771755828,0.7968088088013824,0.008518812433266762,0.0021182407824995395,0.6349042777834779,0.9978298626349107,DERMASON
10740,27638,614.973,224.22724830683978,157.5683041080295,1.4230479256355302,0.7114694564431858,27951,187.58943077207317,0.7126134488448845,0.9888018317770384,0.9183418560466045,0.8366040799616368,0.008113005583140596,0.002451553924615763,0.6999063866084566,0.9960003316022236,DERMASON
10741,27638,632.058,243.79002733159058,144.55193248392857,1.686522090313081,0.8052494410679365,27962,187.58943077207317,0.7452006039689387,0.9884128460052929,0.8693659198265441,0.7694713062110771,0.008820827387350409,0.0019074747790098017,0.592086091082181,0.9985662719772213,DERMASON
10742,27645,624.258,222.10360467585548,159.17657831440562,1.3953284272586661,0.6974050926433709,28150,187.6131850755793,0.7804912478825522,0.9820603907637655,0.8914525364732516,0.8447102213824377,0.008034132923706113,0.0025231889441642143,0.7135353581079669,0.9956161690222386,DERMASON
10743,27647,611.382,228.99040396523756,153.8789671236894,1.4881202301102845,0.7405613870530845,27973,187.6199714670404,0.7857609776893563,0.9883459049798019,0.9294640141444563,0.819335518948307,0.008282649255443178,0.0023024815709099837,0.6713106926102915,0.9989910223627214,DERMASON
10744,27656,615.615,228.930567282663,154.16166381178803,1.4850032207887842,0.7392790407523463,27997,187.65050719141598,0.8017161410018553,0.9878201235846698,0.9170242999207519,0.8196830568271031,0.008277790254652263,0.0023050375955763485,0.6718803136494238,0.9977444297539729,DERMASON
10745,27659,613.789,224.00254411733442,157.70008297305026,1.4204339014559348,0.7101898293692706,27997,187.66068466205132,0.7278684210526316,0.9879272779226346,0.9225887114553898,0.8377613986551558,0.008098721722308631,0.002460807386241474,0.7018441610766428,0.9969232399321634,DERMASON
10746,27662,625.0959999999999,238.09670122175513,148.606596880011,1.6021946953943158,0.7813094314875855,28121,187.67086158075813,0.6881436887407334,0.9836776786031791,0.88961070707431,0.7882127749681332,0.008607356706736864,0.0020493844745573483,0.621279378622965,0.9954105247875911,DERMASON
10747,27664,616.8910000000001,222.8562687695884,158.5669992986002,1.4054391503614445,0.7026644502330637,28011,187.67764588664664,0.7164983164983165,0.9876120095676698,0.9134987795528519,0.8421465858817145,0.008055822323944058,0.0024994267358677867,0.7092108721122282,0.996752725528509,DERMASON
10748,27677,613.4559999999999,227.08427429426897,155.54006234830607,1.4599728897224662,0.7285955037904748,27976,187.72173789850524,0.7849404424276801,0.9893122676579925,0.9241916508103871,0.8266611084448963,0.008204800892230696,0.0023635121180268543,0.6833685882153445,0.9976996124823186,DERMASON
10749,27677,618.878,233.85045155403256,151.018623397364,1.5484875063303907,0.7635138482377534,27936,187.72173789850524,0.6956117422338394,0.9907288087056129,0.9080688720096108,0.8027426787120443,0.008449270208260742,0.002164234795863156,0.6443958082257883,0.9978388581693077,DERMASON
10750,27680,608.7360000000001,224.3338803508547,157.2893366308244,1.42624977100254,0.7130241594736649,27937,187.7319115075253,0.7533407723920202,0.990800730214411,0.9386808919878312,0.8368415471346348,0.008104547700536658,0.0024517798999129175,0.700303775010689,0.9988080987412093,DERMASON
10751,27682,607.7289999999999,220.81477548352066,159.81670633719412,1.3816751736681891,0.6900527113267628,28009,187.73869360725502,0.7343095124409783,0.9883251811917598,0.9418622849542213,0.8502089282574566,0.007976836048100594,0.0025710651031996914,0.722855221688693,0.9987511139636823,DERMASON
10752,27682,622.8430000000001,233.00032407040732,151.92916687825453,1.5336115431812878,0.7581711483691923,28058,187.73869360725502,0.7709789722879822,0.9865991873975337,0.8967061587667261,0.8057443454478832,0.008417033598381885,0.0021884059611149585,0.6492239502212377,0.995657344169044,DERMASON
10753,27695,607.966,217.76457212477135,162.33142570368696,1.3414813008681987,0.6665675803272266,27970,187.7827712849087,0.7934848007334613,0.9901680371826957,0.9415700780966799,0.8623201168705985,0.007862956205985606,0.0026818821556385333,0.7435959839597227,0.997520107882657,DERMASON
10754,27697,614.481,224.2730972859838,157.63258594519377,1.4227584730733265,0.7113282227918434,28003,187.78955154781588,0.7879210286754665,0.9890725993643538,0.9217765963144412,0.8373253583257665,0.00809737867949539,0.002455280917414999,0.7011137556953734,0.9975155365038548,DERMASON
10755,27701,608.531,216.2770942385946,163.32152085343284,1.3242412457858808,0.6555527159509351,28014,187.80311133926602,0.7417195490936354,0.9888270150638966,0.940026067634139,0.8683448980134882,0.007807555475924862,0.0027381918227890826,0.7540228619060552,0.9985081740015097,DERMASON
10756,27710,613.7629999999999,229.29905909286038,154.44167658062747,1.4846967746633664,0.7391524111629721,28000,187.83361729097206,0.7950306994892982,0.9896428571428572,0.9243681689393853,0.8191643613108074,0.00827495702247782,0.002298421671158283,0.6710302508417431,0.9962764491262855,DERMASON
10757,27713,626.5139999999999,237.46293378386514,149.126921219051,1.592354565109396,0.7782126627615127,28017,187.84378484061048,0.7915512267573048,0.9891494449798337,0.8872210669617406,0.791044656306583,0.008568647702661752,0.0020696459336363177,0.6257516482712001,0.9964184937493745,DERMASON
10758,27718,619.207,241.4001097769882,146.56563023081827,1.6470444632675494,0.7945886502441545,28001,187.86072953379386,0.724085684430512,0.9898932180993536,0.9084479303619107,0.7782131073069709,0.008709146034237253,0.001970377777052678,0.6056156403843709,0.9974758873633093,DERMASON
10759,27725,618.0569999999999,229.51628110371087,154.34914491614316,1.4869941859956886,0.7400993158060943,28114,187.88444953689591,0.7434969160632877,0.9861634772711105,0.9120619959156336,0.8186105518675475,0.008278314918077938,0.0022931425865821797,0.6701232356288906,0.9964693552807792,DERMASON
10760,27725,612.615,228.84741635344207,154.66651220173722,1.4796183937667642,0.7370392533800652,28090,187.88444953689591,0.7576378641307319,0.987006051975792,0.9283380814756759,0.8210031493067803,0.008254189949628208,0.0023133082877618183,0.6740461711716514,0.9973311131136361,DERMASON
10761,27729,621.646,234.01802393619474,151.04207510595353,1.5493565205061897,0.76382006874583,28014,187.89800247996604,0.7156794425087109,0.9898265153137716,0.9016911035107238,0.8029210712897765,0.008439468568509313,0.0021636463894240993,0.6446822467211224,0.9988426426119511,DERMASON
10762,27737,613.659,226.80596561229797,156.08110443996327,1.4531289128565787,0.7255493020101822,27997,187.92510543383818,0.7398506268338223,0.9907132907097189,0.9255824993455042,0.8285721450337743,0.008177018625384792,0.0023773661023681943,0.6865317995258702,0.9976192074864985,DERMASON
10763,27738,615.9559999999999,228.70943812544076,154.87594815350954,1.4767266373649517,0.7358234736687044,28072,187.92849302823652,0.7817484921932247,0.9881020233684811,0.9187251975932756,0.8216910266954658,0.008245347109576782,0.0023185842582826395,0.6751761433518487,0.9970505958010122,DERMASON
10764,27738,614.449,228.73410603540927,154.83355856071242,1.4772902474221659,0.7360611500682915,28038,187.92849302823652,0.8104365102553615,0.9893002353948213,0.9232372619336879,0.8216024111382155,0.0082462364278394,0.002317834193579443,0.6750305219881294,0.9972160068453575,DERMASON
10765,27740,628.02,226.91723018792558,156.04046485619105,1.4542204190243568,0.7260388679852741,28178,187.93526803384566,0.7818048588016459,0.9844559585492227,0.8838312878992022,0.828210655833423,0.00818014528435204,0.002374127482149332,0.6859328904360287,0.9974976153524701,DERMASON
10766,27744,618.527,226.36649913618925,156.3517374275817,1.4478029017172687,0.7231397448043944,28090,187.94881731240648,0.7491089750513015,0.9876824492702029,0.9113005142165824,0.8302854796518743,0.008159115453294018,0.002391842689010806,0.6893739777207432,0.9980776453124675,DERMASON
10767,27752,612.295,217.6727027896183,162.64820988051983,1.338303710502065,0.6645828929750655,28122,187.97591293963765,0.7292602811719879,0.9868430410354883,0.9302136859224467,0.863571364395274,0.00784349606477437,0.002690805937719992,0.7457555014035152,0.9980473546556522,DERMASON
10768,27755,612.78,222.3813023189943,159.5703025357872,1.393625873894175,0.6965042222279639,28095,187.98607279297167,0.7415174993320865,0.9878982025271401,0.9288421843194404,0.8453321877003649,0.008012296966996731,0.002523750534669292,0.7145865075622849,0.9958662460744756,DERMASON
10769,27755,616.755,217.3120617035343,163.6802860218783,1.327661791075361,0.6577871458028647,28132,187.98607279297167,0.8205469327420547,0.9865988909426987,0.9169079488619809,0.8650512600144105,0.007829654538048436,0.00270451712268593,0.7483136824525191,0.9935074839311105,DERMASON
10770,27760,618.3299999999999,221.89928813107866,159.808434290143,1.3885330215313012,0.693782562699376,28162,188.00300466175563,0.7327051495235832,0.9857254456359633,0.9124071706849813,0.8472447399231849,0.007993490206450961,0.002540690331066076,0.7178236493275056,0.9967218407273464,DERMASON
10771,27761,632.2090000000001,250.3186969547083,141.4044701507022,1.770231851142545,0.8251609088317914,28012,188.0063908525262,0.6738106796116505,0.9910395544766528,0.8728178551363205,0.7510681109311758,0.009016919309632516,0.0017699265251720556,0.564103307257725,0.9985936418424742,DERMASON
10772,27763,614.9359999999999,224.4845830419873,158.1206679564177,1.4197042419771544,0.7098309676196642,28068,188.01316305110748,0.8083799208013045,0.9891335328487958,0.9226063088269925,0.8375326292048383,0.00808574660670631,0.00245418237191609,0.7014609049827691,0.995867022385171,DERMASON
10773,27765,617.22,230.645564970062,153.53003964068967,1.5022829767376327,0.7462609117009572,28056,188.0199350057642,0.801159972299169,0.9896278870829769,0.9158567728080734,0.8151898998368747,0.008307061587252368,0.002262884322340534,0.6645345727960537,0.9983189761651264,DERMASON
10774,27765,610.3219999999999,221.26009911843403,160.23669234664436,1.3808329158453676,0.6895893839049764,28057,188.0199350057642,0.8098057516187365,0.9895926150336815,0.9366762136672103,0.8497688275242192,0.007969029321751631,0.0025632346778389522,0.7221070602318861,0.9971091975325218,DERMASON
10775,27767,618.733,233.12345011553447,152.1479490350516,1.5322155283330692,0.7576598004816351,28111,188.02670671652274,0.7924372146118721,0.9877627974814129,0.9114487738027225,0.806554238208717,0.008395701736432977,0.0021916493691571887,0.6505297391724438,0.9967517680024799,DERMASON
10776,27769,614.255,228.92630980403604,154.74349446431194,1.4793921424388712,0.7369444598044778,28072,188.0334781834095,0.7175452196382429,0.9892063265887717,0.924852987795563,0.8213712016952908,0.008243952241853723,0.002314584910156177,0.6746506509743659,0.9980728719427462,DERMASON
10777,27770,610.6560000000001,224.8720126262933,157.33070308859857,1.4292951611591018,0.7144901003685901,28076,188.03686382540917,0.7379357993197279,0.9891010115401054,0.9358203533951555,0.8361950499278044,0.00809765979929036,0.0024421349506939297,0.699222161523763,0.9993948520411227,DERMASON
10778,27773,615.9149999999998,223.02697091874842,159.29920567317072,1.400050740845036,0.6998806323081482,28137,188.04702038567288,0.7680586283185841,0.9870632974375377,0.9200069245200582,0.8431582046378634,0.00803035217364881,0.002503517527056101,0.7109157580481451,0.9953181337337159,DERMASON
10779,27778,618.564,226.20759616692584,157.0444397086238,1.4404049999262984,0.7197347195279779,28154,188.0639467671923,0.7039890516498556,0.9866448817219579,0.9123081530915631,0.8313776811827923,0.008143408314742813,0.002399824150835677,0.6911888487688769,0.9955918736599925,DERMASON
10780,27783,616.3109999999999,228.8146888447996,154.9701780184008,1.4765078789393318,0.7357311284129643,28100,188.08087162541815,0.7784533482768282,0.9887188612099644,0.919155869106053,0.8219790109409874,0.00823578047168411,0.0023191425109238663,0.6756494944275239,0.9976018019236153,DERMASON
10781,27784,623.4770000000001,234.08841607751958,151.46296117347367,1.5455159087337085,0.7624618844528561,28116,188.08425641430426,0.6954519286125503,0.9881917769241713,0.898180785827827,0.8034752832537394,0.008425295712551094,0.0021659827877258254,0.6455725307996769,0.9977426165923828,DERMASON
10782,27791,613.302,225.66001423745763,156.94424331821375,1.4378355616390375,0.7185359464648606,28051,188.10794823115504,0.7310343013468014,0.9907311682292966,0.9284644429079278,0.8335900751703964,0.00811989544231793,0.002418467973344045,0.6948724134225873,0.9991122668209392,DERMASON
10783,27797,613.276,223.8411244087781,158.6793153756502,1.4106509337960451,0.7053164466093002,28106,188.12825312802784,0.7544102480594909,0.9890059062121966,0.9287436394742934,0.8404543786353954,0.008052708004776706,0.0024784393225178304,0.7063635625674087,0.9964324191352162,DERMASON
10784,27806,612.1080000000001,222.7477683287058,159.51570758507387,1.3964002147557075,0.6979699232834281,28083,188.15870636488214,0.8212534703762774,0.9901363814407292,0.9325932575537207,0.8447164601317978,0.008010780706635467,0.0025159293042873562,0.7135458980175949,0.9963956452298239,DERMASON
10785,27815,625.6650000000001,235.42771286417334,150.64237580290583,1.5628252781421683,0.7684858399395145,28153,188.18915467371798,0.7432793543904656,0.9879941746883103,0.8929049000329689,0.7993500526520045,0.008464055828300319,0.002131602954981727,0.6389605066747626,0.9985836315658465,DERMASON
10786,27815,613.813,228.5974907364852,155.33191837609803,1.4716710713827188,0.7336758175516203,28104,188.18915467371798,0.7774982529699511,0.9897167662966125,0.9277196681946145,0.823233684969238,0.008218496880693338,0.002328438049026086,0.6777137000680307,0.9973716470698653,DERMASON
10787,27831,618.7629999999999,227.85223732209187,156.2023967548004,1.4586987271377418,0.7280325916574054,28260,188.24327284002558,0.699710873664362,0.9848195329087048,0.9134609842692516,0.8261638114789496,0.008186994262588189,0.0023527128215100265,0.6825466433974254,0.9956299199359626,DERMASON
10788,27832,612.332,223.60867952088716,159.07745328889246,1.4056591609799212,0.7027772018313373,28086,188.24665470883951,0.7779516994633273,0.9909563483586128,0.9327824532868076,0.8418575482498455,0.008034229646482005,0.0024893069109112524,0.708724131545241,0.9962245681141066,DERMASON
10789,27836,629.843,241.09439924763115,147.33667102490548,1.6363502553066172,0.7915409667577397,28143,188.26018157658297,0.695865206739663,0.9890914259318481,0.8817634193155062,0.7808567190448026,0.00866124440464259,0.001986302837571287,0.6097372156774137,0.9977436485436818,DERMASON
10790,27837,612.74,217.88370298585463,163.53269056325593,1.3323556423819447,0.6608132603338248,28153,188.26356314165716,0.7514577259475219,0.988775618939367,0.9317080095845853,0.8640552761024056,0.007827125875125,0.0026912137103717146,0.7465915201604042,0.994725424440228,DERMASON
10791,27849,621.9499999999999,225.7073854110175,157.57725909911863,1.432360143217391,0.7159530398311172,28184,188.30413718590876,0.8236181350368201,0.9881138234459268,0.9047081963258486,0.8342843405101844,0.008104685461273924,0.0024219897193962633,0.6960303608205134,0.9969661473085228,DERMASON
10792,27854,619.0899999999999,233.633935359572,152.98885272437704,1.5271304490431354,0.7557823499375962,28142,188.32104045765362,0.7763099219620959,0.9897661857721555,0.9132503708329247,0.8060517414468065,0.008387805534557766,0.00218413660868862,0.6497194098894294,0.9922062941764853,DERMASON
10793,27866,611.215,227.2576599518855,156.4196958072064,1.4528711284030993,0.7254334702629576,28127,188.36160212100035,0.8010233413820858,0.9907206598641874,0.9373385725637922,0.8288459986822,0.008155374289524349,0.002374209515985505,0.6869856895314935,0.9981016739464021,DERMASON
10794,27867,617.918,227.90833558359145,155.87820731979366,1.462092357246729,0.7295276483582962,28271,188.36498186535303,0.7331105966536883,0.9857097378939549,0.9171458151520089,0.8264944824550533,0.00817843096076332,0.002354016969091675,0.6830931295286465,0.998745243971584,DERMASON
10795,27874,625.1089999999999,240.7765136662461,147.78134101198089,1.6292754688612952,0.7894850802127008,28153,188.38863837808245,0.7869565217391304,0.9900898660888715,0.8963913485654529,0.7824211569041096,0.008638032347931625,0.001996902820396894,0.6121828667711655,0.9974145272874425,DERMASON
10796,27875,616.012,222.64628141180924,159.81937314708483,1.3931119677644062,0.6962314207148448,28270,188.3920176374059,0.7910718846666855,0.9860275910859568,0.9230949931110805,0.8461494009367879,0.007987310543921407,0.0025256230817851805,0.7159688087056852,0.997424715953915,DERMASON
10797,27876,628.7009999999999,233.50237022332269,152.4725409841293,1.531438832960931,0.7573745482993298,28218,188.39539683611537,0.703939393939394,0.9878800765468849,0.886241366833102,0.8068243446776715,0.008376466143755298,0.002189558614927642,0.6509655231645542,0.9969138810929269,DERMASON
10798,27883,607.3699999999999,217.1893723905026,164.02322627537538,1.324137912187312,0.6554848259326711,28169,188.4190495301644,0.7859901338971106,0.9898469949234975,0.9498230156879768,0.86753346840282,0.007789311494118373,0.002721596813073278,0.7526143187990268,0.9965651527768191,DERMASON
10799,27884,630.303,239.40540883234075,148.48484175542353,1.6123222141872018,0.7844252084235185,28196,188.42242824407947,0.7582531136128786,0.9889346006525749,0.8819951351297807,0.7870433218826504,0.00858576276116557,0.002032138012868584,0.6194371905200772,0.9987323425692305,DERMASON
10800,27888,618.7919999999999,228.80130798062802,155.49456459594086,1.47144248144736,0.733578037383944,28201,188.43594249392606,0.7581763314574668,0.9889011027977731,0.9152460287174932,0.8235789565935542,0.008204292454841796,0.002328315670983965,0.6782822977437275,0.9980533873138474,DERMASON
10801,27890,622.288,231.37888937882587,153.8536743136223,1.503889266285397,0.7468944858865436,28279,188.44269925540678,0.8017132344486605,0.9862442094840694,0.9050561540076382,0.8144334159495352,0.008296123677978698,0.002251527822047176,0.6633017890152286,0.9975324408079036,DERMASON
10802,27892,618.906,216.30914090143781,164.90160591655146,1.3117467213199923,0.6471740354929857,28262,188.44945577462715,0.806850067979982,0.9869082159790531,0.9150401166581863,0.871204309671291,0.007755239527514621,0.002755846597299287,0.7589969491898308,0.9956117595916372,DERMASON
10803,27899,624.805,242.8678368086358,146.43728587342574,1.6585109138021077,0.797778592999791,28207,188.4731016844746,0.7763091991763593,0.9890807246428192,0.8980685922311802,0.7760315411092465,0.008705252403621484,0.001947505186745185,0.6022249527963921,0.9987966567767754,DERMASON
10804,27903,626.5649999999999,236.07630947020056,151.04623830636544,1.5629406737781153,0.7685251734782631,28254,188.48661230110017,0.8002925486146962,0.9875769802505839,0.8931584269664324,0.7984139227019408,0.008460606725807281,0.002120770516799764,0.6374647919643007,0.9963196514625103,DERMASON
10805,27915,622.004,234.70197677726165,151.59053569372102,1.5482627309363295,0.7634345386196169,28209,188.5271383416246,0.7018227529855436,0.9895777943209614,0.9066948335207389,0.8032618256153071,0.008407736943480624,0.002159172746381152,0.6452295604908362,0.9989848814063896,DERMASON
10806,27920,618.669,235.33969048959577,151.3921865739179,1.5545035435147119,0.76562076060772,28181,188.54402162096187,0.7376875924751638,0.9907384407934424,0.9166606060441408,0.8011569201468687,0.008429072008939676,0.0021420513619553497,0.6418524106992163,0.9977618468453917,DERMASON
10807,27923,617.3269999999999,232.16858120632887,153.35723777111133,1.5139069050842258,0.7507885697149147,28171,188.55415086292837,0.7939888535031847,0.991196620638245,0.9207492974447472,0.812143270563211,0.008314600193615617,0.0022312679853706326,0.659576691921109,0.9985377083319777,DERMASON
10808,27928,616.907,229.84283903992295,154.9497264592907,1.4833381400018708,0.7385897885767707,28214,188.57103172376085,0.7535074465788906,0.9898631884879847,0.9221685429532075,0.820434660968518,0.008229835256370773,0.0023001009821379324,0.6731130329185273,0.9984542342603862,DERMASON
10809,27939,630.6899999999999,234.0911699342381,152.84648850411688,1.5315443110617024,0.7574133183748263,28352,188.60816429931052,0.7689280308242741,0.9854331264108352,0.8826506221057221,0.8057038817495557,0.008378652418992738,0.002177989397343328,0.6491587450663019,0.9942153829822487,DERMASON
10810,27940,614.789,227.1745014717678,156.90664517222552,1.4478322522440916,0.7231531183979181,28256,188.61153962549704,0.8084490740740741,0.9888165345413363,0.928932353551233,0.8302496028540282,0.008130798191545018,0.002383129544218383,0.6893144030392715,0.99801162465664,DERMASON
10811,27948,631.8439999999999,237.8532116980112,149.90741510457354,1.5866674209016796,0.7763907953005795,28296,188.63854006076892,0.6892571766794909,0.9877014418999152,0.8797127107849932,0.7930880508785083,0.008510562891727894,0.0020769386801383306,0.6289886564462716,0.9979958093000184,DERMASON
10812,27950,620.2309999999999,229.78103791832407,155.56330948302863,1.4770901871523394,0.7359768238609956,28360,188.64528956575566,0.7695484581497798,0.985543018335684,0.913029349178983,0.820978490108526,0.008221146258258464,0.0023037707068695717,0.674005681220875,0.9955671778162825,DERMASON
10813,27950,617.0569999999999,226.77873747417112,157.4583231307895,1.440246110621933,0.7196608334682949,28256,188.64528956575566,0.7244310818516406,0.9891704416761042,0.922446334525119,0.8318473401292366,0.008113729426625084,0.0023964855393544776,0.6919699972800857,0.9966070972497129,DERMASON
10814,27955,615.682,224.53077030269702,158.72212699727172,1.4146154323307203,0.7073076020328575,28262,188.66216227180126,0.7955547966646745,0.9891373575826198,0.9267368814237406,0.8402508129173558,0.00803186443579671,0.0024696300315570734,0.7060214286082773,0.998748808465451,DERMASON
10815,27958,615.436,233.28288445006223,152.92380852878736,1.5254844009861783,0.7551695819628641,28200,188.67228517115512,0.7251835136046482,0.991418439716312,0.9275774263607284,0.8087703717138465,0.008344047658990708,0.0022022036134147923,0.6541095141621533,0.9978338603910126,DERMASON
10816,27966,615.3420000000001,224.32277386269806,159.24719109554826,1.4086450901862657,0.7043004450847058,28301,188.69927691452227,0.7682967032967033,0.9881629624394898,0.9281263438852008,0.8411953617782029,0.00802126774879132,0.0024774805494726148,0.7076096366771616,0.996770840473771,DERMASON
10817,27974,612.141,225.34437164552747,158.38318300636314,1.4227796623867202,0.7113385656470008,28213,188.72626479751418,0.8094328703703704,0.9915287278913976,0.9381267014197231,0.8375015689071014,0.008055493374044737,0.0024446372478166335,0.7014088779218562,0.9979502865247071,DERMASON
10818,27975,622.083,238.03939374430075,150.06160521442962,1.5862778050664978,0.7762651073480272,28261,188.72963801153801,0.7614316820903647,0.9898800467074768,0.9084128995511236,0.7928504397648957,0.008509004244657756,0.0020740708545031006,0.6286118198353886,0.997152977807337,DERMASON
10819,27980,613.7699999999999,220.76327185048444,161.972863303351,1.3629645568284348,0.679479174802143,28333,188.746503177383,0.8185594757474695,0.9875410298944693,0.9333537141996118,0.8549723946165043,0.007890038307737114,0.0026005621918080736,0.7309777955562796,0.9962968271717908,DERMASON
10820,27983,620.189,230.30369020631105,154.93811594819715,1.486423716958789,0.7398647130681721,28323,188.75662155358697,0.7883645583885054,0.9879956219327048,0.9142311577269424,0.8195987714504039,0.008230128656909946,0.002290823249078065,0.6717421461630116,0.998493457737498,DERMASON
10821,27986,614.326,227.85612143545163,156.82941742607755,1.4528914611498376,0.7254426094029301,28280,188.76673938742033,0.7734785252335415,0.9896039603960396,0.9318647874565267,0.8284470840556076,0.008141789517453427,0.0023656948701887867,0.686324571080239,0.9971551088998041,DERMASON
10822,27993,615.568,227.03316569485523,157.18753277249726,1.4443458822109503,0.7215570964253474,28289,188.79034555763545,0.7405555555555555,0.9895365689844109,0.9283403724900141,0.8315540374016536,0.008110354934978574,0.0023921121090183586,0.6914821171189908,0.9987393484833242,DERMASON
10823,27994,628.8389999999999,238.96468006538555,149.39354621359587,1.5995649485669554,0.7804886199492095,28369,188.79371762671593,0.7659725832489671,0.9867813458352427,0.8896022762676791,0.7900486280025072,0.008536282062777222,0.0020514635861781988,0.6241768346086439,0.9984113863474604,DERMASON
10824,27997,625.831,232.5541662528905,153.9486055074827,1.510596120609791,0.7495123910609738,28322,188.80383347260283,0.7071735286688557,0.9885248216933832,0.8982706665590674,0.8118703548285974,0.008306395908593438,0.0022260715751009873,0.6591334730495129,0.9956844673526523,DERMASON
10825,27997,636.5409999999999,235.07327457525943,152.19328367093917,1.5445706203666458,0.7621256671301035,28462,188.80383347260283,0.6951458721291124,0.9836624270957768,0.8682975931299651,0.8031701341368633,0.008396373703441777,0.0021552702092207036,0.6450822643694272,0.996375113264607,DERMASON
10826,27998,615.426,228.00667793943776,156.5950636108074,1.4560272379090622,0.7268461287681932,28329,188.8072053007911,0.7875668073136427,0.988315860072717,0.92893471523401,0.8280775239001611,0.0081436773319322,0.0023620240123108853,0.685712385588622,0.998415910788635,DERMASON
10827,28002,619.788,229.77336377194155,155.35766942115015,1.4789959493345783,0.7367783307191851,28301,188.82069201142662,0.714482547458665,0.9894350022967386,0.9160360987060014,0.8217692813116408,0.008205605448608726,0.0023082880583627013,0.6753047517074506,0.9987729923417128,DERMASON
10828,28008,619.174,231.56657308738622,154.30395971385556,1.5007169843003902,0.7456407517719319,28337,188.84092027138195,0.7155850792028615,0.9883897377986378,0.9180504312614748,0.8154930038201977,0.008267872503834126,0.00225556055873185,0.6650288392796891,0.9980200741566039,DERMASON
10829,28018,621.239,229.9203224301027,155.46537343510562,1.4789166059931413,0.7367450404391359,28342,188.87462922369903,0.796305243711809,0.9885682026674194,0.9122829769352632,0.8214786201907758,0.00820616469519961,0.002305181106877823,0.6748271234305411,0.9980130390160102,DERMASON
10830,28018,622.7689999999999,230.36622813166548,155.62716523173225,1.4802443248814892,0.7373012128306001,28453,188.87462922369903,0.7731449543309694,0.9847116297051277,0.9078059448935208,0.8198885346846414,0.008222079667773056,0.0022918210098590505,0.6722172093073286,0.9950457091648452,DERMASON
10831,28024,616.129,229.63590927896973,155.55649393450838,1.4762219401502448,0.735610344677198,28292,188.89485170765823,0.7844586272533871,0.9905273575569066,0.9276767816131091,0.8225841171825707,0.008194258823828494,0.0023142523798587804,0.6766446298410295,0.9988776482561685,DERMASON
10832,28026,610.943,215.4465689682207,165.74037733899615,1.299903936670533,0.6389026251516535,28302,188.9015920545607,0.7766877286331892,0.990248039007844,0.9435601600547295,0.8767909043955325,0.00768738203697355,0.0028024790256391467,0.7687622900307359,0.9993171271748076,DERMASON
10833,28026,616.1309999999999,224.66237634404413,159.18333051764102,1.4113436099965668,0.7056659570825868,28333,188.9015920545607,0.7201850186303482,0.9891645784068048,0.9277369644780034,0.8408243299504676,0.008016212671949052,0.0024715538247557364,0.706985553836653,0.9977995437672437,DERMASON
10834,28030,639.7049999999999,228.83569221283287,157.04230198781588,1.4571595634823735,0.7273500508963104,28462,188.91507202689417,0.7678820918828589,0.9848218677534959,0.8607429442140336,0.8255489788332067,0.008163956197389684,0.002339116254042244,0.6815311164525504,0.993099584149653,DERMASON
10835,28033,636.761,246.19204956729376,145.4817879734128,1.692253394715537,0.8067242644032526,28429,188.9251813749581,0.747746065617498,0.9860705617503254,0.8688134365436438,0.7673894494440917,0.008782222722052358,0.0018786570446807497,0.5888865671181062,0.996545292307994,DERMASON
10836,28040,623.664,237.33399774685478,150.7049281803607,1.574825724762087,0.7725196181280787,28393,188.94876775034538,0.7521459227467812,0.9875673581516571,0.9059130620920937,0.7961302196235785,0.008464122601528344,0.0020974815296349127,0.6338233265978874,0.998161279680635,DERMASON
10837,28047,627.0889999999999,236.2464809114221,151.57299286652218,1.5586317617906038,0.7670491333218541,28352,188.9723511818253,0.7022986778846154,0.989242381489842,0.8962680459341795,0.7998948828900369,0.00842323531612729,0.002127112062189625,0.6398318236736656,0.9972622025821805,DERMASON
10838,28052,631.486,242.50005398121823,147.64269683596518,1.6424791688182314,0.7932963233627409,28392,188.98919468824346,0.7539644143417729,0.9880247957171034,0.8839877379059488,0.7793367118296839,0.00864466184162335,0.0019671084836130172,0.6073657104055037,0.9975855271955264,DERMASON
10839,28053,619.809,232.08738099724863,155.06697436838633,1.4966912325630863,0.7440351454593496,28323,188.99256320939065,0.7620198837398816,0.990467111534795,0.9176422886778357,0.814316411333157,0.008273175097039483,0.0022440096929192267,0.6631112177665114,0.9924727458453689,DERMASON
10840,28058,621.031,235.83011802033548,151.99487373192193,1.5515662616114039,0.7645958645143706,28351,189.0094049146211,0.8204093567251461,0.9896652675390639,0.9141974722295352,0.8014642340904181,0.008405093663851147,0.002139237021603034,0.6423449185261407,0.996640703902686,DERMASON
10841,28070,633.853,245.01277976380564,147.69987147390842,1.658855741164865,0.7978733045913765,28561,189.04981888570012,0.7097345132743362,0.9828087251846924,0.8779609026202114,0.7715916658222715,0.008728634833053283,0.0019084298461237781,0.5953536987663879,0.98760590122236,DERMASON
10842,28072,630.4529999999999,234.92700916336278,152.94946100023972,1.5359780127828928,0.7590340001417885,28538,189.0565537076287,0.7419585040306594,0.9836708949470881,0.8875192630747609,0.8047459267493724,0.008368730733947092,0.002165082780380578,0.6476160066197062,0.9947239468941292,DERMASON
10843,28078,616.3100000000001,227.31233292298637,157.4689594022423,1.4435374043612912,0.7211848242186035,28387,189.0767567340679,0.7969007208945904,0.9891147356184169,0.9289184840758145,0.8317927773770519,0.008095745171414858,0.002390546369503887,0.6918792244966299,0.9987535398613683,DERMASON
10844,28083,620.7699999999999,227.91976587469622,157.1585990127555,1.4502532302174411,0.7242525989936361,28386,189.0935909405646,0.7367965367965368,0.9893257239484253,0.9157816199412238,0.8296498121383771,0.008115933692080484,0.0023719063054702936,0.6883188107812445,0.9982365787549273,DERMASON
10845,28086,617.3609999999999,227.42375654190545,157.64592606270693,1.4426237469114358,0.7207631353347429,28430,189.1036907451353,0.7935691681735986,0.9879001055223355,0.926022148273996,0.8315036811481512,0.008097406413939523,0.002387714544933789,0.6913983717629264,0.9974277096810987,DERMASON
10846,28090,618.098,229.09660140841223,156.55748598255113,1.4633385300652173,0.73007327398261,28402,189.1171563121937,0.7593328467547914,0.9890148581085839,0.9239467167966737,0.8254908852840341,0.008155806386913928,0.0023361235068051172,0.6814352016870185,0.9971703863713768,DERMASON
10847,28107,629.312,241.5146029381682,148.6361471449981,1.6248712549213549,0.7881889121310588,28471,189.17437427905298,0.7254542638860211,0.9872150609392013,0.8918510570667587,0.7832833790488636,0.008592685200774476,0.0019951902253507793,0.6135328518942056,0.9969118949928156,DERMASON
10848,28108,617.1569999999999,226.9768014139636,157.90797855005502,1.4373991960261499,0.718331521524138,28391,189.17773950287057,0.713473449081125,0.9900320524109754,0.9273602795039353,0.833467289715857,0.008075167262486254,0.002403729149576322,0.6946677230262964,0.9985148265833146,DERMASON
10849,28108,614.608,225.9312351556711,158.56500678450095,1.4248492762512524,0.7123458355248378,28422,189.17773950287057,0.7815593371148927,0.9889522201111814,0.9350684225862589,0.8373244158671702,0.008037969089073256,0.0024372558141058597,0.7011121774072978,0.998979178549728,DERMASON
10850,28111,615.1279999999999,226.2189219904289,158.52127180712114,1.4270571981385443,0.7134140340744651,28391,189.18783481516502,0.7874229691876751,0.9901377196999049,0.9335877982190407,0.8363042010392454,0.008047345238178254,0.002428228262762201,0.6994047166758905,0.9980905353443785,DERMASON
10851,28113,612.787,222.71803658168625,161.19621844430873,1.3816579491201435,0.6900432476738128,28405,189.19456472409462,0.8110611043794357,0.9897201196972364,0.9408014322700365,0.8494802110681492,0.007922243680207955,0.00254472598532877,0.7216166289963875,0.9970273516701402,DERMASON
10852,28117,627.7409999999999,225.9123034510965,158.63150200934734,1.42413266337089,0.7119977220747598,28470,189.2080238238288,0.7693381125673789,0.9876009834913945,0.8966394752939657,0.8375286380309378,0.008034722888327222,0.0024386491895479908,0.7014542195219579,0.9989638658805546,DERMASON
10853,28122,628.351,236.6192561011446,152.04368796052833,1.5562583312407727,0.7662296356755061,28519,189.22484635227542,0.813526961351539,0.9860794558013956,0.8950585526076906,0.799701805635759,0.008414026601989354,0.002122735827161745,0.6395229779370935,0.9952629624345105,DERMASON
10854,28122,637.2669999999999,235.18534841711067,153.65541931235188,1.530602366448424,0.7570667380502946,28520,189.22484635227542,0.734140865660732,0.9860448807854137,0.8701882373757241,0.8045775284295242,0.008363037778860346,0.0021617995207623116,0.6473449992537619,0.9908277877663614,DERMASON
10855,28122,640.318,248.99211256553073,145.37238296156966,1.7127882716991285,0.8118663507989925,28556,189.22484635227542,0.7404618341715158,0.9848017929682028,0.8619154131028444,0.7599632149089641,0.008853997317599414,0.0018217527508566063,0.5775440880147685,0.9892107403408648,DERMASON
10856,28122,625.434,232.02996770552653,155.04005295774346,1.4965808078559342,0.7439908726431895,28491,189.22484635227542,0.7195455824783153,0.9870485416447299,0.903427059382749,0.8155189962032151,0.008250834496320551,0.0022511994042156537,0.6650712331682997,0.9953328434167563,DERMASON
10857,28123,621.919,234.31584243567713,153.20490055420765,1.529427855036337,0.7566334663385444,28501,189.22821067850052,0.7588505126821371,0.986737307462896,0.9137004965562522,0.8075775359937356,0.008331822438419697,0.002186032871835584,0.6521814766417133,0.9974645169145665,DERMASON
10858,28139,617.749,220.1561651405336,163.10825474403524,1.3497548942941195,0.6716426566060244,28459,189.2820317655713,0.803374635984697,0.9887557538915633,0.9266045349990059,0.8597625764636015,0.007823880206849342,0.0026370362769299544,0.7391916878873303,0.9977275985474553,DERMASON
10859,28154,633.8069999999999,241.42406071412344,149.1825990007049,1.6183124729780496,0.7862349758373769,28509,189.3324751395644,0.6679953496096994,0.9875477919253569,0.8807160431087236,0.7842320047949071,0.008575124696814785,0.002000775934572039,0.6150198373446393,0.9952942739037608,DERMASON
10860,28154,625.9219999999999,236.0887675492946,152.157334726225,1.551609509814867,0.7646110071923239,28525,189.3324751395644,0.7797164063365459,0.9869938650306749,0.9030453015099289,0.801954608450537,0.008385620783877765,0.0021395090662141105,0.643131194015054,0.9978884766923483,DERMASON
10861,28157,628.77,233.66739573600904,154.60318103846262,1.511400956736308,0.7498235959574318,28477,189.34256220170883,0.6860867446393762,0.9887628612564526,0.8949785364355032,0.8103080089770968,0.008298731957808326,0.0022069476213429783,0.6565990694124267,0.9923844617021113,DERMASON
10862,28159,624.4399999999999,237.95335977223746,151.32278139766913,1.5724886733802972,0.771742929050014,28528,189.34928661127154,0.758430295195001,0.9870653393157599,0.9074979689385828,0.7957411771471165,0.008450348370760235,0.002089977950431847,0.6332040210074783,0.9957061509731197,DERMASON
10863,28164,614.122,224.73913000611938,160.1381784756331,1.4034075580565946,0.7016199276924118,28514,189.36609659049617,0.7396008403361345,0.9877253279090973,0.9384148862344655,0.8426040297714953,0.007979659494607279,0.00248117987364375,0.7099815509871629,0.9963934747361278,DERMASON
10864,28179,619.4119999999999,220.77686249742402,162.9811889232571,1.3546156090527794,0.6745635302592283,28531,189.41651757724867,0.7463054187192119,0.9876625424976342,0.9229458290893603,0.8579545674966675,0.007834801181639662,0.0026185743256388148,0.7360860398883939,0.9971136392386651,DERMASON
10865,28182,620.635,223.30391218967776,161.3848342592768,1.3836734611067811,0.6911473533819509,28548,189.4266001640909,0.8008070015912707,0.9871794871794872,0.919409840313669,0.8482905575034845,0.007923636086497685,0.00253094562698428,0.7195968699495724,0.9956870916447312,DERMASON
10866,28182,620.7929999999999,228.78406650000176,157.27756712243246,1.454651611706997,0.7262318736023506,28529,189.4266001640909,0.799353301565691,0.9878369378527113,0.9189418960275134,0.8279711216868744,0.00811809192037477,0.0023533931521256776,0.6855361783474208,0.9972163067165308,DERMASON
10867,28184,626.725,233.66115763390798,153.9845763867994,1.5174322202696853,0.7521359133496235,28504,189.43332159051593,0.708585795097423,0.9887735054729161,0.9016924975323056,0.8107180650337843,0.008290560517808259,0.0022092408155058177,0.6572637809721232,0.997353238463377,DERMASON
10868,28185,618.982,223.96579234981152,160.59804912590818,1.39457355533767,0.6970062187761586,28524,189.436682214297,0.7970871040723982,0.9881152713504417,0.9244253860948874,0.8458286429671207,0.00794627611672207,0.0025088400054336093,0.715426093263601,0.9977143104639595,DERMASON
10869,28186,616.055,223.29071129386165,161.41020083263302,1.3833742238224014,0.6909838463268715,28485,189.44004277846142,0.7476789219587247,0.9895032473231525,0.9332636231080901,0.8484009105472772,0.007922043258847003,0.0025317538326947928,0.7197841050174492,0.9957307775982156,DERMASON
10870,28187,621.7850000000001,228.67423927631177,157.23536721373605,1.454343531792476,0.7260939970817234,28533,189.4434032830123,0.8066334706959707,0.9878736901132023,0.9161745800031523,0.8284422586581952,0.008112755499922367,0.002357203767031527,0.686316575930692,0.9981400729667615,DERMASON
10871,28192,625.4499999999999,233.69546935303467,154.23262963134908,1.515214192428799,0.7512895824493439,28568,189.46020491167454,0.7127831715210357,0.9868384206104732,0.9056294921745754,0.8107140691951729,0.008289424991239878,0.0022088946751615173,0.6572573019909955,0.9958855920542176,DERMASON
10872,28194,634.778,227.03708435747942,159.01182038540063,1.4278000453501154,0.7137719539179113,28708,189.46692514595568,0.7680614579928081,0.9820955831127212,0.8792711550044885,0.8345197247496011,0.00805267377305382,0.0024091635998398256,0.69642317099615,0.9943530351311741,DERMASON
10873,28195,621.125,226.7890086357119,158.77629464203355,1.4283555939317973,0.7140391472990615,28556,189.47028517371243,0.7112047220260317,0.9873581734136434,0.918383227214155,0.8354473892429944,0.00804358959516623,0.0024171638536958136,0.6979723401929356,0.996952696524247,DERMASON
10874,28196,624.6469999999999,233.90707445717572,153.88457831119473,1.5200163461744338,0.7531160762788148,28486,189.47364514188416,0.8189845474613686,0.9898195604858527,0.9080882345471959,0.8100381127060501,0.008295753811078724,0.0022032177943048506,0.6561617440363796,0.9973765766696218,DERMASON
10875,28206,625.882,241.58642345063643,148.8962568778738,1.6225150888029913,0.7874902669462971,28463,189.50724154712398,0.70515,0.9909707339352845,0.9048288559279907,0.7844283583503863,0.008565072092839694,0.0020004326232035356,0.6153278493842821,0.998378720186692,DERMASON
10876,28209,615.1029999999998,223.58586712221793,160.958705526221,1.3890883776136895,0.6940813248152505,28488,189.51731930732402,0.7799867278659515,0.9902064026958719,0.9369186079773782,0.847626559525468,0.007926047258754934,0.0025237983142477704,0.7184707844129815,0.9980194162830635,DERMASON
10877,28210,638.7379999999999,246.12712625605462,146.45304310784834,1.6805873134012386,0.8037034318715032,28625,189.52067844163852,0.7855969255618369,0.9855021834061135,0.8688952877985935,0.770011340580451,0.00872481837135961,0.00189201529650302,0.592917464622503,0.9964495689386063,DERMASON
10878,28213,626.697,230.6648877049926,156.2694239987125,1.4760717855265981,0.7355468816309311,28535,189.5307554873698,0.7583732057416268,0.9887156124058174,0.9027009539533065,0.8216714618905022,0.008175836944138964,0.0022988191053267128,0.6751439912852748,0.9965609967040098,DERMASON
10879,28222,621.1510000000001,233.88253479695584,154.03723090837386,1.518350683258364,0.7524850074374281,28482,189.56098341039424,0.7292318027957934,0.9908714275682887,0.9191857312621797,0.8104965322654846,0.00828724168368492,0.002205943635107244,0.6569046288143757,0.9974115919958895,DERMASON
10880,28228,614.78,228.5852965111095,157.53323748118632,1.451029002932849,0.7246033988342248,28468,189.58113268145692,0.8203429235687301,0.9915694815231136,0.9385350832720368,0.8293671359226864,0.008097821188575511,0.0023633891335266676,0.6878498461485998,0.9980900764245164,DERMASON
10881,28234,622.391,227.98502992858246,159.0121082000231,1.4337589288596662,0.7166165887235687,28560,189.60127981122008,0.720843545751634,0.9885854341736695,0.9159160437555169,0.8316391645127477,0.008074839906799691,0.0023826125069448013,0.6916236999514611,0.991621655216366,DERMASON
10882,28237,615.544,221.37979090264125,162.72260308429387,1.3604735095588514,0.6780256957693193,28558,189.61135257332774,0.7385504668741663,0.9887597170670215,0.9365052429212795,0.8564980199873587,0.00784006059080785,0.002602583278279863,0.7335888582422659,0.9980282085461262,DERMASON
10883,28240,648.293,247.9332860271377,145.29844815522955,1.7063725674637507,0.8102832160246957,28646,189.62142480036636,0.6691943127962086,0.9858269915520491,0.8443682446381402,0.7648082588620683,0.008779507295578531,0.0018529349927560374,0.5849316728236286,0.9981113603469215,DERMASON
10884,28249,626.2289999999999,223.0909265495078,161.60061470366523,1.3805079080831486,0.6894102864044179,28599,189.65163827192112,0.7229985667485668,0.9877618098534914,0.9052042654071418,0.8501091514801437,0.007897303499221487,0.002544235786382057,0.7226855694302897,0.9976731436560884,DERMASON
10885,28259,615.509,221.29869258103324,162.76235035439208,1.359643013873826,0.6775386443844501,28604,189.68520315161896,0.7615954723083143,0.9879387498251992,0.9373414844619727,0.8571456113874766,0.007831087178634531,0.0026074755511213475,0.7346985991208113,0.9989278175974975,DERMASON
10886,28260,621.209,224.62697354996388,160.4957296420229,1.399582244655246,0.6996365453745438,28581,189.68855931293191,0.7209183673469388,0.9887687624645743,0.9202515197172979,0.8444602903877855,0.007948583635879827,0.0024933683369311823,0.7131131820418232,0.9980605480153398,DERMASON
10887,28260,638.9889999999999,239.41931769711442,150.70093149065033,1.5887049623974507,0.7770462597655261,28747,189.68855931293191,0.6960248263632334,0.9830591018193203,0.8697516425193436,0.7922859405726981,0.008472021149933277,0.0020591813259219845,0.627717011629165,0.9972571313565527,DERMASON
10888,28262,628.251,228.4517449595802,158.1130470928643,1.4448633377193976,0.7217949358144385,28719,189.69527145742236,0.7861036938139742,0.9840871896653783,0.8998008083771718,0.8303515978439342,0.008083353795187185,0.0023703880725074577,0.6894837760419749,0.9962098299553814,DERMASON
10889,28264,631.7769999999999,241.22468419658563,149.8201765061075,1.610094780436679,0.783746025915216,28640,189.70198336441987,0.7201936552427061,0.9868715083798882,0.8898480763548785,0.7864119876298504,0.008534697289717862,0.0020135776631814927,0.6184438142879322,0.9957531573783502,DERMASON
10890,28268,644.92,251.76193265350622,144.98936350299456,1.7364165658145427,0.8175210797294545,28925,189.71540646603685,0.6708752610594266,0.977286084701815,0.8540695848610479,0.7535508028020166,0.008906252039532554,0.0017714336542742459,0.5678388124035637,0.9860047205700044,DERMASON
10891,28270,618.136,223.6029791179993,161.60645908610397,1.3836264984858282,0.6911217019854571,28622,189.72211766070674,0.825642523364486,0.9877017678708686,0.9297530197306725,0.8484775936754715,0.007909550021860605,0.002528675216652702,0.7199142269693184,0.9960924010716898,DERMASON
10892,28278,680.236,237.10943140196107,153.08917166602063,1.548832153323287,0.7636353702424514,29241,189.74896006571663,0.7120231650509883,0.9670667897814712,0.7679612902352136,0.8002590151888292,0.00838494346849003,0.00212130054202238,0.6404144913909949,0.9918945557205522,DERMASON
10893,28278,612.547,221.32126842093226,163.21949884824141,1.3559732138787708,0.6753714901095174,28550,189.74896006571663,0.7953982898289829,0.9904728546409808,0.9470648533293846,0.8573462524389294,0.007826623821378182,0.0026084303125709658,0.7350425965710765,0.9966980720102795,DERMASON
10894,28279,629.709,232.1746237994642,155.72365975403352,1.490939939160083,0.7417126081632399,28617,189.75231509935702,0.7200988006416948,0.9881888388021106,0.8961776548580836,0.817282750345927,0.008210142642931652,0.00225953876393592,0.6679510940130027,0.9958749634696572,DERMASON
10895,28279,643.246,245.81274630775596,146.85705398444384,1.6738232154227621,0.8019175952708585,28642,189.75231509935702,0.7490728968001695,0.9873263040290482,0.8588547530040403,0.77193846921912,0.008692412967493757,0.0019039294480168297,0.5958890002603581,0.9974128424508479,DERMASON
10896,28282,618.728,224.8899722020754,160.75958461048845,1.3989210829759937,0.6992915169778497,28614,189.7623798443724,0.7290490552419251,0.9883972880408192,0.928368597427471,0.8438009840379231,0.007951699745494499,0.002486565167509263,0.7120001006633674,0.9960319518990144,DERMASON
10897,28295,627.0699999999999,239.08708404759756,151.56286612842788,1.5774779809521773,0.7733959450263563,28623,189.80598757226133,0.7885569366256061,0.9885406840652622,0.9042479115527015,0.7938780479437135,0.008449799754288657,0.00207033847139637,0.6302423550069213,0.9941934376868634,DERMASON
10898,28302,646.61,237.80140651893967,151.924549451646,1.5652599094567416,0.7693134358675893,28765,189.82946450721124,0.7838152210036557,0.9839040500608378,0.8506328629507526,0.7982688886749385,0.008402282754538184,0.002104620855239124,0.6372332186263214,0.9974356100898639,DERMASON
10899,28310,623.756,232.3069842166165,155.46001434428192,1.4943198429285438,0.7430816375335736,28650,189.8562917352292,0.7224150250076554,0.9881326352530541,0.9143664047024436,0.8172646740495593,0.008205827771692565,0.0022581514646633884,0.6679215474493323,0.998088421873076,DERMASON
10900,28310,615.568,219.55935061963396,164.4053481411521,1.3354757196288332,0.662799585855069,28603,189.8562917352292,0.763607919296542,0.9897563192672097,0.9388531398989853,0.8647151269095229,0.007755540466959872,0.0026747552985572375,0.7477322507061521,0.9985782656014857,DERMASON
10901,28310,634.894,238.0722819666233,151.81709459891343,1.5681520094663122,0.7702903864039962,28692,189.8562917352292,0.7228946427659466,0.9866861843022445,0.882566193159942,0.7974733142678333,0.008409476579534557,0.002098038073173092,0.6359636869693223,0.9972877336685476,DERMASON
10902,28313,609.2679999999999,222.48843941928797,162.15048009813728,1.3721108891236877,0.6847222999627638,28531,189.86635096848167,0.7370106205747605,0.9923591882513757,0.9584710847893068,0.8533762539035624,0.007858172550393387,0.0025707718725420177,0.7282510307264776,0.9992411692753491,DERMASON
10903,28317,653.9939999999999,245.9034039619046,147.36903900004094,1.668623244274778,0.8005271734616196,28893,189.8797624505192,0.8039121053826936,0.9800643754542623,0.8319736600598104,0.7721721594384087,0.008683949710841707,0.001904380031796273,0.5962498438117753,0.9949163487795339,DERMASON
10904,28322,625.881,229.55511291032937,157.4856443091018,1.4576256389425228,0.7275570275288873,28703,189.89652547108196,0.733920704845815,0.9867261261889001,0.908552958492079,0.8272371852822151,0.00810518723643561,0.002341332035972058,0.684321360713642,0.997484360652239,DERMASON
10905,28331,622.193,234.19201112931208,154.65315201913555,1.5143048044719776,0.7509412358688344,28593,189.92669517972428,0.7473620343990715,0.9908369181268143,0.9196477795534606,0.8109870796354955,0.008266281145364162,0.002205696102148699,0.6577000433357095,0.9959583355246928,DERMASON
10906,28332,629.269,239.29036541669637,151.50772115776502,1.5793938657919835,0.7740256109705618,28668,189.9300470737493,0.7998870694522868,0.9882796149016325,0.899113300810749,0.7937220821365214,0.00844593976481351,0.002067766973265825,0.629994743671135,0.9950098336353834,DERMASON
10907,28332,625.573,233.95352302186444,154.45771803402548,1.514676806052041,0.7510838286994918,28659,189.9300470737493,0.7794651700231099,0.9885899717366272,0.9097689383434492,0.8118281127828929,0.008257571757089667,0.0022125264168746652,0.6590648847046336,0.998270294545471,DERMASON
10908,28334,624.311,231.78477517721203,155.970125762332,1.4860844283116545,0.7397250187142933,28679,189.93675068434254,0.7187721968543886,0.9879702918511803,0.9135152033055971,0.819453091943272,0.008180446642804123,0.0022753759949410463,0.6715033698953886,0.9979107015603381,DERMASON
10909,28336,623.075,234.73993091596572,154.23908927460025,1.5219224388575416,0.7538350512292408,28619,189.94345405834753,0.81229216832932,0.9901114644117545,0.9172078342434535,0.809165502082154,0.008284159052652658,0.002190673357811263,0.6547488097598642,0.9964769053888051,DERMASON
10910,28343,640.2059999999999,239.70498134771293,151.77972541027,1.5792951311499313,0.7739932297887804,28875,189.96691400459375,0.6740629756468798,0.9815757575757575,0.8689928452460138,0.7925029882004422,0.00845729038378834,0.002057854377382649,0.6280609863066302,0.9918936577392848,DERMASON
10911,28348,621.5949999999999,232.39914639789413,155.61352341532512,1.4934379821066825,0.7427255789447718,28636,189.98366933542576,0.766991341991342,0.9899427294314849,0.9219710052145009,0.8174886710218454,0.008198079102507907,0.0022584934658229235,0.668287727249063,0.9980462748495015,DERMASON
10912,28351,616.2979999999999,228.5883754820436,158.10654502521493,1.4457869245424861,0.7222186176845236,28625,189.9937218246608,0.7197512058898198,0.9904279475982533,0.9379868054975902,0.8311609084407946,0.008062797625552665,0.0023735913919555557,0.690828455720127,0.9987907483820374,DERMASON
10913,28352,622.5169999999999,224.68584241870954,161.79256118146856,1.3887278919251367,0.6938874516160299,28659,189.9970725362139,0.7080919080919081,0.989287832792491,0.919371702754534,0.8456121244263715,0.007924867466799856,0.0024995197678076087,0.7150598649768812,0.9930235788896172,DERMASON
10914,28352,636.2349999999999,238.15209808119602,152.00146724825953,1.5667749949559973,0.7698260606106393,28795,189.9970725362139,0.7048878723086868,0.9846153846153847,0.8801535628259141,0.7977971811587229,0.008399834159184397,0.0020990387902563136,0.6364803422648044,0.9972214850415304,DERMASON
10915,28354,628.1039999999999,231.70054739912922,156.44800296460727,1.4810067435091907,0.7376197199235265,28720,190.00377378205098,0.7753349740224228,0.9872562674094707,0.9031524839774832,0.8200402455448194,0.008171705840415081,0.002279466193167909,0.6724660043132076,0.9959266871685409,DERMASON
10916,28361,619.577,230.0013733999956,157.33320093187518,1.4618743662349152,0.7294320175092336,28686,190.02722628148302,0.7942477876106194,0.9886704315694067,0.9284121790586303,0.8262003981646079,0.008109776573463404,0.0023309354770758004,0.6826070979273566,0.9978858186700091,DERMASON
10917,28375,622.447,230.10610030613734,157.25800632024408,1.4632393331856415,0.7300299075001156,28681,190.0741225992119,0.7763975155279503,0.9893309159373801,0.920324488207879,0.8260281772031851,0.008109466090084136,0.002328903390807122,0.6823225495336167,0.9984011923970961,DERMASON
10918,28376,620.275,231.06593026217976,156.82542819951598,1.4733958192558783,0.7344117000306732,28702,190.0774718934492,0.7180888753922462,0.9886419064873528,0.926813785020997,0.8226114151825721,0.008143005718289392,0.0023000825851240505,0.6766895403886741,0.9970315397428542,DERMASON
10919,28376,620.971,234.12146374933502,154.5691657995571,1.5146711993835826,0.751081680574386,28687,190.0774718934492,0.7368093061902784,0.9891588524418726,0.9247373566748983,0.8118754634857313,0.008250685922939633,0.002211197238733671,0.659141768210171,0.9983830526187153,DERMASON
10920,28377,623.184,227.5483210710325,159.68513774724428,1.424981211659188,0.7124098508365929,28765,190.08082112867072,0.7785185185185185,0.9865113853641578,0.9182136725089186,0.8353426658302359,0.008018758891744459,0.0024084940277145734,0.6977973693563652,0.9943481408780271,DERMASON
10921,28379,630.568,242.7688596243102,149.04517823620486,1.628827329385814,0.7893537692311302,28697,190.08751942207877,0.7844703670942061,0.9889187023033766,0.8968980858703836,0.7829979500511025,0.008554524811456014,0.0019834358247048825,0.613085789784229,0.9986108896586383,DERMASON
10922,28392,625.919,228.42093216293932,158.98343601586373,1.4367593120842284,0.718031311678156,28796,190.13105257721773,0.7850467289719626,0.9859702736491179,0.9106879298354646,0.8323714064943561,0.008045256838649597,0.00238225522301859,0.6928421583493929,0.9954474228130258,DERMASON
10923,28394,634.531,235.56977529796572,153.8958653484119,1.5307089294741514,0.7571059870529991,28791,190.13774910104044,0.7028217821782178,0.9862109687054983,0.8861979748152045,0.8071398330305339,0.008296463171725214,0.002172040280368717,0.6514747100645583,0.997218156022403,DERMASON
10924,28405,630.146,242.922646831011,149.7852436189003,1.6218062671719577,0.7872793709390229,28776,190.17457576711536,0.7571436187226783,0.987107311648596,0.8989225808552898,0.782860627644199,0.00855210867210037,0.001981484959932174,0.6128707623154691,0.9939576432896832,DERMASON
10925,28410,643.165,245.53521127184675,147.99020128481988,1.6591315447925712,0.7979490072753757,28845,190.19131280351888,0.7265055619485999,0.984919396775871,0.8630506663131481,0.7745989335637351,0.008642562874757013,0.0019192426645387626,0.6000035078780759,0.9954847469067135,DERMASON
10926,28412,623.016,227.30898755216015,159.4720663932067,1.425384349078976,0.7126053081573807,28735,190.1980072056893,0.8095048150891788,0.9887593527057595,0.9198420723216751,0.8367377341911961,0.008000457115027459,0.002419089760565581,0.700130035819417,0.9979543953770997,DERMASON
10927,28416,621.978,227.61146759546537,159.1193480815917,1.430444948019476,0.715040355817808,28792,190.21139530321094,0.7448492791612058,0.9869408168935816,0.9230447597209,0.835684587040554,0.008009975633286365,0.0024097973750563384,0.6983687290171415,0.9989780202773526,DERMASON
10928,28429,751.6519999999999,224.45103619891935,162.69079126600013,1.3796173369883054,0.6889186438929867,29263,190.2549001137052,0.7415938437459241,0.9714998462221919,0.6323213019356905,0.8476454523698082,0.007895143557596797,0.002514182154034145,0.7185028129232169,0.9912589373837349,DERMASON
10929,28443,633.0409999999999,239.45865519139883,151.6301450705681,1.579228556959803,0.7739713918105237,28840,190.301740325469,0.7627923192447973,0.9862343966712899,0.8919111389265447,0.7947164831998292,0.008418895868628444,0.0020714944965075366,0.6315742886695043,0.9974001525084556,DERMASON
10930,28446,631.0469999999999,240.32446366982518,151.37970543530986,1.5875606507407607,0.7766785205998602,28754,190.31177601382538,0.7661190412065715,0.9892884468247896,0.8976512848441714,0.791895145037291,0.008448444901561738,0.002049402494001669,0.627097920733632,0.9955559831180629,DERMASON
10931,28461,647.686,222.08292336534328,163.43885342342787,1.3588135177991232,0.6770509368231327,29044,190.36194651953804,0.7497234076181445,0.9799270072992701,0.8525718711959213,0.8571660694792737,0.007803061149128396,0.0025983919284891014,0.734733670666547,0.9983660436838733,DERMASON
10932,28461,633.8539999999999,239.98761635991036,151.94617168789318,1.5794252246964124,0.7740358939363491,28896,190.36194651953804,0.7112760533813165,0.9849460132890365,0.8901876168863663,0.7932157059056393,0.008432156858856342,0.0020591294914239573,0.6291911560953817,0.9937603830929437,DERMASON
10933,28470,624.257,232.21001879221998,157.01967241466926,1.478859401635882,0.7367210348092078,28802,190.39204247712163,0.8168359442244792,0.9884730227067565,0.9180587818778683,0.8199131263474174,0.00815630554240323,0.002273759917312292,0.6722575347567961,0.9941743755956485,DERMASON
10934,28472,627.578,219.74887283946592,165.95366679146625,1.3241579839003952,0.6554980148119511,28848,190.39872982165494,0.694540664487486,0.9869661674986134,0.9084319860269444,0.866437799481901,0.0077180694310011915,0.002683107088526687,0.750714460371039,0.994064546329788,DERMASON
10935,28487,628.227,216.4493219842383,168.47470240403732,1.284758595181536,0.6278227500437298,28868,190.44887742087266,0.7623367587240419,0.9868019952889012,0.9070336189691847,0.8798774497188816,0.007598178888062566,0.0028091700293113534,0.7741843265238032,0.9946399677562846,DERMASON
10936,28488,626.458,223.09233982084308,162.91722432204818,1.369360058454244,0.6831606458966136,28869,190.45222012466883,0.780236634531113,0.9868024524576535,0.9121954578627686,0.8536923333074264,0.00783109870193917,0.002565712472064497,0.7287905999478783,0.9979767385455303,DERMASON
10937,28492,640.735,246.98273358853876,147.39682071954473,1.6756313493252233,0.8023974821624634,28924,190.4655903532033,0.6751658767772512,0.9850643064583046,0.8721193128762496,0.7711696586471091,0.00866849408916674,0.001891137717751383,0.5947026424178987,0.9965023911619794,DERMASON
10938,28507,623.6039999999999,234.70206199210483,155.3213172154152,1.5110743727893863,0.7496973917064953,28821,190.51572035337472,0.819072520399954,0.9891051663717428,0.9211780803768647,0.8117343270711592,0.008233137895678424,0.0022049604312136847,0.6589126177456679,0.9956659705830477,DERMASON
10939,28515,622.3729999999999,235.48689239185015,154.40336163508627,1.525140967775009,0.7550414203329746,28829,190.54245096073254,0.7570086014654348,0.9891081896701238,0.9250852418529188,0.8091424920741234,0.008258351477883575,0.0021836003751968605,0.6547115724799227,0.9985274412655272,DERMASON
10940,28517,616.404,218.17492011517177,166.62845175448018,1.3093497408032277,0.6455264867349295,28844,190.54913302666228,0.7649820269327754,0.9886631535154625,0.9431544171394184,0.8733778058728007,0.007650696781399578,0.0027459293479594428,0.7627887917911874,0.9987573068193986,DERMASON
10941,28520,625.5,232.36790283778834,156.5454285911271,1.4843480574875045,0.7390081925069606,28824,190.55915568622473,0.7345971563981043,0.9894532334165973,0.9160195806175806,0.8200752055642146,0.008147542175238021,0.002273113419760835,0.672523342781189,0.998258717472261,DERMASON
10942,28523,645.3109999999999,237.7351598203739,153.422423045818,1.5495463772552778,0.7638868849910246,28942,190.56917781866258,0.8088418784029038,0.9855227696772856,0.8607299790214983,0.801602833853652,0.008334858178325348,0.0021228287104329137,0.6425671032422058,0.995687526972378,DERMASON
10943,28526,613.9399999999999,217.00020912359574,167.93808058189612,1.2921441543913212,0.6332987004012629,28824,190.57919942405897,0.7469103477167993,0.989661393283375,0.951040216247913,0.878244312269357,0.007607102612479694,0.0027916464810156024,0.771313072033476,0.9966476772336681,DERMASON
10944,28532,626.691,230.3359944723429,157.9116791992691,1.4586381174610992,0.7280057672953276,28861,190.59924105405997,0.7204868563925153,0.9886005335920446,0.9129251337608563,0.8274835267960943,0.008072900409096554,0.002334784409792949,0.6847289871189026,0.9987718007421612,DERMASON
10945,28532,614.6490000000001,217.43298008807747,167.72761214788395,1.2963457674242018,0.6363516157498733,28884,190.59924105405997,0.7957385095939313,0.9878133222545353,0.9490469998191243,0.8765884594731318,0.007620670828826492,0.002775594131780505,0.7684073272814785,0.9961215863790881,DERMASON
10946,28533,626.862,235.3354437845995,154.76479337051822,1.5206006395859637,0.7533368311483396,28885,190.60258112084523,0.7837013843111404,0.9878137441578674,0.9124591119883977,0.8099187188110182,0.008247833869014808,0.002189199868036258,0.6559683310804815,0.9974658637891172,DERMASON
10947,28540,632.379,235.400374629737,154.6179543539088,1.5224646815008518,0.7540389661444815,28885,190.6259599496919,0.7870715093350983,0.9880560844729098,0.8968275764129215,0.8097946328655121,0.008248086006648107,0.0021879254486661553,0.6557673474177897,0.9983826257250836,DERMASON
10948,28546,624.319,234.52659349306467,155.29547180330613,1.5101959559394684,0.7493574265228637,28864,190.64599666400014,0.7137213721372138,0.9889828159645233,0.9203266991321675,0.8128971381219412,0.00821574278333443,0.002212936617202825,0.6608017571668424,0.99794014135106,DERMASON
10949,28546,612.1139999999999,220.0364105406044,165.51301551055073,1.3294205888392991,0.6589264242940421,28776,190.64599666400014,0.7356458097103391,0.9920072282457604,0.9573935565591822,0.8664293159282349,0.007708134608722918,0.0026795484025826806,0.7506997594998692,0.9979957163158365,DERMASON
10950,28547,632.851,224.46805765259361,163.45349366167704,1.3732839392054055,0.6853843150673693,28958,190.64933591165402,0.7250031746031746,0.9858070308722978,0.8957099480964138,0.849338377608807,0.007863104972592343,0.002524043464645056,0.7213756796791604,0.9906536350367742,DERMASON
10951,28549,630.8779999999999,232.67470359711308,156.7858937182461,1.4840283017759484,0.7388758372928468,28900,190.65601423150585,0.7008641429763833,0.9878546712802768,0.9013843193795597,0.8194101519589146,0.008150012385621672,0.002266435648741945,0.6714329971333316,0.9964255704921132,DERMASON
10952,28550,657.63,236.06479903280314,154.26762784730968,1.5302290073874365,0.7569291426915613,29076,190.65935330370993,0.7333675828409967,0.9819094786077865,0.8295694363083901,0.807656855595892,0.008268469318136712,0.002170263254289196,0.6523095963910436,0.9981830661947659,DERMASON
10953,28552,619.107,227.1033320129584,160.18971858838563,1.4177147822858105,0.7088487657408469,28868,190.6660312726899,0.7513684210526316,0.9890536233892199,0.9360843189118017,0.8395562917668271,0.007954025357696777,0.002437620067448858,0.7048547670452658,0.9992830226046947,DERMASON
10954,28555,634.8989999999999,231.41314961223472,157.65920559067126,1.4678061375816516,0.7320146593833764,28992,190.6760477876353,0.7931944444444444,0.9849268763796909,0.8901900638395094,0.823963755331708,0.00810412010548887,0.002304188817839133,0.6789162701003305,0.9965174681573075,DERMASON
10955,28562,625.547,236.0184003764401,154.73838614758486,1.5252737620730565,0.7550909890542481,28874,190.69941760982312,0.7919809228039042,0.9891944309759645,0.9172307111549199,0.8079853829433002,0.008263370925580845,0.002172456189347056,0.6528403790500317,0.995760300986842,DERMASON
10956,28572,629.6659999999999,233.19504395178234,156.42850626119912,1.4907451942448458,0.7416333656362415,28913,190.73279810293002,0.753600253204621,0.9882059973022516,0.9055866648069079,0.8179110279134739,0.008161663305046281,0.0022531115445283156,0.6689784495824755,0.9972764087684431,DERMASON
10957,28572,610.1939999999998,211.57430103828838,172.6720026139013,1.2252959242696313,0.5778692231680376,28796,190.73279810293002,0.7465510033444817,0.9922211418252536,0.9643054906673955,0.9014932209012158,0.0074049524372913475,0.003016837355693593,0.812690027330848,0.9957857781830636,DERMASON
10958,28581,627.3679999999999,236.72316053016354,153.96002033346934,1.5375625439476661,0.7596089744890422,28927,190.76283555261932,0.7846749396002636,0.9880388564317074,0.9125203492015523,0.8058477891448738,0.008282535969006107,0.002154543011235594,0.649390659269681,0.9984787540825428,DERMASON
10959,28583,635.193,243.61483407529047,149.72055378179803,1.6271301963679181,0.7888553034234257,28947,190.76950989915855,0.7066953468822628,0.9874252945037483,0.8902382833507604,0.7830783811801879,0.00852306735035827,0.0019769542560641707,0.6132117510717837,0.9977753569365465,DERMASON
10960,28584,625.161,232.767486126767,156.57270791142332,1.4866415049706414,0.7399543180259113,28869,190.77284698486284,0.7526264514600174,0.9901278187675361,0.9190711059392774,0.8195854591176297,0.008143278971689302,0.0022665017275008393,0.6717203247970559,0.9986073145756631,DERMASON
10961,28587,627.475,227.42440374459767,160.5624756647974,1.4164231262813012,0.7082081216750375,28936,190.7828578917511,0.7836348684210527,0.9879388996405861,0.9124006609499469,0.838884722793444,0.007955518373547335,0.002430286012845977,0.7037275781362333,0.9967760162740924,DERMASON
10962,28591,618.247,214.6012527821702,170.5188635427029,1.2585191357930192,0.6071533723943268,28989,190.79620495052578,0.7494364351245085,0.9862706543861465,0.9399725568085383,0.8890731180595315,0.0075059023042975135,0.0028928944396962916,0.7904510092560977,0.9947977210557037,DERMASON
10963,28597,622.2139999999999,222.42683763357442,164.01937545657208,1.3561009912055608,0.6754473604382599,28969,190.81622378820794,0.802384960718294,0.9871586868721737,0.9282197015488166,0.8578830945866265,0.007777978026841082,0.002598716557594187,0.7359634039775266,0.9980407016249424,DERMASON
10964,28597,629.7009999999999,239.24236814824417,152.98644075562842,1.5638141979549411,0.7688225737484282,28960,190.81622378820794,0.7348580238982397,0.9874654696132596,0.9062782834899636,0.7975854162669488,0.008365995319377702,0.002088363997039725,0.6361424962417219,0.9948086675453026,DERMASON
10965,28599,635.3849999999999,240.48013267864965,152.13309139520703,1.580722053783402,0.7744604848614622,29024,190.82289626740527,0.6976897367714864,0.9853569459757442,0.8901983725120332,0.7935079465479143,0.008408690257654101,0.002056426724651023,0.6296548612346877,0.9953093254255987,DERMASON
10966,28607,628.468,241.15129945571513,151.3781875309189,1.5930386232591147,0.7784302006546416,28909,190.84958385136395,0.7739989177489177,0.9895534262686361,0.9101560099675847,0.791410140779322,0.00842980037947758,0.0020398747233545903,0.6263300109283464,0.9977678983151592,DERMASON
10967,28608,636.556,231.66835356868972,157.4549413730461,1.4713311093858616,0.7335303763472174,28983,190.85291953696577,0.743605739238927,0.9870613808094401,0.8872053031119173,0.8238195532406969,0.008098026900471537,0.002300844988041752,0.6786786563017015,0.9985610202928884,DERMASON
10968,28608,637.89,235.02192352980555,155.70433800503534,1.5094115330441542,0.7490532063737863,29052,190.85291953696577,0.6947905282331512,0.9847170590665014,0.8834984121676974,0.8120643243427533,0.00821525180123761,0.0022037502159643215,0.6594484668702525,0.995379121342245,DERMASON
10969,28612,618.909,229.7743407156399,158.67765287591368,1.4480573448822311,0.7232556468101251,28897,190.86626169641002,0.759200785416722,0.9901373845035817,0.9386517283112786,0.8306683030922889,0.008030698333413949,0.0023585420866993625,0.6900098297622227,0.9991738020281246,DERMASON
10970,28615,628.078,226.9721739459612,161.185797410302,1.4081400321406639,0.7040437063744422,29028,190.87626770396753,0.8157999771923823,0.9857723577235772,0.9115415120421149,0.8409677027167762,0.007931929895018739,0.0024472362562105343,0.7072266770127322,0.9958741956994438,DERMASON
10971,28625,620.4340000000001,231.04040625688074,157.94986264829993,1.4627452179007483,0.7298137223441155,28895,190.90961727488752,0.7208330185590894,0.9906558228067139,0.934467455301078,0.8263040234729588,0.008071280567925965,0.0023210349319805986,0.6827783392076001,0.9987307505621319,DERMASON
10972,28628,626.577,231.0964605855163,158.5905524131483,1.4571893285514324,0.7273632767840721,28931,190.91962101019956,0.7053663824964274,0.9895268051570979,0.9163301460466333,0.8261468848396774,0.008072392782783159,0.002319589459443567,0.6825186753303032,0.9945589302283775,DERMASON
10973,28640,621.6969999999999,223.64818139668694,163.2321504825332,1.3701233533685424,0.6835952716243433,28927,190.95963071082605,0.7394020756957712,0.990078473398555,0.931162192630788,0.8538394075832841,0.0078089448811692365,0.0025602177281409204,0.7290417339421738,0.9988771052544677,DERMASON
10974,28641,624.687,234.93921784890725,155.72097568638011,1.5087191485498497,0.748784183892939,28914,190.9629644741613,0.8157040328092959,0.9905582070969081,0.9223019034331753,0.8128185929220736,0.008202898566701835,0.0022086231579645918,0.6606740649998196,0.9967716128154958,DERMASON
10975,28644,636.2339999999999,243.6983396846251,150.0021091892185,1.6246327535115825,0.7881183585880094,28987,190.97296541498747,0.7475337961271465,0.9881671093938662,0.8892211450598434,0.7836449179839691,0.008507831995692819,0.0019791374374325483,0.6140993574821015,0.9976859300758405,DERMASON
10976,28653,629.4849999999999,240.84276651162483,151.9037479139267,1.5854958802471002,0.7760125214730699,28962,191.00296509556236,0.793953836349026,0.9893308473171742,0.9086762818060735,0.7930608332650222,0.008405499127896725,0.0020510170853551527,0.6289454852590113,0.9971904757781758,DERMASON
10977,28654,636.0619999999999,236.73894838449618,154.5394214230886,1.5319000563381606,0.7575440042782137,29012,191.00629810255302,0.6905410290396433,0.987660278505446,0.8900127323842811,0.8068224489716532,0.008261986053761994,0.0021596139008153545,0.6509624641646161,0.9972094355278032,DERMASON
10978,28657,632.81,243.09254974699627,150.41286586940498,1.6161685926392748,0.7855900602641759,28973,191.01629677458297,0.7874749251188481,0.9890932937562559,0.8992779001616306,0.7857760222326321,0.00848283315584312,0.001994875410308808,0.6174439571157381,0.9978935312053671,DERMASON
10979,28671,624.7500000000001,236.58795644784823,154.51298157782588,1.5311849789700835,0.7572811994256552,28969,191.06295032554544,0.727247362012987,0.9897131416341607,0.923081772148422,0.8075768234113895,0.008251820879908207,0.0021650351002987784,0.6521803257112306,0.9986087183088529,DERMASON
10980,28671,627.304,234.45427165661218,156.142037094412,1.5015448499294801,0.7459689067658548,29059,191.06295032554544,0.7420031055900621,0.9866478543652569,0.9155806193097497,0.8149262923448937,0.008177401264574384,0.002224684307081846,0.6641048619549952,0.9971832352816513,DERMASON
10981,28679,632.3059999999999,245.10668471542985,149.2065897278651,1.642733643081549,0.7933686982803562,28944,191.08960438354498,0.7777777777777778,0.9908443891652847,0.9014035460468828,0.779618085917979,0.00854655618101851,0.0019475944873438254,0.6078043598904133,0.9984606704036275,DERMASON
10982,28687,633.4709999999999,241.87852389715005,151.34855351625492,1.5981555044804057,0.7800466701664929,29030,191.11625472423222,0.7378343621399177,0.9881846365828453,0.8983416215393405,0.7901332108571052,0.008431642343122322,0.0020271841627023134,0.6243104908993586,0.9977452475356743,DERMASON
10983,28692,628.3109999999999,224.05457276775152,163.97670767875948,1.3663804813467062,0.6814544033506824,29037,191.13290930015503,0.7614245528368982,0.9881186072941419,0.9133166184380427,0.8530640858567875,0.007808956251490015,0.002550934963693837,0.7277183345786765,0.9943401282864355,DERMASON
10984,28695,645.1129999999999,247.8314899707195,147.64423920976614,1.678572027579159,0.8031740337822498,29049,191.14290134916203,0.794611209570226,0.9878136941030672,0.8664519944908937,0.771261559101085,0.008636748212954156,0.0018851102959874476,0.5948443925470365,0.9984891580917722,DERMASON
10985,28696,622.245,227.220192980827,161.41398682749949,1.4076858978996258,0.7038125379407323,29034,191.14623191609147,0.7115298785023556,0.9883584762692016,0.9313403018701863,0.841237873309176,0.007918183474380645,0.0024461359513990137,0.7076811594897453,0.9961927884229708,DERMASON
10986,28705,646.974,249.696161136328,146.60783220484018,1.7031570372546876,0.8094818370806869,29097,191.17620440740745,0.7817265795206971,0.9865278207375331,0.861774738364244,0.7656353367124051,0.008698699220913708,0.0018438345760158864,0.5861974688227182,0.9983863442462979,DERMASON
10987,28705,630.683,239.05955518124725,153.24056280856828,1.560027911669093,0.7675290426906316,29031,191.17620440740745,0.8143262411347518,0.9887706245048397,0.9068702721626505,0.7997011634296057,0.008328150328557648,0.002101063750505725,0.6395219507906651,0.9976720933585058,DERMASON
10988,28707,618.4619999999999,222.23007220113303,164.99023347772666,1.346928648544119,0.6699238433293457,29016,191.18286432291026,0.7602892102335929,0.9893507030603805,0.9431301578864311,0.8602924997021871,0.007741319963811371,0.002615648172637674,0.7401031850438377,0.9968661828142944,DERMASON
10989,28708,631.768,227.62663605010775,161.24547471743261,1.4116776700183482,0.7058342714121303,29132,191.18619419366308,0.754718965245281,0.9854455581491144,0.9038524772655637,0.8399113456633301,0.007929031491225712,0.0024340735479779704,0.705451068573986,0.9958695207964784,DERMASON
10990,28723,620.3129999999999,226.58845635058634,161.8852938868091,1.399685239531504,0.6996902341205088,29059,191.23613529724992,0.7849100945510193,0.9884373171822843,0.9380325236083962,0.8439800437201533,0.007888746173818415,0.002468973655432704,0.712302314197872,0.9969990352668932,DERMASON
10991,28735,626.7959999999999,237.55355973458802,154.26567203079415,1.5398990365605651,0.7604527865762276,29049,191.27607879179484,0.7973970473970474,0.9891906778202347,0.9191124160661182,0.805191380863761,0.008267045753770247,0.0021435152289827966,0.64833315981729,0.9983676081729117,DERMASON
10992,28736,646.635,246.11596634695476,148.9879431165776,1.6519186801201626,0.795954330169938,29138,191.27940703983174,0.8002450639115543,0.9862035829500996,0.8636102010559182,0.7771921906528454,0.008564726000381221,0.0019275557543639052,0.6040277012117689,0.997804642941761,DERMASON
10993,28736,652.79,245.15655969882235,150.39312834870776,1.6301047952828813,0.7897277411019962,29209,191.27940703983174,0.7119567910410782,0.9838063610531,0.8474014313027427,0.7802336893404798,0.00853133907637884,0.0019502745804904956,0.6087646099818563,0.9923501099299371,DERMASON
10994,28740,622.001,227.66613326517265,161.13264430933467,1.412911295790009,0.7064544465010069,29052,191.292719452907,0.7863846553752702,0.9892606361007849,0.9335003003002853,0.8402335328026151,0.007921577357869612,0.0024355187056068735,0.7059923896459632,0.9975046220725627,DERMASON
10995,28746,634.322,239.17220470395105,154.15141877274453,1.5515407292912897,0.7645869240389592,29087,191.3126863356348,0.7622103197751499,0.9882765496613607,0.8977754740828607,0.799895149072372,0.008320190798857268,0.0021010931193666724,0.6398322495095122,0.9927257950280751,DERMASON
10996,28746,636.721,232.41757415722236,158.20277165956986,1.4691118980984248,0.7325777670287962,29172,191.3126863356348,0.7720777825526429,0.9853969559851913,0.8910230473504193,0.8231420839381899,0.00808521443530308,0.0022896575338457606,0.6775628903501061,0.995415703923299,DERMASON
10997,28749,626.105,229.66988954733645,159.96595528672182,1.4357423061405648,0.7175530847715897,29085,191.32266899557717,0.7151848350664212,0.9884476534296028,0.9215910805158406,0.8330333130418662,0.007988795768455823,0.0023730700501256845,0.693944500637508,0.9963254776788584,DERMASON
10998,28752,638.213,243.6536926445086,150.4666239083418,1.619320526477238,0.786537148374759,29057,191.3326511346806,0.6844247661215453,0.9895033898888391,0.8870469996601743,0.7852647298632796,0.008474321530485135,0.00198769189513335,0.6166406959672496,0.9985389364409771,DERMASON
10999,28753,622.095,226.5597708047845,162.06003690726945,1.3979990078270914,0.6988092275391233,29065,191.33597839865382,0.7364255711504969,0.9892654395320832,0.9336403372419382,0.8445275951639212,0.007879517643542744,0.0024724913127749473,0.7132268589933562,0.9970904412283449,DERMASON
11000,28754,618.817,222.80328945747155,164.9958869084646,1.3503566278659842,0.6720066497717493,29033,191.33930560476819,0.7790933969165741,0.9903902455826129,0.9435907185152367,0.8587813315982968,0.007748601566998385,0.002599761290891438,0.7375053755017437,0.9958952718955713,DERMASON
11001,28771,635.01,233.35974829561883,157.2593398055723,1.4839166219579285,0.7388295843571998,29223,191.39585925922057,0.7352670585228724,0.9845327310679944,0.8966102347475613,0.8201751187045393,0.00811093630028914,0.0022640036046630203,0.672687225342005,0.9982117550637599,DERMASON
11002,28771,636.7,241.94345103550998,151.77820791467866,1.5940592154805073,0.7787541268828919,29121,191.39585925922057,0.6851869492736365,0.987981181964905,0.8918567863547036,0.7910768340289956,0.00840928195180946,0.0020314837086044314,0.6258025573373391,0.9975663335948539,DERMASON
11003,28772,630.362,229.99078548558506,159.60936655640026,1.4409604551892918,0.7199927635311949,29127,191.3991854243902,0.7674579887970125,0.9878119957427816,0.9099129920981309,0.832203712076049,0.007993562681968061,0.002365041371264283,0.6925630183931556,0.9979559222310714,DERMASON
11004,28773,637.8169999999999,240.12352586527606,153.51161581287707,1.56420427596811,0.768955181821907,29125,191.4025115317582,0.678176632804582,0.9879141630901288,0.8887975089934919,0.7971002043304439,0.008345446281766797,0.0020781697100899195,0.6353687357436357,0.9938464932666471,DERMASON
11005,28784,637.509,242.4056074243886,151.486841117061,1.600175999690101,0.7806797827349726,29094,191.43909489876125,0.7089655172413794,0.9893448821062762,0.8899966449337924,0.7897469738131991,0.008421540002236957,0.0020207991956386648,0.623700282647106,0.9980302232918314,DERMASON
11006,28787,625.698,235.60151098649533,156.11497076442248,1.5091538616243156,0.7489531439961091,29142,191.4490709674276,0.7697058823529411,0.9878182691647793,0.9240101423230549,0.8125969573191806,0.008184302323496555,0.0022012136315694222,0.6603138150443902,0.9965151438581257,DERMASON
11007,28788,638.5029999999999,243.25290084515615,151.16217693053122,1.609218031815899,0.7834777543818195,29118,191.4523962081328,0.6821800947867298,0.988666804038739,0.8873510627363944,0.7870508246477306,0.008449802030191612,0.0020000341442282226,0.6194490005786729,0.9968285015215377,DERMASON
11008,28804,625.63,230.49196209578264,159.7314892532071,1.4429963883352126,0.7209352505388649,29128,191.50559220699438,0.7881358251019236,0.9888766822301566,0.9247568029636931,0.8308558375125151,0.008002081728085773,0.0023522606716310053,0.6903214227286228,0.9961313197878285,DERMASON
11009,28809,635.9209999999999,239.7660724009233,153.53962989880915,1.5615907929369244,0.7680643835343061,29166,191.52221292653053,0.7111226303317536,0.9877597202221765,0.8952239940832492,0.7987877976592029,0.0083226100316194,0.0020900900417643977,0.6380619456892399,0.9963916597117368,DERMASON
11010,28810,620.4449999999999,223.55492784993208,164.52624725553008,1.3587797180028243,0.6770310376170259,29134,191.52553689735487,0.803491744756805,0.9888789730212123,0.9404734596965931,0.8567269741686129,0.007759629567856025,0.0025786388157328644,0.7339811082681069,0.9973186433119386,DERMASON
11011,28814,619.554,228.3790910520397,160.7908761704204,1.4203485700891594,0.7101478995371961,29079,191.5388322038092,0.7671867511582087,0.9908868943223632,0.9433114052600904,0.8386881273652329,0.007925976645104454,0.002418992553411692,0.7033977749834012,0.9990700239015701,DERMASON
11012,28814,628.4429999999999,236.44230249451635,155.5729144788987,1.5198166293052668,0.753040546983237,29137,191.5388322038092,0.7733225979602791,0.9889144386862065,0.9168148298417512,0.8100869860555152,0.00820581323296024,0.002179857038208068,0.6562409249765088,0.997365870609968,DERMASON
11013,28816,633.073,232.54811941606349,158.16328112267786,1.4703040918561225,0.7330902131520394,29174,191.54547951097265,0.8004444444444444,0.9877287996160965,0.9035162673348688,0.8236810514398056,0.008070104088564112,0.00229136988063896,0.6784504745009838,0.9975285087805247,DERMASON
11014,28819,637.061,240.7128850045089,153.13191629729926,1.5719315138535512,0.7715571368537265,29320,191.55545003920574,0.7414582690130699,0.9829126875852661,0.8923325455700193,0.7957839483150959,0.008352575904941494,0.0020662406098008934,0.6332720923959634,0.9954603588811928,DERMASON
11015,28830,643.21,233.25880796912256,158.07019545236656,1.4756659679048325,0.7353752379136564,29263,191.592004203502,0.8073820992494679,0.9852031575709941,0.8756870572851434,0.8213709307340018,0.008090836211207859,0.002271592816697594,0.6746502058548407,0.9955583490199781,DERMASON
11016,28838,633.81,233.29660144337493,158.10392371698867,1.4755902064833233,0.7353431739031214,29225,191.6185846703618,0.7282139339915659,0.9867579127459367,0.9021044547566376,0.8213518048906122,0.008089902262409838,0.0022711190533295095,0.6746187873970665,0.9954608757927667,DERMASON
11017,28841,633.2439999999999,234.81887789722015,157.0414685834085,1.4952666962134413,0.7434630469434519,29248,191.62855139489739,0.6946960208112535,0.9860845185995624,0.9038118091494891,0.8160696154879545,0.00814184244295344,0.0022274670546405377,0.6659696173226579,0.9958021894725806,DERMASON
11018,28843,628.281,226.84724620062352,162.60737610499368,1.39506123051977,0.6972640061613032,29170,191.63519558994452,0.7113297819867811,0.9887898525882757,0.918210894576917,0.8447763805801835,0.007864897763777122,0.002470813100470954,0.7136471331861551,0.9955814477795838,DERMASON
11019,28847,640.822,233.41613160057895,157.98716745631137,1.47743728404477,0.7361230986003914,29335,191.64848328900294,0.7647667020148462,0.983364581557866,0.8827458661246571,0.8210592900106464,0.008091521877511663,0.0022683394861903426,0.6741383577127866,0.9959971442895811,DERMASON
11020,28850,625.493,224.1838352163665,164.04998997967513,1.3665580549205862,0.681556523017907,29235,191.65844845873463,0.7493506493506493,0.9868308534291089,0.9266394251768607,0.8549164495903968,0.007770670198140954,0.0025605480722898496,0.7308821357802496,0.9987928698480617,DERMASON
11021,28856,616.7579999999999,219.70391444538984,167.59534845589326,1.3109189274618216,0.6466065524949903,29176,191.67837724396003,0.7588691650230112,0.9890320811625994,0.9532710639179421,0.8724395181024601,0.0076138035225044995,0.002720963681366857,0.7611507127468528,0.9978068759909052,DERMASON
11022,28861,634.629,235.63509712899807,156.535328850029,1.505315757535807,0.747454993839025,29245,191.69498298234498,0.7364002857726066,0.9868695503504873,0.9004952190174272,0.8135247478748968,0.008164481380721322,0.0022059285498099573,0.6618225154049144,0.9962518611310021,DERMASON
11023,28872,639.0889999999999,248.54244042461264,148.35870073960803,1.6752805139540972,0.8023045127777166,29252,191.7315105442859,0.7019352329086842,0.9870094352522905,0.8883089708893636,0.7714236257466921,0.008608424786111549,0.0018805080377680347,0.5950944103601726,0.9969500696394002,DERMASON
11024,28877,624.713,233.32483388907886,157.98626439187944,1.476867845361067,0.7358830543485035,29172,191.74811168122957,0.7981040296279919,0.9898875634169751,0.9298242101185011,0.8218075568089139,0.00807995407726145,0.0022733650391048065,0.6753676604282363,0.9974287814831942,DERMASON
11025,28881,625.016,238.03289664369686,154.77168158556813,1.5379615586336857,0.7597534153609549,29126,191.761391556007,0.6981145757795504,0.9915882716473254,0.9290515672169619,0.8056087803823517,0.008241850927727463,0.0021414171757045417,0.6490055070291402,0.9981455211523818,DERMASON
11026,28888,626.193,228.39346523834362,161.41904919003926,1.4149102375733555,0.7074547759257044,29222,191.78462912420636,0.7785054032931792,0.9885702552871124,0.9257866683226158,0.8397115430779356,0.007906170909662962,0.002424747130678252,0.7051154755783277,0.9976751050671813,DERMASON
11027,28892,623.7710000000001,226.58336893212493,162.68603958978645,1.3927646742366824,0.6960468320620433,29215,191.79790647055643,0.7540453074433657,0.9889440355981516,0.9331191672044414,0.8464783067463844,0.007842425894092652,0.002483667857292687,0.7165255237922262,0.9979514377267481,DERMASON
11028,28897,625.8399999999999,230.02119815840797,160.25092443478394,1.435381411805945,0.7173830601703022,29227,191.8145018610741,0.7191886510701841,0.988709070380128,0.9271200803400994,0.8338992379692667,0.007960037310392357,0.0023743742515006994,0.6953879390857236,0.9981469217576925,DERMASON
11029,28911,618.0459999999999,218.62484595733045,168.82096915587047,1.295010015938699,0.6353858600551291,29182,191.86096131792493,0.8137067267098227,0.9907134534987321,0.9511113793074133,0.8775807730260032,0.007561995294432238,0.002766715889271261,0.7701480131849174,0.9973493908297575,DERMASON
11030,28912,630.948,233.88815504679516,157.75734684907883,1.4825816972603383,0.7382756820677498,29305,191.86427942007083,0.7955971381397908,0.9865893192288006,0.9126428655995394,0.8203249086371373,0.008089656718552683,0.0022597138680008366,0.6729329557305277,0.9976780836493819,DERMASON
11031,28920,639.525,230.68908048210182,160.04922656704733,1.4413632944702939,0.7201796634183899,29296,191.89082217172583,0.7775238607339696,0.9871654833424358,0.8885729737574086,0.8318158006035913,0.007976800846545706,0.0023556847732554465,0.6919175261337936,0.9973045249699404,DERMASON
11032,28927,635.0079999999999,230.2945478437068,160.43717996798227,1.4354188218071748,0.717400692607124,29324,191.9140440680516,0.7900961433409811,0.9864616014186331,0.9014774473135561,0.8333416742384072,0.00796123164668672,0.002368385680985559,0.6944583460224717,0.9968385808417357,DERMASON
11033,28929,637.003,245.24006296819962,150.8091115863465,1.6261621090963474,0.7885701251245409,29192,191.9206783794897,0.8120649000673703,0.9909906823787339,0.8959016370365321,0.7825828947221243,0.008477308685685631,0.0019613683574138245,0.6124359871116595,0.9959201964879996,DERMASON
11034,28935,625.7629999999999,217.2830795128423,169.93750200020747,1.2786058224662913,0.6231506003735201,29254,191.9405799379379,0.7602469784550709,0.9890955083065563,0.9285677354635122,0.8833664377745228,0.007509351287812072,0.0028206276782814185,0.7803362633864499,0.9977424898475044,DERMASON
11035,28942,638.8209999999999,239.86119243515938,154.0043709832116,1.5574960041965773,0.7666575558777643,29368,191.96379581505747,0.7861255975662755,0.9854944156905475,0.8912099665211587,0.8003120215745204,0.00828765090301843,0.0020972421332777122,0.6404993318766956,0.9975751500885309,DERMASON
11036,28942,638.382,242.30269559184853,153.161997369156,1.5820027144712845,0.7748785303557685,29341,191.96379581505747,0.6614104849398967,0.9864012814832487,0.8924361154379266,0.7922478755185398,0.008372009384004165,0.002034481767879089,0.6276566962636398,0.9929545972451568,DERMASON
11037,28942,629.7669999999999,228.44491674731142,161.60171717600554,1.4136292654520797,0.706814391118084,29328,191.96379581505747,0.7693248272195641,0.9868385160938352,0.9170195695185868,0.8403067074037518,0.007893197316954993,0.00242763864811111,0.7061153625077348,0.9981853412262379,DERMASON
11038,28950,627.8879999999999,229.91005713657555,160.7021206478578,1.4306597586249108,0.7151429641769623,29262,191.9903248085251,0.805643680080147,0.9893377076071356,0.9227712731525421,0.8350671005856666,0.0079416254624033,0.00238218047075622,0.6973370624805517,0.9976520734886305,DERMASON
11039,28950,637.584,243.30871575497991,152.23817479487042,1.5982109354819858,0.7800640781150012,29237,191.9903248085251,0.7029428904428905,0.9901836713753122,0.8949187596696427,0.7890811646955789,0.00840444614006839,0.0020099051769360606,0.6226490844773312,0.9951245757795174,DERMASON
11040,28954,637.481,234.55148438105184,157.47853315788214,1.4894187777701688,0.7410925880384853,29349,192.00358793069964,0.7798427063132946,0.9865412790895771,0.8953316634635617,0.8185989035088391,0.008100831815329551,0.0022438509895942446,0.6701041648258736,0.9980657261536524,DERMASON
11041,28960,627.343,230.56848362746493,160.4623716362193,1.4369006345623612,0.7180976602625343,29266,192.02348089629643,0.7655502392344498,0.989544180960842,0.9246945728333287,0.8328262296531099,0.007961618909788153,0.0023626463924341966,0.6935995287982144,0.9966336030623091,DERMASON
11042,28964,624.8720000000001,230.77819181527983,159.9106209515117,1.4431698810378373,0.7210153236648915,29266,192.0367417285277,0.7665475717877465,0.9896808583339028,0.9321510076496918,0.832126901671187,0.007967759695321082,0.002356536875286347,0.6924351804848895,0.9993015970467912,DERMASON
11043,28972,651.7280000000001,244.2742831315477,153.09120378234417,1.5956127922205257,0.7792457670912957,29496,192.0632606462442,0.6602853366151602,0.9822348793056686,0.8571475355892056,0.7862606664280473,0.008431391796615619,0.0019876743537438333,0.618205835571877,0.986417139463866,DERMASON
11044,28976,623.0699999999999,227.48463569096197,162.64009599648952,1.3986995906339854,0.6991757832608204,29279,192.0765187321086,0.7384301732925587,0.9896512859045733,0.937939044189782,0.844349413527183,0.007850794992095594,0.0024614001557847296,0.7129259321236979,0.9971692094137686,DERMASON
11045,28987,649.3910000000001,241.04298300814492,154.37336989676078,1.5614285233868095,0.7680088927232847,29451,192.1129737504424,0.696551724137931,0.9842450171471258,0.8637749473764519,0.7970071202775931,0.00831555466271587,0.0020697590522586735,0.6352203497731816,0.9918511727715916,DERMASON
11046,28993,629.0989999999999,226.7821849749967,163.39264975526407,1.387958303599825,0.6934728711391065,29335,192.13285539049946,0.7347812864311419,0.9883415715016193,0.9205874072772066,0.847213176871378,0.007821963404097427,0.0024858009504409944,0.7177701670644928,0.9962350634533965,DERMASON
11047,28995,631.422,241.27161972851445,153.18760143778493,1.575007490580128,0.7725798481586037,29290,192.13948214668437,0.7646360759493671,0.9899283031751451,0.9138892275027921,0.7963617203004857,0.008321145705415225,0.002064450118096053,0.634191989559949,0.998857134022834,DERMASON
11048,28997,631.1550000000001,224.35687974802494,165.10913570754104,1.3588398896680667,0.677066461492771,29411,192.14610867432498,0.7763587684069612,0.9859236340144844,0.9147256944683007,0.8564306514251943,0.007737244533849189,0.0025676445027314992,0.7334734607005828,0.9966729964128351,DERMASON
11049,28998,636.943,247.52156096104295,149.90102978008258,1.6512332258435976,0.7957631482205905,29307,192.1494218524486,0.8102942409254758,0.9894564438530044,0.8982076950267467,0.7762936735951286,0.008535814916926787,0.0019121807418725483,0.60263186766382,0.9950857628386814,DERMASON
11050,29001,633.837,242.15774231321456,152.6352177896131,1.586512901937193,0.7763409618361183,29279,192.15936104406794,0.7461407841926521,0.9905051402028758,0.9071260997133771,0.7935297017905084,0.008349979046005812,0.002042292283642405,0.6296893876237333,0.999010337677983,DERMASON
11051,29002,643.039,247.10405014928568,149.7897089465548,1.6496730775907493,0.7953269421715088,29355,192.1626739937004,0.7989531680440771,0.9879747913473003,0.8813799875804964,0.7776589411529558,0.008520241712615877,0.0019221547844547415,0.6047534287551366,0.997645449998044,DERMASON
11052,29007,633.884,245.33704857217955,151.00821875848325,1.6246602376295969,0.7881264908523242,29302,192.17923788519107,0.8125210084033614,0.9899324278206266,0.907179232011939,0.7833274224322905,0.00845785667501567,0.0019643252799721425,0.6136018507344163,0.9968945286241372,DERMASON
11053,29007,626.673,235.27210680065272,157.29496319209667,1.4957383378724363,0.7436526895698509,29341,192.17923788519107,0.8016969763971036,0.9886166115674312,0.9281768057974114,0.8168381730352147,0.008110873471943073,0.0022273655099543056,0.6672246009275073,0.9979934155789095,DERMASON
11054,29008,637.9269999999999,239.3587517793939,155.6394161022519,1.5379057424768297,0.7597332186689103,29303,192.18255049217552,0.8105736720038003,0.989932771388595,0.8957476614593539,0.8029058852600529,0.008251473792725934,0.0021152896894700264,0.6446578605852293,0.9914230257268516,DERMASON
11055,29010,631.818,238.47786573263764,155.43790183023765,1.534232403581287,0.7583980052555268,29332,192.18917553485437,0.7796500846569379,0.9890222282831038,0.9132161933986074,0.805899427791431,0.008220540011466309,0.0021389641215486693,0.6494738877145559,0.996443883811586,DERMASON
11056,29024,633.222,225.06332869367594,165.81711154454885,1.3572985718859893,0.6761569939210079,29430,192.23554444065064,0.7684609070931187,0.9862045531770303,0.9096098176478038,0.8541397905933144,0.007754387013977258,0.0025459100294484677,0.7295547818747907,0.9902236635512479,DERMASON
11057,29030,626.492,229.24534123601697,161.61858115242748,1.4184343136870419,0.7092046346368545,29318,192.25541340534932,0.7492579687701639,0.9901766832662529,0.9294495908700166,0.8386448002335407,0.00789684261922208,0.0024096029153134425,0.7033251009587554,0.9976204568773017,DERMASON
11058,29037,639.176,238.5018213879267,155.2258910543652,1.5364822180624205,0.7592171999232415,29420,192.2785912692178,0.7954470742932281,0.9869816451393609,0.8931423638205235,0.8061933873304634,0.008213721162238754,0.0021403098223671114,0.6499477777753667,0.9986332032210365,DERMASON
11059,29037,630.5120000000001,227.94066369847496,162.67097523203455,1.4012374572251716,0.7004974380381359,29391,192.2785912692178,0.7502906901630448,0.9879554965805859,0.9178567276049401,0.8435466851301628,0.007850007359523193,0.002451807217318204,0.7115710099940861,0.9970799526792603,DERMASON
11060,29044,633.5039999999999,236.15694424366626,157.04592754080304,1.5037444647032245,0.7468374765775055,29438,192.30176633949065,0.7578343118069145,0.9866159385827842,0.9094264251129227,0.8142964711682332,0.008131006205883013,0.002205231900227356,0.6630787429570374,0.9971009893840173,DERMASON
11061,29045,630.965,238.32509910601266,155.7520506182732,1.5301570551396118,0.7569026114183366,29335,192.30507683582564,0.8201095550033883,0.9901141980569286,0.9167917703227774,0.8069023260965216,0.008205374388225604,0.0021456655773888847,0.6510913638599771,0.9962720439508161,DERMASON
11062,29047,694.716,230.95785089407468,160.5771096920584,1.43829871727662,0.7187526547442341,29737,192.3116976575327,0.7789487798337356,0.9767965833809732,0.7563042594156855,0.8326701037140043,0.007951177432921633,0.0023577790019889146,0.6933395016190907,0.997229315815949,DERMASON
11063,29051,625.2260000000001,232.1753425519269,159.86921516017136,1.4522829946923348,0.7251689005194054,29333,192.3249386171778,0.8080271465524435,0.9903862543892544,0.9338925065859687,0.828360740220136,0.007991991413442803,0.0023212012802543403,0.6861815159380517,0.99652974686904,DERMASON
11064,29054,621.3,229.35428411227,161.7145944608809,1.41826583356242,0.7091213715896212,29351,192.3348687387064,0.7573443161379454,0.9898810943409083,0.9458300088517365,0.838592876009055,0.007894069116550904,0.0024081601307464565,0.7032380116931383,0.9973784448467478,DERMASON
11065,29059,622.307,225.331369628881,164.41323807182334,1.3705184100227124,0.6838198263488748,29372,192.35141780205078,0.7994442763212193,0.9893435925371101,0.9429336981867896,0.8536379915448615,0.007754271297322034,0.002539894604645748,0.728697820608745,0.9986937784877129,DERMASON
11066,29060,638.5070000000001,242.13191083707224,153.21728564801364,1.5803171934093803,0.7743280679436959,29423,192.3547274438656,0.808614836663142,0.9876627128436937,0.8957238710630733,0.7944212176696482,0.00833213733093848,0.00204710218502965,0.6311050710837265,0.9973461946814622,DERMASON
11067,29062,628.652,230.6889519206366,160.5762633108426,1.4366317110896414,0.7179713830140059,29423,192.3613465566648,0.7346495108572006,0.9877306868776128,0.9240910399964581,0.8338559127133338,0.007937820931822883,0.0023672553713307734,0.6953156831669869,0.9989125596556514,DERMASON
11068,29063,628.813,238.28851537157595,155.71101087716985,1.5303254023541473,0.7569646795154817,29336,192.36465602765503,0.6971550566110152,0.9906940278156531,0.9236496767470286,0.8072762370762627,0.00819903366381915,0.0021479843238801062,0.6516949229480103,0.9973052951725689,DERMASON
11069,29067,629.9060000000001,230.09183305766769,161.14757730085535,1.4278330267919355,0.7137878279811751,29478,192.37789334228862,0.7681553911205073,0.9860573987380419,0.9205737446906261,0.8360917933757046,0.007915912652068246,0.002386143723045632,0.699049486950202,0.9981259448294566,DERMASON
11070,29068,644.4300000000001,253.49545409587253,146.25463087561482,1.7332473684984568,0.8167782724642806,29384,192.38120252862987,0.768994708994709,0.9892458480805881,0.879576293955411,0.7589138164815803,0.008720773843947727,0.0017844509908816657,0.5759501808466378,0.9982641353386452,DERMASON
11071,29070,637.119,241.94121460269392,153.07904389839013,1.5804986002087142,0.7743874157056327,29353,192.38782073055242,0.7768157768157768,0.9903587367560386,0.8999404701700807,0.795184156806371,0.008322711200643066,0.0020526526395116718,0.6323178432358593,0.9993774661212688,DERMASON
11072,29070,630.761,234.55629045232317,158.04327264154296,1.4841270149114094,0.7389167088882221,29419,192.38782073055242,0.7169634489222118,0.9881369183180938,0.9181745054647857,0.8202202565514137,0.008068671842185179,0.002252702173370172,0.672761269257267,0.9984631742907986,DERMASON
11073,29076,636.3530000000001,235.06151646381443,158.0336190886886,1.4874146261998702,0.7402719996071725,29490,192.40767397045158,0.6935241502683364,0.9859613428280773,0.9022945464504397,0.8185417879751958,0.008084382874666889,0.002238669896654762,0.6700106586616303,0.9965836534031178,DERMASON
11074,29080,623.192,228.7066227252947,162.09356620239947,1.4109543523752095,0.7054696301900667,29360,192.42090832572882,0.7978052126200275,0.9904632152588556,0.94093695794064,0.8413438405622842,0.007864739433469556,0.0024308501068873523,0.7078594580520943,0.9987573832085593,DERMASON
11075,29081,638.527,238.87630247485492,155.20483780940427,1.5391034573819244,0.7601660038596294,29406,192.4242167723264,0.7068789499270782,0.98894783377542,0.896315007920034,0.8055391630678046,0.008214170849518755,0.0021334876450208574,0.6488933432359794,0.9987139880466116,DERMASON
11076,29081,636.593,237.30152738180104,156.43138017337793,1.5169688276021864,0.7519594823724354,29481,192.4242167723264,0.7036804026423403,0.9864319392150876,0.9017693764494614,0.8108848640604395,0.008160019510395139,0.002176244746682675,0.6575342627623175,0.997458979690821,DERMASON
11077,29081,628.774,228.88416721883846,162.3086009044413,1.4101789180820634,0.7050778824279778,29460,192.4242167723264,0.7717477840878935,0.9871350984385607,0.9243363879237783,0.8407056683319981,0.007870574162471665,0.0024252810902971296,0.7067860207655517,0.9966947460786927,DERMASON
11078,29085,629.561,231.25919738577414,160.49129690544993,1.4409454085352407,0.7199857785615015,29441,192.43744998991804,0.7705452233349229,0.9879080194286879,0.92215367014705,0.832128850075114,0.007951149987477193,0.0023516464293648265,0.6924384231273315,0.9977659664987105,DERMASON
11079,29085,637.8,234.3289413544278,158.718287070832,1.4763827513451722,0.7356782841964377,29566,192.43744998991804,0.7135322113733379,0.983731312994656,0.8984830786376453,0.821227838429279,0.008056693875001816,0.002260431114571925,0.6744151626112261,0.9956949133248636,DERMASON
11080,29087,632.5070000000001,241.17087939966044,153.79187129956796,1.5681640216854422,0.7702944302830835,29489,192.44406625747564,0.7226583850931677,0.9863677981620265,0.9136463476740779,0.797957310337471,0.008291363131284094,0.0020735968762969326,0.6367358691210111,0.9985062812721803,DERMASON
11081,29088,634.5550000000001,233.75406234197584,158.56353159245577,1.4741981336715984,0.7347528860450994,29440,192.44737430595515,0.7308542713567839,0.9880434782608696,0.9077895615007348,0.8232899671467949,0.008036099502955715,0.0022773844989349137,0.6778063700045709,0.9992208856514593,DERMASON
11082,29097,632.194,239.1780879856071,155.32129123285026,1.539892477632334,0.760450424535778,29384,192.47714418381997,0.695617872767697,0.9902327797440784,0.9148656856627256,0.8047440541267417,0.00822002570662292,0.002126591358369267,0.6476129926523441,0.9972543758023088,DERMASON
11083,29098,638.41,243.22995836463267,152.7184161302225,1.5926694666426562,0.7783128472264386,29464,192.48045166380862,0.7118950922346724,0.9875780613630193,0.8971677240205732,0.7913517436666084,0.00835899231440761,0.0020221433667981107,0.6262375822041814,0.9973894760407201,DERMASON
11084,29099,633.011,232.20598652615345,160.41331408063445,1.4475480907366032,0.7230235953636116,29538,192.48375908696428,0.7334896148417019,0.9851377886112804,0.9125683758965534,0.8289353860619987,0.007979861387888018,0.002324116147607216,0.6871338742657547,0.9946593277738385,DERMASON
11085,29112,632.794,242.3495215681824,154.10747815109258,1.5726006581625722,0.7717802426270065,29496,192.52675041752005,0.7857065745438843,0.9869812855980472,0.9136023359523284,0.7944177037021909,0.008324729375109316,0.0020452459553209393,0.631099487955462,0.9924674701248217,DERMASON
11086,29116,625.0439999999999,231.99110650018875,160.14329949125465,1.4486469757846951,0.7235239250115065,29390,192.53997658800367,0.7827933862078237,0.9906771010547806,0.9365271961568679,0.8299455073630032,0.007967822039434976,0.0023319417708972134,0.6888095451920327,0.9978418645340698,DERMASON
11087,29118,634.8870000000001,244.73801633652005,151.9323564858998,1.6108353875182155,0.7839722276579654,29411,192.54658933255212,0.7353030303030303,0.9900377409812655,0.9077756658027707,0.7867457300454557,0.008405042116097262,0.0019863566778645673,0.6189688437447569,0.9970569172752873,DERMASON
11088,29119,643.0889999999999,250.49285605178045,148.38218040743902,1.6881599620922014,0.8056727202855256,29407,192.5498956196632,0.7647197857030307,0.9902064134389771,0.8847980530480806,0.7686841798788082,0.008602385248524346,0.0018526373823573004,0.5908753683959561,0.9974921395125327,DERMASON
11089,29122,631.487,231.84688926284608,160.14345291148297,1.447745037638199,0.7231133758784426,29507,192.55981414037927,0.7245360003980693,0.9869522486189718,0.917703171625454,0.8305473269562533,0.00796122825571204,0.002336777583168802,0.6898088623141775,0.9986673573342022,DERMASON
11090,29123,626.011,229.1810557809918,162.04269567413493,1.4143251247922397,0.7071625535967345,29432,192.56312020042193,0.7976281770376863,0.989501223158467,0.9338605838607726,0.840222676975699,0.007869417840915834,0.0024193570297298293,0.7059741469042098,0.9984769734203914,DERMASON
11091,29124,644.0319999999999,252.67234032309455,147.06922483561004,1.7180503984128888,0.8131493455453301,29437,192.5664262037048,0.784992318266354,0.9893671230084587,0.8823603678102213,0.7621191380008918,0.008675743040897355,0.0018054186049858414,0.5808255805072223,0.9978876199988308,DERMASON
11092,29135,650.3029999999999,253.25138039053104,147.1590265074644,1.720936774324783,0.8138472487208291,29478,192.60278849450484,0.6807242990654205,0.988364203813013,0.8657517367016961,0.7605201922196756,0.008692341870277365,0.0017937402717716846,0.5783909627738523,0.995374277774639,DERMASON
11093,29144,628.216,234.7564055170379,158.79171620310026,1.4783920164750666,0.7365247643373971,29386,192.6325343543026,0.6969247692381271,0.9917647859524944,0.9279851698450479,0.8205634854991078,0.008055050971624962,0.0022526660027058516,0.6733244337344446,0.9954374673305981,DERMASON
11094,29149,638.688,243.98079361315303,152.66043400135487,1.5981927158086533,0.7800583565210665,29460,192.64905784738542,0.7986465011781467,0.9894433129667346,0.8979579737455432,0.7896074727621498,0.008370125685723456,0.0020070432965874517,0.6234799610418292,0.9964411321897144,DERMASON
11095,29154,631.0409999999999,233.5074910972438,159.3296518693862,1.4655620492327845,0.7310423612397836,29499,192.66557992337118,0.7473851517637408,0.9883046882945185,0.920010659388919,0.8250937861481109,0.00800944951283679,0.0022897902224941796,0.6807797559402247,0.9977249741919506,DERMASON
11096,29155,628.707,230.63243634280292,161.237708367708,1.4303877094112372,0.7150130044253462,29549,192.6688841685488,0.7879516769817032,0.9866662154387628,0.9268859908460351,0.8353936992720894,0.007910562042284443,0.00237657697567069,0.697882632783506,0.9982427405450828,DERMASON
11097,29156,635.581,237.5203332559081,156.9439360525663,1.5134087957138642,0.7505972413893716,29592,192.67218835705998,0.7551411551411551,0.9852662881859963,0.906976414620459,0.8111818711094176,0.00814653358677144,0.0021758330026149355,0.658016028016576,0.9958472445209867,DERMASON
11098,29158,626.228,229.04982886213946,162.29080310964304,1.411354337234959,0.7056713644249342,29440,192.6787965640949,0.7859722896112998,0.9904211956521739,0.9343350301183413,0.8412090832866959,0.00785547118671169,0.0024264302786244038,0.7076327218040434,0.9987205110875157,DERMASON
11099,29162,653.27,242.70351127621424,153.75998649174483,1.5784568977524245,0.7737180218258192,29651,192.69201229829642,0.6939202855443188,0.9835081447505987,0.8587005486966524,0.793939944605906,0.008322594858933345,0.00203980723205798,0.6303406356408291,0.9949655242609144,DERMASON
11100,29162,629.597,220.93475708856445,169.3342726271586,1.3047255801252955,0.6423103056194044,29644,192.69201229829642,0.7093823736894598,0.9837403859128323,0.9244892589228068,0.872167036266971,0.007576118136224006,0.0027041151070277803,0.7606753391507118,0.9924725731604184,DERMASON
11101,29166,634.38,238.47383082594735,156.0907294384688,1.5277898417404352,0.7560271251544791,29526,192.70522712616216,0.7956678306416411,0.9878073562284089,0.9107260734466585,0.8080770391398212,0.008176432518204326,0.0021505754647127276,0.6529885011849804,0.9976291988837253,DERMASON
11102,29167,638.583,235.07628356090626,159.04964336114557,1.4780057257162849,0.7363623679879803,29549,192.70853069153551,0.7122588522588522,0.987072320552303,0.898807980873401,0.8197701944764937,0.008059666183046123,0.0022452531444662775,0.6720231717520284,0.9932540956635164,DERMASON
11103,29170,630.115,229.18946752747274,162.42293283550757,1.411065934633642,0.7055259302801227,29447,192.7184410478787,0.7259830761572922,0.9905932692634224,0.9232230878956805,0.8408695352668321,0.00785702665503849,0.0024229946893797147,0.7070615753398581,0.997710502650472,DERMASON
11104,29172,631.886,231.64111427368138,160.62546403299226,1.4421195024600995,0.720529957462705,29487,192.72504766898922,0.7200829383886256,0.9893173262793774,0.9181182122058953,0.8319984484329787,0.007940529078351891,0.002347033393529179,0.6922214181948838,0.9982660071994304,DERMASON
11105,29172,644.652,242.10162445339628,154.06866537739606,1.57138782152984,0.7713756017140179,29587,192.72504766898922,0.7628661087866109,0.9859735694730793,0.8821153920465858,0.7960502045540306,0.00829910957265173,0.002055763232738528,0.633695928170514,0.9957820640801941,DERMASON
11106,29181,625.086,228.9899945603989,162.56472395882707,1.4086081468596805,0.704281678028702,29490,192.7547746617883,0.7624634197324415,0.9895218718209563,0.9384918171806274,0.8417606849234929,0.007847229175161884,0.0024302483125065374,0.7085610506828678,0.9980848685393426,DERMASON
11107,29184,637.0039999999999,235.52541247598754,157.94218769993168,1.4912128032787115,0.7418235712748713,29603,192.76468264065124,0.735632183908046,0.9858460291186704,0.9037958894128062,0.818445366952936,0.008070360898985319,0.0022337342200676375,0.6698528186867262,0.9988930995379793,DERMASON
11108,29194,627.767,224.60367722237083,165.72262365910197,1.3552988256110978,0.6749705615772063,29520,192.79770555947584,0.7456960408684546,0.9889566395663957,0.9309074439612859,0.8583906904097336,0.007693487607808825,0.002576576354227184,0.736834577382099,0.9986310373956083,DERMASON
11109,29201,623.54,222.69714762067352,167.08641269095142,1.3328261947461975,0.6611141032863374,29495,192.82081823758418,0.77482951680951,0.9900322088489575,0.943797779090937,0.8658432328285652,0.007626353468054982,0.002643953183641464,0.7496845038350212,0.9991991445066223,DERMASON
11110,29208,639.59,243.65284613498815,153.44319732073217,1.587902561921313,0.7767884996589872,29560,192.84392814559817,0.8054935054190453,0.9880920162381597,0.8972394368523278,0.7914700411041334,0.008341990075834981,0.00201923726984581,0.6264248259653787,0.9947015860015375,DERMASON
11111,29208,628.934,227.54864396996098,163.671059734226,1.390280262982725,0.69472087668871,29584,192.84392814559817,0.7303825956489123,0.9872904272579773,0.9279007752175122,0.8474844094041526,0.007790627361338023,0.0024790144866130267,0.7182298241831053,0.9985407488473239,DERMASON
11112,29220,628.2130000000001,231.7985487791665,160.8532882122917,1.4410557058258104,0.720036974209081,29562,192.88353868892352,0.7659239842726081,0.988431093971991,0.9304140009300106,0.8321171107619092,0.007932872990388997,0.0023461083956227537,0.6924188860227475,0.9978141865246318,DERMASON
11113,29230,636.0619999999999,228.96892116203708,163.03824743725448,1.404387772569477,0.7021246549754709,29603,192.91654126230026,0.7266083325047231,0.9873999256832078,0.9079036842183478,0.8425446575161036,0.007833353443791895,0.002435001324322692,0.7098814999089285,0.9969488984453796,DERMASON
11114,29232,627.418,227.80522008024647,163.8567088021093,1.3902709370012318,0.6947158811416025,29601,192.92314109950178,0.7636363636363637,0.9875342049255093,0.933156415043763,0.8468776133906977,0.007793008349762126,0.0024726777179770857,0.7172016920623242,0.9971046684423562,DERMASON
11115,29242,635.0459999999999,239.52131464798654,155.77669127013138,1.5375940565628918,0.7596203869518082,29594,192.9561368994146,0.7296636390857371,0.9881056971007637,0.9111850112187194,0.8055906723081967,0.00819100316831908,0.0021280144501893534,0.6489763313099723,0.9978621498722038,DERMASON
11116,29243,630.512,234.8169678526347,158.93571652538142,1.4774336001130075,0.73612154679931,29597,192.95943616908286,0.7777393617021277,0.9880393283103017,0.9243683674398621,0.8217440074014558,0.008029852198906907,0.0022585696966448934,0.6752632137002039,0.9976565608409714,DERMASON
11117,29248,631.381,235.85649108732463,158.26452933760203,1.4902675417825764,0.7414388393768745,29614,192.97593167132018,0.7132962637791435,0.9876409806172756,0.9219832280737713,0.8181921590611295,0.008064021166825924,0.002229218685606397,0.6694384091491127,0.9976423323774868,DERMASON
11118,29251,624.5849999999999,229.69952587716,162.34170635849677,1.414913832246644,0.7074565697168224,29532,192.98582829588352,0.7186271619496856,0.9904848977380468,0.9422528979248983,0.8401664198431544,0.007852706775055895,0.0024135729037227864,0.7058796130320638,0.9987588283799752,DERMASON
11119,29254,645.809,252.16430145414472,148.20149276442314,1.7014963665378047,0.8090658694933243,29558,192.99572441295803,0.8046982450349343,0.9897151363421071,0.8814281877374122,0.7653570441970498,0.008619822979905132,0.0018244604136464172,0.585771405102045,0.996687917402874,DERMASON
11120,29261,635.0840000000001,234.9974760885315,159.50976264517956,1.4732482337853519,0.734348860988805,29599,193.01881337966927,0.7424388511113367,0.9885806952937599,0.911667945632326,0.8213654741847208,0.00803108151083461,0.002254756099435051,0.6746412421826914,0.993914018484406,DERMASON
11121,29261,633.967,231.70730900702813,161.30298743454298,1.4364725210130118,0.7178965889170169,29600,193.01881337966927,0.7725064681345372,0.9885472972972973,0.9148833502407311,0.8330285920061962,0.007918639452070268,0.002352176808997756,0.6939366350998258,0.9968209076451333,DERMASON
11122,29270,643.2289999999999,245.73175323701932,152.18177325879336,1.614725258977888,0.7851541336707515,29564,193.04849513632115,0.7551599587203303,0.9900554728724124,0.8889991663827536,0.7856066324082961,0.008395345173796356,0.001972599345467521,0.6171777808839036,0.9965725520731594,DERMASON
11123,29270,643.25,245.09463841752128,152.42395406497255,1.6079797950461694,0.7830979682381148,29649,193.04849513632115,0.6908189756903469,0.9872171068164187,0.8889411215238228,0.7876487889851798,0.008373578353861336,0.001988022474057131,0.6203906147898202,0.9975755736183022,DERMASON
11124,29274,623.343,225.49505113860022,165.42459892623103,1.3631288974087634,0.679574675361855,29595,193.0616855633897,0.7460244648318043,0.9891535732387228,0.946755330264924,0.8561681712683114,0.007702912179360532,0.0025531187993986,0.7330239374929245,0.9992061116889607,DERMASON
11125,29279,641.7660000000001,232.05827220045052,161.194532345229,1.439616274970501,0.7193676343417182,29647,193.0781723300198,0.7283333333333334,0.9875872769588828,0.8933315940741707,0.8320245190968244,0.007925758127000599,0.002342961091825124,0.6922648003783018,0.9965956732138086,DERMASON
11126,29281,644.3040000000001,249.11929746642886,150.12365335925082,1.6594273579945342,0.7980301522697122,29644,193.08476664250418,0.8000273224043716,0.9877546889758467,0.886368091618398,0.7750694892214207,0.00850788215793275,0.0018939294321120596,0.6007327131219541,0.9968722989968526,DERMASON
11127,29283,620.528,220.78207737001662,169.18052000183212,1.305008858984626,0.6425087794394084,29618,193.09136072978453,0.8021860618014465,0.9886893105543926,0.9556583653305637,0.8745789650587251,0.00753959899498059,0.0027209723049685056,0.7648883661231907,0.99818609392504,DERMASON
11128,29286,625.963,214.4710200946708,174.1403313306932,1.2315987827506165,0.5837231845897435,29630,193.10125143849785,0.7509230769230769,0.988390145123186,0.9392313830928798,0.9003605771691672,0.0073233292390449635,0.0029686172432466895,0.8106491689203961,0.9983945296801586,DERMASON
11129,29290,640.384,240.55560213149286,155.70276795393048,1.5449667677241856,0.7622666608082685,29626,193.11443826211678,0.8233541350424467,0.9886586106798083,0.8975285881273641,0.8027850382655245,0.008212891844707847,0.0021041318276675755,0.6444638176629797,0.9956751812899625,DERMASON
11130,29293,636.476,241.0748285257498,155.36838437972426,1.5516337476777569,0.7646194930138683,29669,193.12432778893267,0.7301345962113659,0.9873268394620648,0.9086772425304057,0.8010970243967407,0.008229776005385239,0.002090779590586879,0.6417564424973122,0.9957709539684494,DERMASON
11131,29293,632.1740000000001,236.23224647997858,158.12066826970982,1.4939997981606816,0.7429525094256603,29665,193.12432778893267,0.7573556026681835,0.987459969661217,0.9210865807297168,0.817518906358538,0.008064460672514887,0.0022220115483208383,0.6683371622536601,0.998495585510251,DERMASON
11132,29293,646.9029999999999,230.47476124963126,162.45388943119818,1.4187087921169226,0.7093401977141773,29751,193.12432778893267,0.7137670565302144,0.9846055594769924,0.8796205871037779,0.8379413292015794,0.007867912513215829,0.002392730195685801,0.7021456711841098,0.9961402370557343,DERMASON
11133,29294,644.5360000000001,238.81842618200162,156.527203434459,1.525731124954261,0.7552615870272767,29674,193.12762418533464,0.7694772786971369,0.9871941767203612,0.8861233531458038,0.8086797458339903,0.00815246897596783,0.002150676953205376,0.6539629313221271,0.9977715988844953,DERMASON
11134,29307,635.103,239.76538730699698,155.8495234972428,1.5384415808704013,0.7599269952303078,29655,193.17047221962628,0.745497557997558,0.988265048052605,0.913046508264041,0.8056645472863424,0.008181164476302486,0.0021262381176150647,0.6490953627541072,0.9985952960110752,DERMASON
11135,29307,627.269,228.29600411152646,163.7280851646178,1.3943606796719688,0.6968935769631205,29592,193.17047221962628,0.7872300419039433,0.9903690186536902,0.9359951068988871,0.8461403999224587,0.007789811448170282,0.0024630681827121537,0.7159535763809385,0.9982975153761022,DERMASON
11136,29310,640.2860000000001,238.64037708054354,156.77265728512802,1.5222066220802764,0.7539419547789029,29686,193.18035887788287,0.7731877176321621,0.9873340968806845,0.8984163987908451,0.8095040799096732,0.00814194394679439,0.0021566716957124262,0.6552968553904066,0.9974972127036582,DERMASON
11137,29322,625.847,223.68756154906305,167.06709723605633,1.3389085298645322,0.6649622029246635,29700,193.21990045211297,0.7581641887524241,0.9872727272727273,0.9407345703333169,0.8637936732558669,0.007628659762262569,0.0026197996737062964,0.7461395099568632,0.9990125543501862,DERMASON
11138,29325,635.3439999999999,234.5018263373569,159.66915135112538,1.4686733433039199,0.7323888565708233,29664,193.2297845813596,0.7128099173553719,0.9885720064724919,0.9129143188736424,0.8240011926533021,0.007996652219517711,0.0022740464559078055,0.6789779654940644,0.997196838611861,DERMASON
11139,29336,640.5930000000001,242.95141064518026,154.2343178312244,1.5752098110294575,0.7726468591470591,29693,193.26602206376248,0.7220991483286565,0.9879769642676726,0.8983516786625954,0.7954924877798669,0.008281681573669902,0.00204570318732339,0.6328082981142018,0.9968058396903444,DERMASON
11140,29346,631.5559999999999,235.80914273214154,158.6433176582965,1.486410812714175,0.7398594022723137,29687,193.29895933449325,0.7161753221397892,0.9885134907535285,0.9245598851983814,0.8197263138099097,0.008035478182108006,0.002238035622658513,0.6719512295523828,0.9987955732232465,DERMASON
11141,29352,627.001,223.40845635526023,167.91279838317456,1.3305028473496427,0.6596242499024983,29630,193.31871900327317,0.7167240495201816,0.990617617279784,0.9382338462094862,0.8653151369340341,0.0076113537869739786,0.0026323211627161105,0.7487702862071662,0.9962409978094415,DERMASON
11142,29353,627.648,226.65886421887774,165.25590440207512,1.3715628802430346,0.6844122268726662,29658,193.32201208504745,0.7852594970572498,0.9897160968372783,0.9363324182168534,0.8529205895003609,0.007721829598980606,0.0025207766654840387,0.7274735319936431,0.9977756928417746,DERMASON
11143,29372,635.7869999999999,233.88048829831118,161.02666676422996,1.4524332708243377,0.7252365414264291,29779,193.38456998416703,0.7475313040822559,0.9863326505255381,0.9131036868568757,0.8268520875392897,0.007962702175483834,0.0022958924710425334,0.6836843746680814,0.9930059325106534,DERMASON
11144,29373,635.218,236.02041935474313,158.82750444660113,1.4860173001968608,0.7396973657789974,29718,193.38786194460585,0.7199264705882353,0.9883908742176458,0.9147713980351321,0.8193691989587573,0.0080352847633794,0.002234084380757228,0.6713658842023156,0.9976613186866035,DERMASON
11145,29373,634.307,234.46798546817107,159.86900312801745,1.4666256802791056,0.7315039191185646,29740,193.38786194460585,0.7494641763625229,0.9876597175521183,0.9174008982062827,0.824794317051264,0.007982432351757433,0.002278755076755523,0.6802856654400611,0.9977244268601537,DERMASON
11146,29388,634.1519999999999,239.48082084239886,156.39514073145864,1.5312548696995907,0.7573069058879397,29673,193.43723462838523,0.7269758812615955,0.9903953088666464,0.9183181378890748,0.8077358092725317,0.008148932245896245,0.002139724291014302,0.6524371375811518,0.9990475440940008,DERMASON
11147,29389,639.878,237.78202807580905,158.15949141387577,1.503431921474602,0.7467143553093583,29726,193.44052569258,0.6811997311267182,0.9886631231918186,0.9019870773003351,0.8135203793909428,0.008090851273463168,0.0021859877716987534,0.6618154076843835,0.9949944100364297,DERMASON
11148,29393,628.055,230.9500044856928,162.367208857339,1.42239314274727,0.7111498026370939,29663,193.453689389478,0.7692891541038526,0.9908977514074774,0.9363935721715462,0.8376431506043219,0.00785731311828302,0.002386107410946041,0.7016460477543348,0.9980165269614895,DERMASON
11149,29393,633.927,239.99943625657997,156.2160336827415,1.536330366343789,0.759162049199232,29685,193.453689389478,0.7446733044513694,0.9901633821795519,0.919126482982229,0.8060589324995723,0.008165190224086686,0.0021262447285411144,0.6497310026623501,0.9982014693451657,DERMASON
11150,29405,633.671,229.1153422183813,163.54686881052075,1.4009154922056364,0.7003303026399738,29695,193.49317510686896,0.7407920592532876,0.9902340461357131,0.9202448245104987,0.8445229954196648,0.007791713729582768,0.0024448863083520304,0.7132190897926033,0.9991596722272608,DERMASON
11151,29407,630.5519999999999,235.3226411669852,159.67299872539328,1.4737785539538508,0.7345745480973019,29698,193.49975527640063,0.7861152694610778,0.9902013603609671,0.9294344600614779,0.8222742797582873,0.008002266166796517,0.0022566259567124076,0.67613499115201,0.9964732495376091,DERMASON
11152,29410,625.321,226.632749490363,165.41432524979834,1.3700914304013057,0.6835771145387132,29746,193.50962511115856,0.7419460632205656,0.9887043636119142,0.9451459138089147,0.8538466993243934,0.007705975841222816,0.0025265449055696626,0.7290541859471613,0.9988708924644056,DERMASON
11153,29412,641.955,237.47810862888687,158.82558271674802,1.4952132053713851,0.7434415243968394,29777,193.5162047213375,0.7939104380921532,0.9877422171474628,0.8968612283827893,0.8148801834351402,0.008074191099853354,0.0021961086026905403,0.6640297133552878,0.9928659961678021,DERMASON
11154,29418,639.3770000000001,248.27063818787596,151.1291286826143,1.6427715844856632,0.7933794857325527,29717,193.5359422097586,0.7535541381695228,0.9899384190867181,0.9042926241729654,0.7795361691675456,0.008439412542928681,0.0019223703605285244,0.6076766390404124,0.9982739151713407,DERMASON
11155,29422,636.15,244.11262503515474,153.83928335507113,1.5868029264783223,0.7764344822004182,29693,193.54909941717105,0.8095421527624918,0.9908732697942276,0.9136145178428082,0.7928680435487431,0.008296941915408699,0.002022560254017121,0.6286397344808115,0.9975273703747072,DERMASON
11156,29426,632.397,232.29726962570297,161.57922131410916,1.4376679608705274,0.7184574591440952,29824,193.562255730235,0.7319900497512438,0.986655042918455,0.9246161877362519,0.8332523926868314,0.00789428633268888,0.0023474638604827932,0.6943095499183296,0.9981865948440185,DERMASON
11157,29440,645.1149999999999,245.7222954011094,152.78338955664069,1.608305039665414,0.7831978285275764,29760,193.6082957855969,0.7937877480586712,0.989247311827957,0.8889419255953732,0.7879150545519558,0.008346545360092031,0.0019842852991004776,0.6208101331896116,0.9984520658842092,DERMASON
11158,29447,634.132,239.31463067157117,157.94836213176006,1.51514474377351,0.7512630075317945,29784,193.63131170814378,0.8313664596273292,0.9886852001074402,0.9202198169328124,0.8091077054702857,0.008126961343144333,0.002148489845282514,0.6546552790513904,0.9918975050382945,DERMASON
11159,29450,641.1449999999999,247.197372519144,151.9909255326412,1.6263955999534756,0.7886389626996317,29795,193.64117483750852,0.7965487395867142,0.9884208759859037,0.9002904506959222,0.7833464120760917,0.008393798727305399,0.0019496369551263652,0.6136316013124861,0.9980077363670327,DERMASON
11160,29451,648.2739999999999,243.12769642398558,154.90130942177552,1.5695651465539353,0.770765332951301,29778,193.64446243565882,0.7783650923699025,0.9890187386661293,0.88062842976373,0.7964722460001681,0.00825532906943688,0.0020492584752818876,0.6343680386485522,0.9956819635505472,DERMASON
11161,29453,632.811,227.3243032968749,165.3592755243789,1.374729676191406,0.6861970170302645,29820,193.65103746451953,0.7402483160751986,0.9876928236083166,0.9242540490324666,0.8518712458633177,0.007718205388139575,0.002507217042426405,0.7256846195287212,0.9976201820218027,DERMASON
11162,29462,626.0539999999999,229.74888219063305,163.5858070018654,1.404454863177789,0.7021591490581199,29730,193.6806223321976,0.7796036093249715,0.9909855364951228,0.9446012148915897,0.8430100746757584,0.00779814276663611,0.002429416652108459,0.710665986004828,0.9980983001395191,DERMASON
11163,29475,635.4069999999999,237.0339180811993,159.30314687096225,1.487942471552053,0.7404885328558817,29797,193.72334805352946,0.7650280315614618,0.9891935429741249,0.9174020111995586,0.8172811284635089,0.008041863208861723,0.002213208491755099,0.6679484429425865,0.9938688570613377,DERMASON
11164,29479,638.7889999999999,239.98769646829925,156.80050884199528,1.5305288116770719,0.7570396405879362,29798,193.73649253366764,0.7892214606982223,0.9892945835290959,0.9078367371792513,0.8072767703708466,0.00814097141925775,0.002132778802265245,0.6516957839803846,0.9974391738304558,DERMASON
11165,29483,641.379,235.74722687187065,159.58628411906014,1.477239902998119,0.7360399338268749,29842,193.74963612205005,0.75578056908485,0.9879699752027344,0.9006417270523982,0.821853298946136,0.007996039306443397,0.0022502558226161207,0.6754428449886467,0.997791122811802,DERMASON
11166,29484,645.391,244.85481485617032,153.81068130247638,1.5919233487734905,0.7780753558698208,29846,193.7529218798301,0.6921126760563381,0.9878710715003686,0.8895092257588496,0.7912971692782195,0.008304667441872552,0.0020084473761178426,0.6261512101077231,0.99678473123326,DERMASON
11167,29492,630.126,236.57772128636614,158.9619546332931,1.4882663076968554,0.7406212319286029,29728,193.77920593636824,0.7193170731707317,0.9920613562970937,0.9333817174574177,0.8190932133537954,0.008021759164735052,0.00222732038654054,0.6709136921622464,0.9984982434175709,DERMASON
11168,29493,639.0389999999999,239.42213526841104,157.25844325215843,1.5224755524541598,0.754043051466864,29860,193.78249119276526,0.7146699621983135,0.9877093101138646,0.9075573695070532,0.8093758372655053,0.008117930874051844,0.0021489487179334912,0.655089245949238,0.997357361633345,DERMASON
11169,29494,635.349,236.3936938830183,159.21856551968676,1.4847118683140574,0.7391586505014488,29830,193.78577639346724,0.7714278241309863,0.9887361716392893,0.9181609934152664,0.8197586543461858,0.008014975719909754,0.002232677598780419,0.6720042513754694,0.9977326875746625,DERMASON
11170,29495,631.626,227.81840938409866,165.4037898377316,1.377346973776106,0.6876593657868735,29906,193.789061538477,0.7847754363558961,0.9862569384070087,0.9290482441458604,0.850629508222715,0.007723967092188461,0.0024944910758196094,0.723570560259218,0.9966077214865152,DERMASON
11171,29495,636.061,233.80008176520917,160.93280521633073,1.45278075188541,0.7253928418909866,29825,193.789061538477,0.7339255499153976,0.9889354568315172,0.9161376451421367,0.8288665259453898,0.007926770020858084,0.0023078863810901858,0.6870197178327795,0.9980890222332075,DERMASON
11172,29501,640.6349999999999,240.59419281844464,156.51277292687695,1.5372176233236292,0.7594840025272526,29826,193.80877123915738,0.7080693164362519,0.9891034667739557,0.9032859970905243,0.8055421827467294,0.008155458893544104,0.0021182700004919847,0.6488982081843652,0.9974977613641313,DERMASON
11173,29505,629.9309999999999,230.3714326306187,163.423488651106,1.4096592511400876,0.704814863821742,29804,193.82190992612516,0.8159568584070797,0.9899677895584486,0.9343713650153685,0.8413452471639674,0.007807877737014699,0.0024132913134546413,0.7078618249253974,0.9978439700349917,DERMASON
11174,29505,635.978,233.03520061525876,161.71523633244422,1.4410219216215308,0.720021294550945,29868,193.82190992612516,0.77076802507837,0.9878465247087184,0.9166874755629396,0.8317280368562225,0.00789815965481304,0.0023314764704726056,0.691771527292706,0.9968579355823963,DERMASON
11175,29505,632.7439999999999,237.81863501848386,158.35882392012422,1.5017706568624112,0.7460582944412544,29835,193.82190992612516,0.7613800578034682,0.9889391654097537,0.9260819332080164,0.8149988326653242,0.008060282495118924,0.00219360270326378,0.6642230972458413,0.9975107570540722,DERMASON
11176,29507,629.1869999999999,230.83294387531114,163.3726832772877,1.4129225231829308,0.7064600808424114,29835,193.82847893563124,0.8154258553031559,0.9890062007709066,0.9366459056609462,0.8396915781671589,0.007822989252560787,0.0023990079426514433,0.705081946444854,0.9962261628215954,DERMASON
11177,29509,642.899,246.56848565632757,152.91426980417705,1.6124622376452158,0.784467790357712,29832,193.83504772251564,0.773479070011271,0.9891727004558863,0.8971784965817162,0.7861306655088399,0.008355704553062712,0.001968528871433863,0.6180014232533716,0.9965039578070595,DERMASON
11178,29513,646.689,243.97502742129132,155.38091611634215,1.5701736964828674,0.7709693779730642,29885,193.84818462850987,0.7227201488882359,0.9875522837543919,0.8868134561237329,0.7945410916740122,0.008266696961382825,0.0020322504639575657,0.6312955463585312,0.9912436615989464,DERMASON
11179,29518,639.648,242.68716983601124,155.1601621962744,1.5641074770791807,0.7689222861665469,29815,193.86460450915874,0.7902021148440637,0.9900385711889989,0.9065978813598037,0.7988251074012569,0.008221667112812902,0.002065125632609076,0.6381215522146295,0.9980906911042751,DERMASON
11180,29526,646.0,236.87437406916212,160.0258018226121,1.4802261346063201,0.7372936059893636,29989,193.89087342587948,0.8054009819967267,0.9845610057020908,0.8890976113055069,0.8185388317660213,0.008022569060121998,0.002221520761211909,0.6700058191088828,0.991760123783283,DERMASON
11181,29529,626.727,226.72413949737737,166.75948002327655,1.3595877095906683,0.6775061665609372,29793,193.90072335214384,0.7268498006202925,0.9911388581210352,0.9447171381839259,0.8552275191428692,0.007678016170455396,0.0025337015262565333,0.7314141094992667,0.9944216338964061,DERMASON
11182,29535,635.026,237.516724901764,159.00451224676175,1.4937734882212514,0.7428611367476846,29841,193.92042170373142,0.826755122606651,0.9897456519553635,0.9203729053495976,0.8164495438539587,0.008041873197960521,0.002204217198437472,0.6665898576593373,0.9957342568886959,DERMASON
11183,29537,630.915,234.19165564860958,160.96910461531002,1.4548857447414494,0.726336580251428,29812,193.9269873762868,0.8076838939021056,0.9907755266335704,0.9324692977986572,0.8280695861651984,0.007928755650492928,0.0022995991120168782,0.6856992395318031,0.9976140487748729,DERMASON
11184,29539,637.861,245.3380923901744,154.0219632868716,1.5928773218740444,0.7783789357953957,29847,193.93355282655958,0.8057555919258047,0.9896807049284685,0.9123333571897078,0.7904746912197254,0.008305565265925536,0.002000326260457831,0.6248502374589202,0.9953097728159256,DERMASON
11185,29541,632.72,234.82870603275143,160.3279520760036,1.4646772630229237,0.730657423091885,29817,193.94011805457228,0.7385434635865896,0.9907435355669585,0.9272822179307905,0.825879090044143,0.007949247013735197,0.002281243464152741,0.6820762713721417,0.9990216063262294,DERMASON
11186,29543,644.331,247.95138121309185,152.02108468901005,1.631032838111415,0.7899987595062051,29831,193.94668306034757,0.7279469741770156,0.9903456136234119,0.8942241722084151,0.7821964213769307,0.00839289785103381,0.001938005471566749,0.6118312416148769,0.9979168464563436,DERMASON
11187,29544,652.339,250.68730721096054,150.94614894836556,1.6607731231136849,0.7983986602617873,29923,193.9499654799032,0.6657502760438966,0.9873341576713565,0.8724337775783901,0.7736728581822004,0.008485218900993791,0.0018753064987222976,0.5985696914878154,0.9940884559334141,DERMASON
11188,29548,662.921,256.8856507880426,146.52852329542168,1.753144336752277,0.8213644925637307,29911,193.96309460264493,0.7633366917254385,0.9878639965230183,0.844917685612935,0.75505616607089,0.008693842249493792,0.0017430448116325225,0.5701098139216714,0.9994847916036725,DERMASON
11189,29551,636.078,231.87997527228418,162.65976733750495,1.4255521145013892,0.7126865829762026,29924,193.9729408615253,0.7614667078952794,0.9875350888918594,0.9178279864803506,0.8365230358238278,0.007846772538062475,0.002370186093899552,0.6997707894639132,0.997559728586588,DERMASON
11190,29552,644.9369999999999,243.00298183900662,155.22244328700904,1.5655144751824954,0.7693996953689861,29916,193.97622283675267,0.7019810917383249,0.9878325979409012,0.8928163933423257,0.7982462658226351,0.008222894620973423,0.002059453875757068,0.6371971008997811,0.9975412850029286,DERMASON
11191,29553,643.75,236.50230635607176,159.38176875905995,1.4838730188369047,0.7388115222152454,29910,193.9795047564517,0.7531345565749236,0.9880641925777331,0.8961422508826099,0.8202013238061246,0.008002649692284092,0.0022340630870473417,0.6727302115733192,0.9982462099100908,DERMASON
11192,29561,648.564,236.7114228443546,160.1198467928389,1.4783390540624795,0.7365025086260423,30075,194.0057581153615,0.7318528421469598,0.9829093931837074,0.8831272962709705,0.8195876472041932,0.008007558027277649,0.0022287506028369542,0.671723911449705,0.9930356918437057,DERMASON
11193,29562,711.4219999999999,244.24701546815433,156.32648745314773,1.562416065552276,0.7683462700047143,30831,194.00903953543218,0.7740364474235442,0.9588401284421524,0.7339882275880972,0.7943148830849386,0.008262195232668775,0.0020288316707351164,0.6309361334902395,0.9857847513025857,DERMASON
11194,29569,638.631,231.21608917913252,163.39041402687394,1.4151141641706277,0.707556509292078,29931,194.03200792207977,0.7771499158957107,0.9879055160201797,0.91105901405327,0.8391803901317406,0.007819543751196608,0.0023921173648122547,0.7042237271816604,0.9965569710797997,DERMASON
11195,29569,634.6859999999999,227.9803770875741,165.8994671332392,1.3742080130038978,0.6859041777201543,29964,194.03200792207977,0.8085147107076452,0.986817514350554,0.922419900445095,0.8510908280827444,0.0077101145486007,0.0024954233487373516,0.7243555976465715,0.9954152665501461,DERMASON
11196,29574,628.9159999999999,227.47408603668177,165.69991995500712,1.3728074587993062,0.6851156933945887,29893,194.048412248072,0.7444120016109544,0.9893286053591142,0.9395819073824129,0.8530572234798665,0.0076916915546318305,0.0025125475078404138,0.7277066265311788,0.9990010847196834,DERMASON
11197,29577,628.476,230.6839252282315,163.55405287641202,1.4104445666200978,0.7052121847806909,29930,194.05825417804806,0.7588516009852216,0.9882058135649849,0.9409934274408149,0.8412300683112309,0.007799436225047553,0.002409362372361252,0.7076680278309183,0.9981265248248787,DERMASON
11198,29580,693.583,247.41530909676322,152.59097968834865,1.6214281447178824,0.7871667317160352,30358,194.0680956089025,0.7593376973430882,0.9743724883062125,0.7727004300483136,0.7843819217064016,0.008364276845732361,0.0019530729447510364,0.6152549990998275,0.9975917717188356,DERMASON
11199,29594,628.4449999999999,224.4950928904597,168.17682673334102,1.3348753050645685,0.6624188895162317,29913,194.11401568895639,0.7377842042281612,0.9893357403135761,0.9416271736068199,0.864669303857223,0.0075858313472480805,0.002615670968353733,0.7476530050329345,0.9980235331757801,DERMASON
11200,29597,631.0319999999999,231.8941056603629,163.33214932519982,1.419770122528994,0.7098633992287027,29865,194.12385429288852,0.7798945981554677,0.9910262849489369,0.9340170201838252,0.8371228485522892,0.007835054419716962,0.002373441671381314,0.700774663568299,0.9949389299595783,DERMASON
11201,29597,634.299,233.2801412466241,162.5816764419017,1.4348489101106447,0.7171318798052588,30022,194.12385429288852,0.7718406091900067,0.9858437146092865,0.9244203621499394,0.8321490773089875,0.00788188469259128,0.0023313870710226243,0.6924720868661992,0.9935928191220095,DERMASON
11202,29600,642.141,232.85247142524543,162.5145146823795,1.4328103054692396,0.7161668647461891,30013,194.13369239820486,0.7142857142857143,0.9862392963049346,0.902071111714285,0.8337196990435604,0.007866637548150182,0.002344494162685061,0.6950885365732848,0.995930018415735,DERMASON
11203,29602,651.4609999999999,239.04218449055304,158.13338358203413,1.511649084309552,0.749919412867586,30002,194.14025085811105,0.7304266291608064,0.9866675554963003,0.8765043486389389,0.8121589554239682,0.00807520385415016,0.0021671920925243537,0.6596021688753511,0.997087014589019,DERMASON
11204,29602,638.641,235.68815958238275,160.12254677059124,1.4719236255969306,0.7337837804213977,29925,194.14025085811105,0.7601951720595789,0.9892063492063492,0.9120472238045018,0.8237166058834237,0.007961899857522558,0.0022610374664382344,0.6785090468081075,0.9987134961781071,DERMASON
11205,29607,636.061,229.87643565824882,164.21826366548007,1.3998225929761223,0.6997618083133479,29974,194.15664603864056,0.7302076653677305,0.9877560552478815,0.9196164522706641,0.8446130873861646,0.007764259656778762,0.002437311513115894,0.713371267383989,0.998593217264118,DERMASON
11206,29617,639.567,240.54432609226888,157.44051980380405,1.5278425553474124,0.7560466760390032,29943,194.18943224702346,0.7279944940146991,0.9891126473633236,0.9098689298113244,0.8072916763479824,0.008121832936903429,0.0021279220429155994,0.6517198507007356,0.9957253220652459,DERMASON
11207,29628,646.71,230.31778588485767,164.0233620764993,1.4041767158597758,0.7020160986072305,29994,194.22549068393005,0.7854718981972428,0.9877975595119024,0.8902111859637933,0.8432934952797299,0.007773652824519295,0.002425045577310854,0.7111439191811039,0.9985717329393721,DERMASON
11208,29628,647.754,241.40365018737933,156.52248991143543,1.5422937005664292,0.7613126668665973,29938,194.22549068393005,0.779807338000737,0.9896452668848954,0.8873439507905194,0.8045673316587001,0.008147821323996872,0.0021060604768272104,0.6473285911724008,0.9983708083617352,DERMASON
11209,29630,638.7049999999999,231.3154605939432,163.68571899111143,1.4131682471731344,0.7065833497983989,30031,194.2320460441656,0.784734360930134,0.9866471312976591,0.9127269698798548,0.8396846693491244,0.007806799210055457,0.0023939642935001575,0.7050703439399485,0.9963830220793761,DERMASON
11210,29634,638.975,240.93206838925414,156.79847777274225,1.5365714757668243,0.7592496077529338,29937,194.2451561009484,0.7247780468119451,0.9898787453652671,0.9120788965951214,0.8062237517802009,0.008130258095068305,0.002118880428002384,0.6499967379345428,0.9987664468517022,DERMASON
11211,29636,655.394,252.93190242878856,149.63108262068673,1.6903700621479052,0.8062415823757867,29983,194.2517107975404,0.7868312757201646,0.9884267751725978,0.8670108407680195,0.7680000384776721,0.008534616764367274,0.00183150772321626,0.5898240591017059,0.9970209314400802,DERMASON
11212,29636,628.137,229.89717356970675,164.58491903984407,1.3968301282455373,0.6981959937291237,29912,194.2517107975404,0.7871865703357416,0.990772933939556,0.9438885072114798,0.844950408834155,0.007757361775195936,0.002439038694364331,0.7139411933890057,0.9972545687213369,DERMASON
11213,29640,636.6649999999998,226.26597177988597,167.6085567454242,1.349966709179143,0.671770863035195,30021,194.26481952723768,0.7428571428571429,0.9873088837813531,0.9188954732510131,0.8585684272322691,0.007633804715920579,0.0025587064494905147,0.7371397442400921,0.9951141147369523,DERMASON
11214,29646,641.0999999999999,239.1682055509964,158.21544221031118,1.5116615812575176,0.7499242371156029,29965,194.2844809634023,0.6987531524736607,0.9893542466210579,0.9064094287164322,0.8123340663772978,0.00806746966035878,0.0021669843209191817,0.6598866353970761,0.9975252747150469,DERMASON
11215,29651,640.693,235.80287878813013,160.4537440249404,1.4696003525569197,0.732787915811089,30008,194.3008639737413,0.7135877936080093,0.9881031724873367,0.9077144534390301,0.82399699686585,0.007952611338171735,0.0022614762765979816,0.6789710508439397,0.9978160956961959,DERMASON
11216,29651,641.4889999999999,244.36800498092222,155.00889538685757,1.5764773006803903,0.7730659483309867,29936,194.3008639737413,0.7091674439740738,0.9904796900053447,0.9054631524255932,0.795115808998442,0.008241476003538573,0.002031918642996342,0.6322091497192468,0.9966633738148429,DERMASON
11217,29652,637.766,234.7056283821888,161.39352425091636,1.4542443971747905,0.7260496066712151,30044,194.30414041004644,0.7362383612662943,0.9869524697110904,0.9160963016119378,0.8278631481885318,0.007915338877046702,0.0022934193813714996,0.685357392128627,0.9966771475653817,DERMASON
11218,29658,638.4399999999999,230.7618013937684,163.9591046425971,1.4074351155844,0.7036847534567616,30082,194.32379786777392,0.7952059202059202,0.9859051924739046,0.9143480584137451,0.8420969011945906,0.007780760718651574,0.0024135155388106404,0.7091271910015321,0.9980505100312822,DERMASON
11219,29664,639.039,237.78247763842364,159.17501729508163,1.4938429514828826,0.742889188164363,29981,194.34345333718824,0.7359150561909251,0.9894266368700176,0.9128193743958639,0.8173161255082488,0.008015860222438768,0.002206430074607663,0.6680056490158157,0.9978955303330247,DERMASON
11220,29667,662.939,254.34309834061074,148.60258445383357,1.711565779797239,0.8115662992831266,30063,194.3532803264665,0.7034595594337609,0.986827661909989,0.8482743946512388,0.7641382117087872,0.008573266536576356,0.0018030748647990648,0.5839072065935034,0.9993955933824373,DERMASON
11221,29669,644.6099999999999,237.0415392081799,160.05430674655787,1.4810069408724469,0.7376198022922931,30108,194.3598313766184,0.7584681851880256,0.9854191576989505,0.8972608020998518,0.8199399650620871,0.007989535852512046,0.002227560627060715,0.6723015463060168,0.9956832564384899,DERMASON
11222,29671,655.3759999999999,259.94007756959275,145.68875262158832,1.7842151359807479,0.828174369816929,29984,194.36638220596947,0.6543822504521194,0.9895610992529349,0.8680824592424705,0.7477353397108706,0.008760745427171068,0.0016893220507966493,0.559108138252531,0.9975692029201826,DERMASON
11223,29672,637.0930000000001,235.3980568610498,160.69601857824844,1.4648655202768845,0.7307394023552425,30034,194.3696575378517,0.7894848871860366,0.9879469934074715,0.9186519847484339,0.825706295666594,0.007933339743227616,0.0022747737061996503,0.6817908867034487,0.9987319619708858,DERMASON
11224,29676,651.2779999999999,240.10818420046147,159.43236584354773,1.5060190754246323,0.7477306066779922,30383,194.38275831349006,0.7120303277508517,0.9767304084520949,0.8791893330837087,0.8095632348425235,0.008090988819263427,0.00214380101440348,0.6553926312086907,0.9870338044930294,DERMASON
11225,29680,639.89,246.2625964883216,153.72767681281954,1.6019405327264107,0.7812303147875003,30009,194.39585820623756,0.72659616137877,0.9890366223466294,0.9108840851847578,0.7893844253179403,0.008297257294080916,0.0019873233444005303,0.623127770934535,0.9982136333274897,DERMASON
11226,29687,655.459,236.98343749837449,160.93389242625452,1.4725514552937846,0.7340518581892801,30352,194.41878089462648,0.7831121897174813,0.978090405904059,0.8683306170293212,0.8203897409326761,0.007982734445999073,0.002230551877049823,0.6730393270275833,0.9910850404844174,DERMASON
11227,29688,638.3820000000001,233.44724250789452,162.2840607257628,1.4385099896063573,0.7188514168545372,30054,194.42205534377396,0.7866454689984101,0.9878219205430225,0.9154392714781685,0.8328308068886235,0.007863353627994292,0.0023335370259973637,0.6936071529027558,0.9977608183130385,DERMASON
11228,29688,634.872,231.26209012622522,163.83024069546138,1.4115958637704176,0.7057930685366716,30068,194.42205534377396,0.715752929263706,0.9873619795131037,0.9255895826816198,0.8407000699408036,0.00778974973478258,0.0024003114787950726,0.7067766075984722,0.9976829358956908,DERMASON
11229,29689,641.296,243.4937651870095,155.9493789628043,1.5613641221686785,0.7679868637322851,30002,194.42532973777426,0.7363343253968254,0.989567362175855,0.9071693563760708,0.7984817582021067,0.008201480857792768,0.0020565157209128868,0.6375731181815275,0.9954837919878478,DERMASON
11230,29694,635.7139999999999,239.44474373112004,158.36808930208335,1.511950701598634,0.7500358053718811,30015,194.4417008806648,0.7814004894608036,0.9893053473263368,0.9233258970995359,0.8120524921566432,0.008063741622250962,0.002162981378434981,0.659429250017815,0.9970245172190966,DERMASON
11231,29694,647.147,242.36622912170154,156.36630730110642,1.5499901053171867,0.7640429276108015,30138,194.4417008806648,0.7114721104082806,0.9852677682659765,0.8909897003899964,0.8022640018177947,0.008162128009756232,0.0020857026191987414,0.6436275286127024,0.9976163008594433,DERMASON
11232,29701,643.6519999999999,250.32289400355123,151.6272300606279,1.6509098919993461,0.7956728676493706,30035,194.46461816530808,0.8081904761904762,0.9888796404195106,0.9009043619813684,0.7768551052407907,0.008428096495187071,0.001893517653847657,0.6035038545386799,0.9963304833176412,DERMASON
11233,29702,631.1759999999999,226.44722025252804,167.56508504451514,1.3513985935218564,0.6726353286253657,30053,194.4678918426479,0.7285616169544741,0.9883206335473996,0.9369029452387796,0.8587780041008336,0.007623972131591409,0.0025579067743973526,0.7374996603274115,0.9966560036893108,DERMASON
11234,29704,642.7610000000001,235.05128834407668,161.92818065361408,1.4515774054602804,0.7248509417333282,30103,194.47443903200562,0.7337582135269997,0.9867455070923163,0.9034950234002446,0.827370232267465,0.007913119052790085,0.002287320531755758,0.684541501242319,0.9936649763032108,DERMASON
11235,29707,642.324,239.71107808957453,158.51059203647966,1.5122716722577592,0.7501595699420757,30132,194.48425940277912,0.6973474178403756,0.9858953936014868,0.9048161868721823,0.8113277907419232,0.008069178243833929,0.002156723551321917,0.6582527840301697,0.9954570384736303,DERMASON
11236,29708,641.595,226.56663793849472,167.6910497932015,1.3510955904796307,0.6724527197151222,30162,194.48753274951127,0.7108877721943049,0.984947947748823,0.9069040423145426,0.8584120527149639,0.007626452064713031,0.0025543801745945656,0.7368712522463178,0.9955834996612037,DERMASON
11237,29709,639.8240000000001,238.63033044538446,158.7243582734245,1.5034260213187376,0.7467120301061403,30042,194.49080604115184,0.717435402076793,0.9889155182744158,0.9119622147968858,0.8150296975164485,0.008032257243440859,0.0021863068015396327,0.6642734078337535,0.9986859266073393,DERMASON
11238,29709,639.387,238.9270984053885,158.74393626935685,1.5051100786613782,0.7473743011337557,29986,194.49080604115184,0.7216176827787224,0.9907623557660241,0.9132092332007202,0.8140173606894876,0.008042246403628142,0.0021781701742994786,0.6626242635038795,0.9973224573652619,DERMASON
11239,29709,649.795,240.33771595182927,157.63308678549788,1.5246654167146598,0.754863776281028,30099,194.49080604115184,0.7984358622913811,0.9870427588956444,0.8841891214788709,0.809239637111861,0.008089727555684448,0.002140041745465204,0.6548687902729365,0.998455797014912,DERMASON
11240,29709,639.255,236.92780616962375,160.11946547453425,1.4796939614272273,0.7370709019142304,30013,194.49080604115184,0.7386256277658992,0.9898710558757872,0.9135864099590734,0.8208863669716758,0.007974950559413772,0.0022337776147772852,0.6738544274799568,0.9970983272230938,DERMASON
11241,29713,633.554,236.4779964644124,160.39946743688205,1.4743066186143519,0.7347989646198653,30001,194.5038986568544,0.7756950789714137,0.9904003199893336,0.9302273249459583,0.8225031570162399,0.007958738480275045,0.0022468510940993934,0.6765114433016813,0.9973852984280165,DERMASON
11242,29715,638.8109999999999,241.80032460744533,156.89643535916187,1.5411460690864291,0.7609011946894142,30059,194.51044463422872,0.6993739408774242,0.9885558401809774,0.9150415753578136,0.8044259036873084,0.008137315315747781,0.0021018663431166297,0.6471010345231428,0.997277215657103,DERMASON
11243,29715,653.335,247.3275145805082,153.28767957590833,1.6134859322339157,0.7847786949641548,30100,194.51044463422872,0.7725204731574158,0.9872093023255814,0.8748100215933078,0.7864488711016951,0.008323322045448703,0.0019640766604373605,0.6185018268571308,0.9979439966949575,DERMASON
11244,29721,630.611,229.3128919884655,165.36975940461386,1.3866676278303132,0.6927754694969042,29989,194.53008124471077,0.7697746697746698,0.9910633899096335,0.9391829454026328,0.8483172470499203,0.007715517377896622,0.0024647791029198825,0.7196421516423555,0.9979044753046075,DERMASON
11245,29722,657.8019999999999,251.64505817570802,150.42710465277509,1.6728704494882776,0.8016639847125716,30104,194.5333538204143,0.6937908496732026,0.9873106563911772,0.8631723391557824,0.7730465888369794,0.00846662600685378,0.0018651459068606648,0.5976010285124899,0.999709101182346,DERMASON
11246,29725,639.8149999999999,244.4088402536031,155.303735246978,1.573747340106934,0.7721617578079782,29972,194.54317121722033,0.7473099356395817,0.9917589750433738,0.9124790290925802,0.795974364165219,0.008222332725100189,0.002035968866075728,0.6335751884082249,0.9970872675151936,DERMASON
11247,29728,633.777,242.01324736778935,156.7781765148043,1.5436666808338368,0.76180343957184,29952,194.55298811862778,0.8126845270639694,0.9925213675213675,0.9300420986316497,0.803893961320903,0.008140919246763636,0.0020972406888776123,0.6462455010482134,0.9975876476068954,DERMASON
11248,29731,646.5909999999999,245.06872903639362,154.85075008957492,1.5826124761722578,0.7750771390040064,30058,194.56280452471157,0.7137952559300874,0.989121032670171,0.893634794971178,0.7939111827515875,0.00824286869047101,0.002019974195477756,0.6302949660980245,0.9975126770153039,DERMASON
11249,29732,638.9219999999999,237.7442840216993,159.4801852647209,1.4907449701482849,0.7416332744276388,30013,194.56607655001386,0.7429285357321339,0.9906373904641322,0.9152469772983741,0.8183838250860135,0.007996242567661082,0.0022125539622654448,0.6697520851624148,0.9984295522021958,DERMASON
11250,29734,640.924,237.45796569268617,159.7690592940969,1.4862575190831062,0.7397963001371485,30046,194.5726204355467,0.758597816103684,0.9896159222525461,0.909599330890251,0.8193981611354284,0.007986075391561383,0.0022207164441145587,0.6714133464721216,0.9978931346069414,DERMASON
11251,29741,641.8149999999999,237.3907688324185,160.00589867489288,1.4836376083531748,0.7387139707142232,30077,194.59552230194936,0.8078720052154071,0.9888286730724474,0.9072891248347725,0.8197265768127672,0.007981936344857889,0.0022231260416206737,0.6719516607331776,0.9969327548591156,DERMASON
11252,29756,635.4819999999999,237.75588754364634,159.7211443859825,1.4885686454204514,0.7407450219432118,30124,194.6445886561954,0.7378130424001984,0.987783826849024,0.9259294696996755,0.8186741058955407,0.007990183073788357,0.0022140157678955906,0.670227291663863,0.9976793316758942,DERMASON
11253,29760,656.499,248.0332937058998,153.1977688906503,1.6190398561413861,0.7864530834275784,30254,194.6576709285263,0.6839492553778268,0.983671580617439,0.8677101010188092,0.7848046043340354,0.008334452073450934,0.0019503070271916056,0.6159182669839021,0.9971962223724687,DERMASON
11254,29765,639.2059999999999,239.92635190263172,158.197311599711,1.5166272389616893,0.7518292966624274,30121,194.67402253264845,0.7103140511645666,0.9881810032867435,0.9154488113781589,0.8113907496565953,0.00806068711246873,0.0021551228675628026,0.6583549486282917,0.998479047994891,DERMASON
11255,29767,637.316,233.01948037304086,163.1492513584624,1.4282595747930433,0.7139929959295511,30108,194.68056278974433,0.786654334038055,0.9886741065497542,0.9209483795779473,0.8354690452406822,0.007828114367354483,0.002352655722728921,0.6980085255553771,0.9969373599116421,DERMASON
11256,29784,636.0369999999999,234.91998223062046,161.6668634501523,1.4531115233954837,0.7255414908256773,30088,194.73614610644856,0.7576312576312576,0.9898963041744216,0.9251840271608186,0.8289467088213742,0.007887455755795745,0.002297328737510103,0.6871526460657884,0.9985094283298954,DERMASON
11257,29790,657.9029999999999,262.8507582671087,144.56082201374772,1.818271054394749,0.8351824298702499,30136,194.75575996016264,0.7290213640701857,0.9885187151579506,0.864881552101279,0.7409366487817092,0.008823456135183238,0.0016403737111588704,0.5489871175078699,0.9982073850001685,DERMASON
11258,29791,629.87,231.67071358233497,164.05257032801543,1.4121736289722266,0.7060838634677288,30080,194.7590287437407,0.7433811603243917,0.9903922872340426,0.9436112233402054,0.840671769565401,0.007776533637082843,0.002395916466952461,0.7067290241442229,0.9980240907257476,DERMASON
11259,29793,630.5269999999999,229.410942887558,165.95839705506327,1.3823400741297944,0.6904176570468774,30125,194.76556614631525,0.8123517382413088,0.9889792531120332,0.9417090061965424,0.848981150135355,0.007700162551188467,0.0024675834397204183,0.7207689932851504,0.9963478636082519,DERMASON
11260,29793,640.3050000000001,239.75715173550537,158.40709936544664,1.5135505460041498,0.7506517131560505,30116,194.76556614631525,0.7413960432997387,0.9892748040908487,0.9131672223696503,0.8123451781791944,0.008047432341003101,0.002161720418440981,0.659904688510987,0.9987991016065028,DERMASON
11261,29795,641.153,234.75262724944605,162.19632893113194,1.4473362547503852,0.7229269741192467,30161,194.77210332946598,0.804878707655735,0.9878651238354166,0.9108144171400296,0.8296908350359072,0.007878926908858736,0.002303095811801167,0.6883868817425812,0.9963272912406036,DERMASON
11262,29811,638.922,240.3819414748947,158.85792061905337,1.51318826620763,0.7505124580647258,30123,194.82439289806584,0.7699519603285294,0.9896424658898516,0.9176788524230398,0.8104784897846129,0.008063531631776684,0.0021462041439357597,0.6568753824035469,0.9939761210136973,DERMASON
11263,29815,631.602,228.8520262500515,166.33613323464198,1.375840725642104,0.6868191877294476,30149,194.83746309752362,0.7994154869154869,0.988921688944907,0.9391991364619978,0.8513687481387541,0.007675734571526128,0.002487542604145681,0.7248287453073493,0.9972489069099191,DERMASON
11264,29817,654.9399999999999,249.93937983657347,153.51276584946064,1.6281341714712623,0.7891504077960237,30306,194.84399786847,0.7611037369818257,0.9838645812710355,0.8735158273007783,0.7795650209097567,0.008382445579252556,0.0019096768422454035,0.6077216218260294,0.9894523392368941,DERMASON
11265,29819,659.3879999999999,251.4298096082386,151.7986597791368,1.6563374800150579,0.7971800072910418,30224,194.85053242025748,0.7898654375927103,0.9866000529380625,0.8618285172319485,0.7749698920898074,0.008431865911272632,0.0018760429439794123,0.6005783336456878,0.9947604037023413,DERMASON
11266,29821,638.896,239.95177839411193,158.62490289029657,1.512699292620278,0.7503243040064892,30101,194.8570667529081,0.8031943546649429,0.9906979834556991,0.918061401539608,0.8120676081544291,0.008046402816609502,0.002158491206023011,0.6594538002136555,0.997555297098951,DERMASON
11267,29833,626.4449999999999,229.64676414224553,165.51296162377284,1.3874850760283965,0.6932174755222208,30095,194.89626814817186,0.7465715715715716,0.9912942349227446,0.9553024634066505,0.8486784861791091,0.007697742906923391,0.002463292230955813,0.7202551729032645,0.9993433033355317,DERMASON
11268,29837,638.618,236.89073766317264,160.7829872768208,1.4733569868018237,0.7343951682738654,30188,194.90933352783046,0.753269376420096,0.9883728633894263,0.9193538680248995,0.8227815720045829,0.007939495849555004,0.0022444550562967054,0.6769695152303328,0.9974177651164543,DERMASON
11269,29840,641.576,233.55305565033993,162.96289307399107,1.4331670924883395,0.7163361484739054,30170,194.91913198785093,0.7781776456475251,0.9890619821014253,0.9109875961557057,0.8345818103089641,0.007826845028496647,0.002342298054977042,0.6965267980985878,0.9982392860711657,DERMASON
11270,29842,637.688,230.4321649688244,165.44654766451188,1.3927892012354868,0.6960598744519426,30196,194.92566402089471,0.7594930265702942,0.9882765929262154,0.9221918951356974,0.8459134342085731,0.007721739996274526,0.002438926011659356,0.715569538174542,0.9966375255025666,DERMASON
11271,29842,648.297,245.63867287212497,155.10950173712442,1.5836468438176474,0.7754134076976363,30177,194.92566402089471,0.7988756525230892,0.9888988302349472,0.8922565941226746,0.7935463163911876,0.008231307314259265,0.002013435395349797,0.6297157562580228,0.9972473699002606,DERMASON
11272,29842,636.204,229.49117057334735,165.97559608277226,1.3826802011236627,0.690604065510059,30146,194.92566402089471,0.7271442495126705,0.9899157433822066,0.9264990949709374,0.8493819763693035,0.0076902074449885175,0.0024690505554647527,0.721449741781024,0.9975342740664008,DERMASON
11273,29846,641.989,241.6839913140645,157.72237209562013,1.5323380450272595,0.7577047470436187,30187,194.93872743035354,0.8072595477658768,0.9887037466459072,0.9099988113208943,0.8065851874195248,0.008097701243518881,0.0021141825361066934,0.6505796645645899,0.9969079713333938,DERMASON
11274,29847,636.68,235.8150004891549,161.77462231377442,1.4576760997270228,0.7275794209128654,30207,194.9419931459366,0.7646214935314462,0.9880822325950939,0.9252692609625555,0.8266734208662098,0.007900794066041977,0.0022760741301125365,0.6833889447666417,0.9961597316040042,DERMASON
11275,29847,661.7969999999999,238.7327093164746,159.57719137003468,1.4960327805424936,0.7437709667489544,30349,194.9419931459366,0.7527996368038741,0.9834590925565917,0.8563690465997458,0.8165701034604056,0.007998549580074198,0.0021936377200050487,0.6667867338653377,0.9975348114934088,DERMASON
11276,29850,632.695,225.91558141356055,168.59364207695936,1.3400005992541224,0.6656452434397098,30231,194.95178996445406,0.747801688503645,0.9873970427706659,0.9370556740425497,0.8629408770507766,0.007568361186383938,0.0025888433942229507,0.7446669572851635,0.997854169006863,DERMASON
11277,29852,637.012,231.06917226789324,164.7323598722919,1.4026944824139511,0.7012518603542067,30185,194.95832090329992,0.7334643734643734,0.9889680304787146,0.9244598830961338,0.8437227648752396,0.0077404921703032705,0.0024196213452050428,0.711868103968719,0.9985334616434032,DERMASON
11278,29859,647.2339999999999,241.32054144739928,157.81631245688303,1.5291229258276482,0.7565207754684691,30290,194.9811774665627,0.7571700266260936,0.985770881479036,0.8956997981723399,0.8079758826045185,0.008082003464529933,0.0021246744021406884,0.6528250268705507,0.9982497151418094,DERMASON
11279,29860,649.6300000000001,244.2634777663284,155.85350073289376,1.567263337799221,0.7699909006918545,30257,194.9844424711673,0.7909514727696546,0.9868790693062762,0.8891346238492456,0.7982545907157547,0.008180290615081326,0.002048869015687277,0.6372103915987771,0.998676485217448,DERMASON
11280,29860,651.293,246.6331555497189,154.7007235556262,1.594259870808143,0.7788177239744102,30256,194.9844424711673,0.7601058955299868,0.986911686938128,0.8845998196228098,0.7905848750812431,0.008259650219347586,0.0019903773677850257,0.6250244447072247,0.9964513904708715,DERMASON
11281,29863,629.9399999999999,228.482019858871,166.78283067591073,1.369937294701833,0.6834894208732306,30127,194.9942371569636,0.8067156518450483,0.9912370962923623,0.9456815716275371,0.8534336193167753,0.007651006926928675,0.0025036715018899457,0.7283489425801304,0.9977923799971645,DERMASON
11282,29865,644.7180000000001,239.4433801826123,159.31443575949842,1.5029609780250974,0.7465286513925259,30205,195.00076667417397,0.7527220485936083,0.9887435854990896,0.9028857361212367,0.8143919724381438,0.008017524867993045,0.0021754745892938756,0.6632342847716903,0.9968152493002355,DERMASON
11283,29878,636.549,240.03864885389592,158.883683719983,1.510782247955307,0.7495844163722057,30181,195.04320320789748,0.7572101981854124,0.9899605712203041,0.9266115441136613,0.81254916297506,0.008033959731370771,0.002160269839914595,0.6602361422514706,0.9974730431720166,DERMASON
11284,29882,649.082,247.4278467654473,154.77925667890727,1.598585314818648,0.7801815933050357,30213,195.05625874546075,0.6714301763846758,0.9890444510641114,0.8912927914835761,0.788335918108551,0.008280163535420899,0.001972713125932449,0.6214735197800519,0.9934784422690476,DERMASON
11285,29883,640.661,239.1823427834963,159.5339072807641,1.4992570975056652,0.7450603933708975,30178,195.05952249331705,0.7042064333686815,0.9902246669759427,0.914908124658719,0.8155264315220858,0.008003960204246438,0.002183920617938278,0.6650833605111475,0.9971309486792569,DERMASON
11286,29891,640.169,237.00844176600697,160.84265090939905,1.4735422503046862,0.7344740235716776,30197,195.0856305104985,0.7814640522875816,0.9898665430340763,0.9165602723091459,0.8231168014812826,0.00792909042072888,0.0022451688061264296,0.6775212688807773,0.9983562151758669,DERMASON
11287,29893,646.4399999999999,240.16059620158327,158.8738063041651,1.5116437491388228,0.7499173532638773,30316,195.09215696887514,0.7612172141583906,0.9860469718960285,0.8989238909838755,0.8123404091032523,0.008034007834663074,0.0021580636170571957,0.6598969402620395,0.9975290848229469,DERMASON
11288,29897,644.523,241.83179859171406,157.72788383477635,1.5332216011028115,0.7580284913105519,30205,195.10520923067932,0.7069185661590844,0.9898030127462341,0.9044001707524761,0.8067806234203158,0.008088831608245445,0.0021139143833757076,0.6508949743264735,0.9979662346866093,DERMASON
11289,29899,632.3209999999999,223.42581151524922,170.88333391917357,1.3074757285630196,0.6442291248015191,30217,195.1117350341507,0.7958211338834176,0.9894761227123805,0.9397045212590072,0.8732730283530109,0.007472685090312359,0.0026807519532117854,0.7626057820488386,0.9970885504906766,DERMASON
11290,29900,633.4830000000001,229.69306554302563,166.07383376028253,1.3830779981545653,0.6908218421614194,30267,195.11499785403828,0.7326815163321816,0.9878745828790432,0.9362915908184148,0.8494596795630721,0.0076820423258537,0.0024673316874187982,0.7215817472033972,0.9980038384269483,DERMASON
11291,29909,646.672,239.76304806249908,159.30467561516178,1.5050597048494896,0.7473545319193703,30387,195.14436077807625,0.7108496732026144,0.984269588968967,0.8987598079245558,0.813905071507132,0.008016418070229667,0.0021699770440335364,0.6624414654250297,0.9970139564326586,DERMASON
11292,29912,646.3560000000001,241.75107102905977,157.93750191423473,1.5306755400015037,0.7570936902343184,30313,195.15414743765552,0.7650519208143639,0.9867713522251179,0.8997290580972683,0.8072524626548477,0.008082076458580495,0.002117094440556665,0.6516565384623163,0.9974747239063168,DERMASON
11293,29913,635.697,233.25490326797438,163.5380393891173,1.4263036547293744,0.7130502050561506,30208,195.15740954845378,0.7794715447154471,0.990234375,0.9301853840777801,0.8366701270337182,0.007797776995552916,0.002357043650784776,0.7000169014706182,0.9984366649398752,DERMASON
11294,29915,637.982,238.2187423824268,160.17077987906313,1.4872796558916286,0.7402165847593211,30243,195.1639336064745,0.729491806476785,0.989154515094402,0.9235959497771349,0.8192635543897137,0.007963187109557974,0.0022128971246760144,0.6711927715512674,0.9982513543097175,DERMASON
11295,29920,641.5669999999999,236.3747198797559,161.46346089395126,1.4639517731817115,0.730341116314138,30221,195.1802427974616,0.7614394055072021,0.9900400383839052,0.9134555497998184,0.825723846004979,0.007900224594911628,0.002265471002268457,0.6818198698612544,0.9981514074739071,DERMASON
11296,29921,652.57,245.93193024980556,155.3999689249954,1.582573870194954,0.7750645727660225,30344,195.18350447212697,0.6939007421150278,0.9860598470867388,0.8829411527171436,0.7936484875057467,0.008219375363450606,0.0020115523933029672,0.6298779217201592,0.9968283403270267,DERMASON
11297,29923,633.899,229.5402991628909,166.3706019276856,1.3796926650698933,0.6889602794470043,30216,195.19002765794738,0.8205950911833265,0.9903031506486629,0.9357823794776753,0.85035189188907,0.007671032288303008,0.0024741629696126144,0.7230983400393207,0.9976534758764664,DERMASON
11298,29925,647.57,237.71403084108044,161.00484849466633,1.4764402007990167,0.7357025485412612,30321,195.19655062577246,0.7853094000944734,0.9869397447313742,0.8967483394789165,0.8211402159776917,0.00794366017848222,0.002227766711464001,0.6742712542958901,0.9955211860856289,DERMASON
11299,29928,654.766,239.8804066453604,159.8485047953502,1.50067344672678,0.7456234750189494,30304,195.2063346688164,0.7773506493506493,0.9875923970432946,0.8772337251648353,0.8137652315947995,0.00801525015521787,0.0021681701750067123,0.6622138521525376,0.9937667439799669,DERMASON
11300,29928,645.7309999999999,241.69015879833162,158.11289039142153,1.528592375991658,0.7563245024779931,30331,195.2063346688164,0.7145108150694743,0.986713263657644,0.9019537873341635,0.8076718375268985,0.008075720355464168,0.002119828828523754,0.6523337971340767,0.9971524689008385,DERMASON
11301,29930,640.443,235.26985040803174,162.34814336497246,1.4491687156478599,0.7237609574180022,30245,195.21285709174848,0.7803212013765773,0.9895850553810547,0.916971028518339,0.8297402185328385,0.00786066991005786,0.002298306195620401,0.6884688302509226,0.997707490498314,DERMASON
11302,29938,637.143,230.8104162788886,165.46357746842872,1.3949318624089846,0.6971956572061399,30268,195.23894460450586,0.7815485824674986,0.9890973965904586,0.9267419364275654,0.8458844611613989,0.00770961374436798,0.002434762315430963,0.71552052163431,0.9981023738351964,DERMASON
11303,29948,636.964,231.19414693863172,165.46640217465583,1.397227134331463,0.6984045095743792,30305,195.2715490944051,0.7338037832010194,0.9882197657152285,0.9275726044784746,0.8446215082868774,0.007719852642534784,0.0024234681666259516,0.7133854922607997,0.9967615670251972,DERMASON
11304,29957,645.43,240.60795955568904,158.7911787943465,1.5152476439973093,0.7513023812404159,30376,195.30088848141799,0.7416567637155872,0.9862062154332367,0.9036700477862123,0.8116975383610089,0.008031777532986915,0.0021506431195397625,0.6588528937813216,0.998325295042957,DERMASON
11305,29958,659.487,241.8081891157132,158.92265645789044,1.5215463578648702,0.7536934623041277,30426,195.3041481412415,0.7660912926735711,0.9846184184578979,0.8655859578898666,0.8076821089288339,0.008071573172965925,0.002118847998290052,0.6523503890837284,0.9925813585620782,DERMASON
11306,29961,631.511,223.43301033762123,171.04756185099444,1.3062624682850585,0.6433848142330736,30299,195.31392679430263,0.797726183502849,0.9888445163206706,0.9440702869578984,0.8741498245902478,0.007457461711478964,0.0026860512453790062,0.7641379158311613,0.998164680043813,DERMASON
11307,29970,639.615,239.80713561413992,159.43097889401827,1.5041439077756131,0.7469946893911119,30256,195.3432598164391,0.7653217568947907,0.9905473294553147,0.9205753183030457,0.8145848509310201,0.008001572759897895,0.00217320371091052,0.6635484793663122,0.9980724027526106,DERMASON
11308,29983,637.582,231.8095088438759,164.8285852572307,1.4063671570202163,0.7031395558782688,30312,195.38562196281072,0.7623442664632596,0.9891462127210345,0.9268572542184437,0.8428714720861743,0.007731364734812257,0.0024070291202328976,0.7104323184567145,0.9991286799632506,DERMASON
11309,29986,650.0139999999999,246.3149673796374,155.895707164042,1.5799983967515623,0.7742237121276054,30489,195.3953965384768,0.691208335254253,0.9835022467119289,0.8918318526098408,0.793274556626192,0.008214332267712846,0.0020065321780510814,0.6292845221904815,0.9942685361615334,DERMASON
11310,29987,647.9789999999999,248.8178134759691,153.6975582020234,1.6188794173874745,0.7864050059499957,30330,195.39865462170746,0.7349754901960784,0.9886910649521925,0.8974722337041701,0.785308141294229,0.008297522709039554,0.0019466533059259794,0.6167088767829968,0.9983773071441419,DERMASON
11311,29990,641.991,236.87327066904368,161.7399265716175,1.4645318301424946,0.7305940643560522,30358,195.40842854546352,0.745927123492103,0.9878779893273602,0.9143836464804913,0.8249492565941967,0.007898408491798722,0.0022564634107588,0.6805412759553179,0.9966743603623502,DERMASON
11312,29994,633.1840000000001,232.99045080338487,164.07545086305407,1.4200201771674597,0.7099864413112924,30305,195.4214596833891,0.7662477007970571,0.9897376670516417,0.9401223704988968,0.8387530862726242,0.0077679019405009295,0.0023714830346819363,0.7035067397318523,0.998993765192527,DERMASON
11313,30006,652.956,238.61386194586092,160.4317124714975,1.4873235364127486,0.7402346029238237,30456,195.46054788453677,0.7299131577026928,0.985224586288416,0.8844028532883188,0.8191500120344425,0.007952204957203923,0.0022086204827586483,0.6710067422160273,0.9980041207895394,DERMASON
11314,30012,634.1679999999999,229.1646597549099,167.0001639280259,1.372242124586631,0.684796479355729,30308,195.48008905408167,0.7654560293817588,0.990233601689323,0.9377696090550678,0.8530114951543852,0.007635767684756428,0.002493744782552458,0.7276286108655198,0.9984826308841198,DERMASON
11315,30015,641.881,236.16600324414694,162.11714543544136,1.456761421562246,0.7271730383813582,30321,195.48985890635328,0.7899515738498789,0.9899079845651528,0.9154595733424948,0.8277646071871618,0.007868265975150656,0.0022786950455685484,0.6851942449117163,0.9981645422638615,DERMASON
11316,30017,634.7249999999999,231.42030173600756,165.46944126581184,1.398568218794258,0.6991071040840124,30345,195.4963718699541,0.7282851319875776,0.9891909705058494,0.9362804187767885,0.8447675955974093,0.007709641261152265,0.002421937427924051,0.7136322905714283,0.9980634414985488,DERMASON
11317,30019,643.0409999999999,244.2274879692476,157.05247000967867,1.555069385118213,0.7658173740422054,30350,195.5028846165827,0.770567548835896,0.9890939044481054,0.9122812656383043,0.8004950066931035,0.008135763615351864,0.002060689666682155,0.6407922557405918,0.9964764191230348,DERMASON
11318,30029,637.309,234.25338432016989,163.940039919223,1.4288967139180389,0.7142990057080879,30398,195.5354450959012,0.7854209714121309,0.9878610434897033,0.9290746936096063,0.8347176953851378,0.0078009052689123805,0.0023360559921362283,0.696753630989076,0.9955889737307526,DERMASON
11319,30033,637.682,235.95648515079586,162.38133161335827,1.4531010603646568,0.7255367907537005,30355,195.54846776958172,0.7855461393596986,0.989392192390051,0.9281117344782228,0.8287480110775932,0.0078565739403588,0.0022861407316027787,0.6868232658650666,0.9980236159116448,DERMASON
11320,30034,642.312,242.20806095101867,158.14411835131983,1.5315654067699778,0.7574210712229903,30360,195.5517233024958,0.7550784392598552,0.9892621870882741,0.914810138004822,0.8073708304119651,0.008064462307751838,0.0021137197137078957,0.6518476578001061,0.9983473231706769,DERMASON
11321,30035,652.1289999999999,250.85675960451854,152.73413922749583,1.6424406545472465,0.7932853660286202,30333,195.55497878121284,0.7665118415679869,0.9901757162166617,0.8875043147265433,0.7795483729021684,0.008352147814367189,0.0019026119148371112,0.6076956656944185,0.9981040669286653,DERMASON
11322,30035,634.05,229.51786434916593,167.22451402687312,1.3725132686723325,0.6849496477306115,30347,195.55497878121284,0.7901867929492239,0.9897189178501994,0.9388376258836855,0.8520250889216828,0.007641680184756648,0.0024841519307496843,0.7259467521520017,0.9963715496782074,DERMASON
11323,30036,633.1229999999999,231.99757155207786,164.97004145460258,1.4063012260072705,0.7031058432181054,30322,195.5582342057356,0.7958242806422553,0.9905679044917881,0.9416202249348832,0.8429322466499934,0.00772398360474357,0.0024054247704960127,0.7105347724424056,0.999225921606552,DERMASON
11324,30042,648.527,246.42170012452868,155.51095023500562,1.5845938807019069,0.7757205807572894,30352,195.57776561494344,0.693554344814849,0.9897865050079072,0.897599459536252,0.79367103431276,0.008202573068521693,0.002007668444938919,0.6299137107070862,0.9981574113566801,DERMASON
11325,30051,631.405,225.00010488580682,170.5621988771627,1.3191674730216734,0.6521919498811769,30343,195.6070590721009,0.7571428571428571,0.990376693141746,0.9472241435792119,0.8693643017249986,0.007487275128475153,0.002638218532731444,0.7557942891137945,0.9970192424944563,DERMASON
11326,30052,644.176,248.4670972393002,154.2009170967574,1.6113204896401039,0.7841201868270542,30340,195.6103136298828,0.7262094630515683,0.9905075807514832,0.9100686698666138,0.7872684786166649,0.00826790553837682,0.0019591456367382657,0.6197916574233981,0.9986829969143213,DERMASON
11327,30057,642.063,239.88142093110594,160.06781237241174,1.4986237231317991,0.7448079351424821,30433,195.62658560662143,0.8052348166206768,0.9876449906351658,0.9162209289892493,0.8155137019252754,0.007980883685367998,0.0021774881147858384,0.6650625980278669,0.996678586772229,DERMASON
11328,30057,633.911,234.20134615781126,163.71451354601223,1.4305472440107676,0.7150892270389608,30379,195.62658560662143,0.7771084337349398,0.9894005727640804,0.9399373760394435,0.8352923192627719,0.0077919069154543455,0.002339793177484405,0.6977132586193804,0.9981117792277266,DERMASON
11329,30063,648.1,250.3079922220753,153.49839196081604,1.630688041904518,0.7898981327795035,30410,195.64611019228875,0.7895110037291875,0.9885892798421572,0.8994108823326775,0.7816215073896239,0.008326114899447006,0.0019169384425649126,0.6109321808140279,0.9962398016680842,DERMASON
11330,30064,636.0,235.82279301914872,162.86103192939174,1.4480001153461282,0.7232295849936954,30319,195.64936410046909,0.698058883625894,0.9915894323691414,0.9339903636873891,0.8296456911380167,0.007844025845501222,0.0022923948630209435,0.6883119728238775,0.9966758160430959,DERMASON
11331,30065,642.016,239.46516276434963,160.29284656544638,1.4939229534898664,0.7429214892924155,30415,195.65261795453355,0.7506304147005218,0.9884925201380897,0.9165989792330962,0.8170400057192008,0.007964914776795265,0.0021894457250325873,0.6675543709456315,0.9972747974581676,DERMASON
11332,30066,636.7299999999999,226.65108427126918,168.99157904025833,1.3411975055708238,0.6663911381319253,30438,195.65587175448482,0.748953766440813,0.9877784348511729,0.9319119746357539,0.863247014165229,0.00753845154896791,0.0025822735694256663,0.745195407465183,0.999454221655137,DERMASON
11333,30074,645.524,234.39226437031124,164.01199735330042,1.4291165777671968,0.71440447814449,30430,195.68190020634324,0.7184424271380793,0.988301018731515,0.906935229603479,0.8348479448843485,0.007793850647413421,0.002335400514791109,0.6969710910776203,0.9960529404835181,DERMASON
11334,30074,643.6439999999999,241.1043872510308,159.26547520646042,1.513852182580564,0.7507675619223133,30417,195.68190020634324,0.7362056303549571,0.9887234112502876,0.9122410456401954,0.8116065511599546,0.008017037549079963,0.00214573386820866,0.6587051938857562,0.9971822954411056,DERMASON
11335,30086,640.5079999999999,236.9364385772899,162.72662851324876,1.4560397443372286,0.7268517028719997,30409,195.7209363938925,0.8247258771929824,0.989378144628235,0.9215633572360223,0.8260482750948723,0.00787530541039985,0.0022618764688148245,0.6823557527872139,0.9935370958353321,DERMASON
11336,30090,644.68,237.63553988291048,161.7764635205867,1.4689129352408572,0.7324920894319388,30455,195.73394672636897,0.7126278893520273,0.9880151042521753,0.9097952336890872,0.8236728682200164,0.007897492186205068,0.0022422705341413702,0.6784369938417885,0.996564876000125,DERMASON
11337,30090,660.6310000000001,239.02268669583535,160.55670817102842,1.4887119287549375,0.7408036547180844,30615,195.73394672636897,0.7127291676536075,0.9828515433610975,0.8663914418343708,0.8188927562991006,0.007943592113520616,0.0022034582017334075,0.6705853463191382,0.9983084043135619,DERMASON
11338,30092,652.617,237.01706842965189,162.36031172835703,1.4598214668754894,0.7285287066265345,30531,195.74045156832176,0.7107898715041572,0.9856211719236186,0.8878593081720396,0.8258496017404701,0.007876414609519204,0.002260019500902702,0.682027564694893,0.9956384799424166,DERMASON
11339,30095,637.131,236.82628034990046,162.25372256088465,1.4596046032844203,0.7284329947015441,30408,195.75020842595475,0.7206657088122606,0.9897066561431203,0.9316370225967658,0.8265561074418869,0.007869289926894849,0.0022657117971341405,0.683194998749484,0.9971945651156408,DERMASON
11340,30097,644.5859999999999,242.63715747521132,158.3363097577675,1.5324163980227425,0.7577334846305636,30440,195.756712727544,0.7936972573839662,0.9887319316688568,0.9102723163189412,0.8067878587291116,0.008061838637578872,0.0021069356894122294,0.650906648992705,0.9974600224984547,DERMASON
11341,30099,638.8209999999999,237.14191130827916,162.3034300714102,1.4611022774068396,0.7290928631259719,30477,195.76321681302556,0.8036043251902283,0.9875972044492568,0.9268374259664279,0.8255108332939839,0.007878730566074592,0.002256976927384019,0.6814681358857279,0.9956946453228307,DERMASON
11342,30099,635.8519999999999,230.3142251529529,166.63263069476136,1.382167611425663,0.6903230660857191,30427,195.76321681302556,0.7915581854043392,0.989220100568574,0.9355130448110319,0.8499831770400554,0.007651889602742713,0.0024637110941496043,0.7224714012511065,0.9985765709905935,DERMASON
11343,30101,647.302,237.86962373089648,161.9878460046795,1.468441179988435,0.7322887623743212,30531,195.769720682421,0.7178184766537893,0.9859159542759818,0.9027695248538733,0.8230126975098621,0.007902382769040778,0.0022364745834273637,0.6773499002624596,0.994648486806455,DERMASON
11344,30101,649.144,242.9563990245298,157.9521009455418,1.5381650359199432,0.7598270190559576,30402,195.769720682421,0.7296327717852381,0.9900993355700283,0.8976534268716374,0.8057812902579913,0.008071373011678342,0.002098920056581077,0.6492834877298332,0.998705159226185,DERMASON
11345,30103,649.0799999999999,242.80255897607486,158.71503490364447,1.5298018812362657,0.7567715780691483,30544,195.77622433575178,0.7086393596986817,0.9855618124672604,0.8978901093506486,0.8063186202046704,0.008065726305553429,0.002103051944943796,0.6501497172887634,0.9946002605935765,DERMASON
11346,30107,637.623,234.46649279164996,163.89482732619206,1.4305911700617768,0.7151102081719874,30421,195.78923099430554,0.8095238095238095,0.9896781828342264,0.9305707509416753,0.8350414110910358,0.007787773368042314,0.002335743349535619,0.6972941582369084,0.9975428657093804,DERMASON
11347,30109,648.076,244.3649465108063,157.26170617275574,1.5538744457113138,0.7654018558978591,30471,195.79573399957164,0.7875340029294832,0.9881198516622363,0.9008538073650131,0.8012431275240746,0.008116010047188758,0.0020633818623350016,0.6419905494045605,0.9975727091079133,DERMASON
11348,30112,636.557,232.71076576646823,165.15908855203085,1.4090097481565858,0.7044855838223408,30434,195.80548810251776,0.745992815558033,0.9894197279358612,0.9338451534464146,0.8414113866094792,0.007728173677154232,0.0023894072435458155,0.7079731215160864,0.9975410296490128,DERMASON
11349,30113,641.5199999999999,236.14982623933852,162.6632701453143,1.4517710484264543,0.7249382628669345,30428,195.80873936218975,0.7329082191447417,0.9896476929144209,0.9194825407870615,0.8291716427677446,0.007842122214304073,0.0022866049171904775,0.6875256131701603,0.9981297802520842,DERMASON
11350,30120,634.9100000000001,233.65023091103976,164.7017923986099,1.4186259148021985,0.7092992761803931,30433,195.83149666849584,0.813394544963543,0.9897151118851247,0.9389457419488931,0.8381395383386415,0.007757311783235052,0.002361328037749677,0.702477885726511,0.9965533332670861,DERMASON
11351,30124,635.442,233.4415314841938,164.73676810616308,1.4170578564085619,0.7085232306168402,30459,195.84449965623756,0.7484223602484472,0.9890016087199186,0.9374986910985187,0.8389445460329242,0.00774935372076065,0.0023679812962102698,0.7038279513183895,0.9973649279756667,DERMASON
11352,30124,640.8489999999999,237.22610592987527,161.98631145293297,1.4644824232497209,0.730572534390577,30443,195.84449965623756,0.7279493499589194,0.9895214006503958,0.9217456166875655,0.8255604874875355,0.00787498691839979,0.0022564473215775094,0.6815501185006574,0.998118169107977,DERMASON
11353,30126,645.034,230.9081534574715,166.6224229139991,1.3858168031601186,0.6923142848152545,30524,195.85100082637183,0.7256829021534904,0.9869610798060543,0.9098841957947977,0.848177069080601,0.007664746513226831,0.0024469419521127374,0.7194043405141589,0.9969626233508451,DERMASON
11354,30127,647.802,239.82335417493127,160.41280963823056,1.4950386737554848,0.7433712795472562,30442,195.85425133051427,0.7927949264493039,0.9896524538466592,0.9021550457549665,0.8166604624654479,0.007960412725293964,0.0021841450126169042,0.6669343109542792,0.9970925877311136,DERMASON
11355,30128,634.9269999999999,237.91928025292134,161.39353675760944,1.4741561839012356,0.7347350645341927,30382,195.8575017807104,0.7878043040556442,0.9916397867158185,0.9391448372064427,0.8232098784617332,0.007896949025920119,0.00223707935840551,0.6776745039969815,0.998998060739353,DERMASON
11356,30128,649.502,242.76593382626618,158.36388050231196,1.5329627757051711,0.7579337272412513,30498,195.8575017807104,0.6976819581779867,0.9878680569217654,0.8974684316124929,0.8067750639217549,0.008057817771716217,0.002105751263703759,0.6508860037659517,0.9977840150006998,DERMASON
11357,30129,635.077,231.35926305364532,165.9779656264497,1.393915524753104,0.6966578002987469,30433,195.86075217696302,0.7755212355212355,0.9900108434922616,0.9387324100239488,0.8465654220706467,0.007678955924645535,0.002432898780025831,0.716673013845652,0.9989816401710506,DERMASON
11358,30131,638.574,237.23004480874405,162.08866904044854,1.4635819160779482,0.7301796282134743,30434,195.86725280764824,0.7671410749293479,0.9900440297036209,0.9285407021210719,0.8256426919514234,0.007873288135433408,0.002256859238821158,0.6816858547727931,0.9977030894915984,DERMASON
11359,30132,641.444,235.3682107348921,164.04786597379479,1.4347532614199938,0.7170867234808389,30578,195.87050304208626,0.769773145309626,0.9854143501864085,0.9202807303755417,0.8321875857003721,0.007811237579148152,0.002310918031059823,0.6925361777938142,0.9936185397410117,DERMASON
11360,30136,638.3269999999999,230.39262651456048,167.3832635979727,1.3764376530973013,0.6871526039207021,30491,195.88350344053697,0.7786878892018294,0.9883572201633268,0.9294136401786176,0.8502160264584571,0.0076450964465941225,0.0024642222792820596,0.7228672916468079,0.9949817584151347,DERMASON
11361,30145,655.072,253.65546684141844,151.62182099682815,1.672948294472237,0.8016847250300727,30467,195.9127511828709,0.7869935254803676,0.9894311878425838,0.8827690107114793,0.7723576929857876,0.008414512086296847,0.0018470668242988775,0.5965364059143281,0.9979745628649732,DERMASON
11362,30150,639.5169999999999,237.88674780215598,161.56247598054418,1.4724133581042853,0.7339929297161226,30459,195.928998042059,0.7979356887653831,0.9898552152073279,0.926388154588515,0.8236230048636752,0.007890107721464543,0.0022396315116171308,0.6783548541406695,0.9988187487716058,DERMASON
11363,30155,643.1279999999999,244.81646112588106,157.41495487599596,1.5552300054256971,0.7658731366184898,30529,195.94524355413384,0.6943357126410316,0.9877493530741263,0.9161664015307992,0.8003760966603535,0.008118602590810183,0.0020551214177191137,0.6406018961052635,0.9962832903555008,DERMASON
11364,30155,645.525,241.47596331971627,159.41254791748287,1.5147864234922843,0.7511258212289877,30503,195.94524355413384,0.6986145862292651,0.9885912861030063,0.9093751119162079,0.8114482321981697,0.00800782501474768,0.002141596315439358,0.6584482335375348,0.9974084447351348,DERMASON
11365,30161,639.8380000000001,232.6757118314401,165.4373624668008,1.406427836868666,0.7031705778303667,30509,195.96473639090593,0.7945050313471366,0.9885935297780982,0.9257965160367396,0.8422225717004398,0.00771445614639568,0.002394377280320879,0.7093388602817023,0.9976339188728796,DERMASON
11366,30164,656.289,241.62257940241307,159.20134240464031,1.5177169724378554,0.7522442285249054,30597,195.97448208221255,0.767863961510068,0.9858482857796516,0.8800524287750906,0.811076856173382,0.008010296359979217,0.0021383381455501267,0.657845666620097,0.9984235334740164,DERMASON
11367,30167,641.6489999999999,235.84613373744057,163.58601660133522,1.4417255132032816,0.7203475420336721,30553,195.98422728889602,0.816737058696123,0.987366216083527,0.9207610590974669,0.8309834220436217,0.0078180174938655,0.0022995657931825903,0.690533447711328,0.9955596892856456,DERMASON
11368,30168,645.659,245.80841623711595,156.79163204330905,1.5677393814563947,0.7701514070234455,30504,195.9874755834423,0.8091406501448343,0.988985051140834,0.9093895621721793,0.7973180031166446,0.008147985157687481,0.0020312167703147384,0.6357159980939138,0.9966370056336867,DERMASON
11369,30170,634.852,226.54755399722063,170.04884654038162,1.332249871765065,0.66074557419316,30467,195.99397201102857,0.8102374046621549,0.9902517477926938,0.9406762734031672,0.8651339136216545,0.007509033940908871,0.0025947598998854286,0.7484566884983204,0.9971313272735927,DERMASON
11370,30173,646.8919999999999,236.75370829538633,162.91834754775354,1.4532046995258816,0.7255833404228239,30612,196.00371624868257,0.8286781467139052,0.9856592186070822,0.9060763527803717,0.8278802374834952,0.007846541884976181,0.002273673616975317,0.6853856876157282,0.996005702230954,DERMASON
11371,30180,639.114,237.36420788897343,162.3512960262034,1.4620407332668472,0.7295050063446669,30533,196.0264509195308,0.7455533596837944,0.9884387384141748,0.9284797524563813,0.8258467132130625,0.007864950559608131,0.002256698490267844,0.6820227937248183,0.9971451054421371,DERMASON
11372,30183,644.251,245.64643781470897,156.78563862086656,1.566766190931061,0.7698230870742407,30460,196.03619354277774,0.6986805555555555,0.9909061063690086,0.9138229589056749,0.798042077413098,0.008138569320965742,0.0020362495044957993,0.6368711573218132,0.9978281972709538,DERMASON
11373,30188,673.779,232.46612202938047,166.0480848071781,1.399992793047446,0.6998504593453627,30767,196.05243017230134,0.7800516795865633,0.9811811356323333,0.8356208415751418,0.8433591461018266,0.0077006135560282385,0.0024030086207924854,0.711254649313602,0.9957513830605316,DERMASON
11374,30189,645.597,239.40435616208381,160.82170529270468,1.4886321204364437,0.7407709991279936,30548,196.05567733684688,0.7186317217739056,0.9882480031425953,0.910197386601779,0.8189311192153554,0.00793018503965298,0.0022001514748779508,0.670648178019315,0.9983484193117305,DERMASON
11375,30196,649.25,249.24079332117657,155.07193924890618,1.6072591503554994,0.7828764462735186,30558,196.07840598297145,0.7868459453825307,0.988153674978729,0.9001924457931055,0.7867027037195351,0.008254099659596522,0.0019502578826529622,0.6189011440396266,0.9947345269231769,DERMASON
11376,30197,651.9060000000001,242.90284072783862,158.84318982003188,1.5291989603271356,0.7565488829655486,30602,196.08165271735066,0.7489335317460317,0.9867655708777204,0.8929018166971067,0.8072431435128874,0.008043939488288195,0.0021070071888197595,0.6516414927485682,0.996489493217133,DERMASON
11377,30199,635.7049999999999,227.221862127858,169.6701942723499,1.3391972768247542,0.6651430319816676,30525,196.08814602483542,0.7901360544217687,0.9893202293202293,0.9390553072842499,0.862980983381328,0.007524151863566939,0.0025741995980767506,0.7447361776778039,0.9973486610989913,DERMASON
11378,30200,639.057,234.24662699707017,164.55634900428075,1.4235040362433935,0.7116917765410058,30517,196.0913925979463,0.7197673864340531,0.9896123472163056,0.9292607938428109,0.8371151171384804,0.007756510827717555,0.0023495619740861815,0.7007617193417718,0.9975371359278722,DERMASON
11379,30200,642.56,241.80576228295925,159.42721631586693,1.5167157018151713,0.7518630220855225,30530,196.0913925979463,0.7980550710850378,0.989190959711759,0.9191564378769062,0.8109459044589751,0.00800681332062779,0.0021360283133215726,0.6576332599587852,0.9974426914153879,DERMASON
11380,30210,651.194,254.80025694154648,151.38745723232782,1.6831001828012442,0.8043603937665704,30507,196.12385537320355,0.788608123629529,0.9902645294522568,0.8952406802097673,0.7697160816372182,0.00843430178555268,0.001826211782417093,0.5924628463309527,0.997174324962572,DERMASON
11381,30215,654.735,253.95900114210582,151.84137534303954,1.6725283248282128,0.8015727913932327,30510,196.14008474601243,0.7490455649759532,0.9903310390036054,0.8857299856115126,0.7723297219784696,0.008405063747877075,0.0018447255707467686,0.5964931994513402,0.997651771649771,DERMASON
11382,30221,642.3380000000001,242.25234938519057,159.05501635705374,1.5230726759435977,0.7542672831728875,30551,196.15955822095782,0.7766698362930791,0.9891983895780826,0.9204314818448615,0.8097323254812137,0.008016026914569027,0.0021257140260693415,0.6556664389292144,0.9986276376663281,DERMASON
11383,30232,649.447,234.13055565552324,164.54611506606574,1.4228871679013457,0.7113910314356126,30634,196.19525457164718,0.8001058621145958,0.986877325847098,0.9007189771313528,0.8379737280438938,0.007744461354046151,0.0023555514330935233,0.7021999688917817,0.9991513250368403,DERMASON
11384,30240,662.069,254.46259110293076,152.11333187957845,1.6728487106204326,0.8016581921910636,30632,196.22121147519022,0.7704458598726115,0.9872029250457038,0.8669322199297039,0.7711200716171999,0.008414768224303266,0.0018353121995565442,0.5946261648509156,0.9947196131720266,DERMASON
11385,30243,647.283,230.57468356288777,167.35936329397896,1.377722040910651,0.6878679888561632,30655,196.23094442881714,0.7491825208085613,0.9865601043875387,0.9070815457063983,0.8510515612408784,0.0076240678359583295,0.002467118475443083,0.7242887598905368,0.9978685884850346,DERMASON
11386,30247,636.805,236.2279307161289,163.34490544995214,1.446190991175465,0.722403644114219,30503,196.24392094942576,0.7911435446746181,0.9916073828803724,0.937301346591711,0.8307397027714253,0.007809962333987797,0.002294502679885731,0.690128453760756,0.9980575525826588,DERMASON
11387,30250,649.872,237.81586965075635,162.38393005115964,1.4645283531186344,0.7305925492707571,30612,196.2536527768048,0.7313829787234043,0.9881745720632432,0.900076850000819,0.8252336274488847,0.007861681641347318,0.0022490695345756197,0.6810105398724448,0.9973592444158238,DERMASON
11388,30256,640.6049999999999,241.4801145898316,159.79844782948916,1.5111543188923824,0.7497282953982,30573,196.27311498396074,0.7052680652680653,0.9896313740882478,0.9264899813184151,0.8127920401120496,0.00798123065143547,0.0021486584797827586,0.6606309004695078,0.9983152384382604,DERMASON
11389,30259,658.76,257.7059681008052,150.21854496335447,1.7155403027214253,0.8125390673653177,30644,196.28284536388117,0.79733860342556,0.9874363660096593,0.8762136078677887,0.7616542480968173,0.008516671671264919,0.0017679954476840052,0.5801171936439282,0.9952144259978084,DERMASON
11390,30277,637.2850000000001,237.9488979926419,162.16303391972696,1.4673436494190781,0.7318147471592731,30564,196.3412175167163,0.7972037178440717,0.9906098678183484,0.9368181839506835,0.8251402682385517,0.007859064570223003,0.002247303599698651,0.6808564622687894,0.9990504060760482,DERMASON
11391,30280,638.814,238.177742141288,162.1048111750145,1.4692823761050637,0.7326511427964839,30591,196.35094452174334,0.7886648955565974,0.9898336111928345,0.9324313869346053,0.8243883024353601,0.007865843531746632,0.002241054142598885,0.6796160731922546,0.9985479188591088,DERMASON
11392,30283,650.688,245.60058816561937,157.16095867748976,1.5627328201122563,0.7684543171289111,30610,196.3606710449293,0.8073313782991203,0.9893172165958837,0.8988002105671496,0.7995122182383154,0.008110180238603156,0.002044140246385728,0.6392197871123516,0.9989297405856415,DERMASON
11393,30287,646.141,242.66822832563443,159.07008608056054,1.5255428239520525,0.7551913733353587,30639,196.37363899310384,0.7792271277143151,0.9885113743921147,0.9116151260017397,0.8092268211131114,0.008012290036175073,0.002119422298333936,0.6548480480088316,0.9989987404188823,DERMASON
11394,30288,648.9799999999999,242.6674804100756,159.60317851653804,1.5204426544984533,0.7532771734806281,30694,196.37688084634252,0.7337209302325581,0.9867726591516257,0.9036865831513569,0.8092426744386675,0.008012000805932238,0.0021195118735510055,0.6548737061326472,0.9956979161135621,DERMASON
11395,30292,637.5139999999999,226.760629158954,170.59927789203994,1.329200404367799,0.6587841529761562,30617,196.38984772415694,0.8073991150914228,0.9893849821994317,0.9366090703444822,0.8660667791078148,0.007485825602764888,0.0025979153038118447,0.7500716658741845,0.9969955615847947,DERMASON
11396,30298,656.262,247.91112371791377,155.99222729190265,1.5892530546025643,0.7772220534117863,30703,196.4092964357491,0.7978406846609611,0.9868091066019608,0.8840346951403795,0.7922568922693193,0.008182425365301794,0.001988501484509855,0.6276709833482398,0.9975280275715853,DERMASON
11397,30304,644.496,238.16048419906997,162.58380773248143,1.4648474993951666,0.7307315566753324,30657,196.42874322169445,0.7384015594541911,0.9884855008644029,0.9167889471073385,0.8247747055196049,0.007859044489145657,0.0022433180127958644,0.680253314864951,0.9964673672351962,DERMASON
11398,30306,649.051,241.2201879833176,160.48524182229144,1.5030677291213208,0.74657076517313,30694,196.43522505585355,0.762530193236715,0.9873590929823418,0.9040258232671557,0.8143399053707673,0.007959486173804448,0.0021591741104513575,0.6631494814792703,0.9967585851950281,DERMASON
11399,30307,659.6059999999999,249.90547804246327,154.6385405942758,1.616062057247027,0.7855579318148022,30654,196.4384658927283,0.6876233692569483,0.9886801070007177,0.8753537932133529,0.7860510599105394,0.008245800575525894,0.0019418497366004684,0.6178762687864824,0.9985263940592,DERMASON
11400,30314,647.757,247.5794652760481,156.09835073912072,1.586047924938138,0.776190896260513,30631,196.46115025394136,0.7010800434792664,0.9896510071496196,0.9078809020894247,0.7935276459010425,0.00816716584007548,0.0019975579371682524,0.6296861248092503,0.9987123716160491,DERMASON
11401,30318,654.579,251.60264085959892,154.42521480575235,1.6292847070090442,0.7894877857466197,30710,196.4741115701523,0.704741980474198,0.9872354281992837,0.8891730190547527,0.7808904982034357,0.008298787547318389,0.0019035091245654897,0.6097899701844102,0.9935214729089603,DERMASON
11402,30322,645.639,241.30497111933806,160.51523321010907,1.5033150828960757,0.7466683037348141,30671,196.487072031367,0.7255802823642019,0.9886211730951061,0.9140883945018681,0.8142686456890014,0.007958082287426227,0.002158037746582509,0.6630334273522005,0.9967481518028425,DERMASON
11403,30328,640.099,232.11819195651177,166.74512303473256,1.3920538587995894,0.6956684454220965,30683,196.50651112044102,0.7427507836990596,0.988430075285989,0.9301635950805247,0.8465795354689704,0.0076535937732956924,0.002425025078748674,0.7166969098748578,0.9976806989810372,DERMASON
11404,30329,647.174,245.15496556839713,157.8137314820319,1.553445085330294,0.7652522643149722,30643,196.50975078166667,0.8119127292196493,0.9897529615246549,0.9099673972452391,0.8015736100880295,0.008083186572864162,0.0020584295529255023,0.6425202523895566,0.9981199282997367,DERMASON
11405,30330,645.9920000000001,243.00609606086846,159.20675565611887,1.526355430455183,0.7554941456208702,30639,196.51299038948412,0.7998417721518988,0.9899148144521688,0.9133305717007006,0.8086751467348429,0.008012070427328337,0.0021135907758268626,0.6539554929466198,0.9981685179350692,DERMASON
11406,30331,650.478,241.8180384791,160.12139887937477,1.510216874018633,0.7493655309347707,30699,196.51622994389604,0.7128319623971798,0.9880126388481709,0.9008062019182292,0.812661582981456,0.007972636526296529,0.002144967157582832,0.6604188484539258,0.9973756888550732,DERMASON
11407,30335,645.199,243.78669741581055,158.86036824286398,1.5345973329428024,0.7585311871265282,30679,196.52918762754086,0.7346459362588394,0.9887871182241924,0.915727996607973,0.8061522212277821,0.00803648252565718,0.0020936977545276897,0.6498814037904869,0.9973062689860055,DERMASON
11408,30336,647.0930000000001,248.71477083155045,155.4688399408801,1.5997724748324413,0.7805535728090103,30663,196.53242691496456,0.7561316051844467,0.9893356814401721,0.9104052972793685,0.7901920189857644,0.008198667287432439,0.0019717578615946747,0.6244034268687988,0.9989034154957557,DERMASON
11409,30341,659.183,250.75824278741916,154.52529399525,1.6227650263854363,0.7875645516358454,30810,196.5486225512903,0.7976497187023502,0.9847776695877962,0.8774608677985839,0.783817195265301,0.008264666385004421,0.0019242621482072114,0.614369395593563,0.9969771684507928,DERMASON
11410,30344,648.5509999999999,244.3145250436494,158.60257486830102,1.5404196637193381,0.7606401583282877,30722,196.55833929254635,0.7056744186046512,0.9876961135342751,0.9065555626758851,0.8045298954592613,0.008051493706948637,0.0020807742615195682,0.6472683526876901,0.9970648981833417,DERMASON
11411,30349,647.812,243.00520011817613,159.32630117051238,1.5252045540058692,0.7550651574711754,30739,196.57453279396967,0.744431907378336,0.9873125345652103,0.9087747933248892,0.8089313837661634,0.00800702494705513,0.0021149382115476707,0.6543699836418398,0.9980480790552801,DERMASON
11412,30350,640.443,235.87138959924076,164.08251324497172,1.4375169232512288,0.7183866974664357,30681,196.57777133417753,0.7928422152560084,0.9892115641602295,0.9298386473615633,0.8334108332009856,0.007771709706729514,0.002312772413737435,0.694573616896761,0.9984613287329096,DERMASON
11413,30351,660.466,243.38489306911404,159.1468213446433,1.5293104255098342,0.756590078576617,30818,196.5810098210326,0.7050174216027875,0.9848465182685443,0.8743432016926487,0.80769602148318,0.008019007382594118,0.0021051941313345777,0.6523728631197576,0.9976806208887454,DERMASON
11414,30366,654.3689999999999,246.96025465466442,158.05263694199797,1.5625190406996734,0.7683814044001045,30808,196.6295807233183,0.767787610619469,0.9856530771228252,0.8911524754996626,0.7961992953006719,0.008132788469165,0.002016073656232975,0.6339333178372867,0.9905328796546782,DERMASON
11415,30369,637.3280000000001,230.28220202068928,168.1345866169759,1.3696301674401512,0.6833145626234767,30660,196.63929346410436,0.7306036038203383,0.9905088062622309,0.9395380166501679,0.8539057371287324,0.0075828049004145436,0.0024868487404264617,0.7291550079013638,0.9986726955617697,DERMASON
11416,30372,638.102,233.83542340903418,165.65375098224172,1.4115914793508153,0.7057908599914646,30634,196.64900572516598,0.7918448221920951,0.9914474113729843,0.9373527191556579,0.8409718376209397,0.007699045943929744,0.0023754313495782994,0.7072336316715403,0.9983249683778792,DERMASON
11417,30373,639.7040000000001,238.39438868023396,162.5512636182008,1.466579732287858,0.7314840069602082,30661,196.65224303892668,0.7174272486772487,0.9906069599817358,0.9326945123237252,0.8249029858781729,0.00784889173543061,0.0022418141384803383,0.6804649361107252,0.9979560838325418,DERMASON
11418,30385,638.138,234.02487940779113,165.5446165179384,1.4136665047179726,0.7068330405778166,30690,196.69108664801746,0.7436368086147822,0.9900619094167481,0.9376481281560266,0.8404708385952457,0.007701987145229262,0.0023706811707433634,0.7063912305289958,0.998601621825353,DERMASON
11419,30390,650.855,239.40302962723786,162.17168106293227,1.4762320280464702,0.7356146074491636,30841,196.70726922130152,0.7904799063597346,0.985376609059369,0.9015131646372065,0.8216573930897377,0.007877691004515889,0.0022148370196754534,0.675120871619024,0.9966350534866523,DERMASON
11420,30391,647.15,232.24045495562706,166.9158003029408,1.3913629179150593,0.6952998847730196,30837,196.71050557620538,0.7794962552580281,0.9855368550766935,0.9118952291025233,0.8470122296900848,0.007641751010352639,0.0024262266554648886,0.717429717244569,0.9982051047843795,DERMASON
11421,30393,640.1709999999999,239.13879338380752,162.22059032704635,1.4741580763680462,0.7347358685524958,30645,196.7169781262812,0.7965248840317635,0.9917767988252569,0.9319474857555171,0.8226058823110263,0.00786821943815377,0.002222406349834765,0.676680437612702,0.9975339322270285,DERMASON
11422,30396,639.337,234.75496135072706,165.0418168267539,1.4223968559262274,0.7111516169975939,30704,196.72668655210458,0.7552176505664878,0.9899687337154768,0.9344727083692822,0.8380086428000654,0.0077232188890224715,0.0023494818660951826,0.7022584854076075,0.9988902616912954,DERMASON
11423,30398,644.92,240.55032010807975,161.4825028174121,1.489637056096842,0.7411817061751333,30741,196.73315856982387,0.7257317480781168,0.9888422627760971,0.9184239154027923,0.8178461723993187,0.00791336009303506,0.0021838720655076014,0.6688723617082163,0.9963770557995694,DERMASON
11424,30408,645.421,243.0580855748094,159.96050662575274,1.5194880955426933,0.7529162201819085,30696,196.7655154652533,0.8121794871794872,0.9906176700547302,0.9173003027145231,0.8095411226494335,0.007993228281202625,0.0021176668484569065,0.6553568292605051,0.9958069003939428,DERMASON
11425,30409,642.8679999999999,236.49307916321723,163.91424658018835,1.442785383804468,0.7208378134269473,30787,196.7687508621518,0.7336485801828754,0.9877220904927404,0.9246308633945249,0.8320275229971976,0.00777707518048003,0.002299041606855634,0.6922697990248521,0.9987967476823131,DERMASON
11426,30410,664.084,257.6781763191041,150.57226611804796,1.7113256176744103,0.8115072646407507,30822,196.77198620585273,0.664263870685889,0.9866329245344234,0.8665233113025557,0.7636346586145261,0.008473468474814342,0.00177739316460126,0.5831378918373238,0.9979388129378617,DERMASON
11427,30411,645.132,236.27133249674583,164.22632489402392,1.4386934168393095,0.7189371161176867,30759,196.7752214963587,0.7958494713702502,0.9886862381741929,0.9182129137897361,0.8328357884851261,0.007769272056056882,0.002305672445464445,0.6936154505816418,0.9978999825698395,DERMASON
11428,30414,661.067,257.3362290161713,150.77790749544852,1.7067237056857245,0.8103704051413845,30745,196.78492704873318,0.7992746767581205,0.9892340217921614,0.874565718185374,0.7646996608330925,0.00846111096916457,0.0017847226853982278,0.5847655712782466,0.9980332627694388,DERMASON
11429,30417,637.395,228.13221778086702,170.37069966765804,1.3390343423246152,0.6650410139582753,30684,196.7946321224475,0.7307387387387387,0.991298396558467,0.9408251905002532,0.8626341076974892,0.007500155103424631,0.002561866592082412,0.7441376037630434,0.9964258068538617,DERMASON
11430,30419,658.305,249.33402840623438,156.32150330005885,1.5950078725102723,0.7790545436757657,30880,196.80110190570306,0.7775221736574394,0.9850712435233161,0.8820647963713991,0.7893070318707538,0.008196654341241802,0.001962457550380709,0.623005590560619,0.9936988215620987,DERMASON
11431,30419,655.2219999999999,247.91356272603983,156.72881424356586,1.5817995173546548,0.7748122836199177,30763,196.80110190570306,0.7586731512657439,0.9888177355914572,0.8903850406361812,0.7938295095342595,0.008149957681910642,0.0019963839659415646,0.6301652902074029,0.9967951519037258,DERMASON
11432,30419,664.531,239.46771325757322,162.37363948549842,1.4747942708949384,0.7350059318968272,30968,196.80110190570306,0.7932770041203776,0.9822720227331438,0.8656140684138393,0.8218272903204381,0.007872307217777482,0.00221515454858651,0.6754000951154336,0.9960761908381381,DERMASON
11433,30426,650.789,245.56209842235108,158.2435593221038,1.551798376340303,0.7646771174853713,30741,196.82374447233764,0.7859984500129166,0.9897530984678442,0.9027641777649703,0.8015233040312817,0.008070797949857066,0.0020547588190475176,0.6424396069052225,0.9969367388922269,DERMASON
11434,30429,649.233,240.02050211123463,161.79623895020802,1.4834739278772713,0.7386461083651794,30790,196.83344763211934,0.8053195712584359,0.9882754140954856,0.9071860661854322,0.8200693103329116,0.00788788662497074,0.0022006078629818724,0.6725136737498973,0.9976565011489338,DERMASON
11435,30431,635.556,233.01173451870875,166.5733283881127,1.3988538067498766,0.699256371782738,30752,196.83991613957707,0.7935899441923538,0.9895616545265349,0.9467132205669764,0.8447639624079645,0.007657051510588175,0.0024053752933720827,0.7136261521832049,0.9982586595777427,DERMASON
11436,30432,653.932,244.9556683190632,158.36203906539382,1.5468079961884775,0.7629202146433717,30788,196.84315031359478,0.7667808909494054,0.9884370533974276,0.8942834206472936,0.8035868353828,0.008049279321735778,0.002070465577637542,0.6457518020005433,0.9988540508875586,DERMASON
11437,30437,643.7879999999999,231.3406486886702,168.2115763611736,1.3752956466679185,0.6865142107148731,30827,196.8593203866765,0.7045601851851852,0.9873487527167742,0.9228390292792326,0.8509499800512904,0.007600638981787634,0.0024583629226825735,0.7241158685492917,0.9958734016989996,DERMASON
11438,30439,650.0799999999999,254.73446245282898,152.3698788596499,1.6718164007170249,0.8013828152274947,30686,196.86578804402157,0.7278574844571976,0.9919507267157661,0.905120986402648,0.7728274617749321,0.008368686962542428,0.0018414811161304135,0.597262285673484,0.9985128847186675,DERMASON
11439,30440,640.64,230.03484306951538,168.91004544531074,1.3618778117255048,0.6788464428436295,30761,196.86902179301433,0.8125133461456331,0.9895647085595397,0.9320225265890737,0.8558226187218146,0.007556992216475538,0.002500712581323476,0.7324323547158647,0.9974833724774005,DERMASON
11440,30440,658.449,257.767509552192,151.2674166648415,1.7040517729163012,0.8097053597003724,30730,196.86902179301433,0.7147553301399455,0.9905629677839245,0.882287705080978,0.7637464556143095,0.00846805221919159,0.001777297464652959,0.5833086484634206,0.9939881365715033,DERMASON
11441,30440,637.929,236.86314536335362,164.1340814505247,1.4431076304816792,0.7209865971379045,30717,196.86902179301433,0.7736688270428262,0.9909821922713806,0.9399609709684356,0.8311509225760412,0.0077813122655503815,0.002290615377082142,0.6908118560990045,0.9969158607636852,DERMASON
11442,30446,689.0210000000001,255.9794432186889,151.81173897396854,1.6861636982011134,0.8051566266621074,31033,196.88842317161962,0.6783868092691622,0.9810846518222537,0.8058889296145253,0.7691571662784401,0.008407654313167211,0.0018151602514266257,0.59160274643748,0.9975390747989569,DERMASON
11443,30446,649.1260000000001,245.62342335536903,158.27128360001706,1.5519140160391203,0.764717580938697,30759,196.88842317161962,0.7945405673425716,0.9898241165187425,0.9079921581573013,0.8015865119132413,0.008067510456393912,0.002054569813465022,0.642540936081237,0.997168284583368,DERMASON
11444,30448,664.2169999999999,253.0739377770926,153.67161001599752,1.6468490032137173,0.7945335831639785,30830,196.8948898729884,0.8032077661707291,0.987609471294194,0.8672586924959514,0.7780133015767642,0.008311676884428947,0.0018785229401077365,0.6053046974303772,0.9968454376037972,DERMASON
11445,30449,647.275,243.88490813421146,159.2040323830938,1.531901576131875,0.7575445623430728,30791,196.89812314402838,0.7420793527003314,0.9888928583027508,0.9132827008509621,0.8073403338089049,0.00800961963066805,0.0020990281097931322,0.651798414594674,0.9984910186378385,DERMASON
11446,30450,643.197,239.6030421008999,161.99431016718708,1.4790830730635929,0.7368148775323436,30789,196.9013563619756,0.7604895104895105,0.9889895741985774,0.9249305852651076,0.8217815376444925,0.007868737014807878,0.0022136569221351456,0.6753248956133464,0.9988616219201385,DERMASON
11447,30450,662.971,247.10673539622354,157.28336683407773,1.5710926105549534,0.7712769359177368,30869,196.9013563619756,0.7816711590296496,0.9864265120347274,0.8705788208746701,0.7968271526320556,0.00811516372401391,0.0020180575521511045,0.6349335111717093,0.9975393475955833,DERMASON
11448,30451,634.5639999999999,224.60922623552187,172.78332864726687,1.2999473270598714,0.6389335418312574,30765,196.9045895268326,0.7909350649350649,0.9897935966195351,0.9502996362931364,0.876654057480085,0.007376087032791103,0.0026873162858465356,0.7685223364962963,0.9990385571141673,DERMASON
11449,30452,641.074,230.93430335526426,168.34679424570004,1.3717772553376844,0.6845335850618465,30821,196.90782263860208,0.7281683405069345,0.9880276434898284,0.9311279387567569,0.8526573132605745,0.007583551272667288,0.00247258070335971,0.7270244938567413,0.9973156647460698,DERMASON
11450,30455,659.854,250.91671338896802,155.14569335894092,1.617297315552639,0.7859299849038949,30828,196.9175216554113,0.736535345473893,0.9879006098352148,0.8789673850291152,0.7847923679366554,0.008238933291379676,0.001927834876500952,0.6158990607716227,0.9960918976373371,DERMASON
11451,30461,640.898,233.13056384551928,166.6941563763461,1.3985527082255926,0.6990989936744845,30811,196.9369182560187,0.7551627537992414,0.9886404206289962,0.9319147550979219,0.8447494614499205,0.007653411373412537,0.0024040667088870396,0.7136016526199306,0.9980095238658625,DERMASON
11452,30462,644.916,243.28415752392738,160.0686272522702,1.519874079637782,0.7530622774832064,30719,196.9401508370564,0.8051275274216995,0.991633842247469,0.9203689834590064,0.8095066807532958,0.0079864801235614,0.0021155189844322517,0.6553010661842184,0.995975104852396,DERMASON
11453,30464,654.484,246.08658511824845,158.05971266788444,1.5569216276846356,0.7664591242353079,30832,196.94661583995799,0.7904514789828749,0.9880643487285937,0.8937143326830717,0.800314311100388,0.008077947253093765,0.002044198699010144,0.6405029965520886,0.9972129679287645,DERMASON
11454,30465,635.788,215.12086825991128,181.06472609260194,1.1880882207277192,0.539963648346355,30796,196.94984826182713,0.7617011701170117,0.9892518508897259,0.9470794060308712,0.9155311144610585,0.007061246291150871,0.003060226391295181,0.8381972215463079,0.9958522455658708,DERMASON
11455,30471,655.5609999999999,247.90330133330264,156.8459450123447,1.580552824070722,0.7744051503502714,30957,196.96924167906303,0.7615084720347878,0.9843008043415059,0.8909849189480559,0.7945406157146756,0.008135712688566265,0.002000045041665929,0.6312947900202558,0.9977947631876489,DERMASON
11456,30480,658.655,242.17790268662483,160.82231986816998,1.5058724615161878,0.7476731925607409,30893,196.99832822521049,0.6981858163826278,0.9866312756935228,0.8828945595693214,0.8134446869007858,0.007945469248248847,0.0021459095933629834,0.6616922586471172,0.9964241502951405,DERMASON
11457,30486,649.2499999999999,238.21790598402978,163.39976885015525,1.457883983927089,0.7276716435542451,30819,197.01771687032658,0.8047196705733292,0.9891949771245011,0.9088378229715401,0.8270483113202024,0.007814009905662592,0.0022551593628500166,0.6840089092575986,0.9972056336700904,DERMASON
11458,30487,641.545,235.91766297499504,164.91840075223726,1.4305114644509709,0.7150721351671716,30790,197.0209481256775,0.7361875784796678,0.9901591425787594,0.9308298581016705,0.8351258894360944,0.007738303636795849,0.0023218455052440227,0.6974352512064278,0.9976891225630379,DERMASON
11459,30489,758.4029999999999,230.7273441438452,170.93463853969442,1.34979864885762,0.6716691471374298,31396,197.02741047740128,0.7292623421354765,0.9711109695502612,0.6661207460607145,0.853940443030307,0.007567560239556731,0.002482252628317972,0.7292142802427971,0.9842924501994094,DERMASON
11460,30493,646.4150000000001,236.63831517503576,164.5918609101006,1.4377279281403024,0.7184855459125795,30852,197.0403345450096,0.7298817559481067,0.9883638013743031,0.9170376500293594,0.832664542930267,0.007760414363133695,0.0023011501647498007,0.6933302410532706,0.9968202509865353,DERMASON
11461,30495,642.7189999999999,228.51832961605393,170.18558852331168,1.342759581459813,0.6673603545987885,30870,197.0467962609359,0.7413935621900224,0.9878522837706512,0.9276757934484059,0.8622800481344536,0.007493632714086045,0.0025554389797868312,0.7435268814107555,0.9983778440872261,DERMASON
11462,30501,651.07,244.91411783637932,158.91517736802746,1.541162536471826,0.7609071069875668,30878,197.0661801374533,0.7600927033492823,0.9877906600168405,0.9042084754813984,0.8046338115514763,0.008029707807494159,0.002076216400392545,0.6474355706918568,0.9978034463295462,DERMASON
11463,30502,641.0079999999999,228.78481354697186,169.99167438587236,1.3458589332301187,0.6692692993558175,30830,197.06941059817458,0.7249607833816609,0.9893610120012974,0.9328488519100568,0.8613745271939311,0.007500649581895347,0.0025471043485645736,0.7419660760985686,0.9985816716709566,DERMASON
11464,30504,640.214,231.8586118039583,168.2289700050058,1.3782323686405447,0.6881514728329844,30850,197.0758713607564,0.7400291120815138,0.9887844408427877,0.9352254624808205,0.8499829694805061,0.007600924855886385,0.0024472993696968226,0.722471048406899,0.9957329843200581,DERMASON
11465,30506,653.9739999999999,240.75165377761962,161.63642303113483,1.4894641273473703,0.741111107358531,30904,197.08233191154116,0.7686454343882282,0.987121408231944,0.8963428634510129,0.8186125778125891,0.007891944331528867,0.002186137272000308,0.6701265525529722,0.9981294608106146,DERMASON
11466,30510,649.7479999999999,242.23417955202,160.64294844964724,1.5079042179554314,0.7484669476875662,30885,197.09525237780286,0.7719360388624633,0.9878581835842642,0.908159580712364,0.813655829835015,0.00793950113248181,0.0021465249445266196,0.662035809424507,0.9982865894687524,DERMASON
11467,30512,648.5629999999999,243.79568404097787,160.34187749492787,1.5204741758664384,0.7532890783100845,30803,197.1017122933215,0.7962837308836578,0.9905528682271207,0.9115409884068324,0.8084708844156243,0.007990157447593665,0.0021056812832110873,0.6536251709477818,0.9938201931223886,DERMASON
11468,30523,651.045,246.54748527897522,157.90024337073294,1.5614129529877165,0.7680035670420087,30863,197.13723804484877,0.7852989605845425,0.9889835725626154,0.9049301643254113,0.799591355887417,0.008077432928577637,0.0020366925982758187,0.6393463364098779,0.9982836511156256,DERMASON
11469,30529,655.51,246.3624399242565,158.3707030550388,1.55560615171758,0.7660036399304856,30915,197.1566130293878,0.8017069327731092,0.9875141517062914,0.8928197736089969,0.8002705813840905,0.008069784137189444,0.002041686650070358,0.6404330034288304,0.9962615198968545,DERMASON
11470,30529,640.2270000000001,229.69332670315924,169.96024977618163,1.3514532192417892,0.6726682312208794,30877,197.1566130293878,0.824706899346264,0.9887294750137643,0.935953929402524,0.858347152959216,0.007523774991095655,0.00251922783118758,0.7367598349931921,0.9956964508095989,DERMASON
11471,30529,652.81,245.91647611116986,159.06069618333646,1.546054317703487,0.7626530424076745,31000,197.1566130293878,0.7086912112911463,0.9848064516129033,0.9002203909289442,0.8017218534811003,0.008055176262280778,0.0020528144595613543,0.642757930349171,0.9937386734544928,DERMASON
11472,30529,644.616,242.44911606072907,160.7713409158068,1.5080369093126835,0.7485186460064356,30858,197.1566130293878,0.7025913651845714,0.9893382591224318,0.9232520509167932,0.8131875926493528,0.007941600316444334,0.002142154367579192,0.66127406083885,0.9972256909160668,DERMASON
11473,30530,724.7339999999999,270.33483029354977,144.8744958631175,1.8659932425164165,0.8442766261178487,31370,197.15984200836772,0.6528805440314785,0.9732228243544788,0.7304313351533026,0.7293172019094869,0.008854727490781191,0.001545328417981308,0.5319035810010833,0.9925284878183048,DERMASON
11474,30530,647.072,243.57047129290984,159.8487882729693,1.5237555062161083,0.7545232949460958,30841,197.15984200836772,0.6999403915814572,0.9899160208812944,0.9162868488093296,0.8094570781171161,0.007978069809790692,0.002112773275940178,0.6552207613138992,0.998396242839164,DERMASON
11475,30533,656.9509999999999,241.91314036251,161.7350551109176,1.4957372116799688,0.743652237009803,30967,197.1695286280279,0.7345490413068059,0.9859850808925631,0.8890237960004816,0.8150426567674942,0.007923005939885043,0.0021567067621102044,0.6642945323506156,0.9936100515523585,DERMASON
11476,30537,646.0469999999999,245.03543232738454,159.21016450288116,1.5390690229639845,0.7601535787855679,30779,197.18244338068658,0.6964285714285714,0.9921374963449104,0.9194074210513837,0.8047099209604797,0.008024214308130613,0.002075581085338131,0.6475580568922215,0.9966365459335675,DERMASON
11477,30538,636.623,230.58160830066527,169.07058437116916,1.3638186036812758,0.6799749506861561,30870,197.1856719366861,0.7898303331264225,0.9892452218982831,0.9468600761662105,0.8551665216922558,0.0075506453697251055,0.0024909591106625183,0.7313097798232314,0.9973738827769808,DERMASON
11478,30544,641.0749999999999,229.19271743477228,170.025073121696,1.3479936413303397,0.6705733178922039,30895,197.20504216269626,0.725545156539503,0.9886389383395371,0.933938100431094,0.8604332823917948,0.007503690329844561,0.002537017537980248,0.7403454334475182,0.9979809366752087,DERMASON
11479,30545,651.016,239.35622400992725,163.10792617074392,1.4674714443942192,0.7318700113709866,30898,197.20827034872434,0.705736928444352,0.9885753123179494,0.9056630904840958,0.8239111857836844,0.007836183467340881,0.002227439693029031,0.6788296420594768,0.9961631153306313,DERMASON
11480,30547,649.211,241.1090548254022,161.85854885794728,1.4896281755065526,0.7411780814032,30921,197.214726562255,0.7728721789292582,0.9879046602632515,0.9107657481987047,0.8179482380081784,0.007893051848803555,0.0021793551204323247,0.6690393200606836,0.9966198216841406,DERMASON
11481,30548,651.594,251.13384910407072,155.43822093741093,1.6156505625806974,0.7854337631201642,30917,197.21795458976283,0.7394819656257565,0.9880648187081541,0.9041458490243155,0.7853101256296001,0.008220958789579375,0.0019287104016539026,0.6167119934163784,0.9963910791134349,DERMASON
11482,30552,642.087,230.15696885782145,169.34694718570083,1.3590854319058858,0.6772109475719371,30906,197.23086617147095,0.7789903110657828,0.9885459134148709,0.9312402853513351,0.8569406659735319,0.0075332864905021425,0.00250592031822636,0.7343473049991605,0.9980407241837074,DERMASON
11483,30557,641.652,234.88759233403036,165.98998833976648,1.4150708406174275,0.7075349012667895,30827,197.24700446007378,0.7618299675891299,0.991241444188536,0.9326559681247122,0.8397506334841713,0.007686866915404993,0.002357927705174809,0.705181126437067,0.997881249374845,DERMASON
11484,30573,661.776,260.1477983422334,149.95516139653654,1.7348372401421184,0.8171515052519873,30901,197.29863811285705,0.6596116504854369,0.9893854567813339,0.8772550852488903,0.7584097938561214,0.008509070040304628,0.0017365112130879054,0.5751854154168845,0.9978530786518257,DERMASON
11485,30579,653.5909999999999,243.5735418993769,160.1447908241822,1.5209582568738589,0.7534717869977181,30925,197.3179972492538,0.8081771810661522,0.9888116410670978,0.8995411110353727,0.8100961857785367,0.007965386111363252,0.002116084200890065,0.6562558302129335,0.9981377235839703,DERMASON
11486,30586,646.67,240.60525954165783,162.37620786617566,1.4817765650738413,0.7379406818026949,30940,197.34058050808935,0.7955780985823905,0.9885585003232062,0.9191092153702943,0.8201839846893383,0.00786651603811083,0.002195873584350417,0.6727017687408806,0.9967937162039597,DERMASON
11487,30595,641.833,234.19670602077986,166.4849976951896,1.406713573372904,0.7033165853606302,30939,197.36961232969045,0.7782610907610907,0.988881347167006,0.9332891913231959,0.8427514446431975,0.007654737899028595,0.002381815462152974,0.7102299974481966,0.9990901776269809,DERMASON
11488,30605,643.3709999999999,233.19475285923744,167.57950378097226,1.3915469827624316,0.6953981411091461,30904,197.40186490157495,0.7565382904039155,0.9903248770385711,0.9291359959916493,0.8465107489821264,0.007619498541389885,0.0024134375280613174,0.7165804481422807,0.9971553605189418,DERMASON
11489,30606,641.99,237.0693706176063,164.6067771906479,1.4402163426298789,0.7196469873134902,30901,197.40508986894028,0.7659159159159159,0.9904533833856509,0.9331681583275416,0.8326891380133428,0.0077458462594787395,0.002297101755735241,0.6933712005654039,0.9986045345631941,DERMASON
11490,30606,643.554,231.54830025961903,168.7153598615436,1.3724197989420723,0.6848968611186178,30975,197.40508986894028,0.7693815987933635,0.9880871670702179,0.9286379975274018,0.8525438953669868,0.007565454494531106,0.0024653681556574304,0.7268310935275158,0.9975173832438797,DERMASON
11491,30609,649.1929999999999,238.8592448591477,163.46314313887734,1.461242211990346,0.7291543835966902,30969,197.41476445493785,0.7427926616191031,0.98837547224644,0.9126649006155074,0.8264899462918041,0.007803562509691519,0.002246068393121651,0.6830856313214291,0.9981535588909473,DERMASON
11492,30609,643.215,237.92076975422177,164.0097467331796,1.4506501869141035,0.7244321920007103,30958,197.41476445493785,0.7289766367381934,0.9887266619290652,0.929708235185501,0.8297500241734773,0.007772902406292978,0.0022727521253382535,0.6884851026158864,0.9987510427973112,DERMASON
11493,30610,637.7389999999999,230.06376536966192,170.1246363857505,1.3523248029051005,0.6731924540704177,30942,197.4179892115795,0.7782862954487668,0.9892702475599509,0.9457737167825233,0.8581011829236654,0.007515967506359422,0.0025137301794274525,0.7363376401349941,0.9957676540671626,DERMASON
11494,30612,655.257,242.05511867028264,161.4282250842739,1.499459704422305,0.7451410653869935,31013,197.42443856684207,0.7238248368485766,0.9870699384129236,0.8959385640337126,0.8156176975367556,0.00790719713413964,0.002158484288183944,0.6652322285351586,0.9974889207715202,DERMASON
11495,30612,652.5260000000001,241.31175473023376,161.93236957576408,1.4902008496660086,0.7414116597459698,31020,197.42443856684207,0.7687594173782019,0.9868471953578336,0.9034537542317865,0.818130218262869,0.007882913717830712,0.002178493515661985,0.6693370540348498,0.9974466466356763,DERMASON
11496,30615,650.134,233.07071070444093,168.07497208226414,1.3867068238474238,0.6927966876335614,31061,197.43411220472262,0.828327922077922,0.9856411577219021,0.9102032251199552,0.847099627439205,0.007612958050120559,0.002418082769246055,0.71757777880764,0.9950700025138315,DERMASON
11497,30616,650.285,240.76614124367592,162.34005728982953,1.4830975500632628,0.738489952226675,30983,197.43733664535625,0.7352898794370527,0.9881547945647613,0.9098102819418246,0.8200377994409637,0.007864062622278414,0.0021936241165196194,0.6724619925119784,0.9973267336051753,DERMASON
11498,30619,672.8509999999999,227.15288279192012,172.09582762610066,1.3199209180447866,0.6526945667605882,31210,197.44700965131366,0.8076760749142706,0.9810637616148671,0.8498906714879605,0.8692251985733412,0.00741869044684412,0.002612379363253497,0.7555524458348645,0.9972694779373381,DERMASON
11499,30626,670.6669999999999,242.89375068663804,161.40594652434598,1.5048624658323893,0.7472771012794325,31255,197.46957815587464,0.7959146547467449,0.9798752199648056,0.8556305197789924,0.8129874794952382,0.007930965541913342,0.002137180754609251,0.6609486418160205,0.9946368029118252,DERMASON
11500,30628,651.095,242.016951945265,162.9802464498068,1.4849465331971947,0.7392556238647028,30998,197.47602582629762,0.7796756866838073,0.9880637460481322,0.9079036915324792,0.8159594782061348,0.007901820293367669,0.002160634356238581,0.6657898700744277,0.988662359404832,DERMASON
11501,30630,644.058,238.24807794725967,164.35944863412433,1.449555105758578,0.7239362839874575,30924,197.48247328620843,0.7573060376798695,0.9904928211098176,0.927912238244278,0.8288942978584053,0.007778259155966688,0.0022649508375801085,0.6870657570221789,0.9959396760833822,DERMASON
11502,30638,657.5070000000001,247.17491897366068,158.39684190060674,1.5604788328340646,0.7676837022175028,31063,197.5082610211429,0.7069546356546218,0.9863181276760132,0.8905729794904006,0.7990627117073706,0.008067593151434842,0.0020288372518963457,0.6385012172411364,0.9963676342435781,DERMASON
11503,30640,655.654,243.98880376279524,160.5221912339401,1.5199693069677418,0.753098290266692,31034,197.51470742880235,0.7182372245663385,0.9873042469549527,0.8956724063937819,0.8095236518345539,0.007963081062754413,0.0021094977558884583,0.6553285428795519,0.9960792711568127,DERMASON
11504,30644,658.0329999999999,254.14870399098635,154.1071450950013,1.6491688547880967,0.7951856491038289,30931,197.52759961297642,0.796858747659663,0.9907212828553879,0.8893239127942832,0.7772126967839346,0.008293587781979713,0.001866731067898646,0.6040595760421563,0.9961962392452262,DERMASON
11505,30648,635.615,224.3361866231344,174.29432426587746,1.2871112560207096,0.6295825276700899,30964,197.54049095576144,0.7498165092723981,0.9897946001808552,0.9532871253582883,0.880555624704509,0.007319765943067554,0.0027145893394396347,0.7753782081987481,0.9979980194457782,DERMASON
11506,30653,656.694,231.92709626091204,169.4642244674109,1.3685903145033018,0.6827213304782827,31156,197.55660395129024,0.7407326857087623,0.9838554371549622,0.8932165321380027,0.8518047573408332,0.007566211994288064,0.0024570755667286982,0.7255713446284756,0.9930099147396693,DERMASON
11507,30654,665.333,222.27488997352347,176.97588882316867,1.2559614275796451,0.6050298406121,31200,197.5598263926947,0.8256302521008403,0.9825,0.8701996169566326,0.8888085667986486,0.007251089253393472,0.002791360581333656,0.7899806684146681,0.9921852480624086,DERMASON
11508,30657,640.693,231.2316240804334,169.05696594544344,1.367773417600872,0.6822539817815862,30983,197.56949340155197,0.7335965541995693,0.9894781008940386,0.9385114161100923,0.8544224614053131,0.007542539194325387,0.0024796361851146167,0.7300377425539136,0.9985262181105921,DERMASON
11509,30671,657.8349999999999,245.22325705243068,159.5048584035449,1.5374030578555766,0.7595512023498938,31054,197.61459985682276,0.7512982559278856,0.9876666451986862,0.8906433864482438,0.8058558647011658,0.00799528078812007,0.0020799024510260236,0.6494036746732635,0.9983951952253235,DERMASON
11510,30673,644.6779999999999,232.94867382527173,167.92149279126585,1.3872475164024278,0.6930891331915272,31069,197.62104279570443,0.7334528933524629,0.9872541761884837,0.9274284596558343,0.8483458589849472,0.00759458396065829,0.002426473359687205,0.7196906964569081,0.9983891312377792,DERMASON
11511,30681,649.8810000000001,245.50328124106633,159.98873954622778,1.5345035027926428,0.7584969548891493,31092,197.64681245094624,0.7591676151828575,0.9867811655731378,0.912875800658654,0.8050679056174059,0.008001801807016274,0.002073469291037208,0.6481343326551965,0.9945644037395709,DERMASON
11512,30686,661.2239999999999,250.42749043123754,156.67751596211028,1.5983626552504129,0.7801117140286575,31079,197.66291677940808,0.7756825075834176,0.9873548054956723,0.881968202349541,0.7893019909237258,0.008160968859780928,0.001953863754411755,0.6229976328761573,0.9957761506986569,DERMASON
11513,30687,655.6279999999999,249.09220539244617,157.35264607223652,1.583018853576154,0.7752093466526068,31055,197.66613748765351,0.7500183306855677,0.9881500563516342,0.8971174655032813,0.7935460572771813,0.008117189865169166,0.0019855188750800713,0.6297153450201596,0.9968512635531253,DERMASON
11514,30689,657.065,233.0480921201873,168.5126085316355,1.3829712455993246,0.6907634249466054,31127,197.67257874671793,0.8047251940423746,0.9859286150287532,0.893255981171531,0.8482050934138283,0.007593863994271149,0.002424633389835945,0.7194518804931613,0.9949812633144037,DERMASON
11515,30695,647.597,234.11499172125937,170.55488812256678,1.3726665608845878,0.6850361866769211,31423,197.69190126468465,0.7652323494216194,0.9768322566273112,0.919745867775818,0.8444222209402952,0.007627137700643732,0.0023921034800718105,0.7130488872177405,0.9787783637597582,DERMASON
11516,30698,648.3839999999999,247.6447059125993,158.3576609393099,1.563831547167828,0.7688284742550311,30967,197.70156181547992,0.7184516008238158,0.9913133335486163,0.9176041458612331,0.7983274307719475,0.008067128344276477,0.0020212635169880705,0.6373266867229386,0.9966715785492785,DERMASON
11517,30702,653.474,250.81791035690134,156.47076167652932,1.6029698307177356,0.7815504367581065,31014,197.71444181561185,0.6803616540353676,0.9899400270845424,0.9034828345164748,0.7882788016783734,0.008169432296166417,0.001945767886996265,0.6213834691754924,0.9960589543950381,DERMASON
11518,30703,642.61,230.24160860028533,170.12137761810857,1.35339609767995,0.6738348513852154,31068,197.71766168454374,0.7788685946220193,0.9882515771855285,0.9343201550690591,0.8587399249272736,0.007498993863801105,0.0025155292994266582,0.7374342586640995,0.9980406479714994,DERMASON
11519,30706,643.256,236.01777871501258,166.04631348358595,1.4213972822609124,0.7106625170633285,31055,197.72732097673784,0.7885464817668207,0.9887618740943487,0.9325355952761419,0.8377645194919413,0.0076863733053804655,0.0023355495716580166,0.7018493901195632,0.997606815672426,DERMASON
11520,30708,659.2700000000001,250.65043742528738,156.54939054060122,1.6010949423676035,0.7809667672288987,31070,197.7337602427248,0.6945154359380301,0.9883488896041197,0.8878401249774265,0.7888825659905911,0.008162382357212693,0.0019500517258773348,0.6223357029238994,0.9964185464062428,DERMASON
11521,30718,650.284,235.42334449408293,166.86350167439255,1.4108738108197798,0.7054289809436214,31143,197.765953427719,0.7908042426114715,0.9863532736088366,0.9128442055026065,0.8400439380925099,0.007664019288172503,0.002354205449539241,0.7056738179259725,0.9956167086929604,DERMASON
11522,30727,664.1460000000001,235.9200433975831,167.04598820753253,1.4123059519662553,0.7061503958757753,31212,197.79492281420508,0.7034408552917745,0.9844611047033193,0.8753926619318559,0.838398128305157,0.007677939382223552,0.0023400527210934385,0.7029114215455905,0.9927259843538991,DERMASON
11523,30731,660.5880000000001,263.2019966644045,149.25307123635517,1.763461176940214,0.8236719180685271,31046,197.80779673525583,0.8111011402027027,0.9898537653804033,0.8849631688843079,0.7515436783994862,0.008564706539468435,0.001685423922925216,0.5648179005422302,0.9960344396471021,DERMASON
11524,30731,670.4789999999999,249.47786920500903,157.21586117422837,1.5868492360865223,0.7764494092552348,31184,197.80779673525583,0.761629780168034,0.9854733196511031,0.8590455586262863,0.792887150133172,0.008118117510169179,0.001979158675492593,0.6286700328463032,0.9976045613726451,DERMASON
11525,30735,643.76,232.2038523616263,168.97351201678137,1.3742026758523271,0.6859011793024186,31052,197.82066981848794,0.7838961436441543,0.9897913177895143,0.9319553479535428,0.851926735093132,0.0075550301728201175,0.0024548499736035626,0.7257791619664434,0.9973676664521461,DERMASON
11526,30748,660.3439999999999,247.11102617825316,159.3799699257133,1.5504522073472038,0.7642052554563324,31187,197.8625015547837,0.6978031953522149,0.9859236220219963,0.8861071975107642,0.8007028444455404,0.008036653641806073,0.0020377011933450373,0.6411250451031794,0.9940337413658,DERMASON
11527,30749,651.55,247.54078169086907,158.85768980039362,1.5582549513461181,0.7669193366844169,31040,197.8657190143394,0.7943425471454405,0.990625,0.910217879750949,0.7993257420566592,0.008050368522256629,0.002027172576117726,0.638921641914429,0.9956028120353505,DERMASON
11528,30751,653.905,235.94444520960423,166.87602135935364,1.4138906434107599,0.7069452479369599,31140,197.8721537765003,0.7846244131455399,0.9875080282594734,0.903732271830076,0.8386387465096629,0.0076727405680987355,0.0023411539410845036,0.7033149471472986,0.9944104231424986,DERMASON
11529,30753,658.9860000000001,253.40756655388762,155.2566101872412,1.6321853623383589,0.7903345613786612,31134,197.87858832941086,0.6961157137036534,0.9877625746772017,0.889907723124596,0.7808708754058912,0.008240092561827712,0.0018898561702068411,0.6097593240571629,0.9952402432754334,DERMASON
11530,30768,647.162,236.55455683009794,165.88212211524603,1.4260400928904953,0.712922770962325,31137,197.9268408084449,0.7095613670956137,0.9881491473166972,0.9231730419470493,0.8367069460031714,0.007688330630203391,0.002324370268309568,0.700078513489954,0.9983400284078537,DERMASON
11531,30774,642.61,233.1968648833942,168.57451582318058,1.383345897478339,0.6909683609492944,31096,197.94613850661472,0.7665902750099641,0.9896449704142012,0.9364807495064074,0.8488370484980321,0.00757772356155827,0.0024266985304405094,0.7205243349028505,0.9967343827211669,DERMASON
11532,30774,645.8420000000001,241.67433438657045,162.70978378572823,1.4853091729556365,0.7394053664338787,31077,197.94613850661472,0.830674548546441,0.9902500241336036,0.9271313034178842,0.8190614820934595,0.007853198621777165,0.002180180023680239,0.6708617114491345,0.9964370538001168,DERMASON
11533,30774,651.553,247.01667348589453,159.02416368700207,1.5533279204793238,0.7652114167914627,31142,197.94613850661472,0.7345506623702113,0.9881831610044313,0.9109495295733954,0.8013472763324136,0.008026797734642703,0.002041762122558545,0.6421574572853777,0.997481107745386,DERMASON
11534,30777,650.391,241.1877721154544,163.14571177043763,1.4783580242355974,0.7365104805693933,31159,197.9557866502369,0.7971250971250972,0.9877402997528804,0.9142965956449424,0.8207538255939328,0.007836623846231095,0.0021936150993124956,0.673636842227076,0.9958764311271266,DERMASON
11535,30779,647.938,242.69197024577858,161.77979742421678,1.5001376816500456,0.7454107146060873,31085,197.9622184847492,0.7148929251637478,0.9901560238056941,0.9212923555890619,0.815693318094823,0.007884985550075654,0.002153219396680291,0.6653555891845421,0.9981249910321993,DERMASON
11536,30780,649.1149999999999,244.56759092575876,160.85320012306698,1.5204396974299723,0.7532760566224477,31178,197.96543432364226,0.7087593257806024,0.9872345884918853,0.9179841640296917,0.8094508089738549,0.00794566572208443,0.002104126754783737,0.6552106121484281,0.9962082248878631,DERMASON
11537,30781,638.859,227.51651091953124,172.89947561770128,1.3158889586374103,0.6499902561645138,31078,197.9686501102966,0.742623464981061,0.9904434004762211,0.9477254740114405,0.8701287186155681,0.0073914593716751,0.002613629166599323,0.7571239869595705,0.9962910947596332,DERMASON
11538,30781,656.6619999999999,251.48151303662414,156.07709047404882,1.6112647427806732,0.7841031919030432,31150,197.9686501102966,0.7726154618473896,0.9881540930979134,0.8970338233747808,0.7872095555646897,0.008170024139456942,0.0019353723451417879,0.6196988843723563,0.9984989635296949,DERMASON
11539,30784,643.875,228.72396406301968,171.68129065709095,1.3322591133116735,0.6607514890858681,31137,197.97829715685316,0.7583013104739383,0.9886630054276263,0.9331077330100089,0.8655774132276963,0.007429962450072105,0.0025727053080962306,0.7492242582899502,0.9981608460209652,DERMASON
11540,30792,647.984,236.45520244500682,166.27776257051354,1.4220494598292004,0.7109817881870732,31118,198.00402031647016,0.802648385162787,0.9895237483128736,0.9215506234643128,0.8373849180270019,0.007679111536925397,0.0023291168478948594,0.7012135009390886,0.9971602802353736,DERMASON
11541,30795,638.317,234.148785471405,167.77200386664103,1.3956368170790026,0.6975677939256988,31075,198.01366563982228,0.8199755032484822,0.9909895414320193,0.9497673821996039,0.8456745365608754,0.007603467623685826,0.002398857665079887,0.7151654217874516,0.9981111929484012,DERMASON
11542,30799,651.567,244.6894032605767,160.72580772040521,1.522402697681461,0.7540156704267188,31109,198.02652534016315,0.7596438437253354,0.9900350380918705,0.9116503834509628,0.8092975122804115,0.007944719090248928,0.0021022827673811326,0.6549624633832628,0.9971166211347746,DERMASON
11543,30829,642.1159999999999,230.39969453364765,170.98624597327296,1.3474750160294278,0.6702573107241989,31174,198.12294648687296,0.7336744407425035,0.9889330852633605,0.9395985080372387,0.8599097619807783,0.00747347285132984,0.002520656930763009,0.7394447987498388,0.9963833920483159,DERMASON
11544,30833,646.9929999999999,239.17038400443477,164.2825609786284,1.455847672325662,0.7267660759947208,31162,198.1357990945081,0.7771588445833544,0.9894422694307169,0.9256066860782834,0.8284294893753826,0.0077569611781025125,0.002253686900950241,0.6862954188667573,0.9991415880849338,DERMASON
11545,30834,656.296,233.963351573778,168.36152061655716,1.3896486009212807,0.6943822124846755,31423,198.13901211615044,0.7596078044934963,0.9812557680679757,0.8995808825442776,0.8468805510920768,0.007587836530251605,0.002407611260018421,0.7172066678180197,0.9966652425047249,DERMASON
11546,30835,663.731,250.37404716448867,157.37291394834503,1.5909602286875724,0.777768190451825,31272,198.14222508569128,0.7374853507450193,0.9860258378101816,0.8795683885131239,0.7913848393220941,0.008119800459363991,0.0019646085246411912,0.6262899639088566,0.996402424205166,DERMASON
11547,30839,651.896,235.4711585150832,167.55622157138953,1.4053262618765703,0.7026065692716605,31190,198.15507644289028,0.7925522345866207,0.9887463930747035,0.9119132342630198,0.8415258908670014,0.007635499157400798,0.0023620393335764688,0.7081658249995001,0.995204031635285,DERMASON
11548,30846,646.738,241.14677937745958,163.45447176207074,1.4753146657772698,0.7352265051593748,31232,198.17756431266588,0.7591927147428009,0.987640881147541,0.9267273060573753,0.8218130253461303,0.007817765006077273,0.0021996544212772333,0.6753766486285595,0.9963930746452159,DERMASON
11549,30847,650.707,237.9289373050879,165.35823789517966,1.4388695739241653,0.7190193782260726,31279,198.1807766571863,0.7701545452275734,0.9861888167780299,0.9154862799912329,0.8329410407237101,0.007713195361140075,0.002290188021947064,0.6937907773218974,0.9982744401576741,DERMASON
11550,30848,647.564,241.47435147064263,163.19204141890017,1.4796944101630445,0.7370710898309885,31184,198.18398894963815,0.7410930930930931,0.9892252437147255,0.924424574747672,0.8207248005539522,0.007827877057528613,0.0021908567761482122,0.673589198244325,0.9967061713883343,DERMASON
11551,30851,679.853,269.66756895946054,145.9842503532782,1.8472374129871667,0.8407980341412382,31209,198.19362551460756,0.6632911936704506,0.9885289499823768,0.8387819441709224,0.7349553610742204,0.00874096687172087,0.0015731969135472819,0.5401593827717378,0.9978026208320098,DERMASON
11552,30851,680.959,269.32655932274736,146.14344548913667,1.8428918137335644,0.8399747739381287,31272,198.19362551460756,0.7023562891291975,0.9865374776157585,0.8360594911005473,0.7358859297537839,0.008729913433040982,0.0015791802245637544,0.541528101609591,0.9979777053629929,DERMASON
11553,30857,642.5619999999999,236.09445260398044,167.03914178147423,1.413407959871145,0.7067035205030645,31124,198.21289723903666,0.7579710144927536,0.9914214111296749,0.939146809455747,0.8395491509981158,0.007651244534594434,0.0023447489612240116,0.7048427769416572,0.9962303913870202,DERMASON
11554,30862,658.184,247.80836753508302,158.89165895725844,1.559605892224607,0.7673841462259569,31268,198.22895557818134,0.7306344696969697,0.9870154790840476,0.8952396104315653,0.7999284186806865,0.008029562813008977,0.0020280383663346295,0.6398854750129838,0.997969157179191,DERMASON
11555,30867,647.389,237.16933798876505,166.33902778656275,1.4258189502771887,0.7128157747594002,31229,198.2450126165606,0.807128101874853,0.9884082103173333,0.9254940993717469,0.8358796052546711,0.007683588880965596,0.002313762606001982,0.6986947144807046,0.9962121643650986,DERMASON
11556,30872,653.6819999999999,250.0381319428173,157.842259388187,1.584101323131024,0.7755609027904098,31178,198.26106835449048,0.8230338576379632,0.990185387131952,0.9079074443071548,0.7929233305895598,0.008099188000220825,0.001974904178957548,0.6287274081932402,0.9959679192076513,DERMASON
11557,30876,658.207,255.54101574880647,154.28526522130016,1.656289182134596,0.7971666736790176,31212,198.27391200872313,0.7433551617873652,0.9892349096501346,0.8955831272882769,0.7758985829641682,0.008276364028656771,0.001850287360175627,0.6020186110458042,0.9971169129188606,DERMASON
11558,30879,654.628,243.41262517761794,161.67606016410818,1.505557625108774,0.7475498307858058,31244,198.28354420343885,0.7361081313022957,0.9883177570093458,0.9054905811208673,0.8145984377710547,0.007882788470404415,0.002141085088676467,0.6635706148190428,0.999043798938927,DERMASON
11559,30880,640.707,230.4557069682545,171.00075559953083,1.3476882377523647,0.6703872925226976,31220,198.28675483103208,0.8193806883010056,0.9891095451633568,0.945296865757038,0.8604115621156923,0.007462943878505651,0.0025229862838045247,0.7403080562223656,0.9977044596841986,DERMASON
11560,30884,643.0690000000001,229.229656776536,172.13229803861736,1.3317062479762456,0.6603973271196384,31221,198.29959682157894,0.7240756804914074,0.9892059831523654,0.938486995689085,0.8650695534343135,0.007422278745516642,0.0025640183640460584,0.7483453322790427,0.9965761546398608,DERMASON
11561,30884,639.64,224.268458535728,175.73751779140449,1.276155833735676,0.6212614370881849,31200,198.29959682157894,0.802140148563711,0.9898717948717949,0.9485761010394652,0.884206357489134,0.007261638988982256,0.0027379716672061498,0.7818208826242022,0.9977252802972513,DERMASON
11562,30889,643.9019999999999,240.2579596270574,164.00095227833728,1.4649790521904966,0.7307888217008341,31171,198.31564814034328,0.7391481215601818,0.9909531295114048,0.9362119163238479,0.8254280043340939,0.007778107404806158,0.00222725783348819,0.6813313903389648,0.9981362144464099,DERMASON
11563,30890,654.3449999999999,244.93211144930464,160.9467478110333,1.5218208182552286,0.7537968055486877,31203,198.3188582481988,0.7752930251236102,0.9899689132455213,0.9065968294022931,0.8096890892529879,0.00792917162348024,0.0021022324191675122,0.6555964212553331,0.9977002822399906,DERMASON
11564,30891,640.842,218.60577019404224,180.70103653008238,1.2097648933942315,0.5627797474648984,31281,198.32206830409444,0.74273280276983,0.987532367891052,0.9452352241095885,0.9072133280290668,0.0070766815640167765,0.0029569712636118507,0.8230360225535754,0.9956800860841385,DERMASON
11565,30900,659.508,238.21573501001896,165.62745795924602,1.4382623385346762,0.718735643246505,31405,198.35095646937657,0.6982419668278573,0.9839197580003184,0.8927466052276933,0.8326526224685966,0.007709247087702879,0.002285846930786736,0.6933103897038314,0.9971622224258204,DERMASON
11566,30900,701.8950000000001,256.91667996497637,153.63676107330133,1.6722344194850565,0.8014943979402647,31444,198.35095646937657,0.7972136222910217,0.9826994021116906,0.7881775237713077,0.7720439034803671,0.008314455662296969,0.0018221393035149993,0.5960517889012025,0.9967383171962317,DERMASON
11567,30901,679.6569999999999,250.76275585526778,157.2434972144582,1.5947416605296076,0.7789703065660025,31422,198.3541660058121,0.7872866242038217,0.983419260390809,0.8406259832702908,0.7910032944457499,0.008115036919687641,0.0019596722007367293,0.6256862118240298,0.9978078684147331,DERMASON
11568,30902,656.025,246.58593601783662,160.22494528614737,1.538998409875917,0.7601280960095314,31279,198.35737549031546,0.7754190504868012,0.9879471850123086,0.9023097960655688,0.8044147962922241,0.007979610899548139,0.0020610174982652915,0.6470831644938604,0.9958599612135277,DERMASON
11569,30905,665.789,250.769910425821,157.58321938462947,1.5913490751432184,0.7778922859871154,31344,198.36700363225788,0.8072352096121196,0.9859941296579887,0.8761236036079154,0.7910319196406773,0.008114218101466461,0.001959758124045105,0.6257314978904148,0.9957572404558924,DERMASON
11570,30907,655.571,247.91948849194415,159.00739095523036,1.5591695895554163,0.767234193228461,31252,198.37342213393828,0.7464557420601377,0.9889607065147831,0.9037061725507953,0.8001525952663628,0.008021467256347887,0.002028265719603005,0.6402441757114958,0.9982492486593388,DERMASON
11571,30908,649.0869999999999,239.66824338541653,164.47756242914875,1.4571485608479717,0.7273451616912291,31276,198.3766313069017,0.7363255193443873,0.9882337894871467,0.9218811722138397,0.8277134613445104,0.00775424625939616,0.0022451193099942866,0.6851095740909106,0.9983064299097371,DERMASON
11572,30908,668.164,256.57557960188154,153.94298640947542,1.6666922318851995,0.80000690242041,31300,198.3766313069017,0.7881677929363764,0.9874760383386582,0.8699907246172691,0.7731703524346123,0.008301267620094524,0.0018298898475757619,0.5977923938838627,0.9963359391662914,DERMASON
11573,30910,653.034,245.8053245706602,160.4511709172641,1.5319634201822594,0.7575672695827317,31225,198.38304949708754,0.7126882017938254,0.9899119295436349,0.9108299077779729,0.8070738493708242,0.007952291315776778,0.0020812542916388145,0.6513681983382396,0.9978722529242058,DERMASON
11574,30914,657.7610000000001,244.33616215083254,161.37793208826716,1.514061798841186,0.7508480173949816,31299,198.39588525456574,0.75240343661012,0.9876992875171731,0.8979017690599316,0.8119792154715636,0.007903738181756891,0.002119297659586258,0.659310246357816,0.9982364575949403,DERMASON
11575,30916,663.0310000000001,247.49470874126735,159.57672980400594,1.5509448592237938,0.7643781172039944,31324,198.40230282189842,0.6979411233519957,0.9869748435704252,0.883741997196607,0.8016426041225372,0.008005392312759327,0.0020393207736831885,0.642630864744363,0.9966850360538109,DERMASON
11576,30917,646.018,233.94203754723773,168.64865949989695,1.3871562231265804,0.6930397878492099,31312,198.40551152772198,0.7788834584571975,0.9873850281042412,0.9309320280729129,0.8480968773628802,0.0075667767748241336,0.002414752039656466,0.7192683133926683,0.9977375170203993,DERMASON
11577,30918,647.1109999999999,237.9300256195391,165.8571184952835,1.434548168798104,0.71698985797383,31228,198.4087201816537,0.7381463973642745,0.9900730114000256,0.9278199196308525,0.8338952583433847,0.00769551800309008,0.002295427808832975,0.6953813018875805,0.9975579732392702,DERMASON
11578,30925,648.757,233.80830058894892,168.5379706831891,1.3872737380257911,0.6931033039098156,31292,198.43117930641571,0.7530927332943698,0.9882717627508628,0.9233268366846165,0.8486917650339172,0.007560494764396085,0.0024195239892874526,0.7202777120363857,0.9992223539933812,DERMASON
11579,30930,649.455,241.79031917980785,164.01290545850568,1.474215205833174,0.7347601382481179,31278,198.44721998218716,0.8528414260898337,0.9888739689238443,0.9214921813168686,0.8207409653759193,0.007817339773029675,0.0021880799890435466,0.673615732246196,0.99305455536579,DERMASON
11580,30938,649.057,243.6379219006145,162.06174162533142,1.5033648253878331,0.7466879112481631,31236,198.47288236687766,0.7208294501397949,0.9904597259572289,0.9228612758619087,0.8146222920413815,0.007875037879003635,0.0021392304683565014,0.6636094786907539,0.9976471480576362,DERMASON
11581,30940,676.4,259.8625325972949,151.89986326105054,1.7107489567038183,0.8113653955734909,31403,198.47929744460993,0.7396251673360107,0.9852561857147406,0.8498122273068802,0.7637857426418234,0.008398918312776176,0.001763150193638409,0.5833686606629216,0.9979973276027971,DERMASON
11582,30950,664.641,256.7604858265867,153.8983449496226,1.6683771739756863,0.8004609941448775,31251,198.51136972363392,0.7848955163319131,0.9903683082141371,0.8804328957840339,0.7731383163751543,0.008295976924930105,0.0018284205218311192,0.5977428562474082,0.9972605372702059,DERMASON
11583,30951,663.637,259.7471454094679,151.96878033288883,1.7092138585339023,0.810986912040904,31288,198.51457666654613,0.6777393360777787,0.9892290974175403,0.883127414288304,0.7642608597434472,0.008392205273156535,0.001766128647359618,0.5840946617357929,0.9983426905344892,DERMASON
11584,30959,652.398,245.72973232216222,160.71710952190074,1.5289581367730913,0.7564598403018119,31325,198.5402303450258,0.696380772431788,0.9883160415003991,0.9140533532554986,0.8079617735664606,0.007937263229502316,0.0020864779598716004,0.6528022275446606,0.9981072775080078,DERMASON
11585,30966,654.0579999999999,248.1586784300842,159.2498566421659,1.55829765666726,0.7669340528524382,31276,198.56267459487205,0.7268672832261396,0.9900882465788464,0.9096251287852154,0.8001439879154367,0.008013908106635801,0.0020262671633716604,0.6402304013972187,0.9976695342244252,DERMASON
11586,30967,653.747,240.8256872577672,164.04205540673007,1.4680728466895752,0.7321298347086447,31292,198.56588070918374,0.8065583164036048,0.9896139588393199,0.9105201898378261,0.8245211836420474,0.007776849138042666,0.0022171277061480794,0.6798351822744827,0.9980475713214259,DERMASON
11587,30969,651.5269999999999,230.16408312647374,171.9039529603728,1.3389109392937055,0.6649637125278847,31318,198.57229278251094,0.7336886993603412,0.9888562488026055,0.9167949448372378,0.8627423101170685,0.007432079922712187,0.002539887741286972,0.7443242936661362,0.9965839391716502,DERMASON
11588,30975,652.472,243.9041368648385,162.7031810044926,1.499074175188399,0.7449875235667697,31450,198.5915277603042,0.7101588830043332,0.9848966613672496,0.9143183177094379,0.814219595915896,0.007874225564643697,0.0021347833930740654,0.6629535503734447,0.9938165467142925,DERMASON
11589,30976,647.906,233.19738206647466,169.62096634011587,1.3748146063434068,0.6862446497998976,31311,198.5947334088102,0.731359493790433,0.989300884673118,0.9272806474683146,0.8516164789199876,0.007528324576009641,0.002442611085652257,0.7252506271680779,0.9970851554903897,DERMASON
11590,30978,645.8100000000001,238.4000248867701,165.85778629059985,1.4373761414436632,0.718320714307431,31279,198.60114455059383,0.7955315870570108,0.9903769302087663,0.9333697217366774,0.8330584052787786,0.007695784908217771,0.0022863066851184777,0.6939863066056219,0.9975193596035278,DERMASON
11591,30981,652.4010000000001,245.91965894673706,160.5827838375357,1.531419826396447,0.7573675610854198,31276,198.61076087523574,0.8069229567119862,0.9905678475508377,0.9146944830340749,0.807624578392296,0.007937757301143832,0.0020831267131897137,0.6522574596233339,0.9988800055821536,DERMASON
11592,30985,646.6369999999998,231.02189536021004,171.36200931580947,1.3481511817152607,0.6706692082464986,31389,198.6235819172009,0.7832406471183013,0.9871292491000032,0.9311942007595625,0.8597608534355864,0.007455926911738262,0.0025129975935512965,0.7391887251002878,0.9965381532545499,DERMASON
11593,30987,646.3609999999999,237.363270074191,166.6670751033325,1.4241761303306446,0.7120188571106771,31235,198.6299921278468,0.7072881239871265,0.9920601888906675,0.9320497789684086,0.8368185695527467,0.007660091976447897,0.0023170690846556954,0.7002653183483053,0.9973011512900463,DERMASON
11594,30987,660.2689999999999,253.39648726983435,156.13843168578282,1.622896326893921,0.7876035592931134,31388,198.6299921278468,0.6975754710609847,0.98722441697464,0.8931976698022908,0.7838703459070909,0.008177509512693528,0.0019044859001319289,0.6144527191925024,0.997193061027494,DERMASON
11595,30994,650.3349999999999,238.2842683948375,165.93217260891458,1.4360341617200996,0.7176904606530845,31344,198.65242623618175,0.7558037456106126,0.9888335885655947,0.9209016208695272,0.8336783102567824,0.007688077318024053,0.0022908228987658357,0.695019524992604,0.9980717809518558,DERMASON
11596,30996,652.3449999999999,245.11051747594664,161.6665387613908,1.5161487303053707,0.7516467422640142,31424,198.65883551609554,0.7516732951789699,0.9863798370672098,0.9152944736862751,0.810486785968254,0.007907811249062674,0.0021048435054154763,0.6568888302291503,0.9959411659037065,DERMASON
11597,31003,653.3019999999999,240.17905893259814,164.62719246535906,1.458927017680489,0.728133588598592,31374,198.6812663675774,0.794296987087518,0.9881749219098617,0.9128209708502838,0.8272214374165471,0.007746961872483248,0.00223768166696957,0.6842953065214985,0.9983369107561657,DERMASON
11598,31003,660.9549999999999,257.4189613774608,153.84316548647527,1.6732557508386106,0.801766607406345,31354,198.6812663675774,0.7352955127597002,0.9888052561076737,0.8918047880919352,0.7718206355290408,0.008303033944375086,0.001817532222948766,0.5957070934284526,0.9967703198945118,DERMASON
11599,31007,649.708,236.97053560671432,167.1148354806939,1.418010166033946,0.7089949450535797,31375,198.69408286006706,0.7183532573440831,0.9882709163346614,0.92306691393038,0.8384758989186217,0.007642485103580299,0.0023301114759646897,0.7030418330673909,0.9969204664367005,DERMASON
11600,31007,659.0329999999999,237.75368543723798,166.54964425791516,1.4275244267052158,0.7136392410352113,31427,198.69408286006706,0.7496856866537718,0.9866356954211347,0.8971298143329228,0.8357139974283098,0.0076677422981016536,0.0023071613949746756,0.6984178854976049,0.9970085915956375,DERMASON
11601,31010,710.9259999999999,279.08786996336505,141.980800842517,1.9656733044697021,0.8609252139402412,31532,198.70369468693178,0.7674982674982676,0.9834453888113662,0.7710150140094951,0.7119753886581132,0.008999931311298453,0.0014265233439800804,0.5069089540548712,0.9964173987823193,DERMASON
11602,31012,654.663,251.57345485110176,157.41375661335067,1.5981668963598392,0.7800502479334458,31404,198.7101023132112,0.7180698342132074,0.9875175136925233,0.9092934164431438,0.7898691156856009,0.008112132556787752,0.0019477595097088332,0.6238932199139533,0.9970854909298293,DERMASON
11603,31020,650.302,242.47360093009587,163.41767240100904,1.483766090702187,0.7387672197306877,31419,198.7357307523857,0.7712197304957485,0.9873006779337343,0.9217676837772089,0.8196180119817679,0.007816686039010182,0.0021759474715499056,0.6717736855649453,0.996755015267299,DERMASON
11604,31021,645.054,238.3215146631707,166.1166801278814,1.4346633611971051,0.7170442702154355,31317,198.7389340749051,0.7258921258921259,0.9905482645208673,0.9368574451211646,0.8339110061288036,0.007682586462821014,0.0022917436809393173,0.6954075661427537,0.9976757562442613,DERMASON
11605,31021,658.1650000000001,242.07372021118078,163.63723837456138,1.4793314933431005,0.736919039903975,31518,198.7389340749051,0.7784050988658034,0.9842312329462529,0.8999038100508129,0.8209851689044512,0.007803543412887424,0.0021868191087903123,0.6740166475610703,0.9970940537746285,DERMASON
11606,31026,648.4689999999999,236.2812723200096,167.64540050624518,1.4094110044564425,0.7046890815451196,31397,198.75494991308557,0.729165687426557,0.9881835844188935,0.9271653934298899,0.8411794466888601,0.007615589258041952,0.0023520030785423615,0.707582861531777,0.9972750716076658,DERMASON
11607,31033,654.4699999999999,250.57770386262757,157.90651570079785,1.5868737445731727,0.7764573084725098,31339,198.77736991862605,0.7807044025157233,0.9902358084176266,0.9104458856933649,0.7932763643951353,0.00807455624214957,0.0019724067743393564,0.6292873903079635,0.9985996374706776,DERMASON
11608,31033,649.385,236.30471068463694,167.76499003540246,1.4085460299837942,0.7042501184580704,31416,198.77736991862605,0.7514771406431615,0.9878087598675834,0.9247601781548512,0.8411908901126672,0.007614626709781102,0.0023518337778123365,0.7076021136085414,0.9966901479314528,DERMASON
11609,31036,653.691,243.37506616826806,162.89104110013332,1.4940973090021517,0.7429918631840492,31345,198.78697771836187,0.7488117354693946,0.9901419684160153,0.9127053493151418,0.8167927012741796,0.00784170209331963,0.002152967605997434,0.6671503168547714,0.9967874931126466,DERMASON
11610,31040,661.2339999999999,248.62907770735663,159.5083560547413,1.558721335088114,0.7670799707852033,31424,198.79978739570987,0.7469978100257503,0.9877800407331976,0.8921157847465265,0.7995838187104679,0.00800995740036587,0.0020196027609008884,0.6393342831436145,0.996543987389217,DERMASON
11611,31049,645.8199999999999,240.04877677086074,164.83308425231502,1.4563142943039928,0.7269740226067335,31337,198.82860615233932,0.753323951863354,0.9908095861122634,0.9354799866800908,0.8282841880178866,0.007731288504327378,0.002244652547584251,0.6860546961204499,0.9991112606345932,DERMASON
11612,31053,641.339,231.05539291568067,171.2635312665053,1.3491219713094231,0.6712590576135823,31354,198.84141314791796,0.7575565368007612,0.9903999489698284,0.9487201544440979,0.8605789747590155,0.00744067861126721,0.002517417428819895,0.7405961717972783,0.9991545672393564,DERMASON
11613,31056,646.7030000000001,235.33177250653395,168.2782575079022,1.3984680848949425,0.6990547380893776,31392,198.85101785330448,0.7794593780588811,0.9892966360856269,0.9331374743885033,0.8449816008069349,0.007577658826202149,0.0023828890431696744,0.7139939057022503,0.9984976899340859,DERMASON
11614,31074,653.6999999999999,238.90377378665616,165.7617100423294,1.441248245602974,0.7201263066881459,31423,198.90863634618898,0.7588278388278388,0.9888934856633675,0.9137976892191421,0.8325889256308555,0.007688220820835945,0.0022789150227207,0.6932043190831421,0.9990795087229827,DERMASON
11615,31080,655.899,241.50930169242366,164.61453120227728,1.467120186344051,0.7317180670774844,31500,198.927838801835,0.7874135441210002,0.9866666666666667,0.9078559340579886,0.8236860336550571,0.007770569552523284,0.002206375485664074,0.6784586820384,0.9953804280189166,DERMASON
11616,31090,662.7719999999999,247.07126200557101,160.44721459714393,1.539891251000683,0.7604499827896896,31430,198.9598387761113,0.7818040083486307,0.9891823098950048,0.8894105587079647,0.8052730906908352,0.007946968864765874,0.002061360839815079,0.6484647505907702,0.9985651960170671,DERMASON
11617,31093,668.238,254.2949545221974,155.87077824509754,1.6314472628239123,0.7901196055414492,31472,198.9694377648246,0.7755992915762429,0.9879575495678699,0.8750042324096399,0.7824356489442521,0.008178527466703034,0.0018908165573439518,0.612205544738813,0.9987810602497588,DERMASON
11618,31114,654.2249999999999,244.19974891185322,162.46906555157642,1.5030538157082654,0.7465652769131759,31464,199.0366177236989,0.704287201774639,0.9888761759471142,0.9135060746176583,0.8150566026812072,0.007848548849773518,0.0021365851628436737,0.6643172655742312,0.9985046008622294,DERMASON
11619,31114,648.77,235.84073899609817,168.7334929128541,1.397711473429303,0.6986585698138891,31395,199.0366177236989,0.7909400579592252,0.991049530179965,0.9289325753872716,0.8439450222677255,0.007579891334964908,0.0023719163365623595,0.7122432006104716,0.9955104933652651,DERMASON
11620,31125,657.2309999999999,253.70036249068627,156.8484867478169,1.6174868355509806,0.7859869763280474,31517,199.0717981781496,0.8124934739480004,0.9875622679823587,0.9054889282213001,0.7846728961037958,0.008151015662351366,0.0019061018236331054,0.6157115538799185,0.9959053328974065,DERMASON
11621,31136,655.339,242.22451887146414,163.99915757532904,1.4769863604952007,0.7359330431909331,31546,199.10697241652292,0.7562053723223393,0.9870031065745261,0.9110467315593904,0.821993468473679,0.007779564455018761,0.0021908291599528717,0.6756732622133892,0.9979601924404731,DERMASON
11622,31138,651.5709999999999,246.30944088115186,161.2699955629867,1.5273110166667772,0.7558494184134756,31484,199.1133670650052,0.7094554568238779,0.9890102909414306,0.9216734668418465,0.8083870693412865,0.00791025245298837,0.0020837592425164836,0.6534896538781938,0.9980819476459245,DERMASON
11623,31138,693.408,239.41547500513218,167.02895969891946,1.4333770349566572,0.7164356815341433,32029,199.1133670650052,0.7128663003663004,0.9721814605513753,0.8138097384450936,0.8316645657960788,0.007688852045896723,0.0022689977195647824,0.6916659500007802,0.9914180885925978,DERMASON
11624,31143,653.5349999999999,246.5538432684711,161.26156225522695,1.528906453716807,0.7564407240370852,31470,199.12935278779764,0.801003086419753,0.9896091515729266,0.916289283979649,0.8076505729864726,0.007916830211234342,0.0020779022613821195,0.6522994480453775,0.9973048358724886,DERMASON
11625,31146,651.0860000000001,244.04657754736806,163.2112177755592,1.4952806606894513,0.7434686651997957,31476,199.13894360551723,0.790748451304966,0.9895158215783454,0.9232842545007571,0.8159874463589455,0.00783556724932152,0.0021428122204722472,0.6658355126153931,0.9956109652140445,DERMASON
11626,31149,655.423,233.9520083075245,169.89497545324804,1.3770390070888456,0.6874878910558235,31522,199.14853396135155,0.7126612977029376,0.9881669944800456,0.9111935098609897,0.8512366933801885,0.007510738974205415,0.002432561202504921,0.724603908156837,0.9978078462209881,DERMASON
11627,31149,648.0469999999999,243.15281200006996,163.5223885608915,1.4869695467390152,0.7400891901411434,31446,199.14853396135155,0.7115542763157895,0.9905552375500859,0.9320537621670812,0.8190262424820086,0.00780611936177951,0.002166737099076326,0.6708039858741979,0.9974650988260807,DERMASON
11628,31151,667.1669999999999,256.3502792394842,155.23642228153133,1.6513539507795172,0.7957968405535528,31472,199.15492727533768,0.7120228571428572,0.9898004575495679,0.8794532201321166,0.7768859385141756,0.008229279292462015,0.0018491434703059718,0.6035517614610517,0.9966775857886443,DERMASON
11629,31151,659.06,240.20390221968375,165.75148744566695,1.4491809752140064,0.7237665230683435,31553,199.15492727533768,0.7166091557395905,0.987259531581783,0.9012223401457661,0.8291077931498222,0.007710953170674577,0.0022476662141064727,0.6874197326617687,0.9961955985601333,DERMASON
11630,31154,656.672,237.43266262840103,167.88344786553972,1.4142708268570008,0.7071354111099287,31519,199.1645168615114,0.7204902867715078,0.988419683365589,0.9078763066100455,0.8388252680012185,0.0076212577077871555,0.00232751467075371,0.703627830237316,0.9951203132693263,DERMASON
11631,31160,660.7689999999999,234.76105655247412,170.7157474772598,1.3751575939632954,0.6864368897906581,31588,199.1836946488032,0.8086785009861933,0.986450550842092,0.8968255929129899,0.8484528804473215,0.007534051879090954,0.0024083482286887284,0.7198722903393567,0.9899378467439167,DERMASON
11632,31160,663.361,246.5982634299665,161.1849941593135,1.5299083187994005,0.7568108577494469,31585,199.1836946488032,0.729469051409308,0.9865442456862434,0.8898308179713729,0.8077254554769849,0.007913936567072096,0.002077913225216693,0.6524204114255028,0.9981434147944039,DERMASON
11633,31175,661.3580000000001,234.01356474272782,169.97790135603603,1.37672934467265,0.6873153129321261,31576,199.23163104065253,0.7234017867502031,0.987300481378262,0.895659844234676,0.8513678737370879,0.007506449550688944,0.0024326709291730858,0.72482725643161,0.9978909537479651,DERMASON
11634,31182,671.033,260.11232153049474,153.0283393630787,1.699765694466213,0.80863084109722,31538,199.25399741016952,0.7827789632232961,0.9887120299321454,0.8702140170515912,0.766030598772729,0.00834174592811541,0.0017718264945962995,0.5868028782561059,0.9974274018737624,DERMASON
11635,31184,683.436,253.61484257497995,157.84872363198562,1.6066955547025328,0.7827029487453857,31826,199.26038734033745,0.7926389100706625,0.979827813737196,0.8389691329766799,0.7856810954643836,0.008132851544862107,0.0019116475381543857,0.617294783770114,0.9918047850245033,DERMASON
11636,31193,659.1959999999999,241.96896016320034,164.99147483896508,1.4665543198481426,0.7314729931130038,31587,199.28913949065046,0.6836522234641769,0.9875265140722449,0.9020651035755566,0.8236144807839663,0.007757155777360316,0.002201801538076033,0.6783408129570422,0.9948236495714511,DERMASON
11637,31205,655.4599999999999,243.37524773431704,163.61175525498842,1.4875168801594816,0.7403139692791746,31554,199.32746923959263,0.8109618233322072,0.9889395956138682,0.912728609353087,0.8190129074144401,0.007799238831415384,0.0021646862927631075,0.6707821425114544,0.9977997598953313,DERMASON
11638,31209,654.454,241.19301892833212,165.03994443222024,1.4614220803218154,0.7292334268606464,31597,199.34024418475988,0.7676357733175915,0.9877203531980884,0.9156541420990922,0.8264760110821934,0.0077283161565039615,0.002224260517447685,0.6830625968943337,0.9982427613433388,DERMASON
11639,31214,654.173,244.15606658541023,163.1201745411162,1.4967864476130024,0.7440733102536116,31553,199.35621171501873,0.7287371886162538,0.9892561721547872,0.9165877726727556,0.8165113998725086,0.007822005080585963,0.0021446027908658015,0.6666908661217636,0.9978938531584304,DERMASON
11640,31214,657.8520000000001,250.70457986148912,158.8731626363537,1.5780171786176953,0.7735734390512164,31547,199.35621171501873,0.8012835322808368,0.9894443211715852,0.9063645090730456,0.7951837649920889,0.008031799188232496,0.0019809003235241613,0.6323172201069935,0.9978074356646222,DERMASON
11641,31214,656.61,238.85162032980085,167.02568389489338,1.4300292910646388,0.7148416362046457,31638,199.35621171501873,0.8064799503927242,0.9865983943359251,0.9097965901395085,0.834644585788249,0.007652067031774231,0.002290682250104667,0.6966315845856376,0.9962035710382353,DERMASON
11642,31220,671.1270000000001,258.0112672129914,154.60421270087903,1.668850173650698,0.800588174136367,31589,199.37537106330808,0.7177011494252874,0.9883187185412644,0.8710304555266755,0.7727390094895402,0.008264294273318111,0.0018176777176901518,0.5971255767868757,0.9965131225120507,DERMASON
11643,31225,661.627,251.1724603296325,158.87301652044928,1.580963626364474,0.7745394363195229,31563,199.39133578055856,0.6786568137361443,0.9892912587523366,0.8963670246953689,0.7938423484759529,0.00804395389366317,0.0019705451405503064,0.6301856742338163,0.9963006288196351,DERMASON
11644,31225,656.0279999999999,249.0312215845145,159.95204603392116,1.5569117604891547,0.7664557130165291,31570,199.39133578055856,0.715824946699984,0.98907190370605,0.9117327583654526,0.8006680227157401,0.00797537939421984,0.002021813305016939,0.641069282599533,0.9980883053675582,DERMASON
11645,31230,664.947,250.95854235851385,158.7640044418883,1.580701767007717,0.7744538526640307,31656,199.40729921966027,0.740521186541152,0.9865428354814253,0.8875805695009719,0.7945826324365217,0.008035816277890294,0.0019759048838214987,0.6313615597697526,0.9979943331487965,DERMASON
11646,31233,658.151,245.85778709193588,161.9555092133457,1.5180575720216152,0.7523736866559385,31575,199.4168766697376,0.7276348895722673,0.98916864608076,0.9060923718524009,0.8111066117876015,0.007871731408828351,0.0021016567948061063,0.6578939356855629,0.99872087065457,DERMASON
11647,31233,688.3599999999999,247.19981510081647,161.6931375047191,1.5288206965097813,0.7564089992560626,31854,199.4168766697376,0.7821938392186326,0.9805048031644378,0.8283088725458566,0.806703178917867,0.007914699679851967,0.002067613106470305,0.6507700188761922,0.9949106735259836,DERMASON
11648,31242,656.9189999999999,248.65222450345453,160.85882948818167,1.5457791486772137,0.7625553767089477,31627,199.4456062604939,0.7377095631641086,0.9878268567995699,0.90975624584134,0.8021066638706986,0.007958908664728715,0.0020321781681303963,0.6433751002257817,0.994515814707126,DERMASON
11649,31249,648.9119999999999,237.88799904695463,167.56422703411835,1.419682489858157,0.7098202581923989,31551,199.4679486369404,0.7570009689922481,0.9904281956197902,0.9325548330836332,0.8384952138656191,0.007612659574608936,0.0023212318663366933,0.7030742236755503,0.998142164422796,DERMASON
11650,31254,653.786,233.47023513371644,170.99636827924212,1.3653520100055732,0.6808618603750071,31660,199.48390594519842,0.711029211029211,0.9871762476310803,0.9188491943655538,0.8544297127680842,0.0074700913525857955,0.002455902073132095,0.730050134060951,0.9967754179449576,DERMASON
11651,31258,657.511,239.91233152171552,166.3787249686911,1.441965200579953,0.7204585396317856,31641,199.49667087280358,0.7806693306693306,0.9878954521032837,0.9085838335405705,0.8315398779522355,0.007675229749878928,0.002263619741506307,0.6914585686248187,0.9970591935998139,DERMASON
11652,31259,646.1510000000001,235.6466285953253,169.34501370367144,1.391517963485313,0.6953826537323735,31533,199.49986197708623,0.7551942404329339,0.9913106903878477,0.9408424473237817,0.8466060523177961,0.007538521020996363,0.0023888637951175167,0.7167418078211228,0.9973591007640303,DERMASON
11653,31267,662.324,249.67647724180148,159.6930766738018,1.5634771553171645,0.7687078968141289,31648,199.52538897402087,0.802644076498524,0.987961324570273,0.8956845702156607,0.799135710252707,0.00798530326676053,0.002008876920552829,0.6386178834010986,0.9984644716746182,DERMASON
11654,31268,659.043,243.53850854104994,163.867370188274,1.486192817162065,0.7397696586167246,31629,199.52857961900864,0.7543182476116954,0.9885864238515286,0.9046539092003277,0.8192896508002423,0.007788745955643148,0.0021646973085535366,0.671235531908383,0.9975854261461969,DERMASON
11655,31270,653.5010000000001,243.82710798786192,163.6435418357271,1.4899891877959155,0.7413253685264081,31596,199.53496075592503,0.7929504247495879,0.9896822382580074,0.920121613444275,0.8183460912223844,0.007797477070286598,0.0021571578142210147,0.6696903250189551,0.9978313434497755,DERMASON
11656,31270,642.131,230.78475351906465,173.1093399189193,1.3331733205565874,0.6613357429565183,31646,199.53496075592503,0.757950358735699,0.9881185615875624,0.9529946701826613,0.8645933395224995,0.007380388663865195,0.0025439380910601502,0.7475216427466681,0.9965759106484905,DERMASON
11657,31273,654.5930000000001,242.80693862189068,164.38682999821518,1.4770461759286126,0.7359582670581952,31595,199.5445320786885,0.796095002927475,0.9898085140053806,0.9171422388593956,0.8218238457733194,0.007764107652668138,0.00218467211289786,0.6753944334816485,0.9975887652175407,DERMASON
11658,31274,648.848,236.88773349922224,168.6505755795222,1.4046067301295677,0.7022372056853666,31652,199.54772241758982,0.730291425368952,0.9880576266902565,0.9334850246976232,0.842372542765052,0.007574590186711717,0.0023526412839611687,0.7095915008044593,0.9966969976726842,DERMASON
11659,31280,653.7109999999999,243.3616397041445,163.90839862242413,1.4847417322692973,0.7391709947992978,31609,199.5668633799607,0.7322783032119112,0.9895915720206271,0.9198246049505999,0.8200424011876923,0.0077801035711043635,0.0021702530526136435,0.672469539745676,0.998443589340332,DERMASON
11660,31281,660.378,253.79507160224335,157.29774746669355,1.6134692053106627,0.784773620601901,31626,199.57005336187245,0.710221596585233,0.9890912540314931,0.9013745650660709,0.7863432969835038,0.008113393804617607,0.0019135114936131223,0.6183357807108869,0.9976657407187429,DERMASON
11661,31281,656.8599999999999,246.72173827638775,161.89110496789814,1.5239981117264654,0.7546141506688164,31598,199.57005336187245,0.7674059172758942,0.9899677194759162,0.9110555546541628,0.8088871890903506,0.007887271451564455,0.002082851846647587,0.6542984846744887,0.9971496551494085,DERMASON
11662,31283,655.438,239.83534141678382,166.36357216402033,1.44163375609852,0.7203050307569361,31666,199.57643317273232,0.7435233160621761,0.9879050085264953,0.915071491539205,0.8321393836028115,0.0076666349588205675,0.0022676125673996143,0.6924559537428671,0.9982678775271124,DERMASON
11663,31286,664.966,241.20691266458627,166.86705045435747,1.445503543136952,0.7220887334180018,31688,199.5860025066495,0.704005400540054,0.9873138096440293,0.8891213207736836,0.827447274631746,0.007709739585264536,0.0022293630109673913,0.6846689922955043,0.9896914542391577,DERMASON
11664,31289,647.136,240.135545301289,166.1431133686285,1.4453535896398575,0.7220199637682747,31637,199.59557138177817,0.760549343704424,0.9890002212599172,0.9388807330951153,0.8311787875108333,0.007674759349972482,0.0022595519649218033,0.690858176807979,0.9985343457814599,DERMASON
11665,31293,650.4259999999999,240.3429900664847,166.0916233147809,1.4470506415063498,0.7227966144301372,31620,199.60832916839277,0.7641198447000219,0.9896584440227704,0.929525433759451,0.8305144623239324,0.0076804074414880226,0.002253994336909804,0.6897542721292107,0.9981093619663197,DERMASON
11666,31298,660.2529999999999,250.9099149057605,159.1836071999117,1.5762296088104961,0.7729841475628114,31640,199.62427525509298,0.7031362329259525,0.9891908975979773,0.9022059436225459,0.7956013827913897,0.00801680346685924,0.0019813587482601343,0.6329815602995713,0.9977242771752508,DERMASON
11667,31301,660.804,255.2912597956429,156.58179225076782,1.630401952398083,0.7898145810483738,31659,199.6338422957273,0.7824076388541719,0.9886919991155754,0.9007883280057912,0.781984633769019,0.008156009705621,0.0018812667215397836,0.6114999674508669,0.9969907408232578,DERMASON
11668,31303,658.6610000000001,244.6193599146167,163.17135729070512,1.4991562488433818,0.7450202229989233,31631,199.6402200681135,0.7710098522167488,0.9896304258480605,0.9067173518220902,0.8161260013835252,0.007814566013309161,0.0021385208305161004,0.6660616501342619,0.9985304849137131,DERMASON
11669,31306,672.247,254.18407254091304,158.68398148702877,1.6018256547318273,0.7811945401493541,31883,199.6497863446866,0.6547043938348286,0.9819025813129254,0.8705218961049368,0.7854535665784146,0.008119340463199164,0.0019062619527323867,0.616937305250752,0.988226002911775,DERMASON
11670,31309,654.6840000000001,246.57703811089945,162.16913064873012,1.5204930625484012,0.7532962108909368,31621,199.65935216291072,0.815465958222639,0.9901331393694064,0.917942771382832,0.8097240265864203,0.007875596094123078,0.00208838854326213,0.655652999231326,0.9969158367702834,DERMASON
11671,31312,659.679,253.27534840428223,158.04158825918284,1.6025867064112216,0.7814313686494095,31593,199.66891752285184,0.7987755102040817,0.9911056246636913,0.9041809528522667,0.7883472228182945,0.008088763043059602,0.0019272233283048716,0.6214913437253177,0.9959937656038413,DERMASON
11672,31321,656.6429999999999,246.88155379185852,161.84606241268756,1.5254097017346082,0.7551417150818985,31617,199.6976108536355,0.8038858374826754,0.9906379479393997,0.9128235705055948,0.8088802415023564,0.007882301133164921,0.0020814677837923345,0.6542872450929101,0.9980561113859348,DERMASON
11673,31330,647.232,236.19967964938337,169.29050725380822,1.395232866159836,0.6973546466105827,31623,199.7263000622418,0.8009305417082087,0.9907345919109509,0.9398321479778676,0.8455824341451988,0.0075390896792015116,0.002377510710683976,0.7150096529349197,0.9976049673963379,DERMASON
11674,31332,652.0390000000001,232.49287466514448,172.15336409112135,1.3504985853316536,0.6720924212769862,31758,199.7326748823089,0.7630040911747517,0.9865860570564897,0.9260849714498527,0.8590915965488425,0.0074203011191479795,0.002493211811931755,0.7380383712608393,0.9967197763082413,DERMASON
11675,31335,675.752,249.15211962431553,160.8647222784607,1.548830073464008,0.7636346371885125,31862,199.74223673093363,0.7104958846336984,0.9834599209089198,0.8623129009656836,0.8016878886365298,0.00795124045394337,0.0020259836694386177,0.6427034707864969,0.995438463873823,DERMASON
11676,31337,649.035,238.27779853631557,167.71579623831337,1.4207236520389417,0.7103321311729596,31648,199.74861104239446,0.7958198948624832,0.990173154701719,0.9348265688495233,0.8383013955534387,0.007603720794470293,0.0023163633279893584,0.702749229786843,0.9984124522103169,DERMASON
11677,31339,654.6419999999999,245.788829328263,163.06581329788173,1.5072983377531524,0.7482306697156227,31665,199.7549851504469,0.8131551634665283,0.9897047213011211,0.918940237750821,0.8127097789446907,0.007842905942380516,0.002110564899482307,0.6604971847923279,0.9955663087281124,DERMASON
11678,31344,664.552,247.44434353849883,162.14031078882795,1.5261124290107666,0.7554036681502355,31725,199.77091953079392,0.7273739905318852,0.9879905437352245,0.8918798331446769,0.8073367799563881,0.007894472420192025,0.002068815813439651,0.6517926762703493,0.9947089043943712,DERMASON
11679,31345,659.4039999999999,238.17777098937697,168.25549701738618,1.4155720033608505,0.7077846993142095,31720,199.77410625434837,0.8086945304437565,0.9881778058007566,0.9058889947446482,0.8387604998757778,0.00759858896121796,0.0023198750520224015,0.7035191761518649,0.9958820495880705,DERMASON
11680,31346,662.548,252.35715520205986,158.75320545421792,1.5896192740173423,0.7773393902033073,31724,199.7772929270702,0.7853581539849172,0.9880847308031774,0.897340560428535,0.7916450507104128,0.008050697224591969,0.0019504519700059757,0.626701886314292,0.996217397548224,DERMASON
11681,31350,647.426,232.2831490444043,172.46362799324382,1.3468529668963236,0.6698776070408187,31677,199.79003910967973,0.7526649380581965,0.9896770527512075,0.9398685916323863,0.8601142180636054,0.007409350846711461,0.002501407397548662,0.7397964681151673,0.9963970679803348,DERMASON
11682,31351,665.596,259.9505429913619,154.16863214505247,1.686144187533444,0.8051515718914484,31734,199.7932255282748,0.7130737387981623,0.9879309258208862,0.8892827239836621,0.7685816818428954,0.008291618863556565,0.001784757481844756,0.5907178016644538,0.9960353877490524,DERMASON
11683,31353,666.601,260.7858879811022,153.50148564238788,1.6989144234646338,0.8084162882283158,31725,199.7995982130133,0.7539860038958228,0.988274231678487,0.8866598536005709,0.7661442103320091,0.008317733166877242,0.0017677744101140878,0.5869769510252578,0.9972236083381045,DERMASON
11684,31354,650.582,237.1802967681024,168.79525545685124,1.4051360396722306,0.7025089948783398,31681,199.80278447916157,0.7784011916583913,0.9896783561124964,0.9308907857020233,0.8424088644872308,0.00756459452599676,0.002349941925495669,0.7096526949666657,0.9971585773481861,DERMASON
11685,31361,666.114,244.45512000189424,163.71786996833887,1.4931486712426016,0.7426085925921613,31744,199.8250869196344,0.737472075249853,0.9879347278225806,0.8881833825352728,0.817430565242757,0.007794876438949467,0.0021468044610505094,0.6681927289930931,0.9977110854300049,DERMASON
11686,31365,650.732,237.17451801048733,168.62462900060797,1.406523586833998,0.7032195180723367,31670,199.83783005381733,0.7408588435374149,0.9903694347963372,0.9307881126928457,0.8425771525968947,0.007561757309436867,0.002350938194799204,0.7099362580782909,0.9985420921357845,DERMASON
11687,31367,652.205,237.5303128261911,168.79978192786578,1.407171917601744,0.7035505441846966,31752,199.84420131619493,0.7543771043771044,0.9878747795414462,0.9266475890246648,0.8413418857509257,0.007572618128166261,0.0023405388905802667,0.7078561687189239,0.9960753223224317,DERMASON
11688,31376,650.9469999999999,234.1331124205549,171.09979999065544,1.368400853965592,0.6826130426758882,31698,199.87286948360568,0.7829124663140034,0.9898416303867752,0.9304995784254144,0.8536719450625581,0.0074621721194720455,0.0024446070568429025,0.728755789786891,0.9972300450767512,DERMASON
11689,31379,654.024,238.6105968007922,167.58330981688394,1.4238327018455408,0.711851801227988,31782,199.88242462569005,0.7323158066699339,0.9873198665911522,0.9218528279816823,0.8376929914498518,0.0076041491698522,0.002309776286262404,0.7017295479242016,0.9991454781857658,DERMASON
11690,31385,653.8489999999999,238.7121397945177,167.70647157668225,1.423392535483455,0.7116374543379632,31704,199.90153353967318,0.7915910008071025,0.9899381781478678,0.9225227167418579,0.8374167049557995,0.007605930852143308,0.002307271043467066,0.7012667377390285,0.9981778398805667,DERMASON
11691,31386,662.699,253.53359982658557,158.04065921284348,1.6042302094243712,0.7819414103347384,31698,199.90471818108202,0.7097693351424694,0.990157107703956,0.8980762344724769,0.7884742626532137,0.008077920086235441,0.0019258807927188073,0.6216916628665291,0.9973365465177575,DERMASON
11692,31387,658.0649999999999,239.8404659160061,167.34459429943968,1.4332131068831853,0.7163579686793219,31772,199.90790277175773,0.795816430020284,0.9878824121868311,0.9107980362356919,0.8335036458850399,0.0076413950334853955,0.0022750053897481882,0.694728327703654,0.9956937449879139,DERMASON
11693,31390,653.785,237.53763751233967,169.0700979754453,1.4049653981204777,0.7024214191068382,31812,199.91745623941085,0.7119366764192239,0.9867345655727399,0.9228503373683762,0.8416243351288929,0.007567302883476893,0.002342038431778696,0.7083315214811512,0.9951812780790492,DERMASON
11694,31397,641.3859999999999,232.94938197980878,171.92248080257994,1.3549675463751978,0.6747733070777497,31668,199.93974588872993,0.8019667943805875,0.9914424655803966,0.959089342168192,0.8582969578603991,0.0074194789941653275,0.0024837247510723446,0.7366736678724157,0.9981689122363046,DERMASON
11695,31398,662.4719999999999,248.1439053458721,161.76429167570376,1.5339844336186226,0.7583074404054859,31802,199.94292992150193,0.6936178673205646,0.9872963964530532,0.899035404618451,0.8057539420233357,0.007903175531749542,0.002054902148425361,0.6492394150861452,0.9959231564338062,DERMASON
11696,31404,661.663,251.59763123129224,159.62602147356372,1.5761692793487325,0.7729642164772879,31809,199.96203305343505,0.7614752309594821,0.9872677544091295,0.901407429604502,0.794769140213451,0.008011642823566815,0.0019718111806415555,0.6316579862356282,0.9955999129598816,DERMASON
11697,31408,662.892,246.5555528217298,162.9998975619234,1.512611704115113,0.7502905762253368,31842,199.9747674609024,0.6924925587035607,0.9863702028767037,0.8981825030866466,0.8110738743146162,0.007850087647151357,0.00209553982240224,0.6578408295957219,0.9950577382912844,DERMASON
11698,31408,648.687,235.2311234045377,170.71695345174194,1.3779013662578774,0.6879676522141023,31740,199.9747674609024,0.8115552569701041,0.9895400126023944,0.9379501499877512,0.8501203606335572,0.007489528890872952,0.0024129922901028862,0.7227046275637296,0.9958156937209535,DERMASON
11699,31410,665.924,253.15988816435282,158.18924670759503,1.6003609185414878,0.7807375808459686,31904,199.98113436054777,0.7325947521865889,0.9845160481444333,0.8900788182661425,0.789940048601692,0.008059849989314003,0.0019359014760126413,0.6240052803848435,0.9986336636914269,DERMASON
11700,31412,655.3879999999999,247.19580389028422,162.15198756799674,1.524469774301257,0.7547906328350775,31771,199.9875010574934,0.7980691056910569,0.98870038714551,0.918985125880243,0.809024659440644,0.0078694703899874,0.0020795640716698175,0.65452089958305,0.9977973280628281,DERMASON
11701,31413,653.1400000000001,235.2830088800721,170.34237833013233,1.3812359037519217,0.6898112128017362,31786,199.9906843299599,0.7281134830679369,0.9882652740200089,0.9253514600091177,0.8500005388485093,0.007489988504124792,0.0024117801587712376,0.7225009160427562,0.9979442057319077,DERMASON
11702,31414,658.232,241.10384795995662,166.14097547766923,1.4512003873021864,0.7246807990964486,31861,199.99386755175868,0.7731725326113709,0.9859703085276671,0.9111190349881233,0.8294926408017111,0.007675044501176438,0.0022413558572289957,0.6880580411441968,0.998510095794842,DERMASON
11703,31421,651.558,239.0708944772097,168.05456559865337,1.4225789916839093,0.7112405903771737,31768,200.01614868585872,0.7657681809319555,0.9890770586753966,0.930087277259278,0.8366394793613239,0.007608634177053871,0.0022995342547042527,0.6999656184259873,0.9957563836738449,DERMASON
11704,31422,652.1729999999999,236.37489507017045,169.52423807826742,1.3943427662600014,0.6968840950102232,31770,200.01933150240325,0.7490524207966817,0.9890462700661001,0.9283635022963622,0.8461953264665664,0.007522592294257859,0.002379193568003313,0.7160465305338588,0.9984143001554573,DERMASON
11705,31423,649.7729999999999,238.37446233645682,168.33815963941387,1.4160453152574741,0.7080202911894293,31749,200.02251426830185,0.7779703399272115,0.9897319600617343,0.9352639337482657,0.8391104999577405,0.0075859867719968435,0.0023198957322559844,0.7041064311393291,0.9970466132575064,DERMASON
11706,31424,663.866,241.98352146038306,166.11916533289573,1.4566863550961047,0.727139642996709,31874,200.02569698355697,0.7098581368031084,0.9858819100207066,0.8960050896235483,0.8266087532588647,0.00770059576948775,0.002217706598213961,0.6832820309641747,0.9953276111878673,DERMASON
11707,31426,651.033,241.5225893842177,166.16775782504118,1.4534864798411613,0.7257098370103352,31760,200.0320622621464,0.7345784343516982,0.9894836272040303,0.931736189709471,0.82821264367919,0.007685438470827267,0.002230569901670351,0.685936183150073,0.9969989682424817,DERMASON
11708,31431,655.809,238.70275144770605,168.2668127676433,1.4185967364659513,0.7092848668051499,31787,200.04797457252823,0.7768413247652002,0.9888004530153837,0.9183607579571832,0.8380631281342975,0.007594500698282144,0.0023109253870314808,0.7023498067382439,0.9963511436963643,DERMASON
11709,31453,655.601,242.7591221633714,165.71181125235924,1.4649476119338187,0.7307751375456656,31880,200.11797370689888,0.8118160231261615,0.9866060225846925,0.9195867907500618,0.8243479047194117,0.00771815477580426,0.0021985452054721875,0.6795494680152842,0.9955043703598875,DERMASON
11710,31455,660.54,255.06895468859585,157.53349006790899,1.6191411399483475,0.786483425514516,31771,200.12433605047775,0.7963291139240506,0.9900538226684712,0.9059439088228078,0.7845891566647225,0.008109011435021327,0.0018954698571821307,0.6155801447558605,0.9967111373095728,DERMASON
11711,31459,663.692,246.7966185295555,162.53527350614553,1.5184188219932704,0.7525108742697962,31842,200.13706013086002,0.7344399308960172,0.9879718610640035,0.8974734545141317,0.81093923135293,0.007845024270623844,0.0020927979372841166,0.6576224369472811,0.9985462860258342,DERMASON
11712,31460,652.5350000000001,243.28666425265294,165.14399667850225,1.4731789780180546,0.7343193648560787,31777,200.1402410245581,0.7724225981487393,0.9900242313623061,0.9284552163318233,0.8226519182190466,0.007733206111018847,0.002184760358046789,0.6767561785494771,0.9969829754829229,DERMASON
11713,31464,666.0409999999999,240.9890350923672,166.7300862300025,1.4453842167389346,0.7220340118269503,31930,200.1529640938329,0.7448863636363636,0.9854055746946445,0.8912958184867066,0.8305480123488502,0.007659198928692068,0.002248133436971174,0.6898100008166259,0.9970404877290227,DERMASON
11714,31470,665.716,251.8677227214665,159.94348800771988,1.574729461378945,0.7724877098848927,31874,200.17204718145732,0.8013138797647239,0.9873250925519232,0.8923364161905263,0.7947506930168341,0.008003423028963027,0.001969605264757305,0.6316286640507381,0.9946442659321214,DERMASON
11715,31471,651.089,244.28147092600386,164.3788947543511,1.4860878051957929,0.7397264096706816,31814,200.17522751919205,0.7302703329852651,0.9892185830137675,0.932909876296358,0.8194449900779737,0.00776211340364157,0.0021589320009076586,0.6714900917638904,0.9978932366801215,DERMASON
11716,31472,685.062,252.00253664770972,159.33244453186393,1.5816147011873232,0.774752002382301,31945,200.17840780639912,0.6962523782133534,0.9851933009860698,0.8427028260593888,0.7943507651521825,0.008007198037865712,0.001966570886035381,0.6309931380978578,0.9979880235638948,DERMASON
11717,31472,669.924,240.30341177513588,167.11505494926283,1.4379519059374604,0.718590409240985,31932,200.17840780639912,0.7832947559670475,0.9855943880746586,0.8812175408321624,0.8330235776831842,0.007635466820511435,0.0022680077381429975,0.6939282809760923,0.9978354942134772,DERMASON
11718,31473,670.4789999999999,252.55580291929505,158.8970111611294,1.5894307959209568,0.7772790141162179,31792,200.18158804308098,0.7629818181818182,0.9899660291897333,0.8797872137790866,0.7926231974446043,0.008024522699434279,0.0019537369348329534,0.6282515331273082,0.9985623343370987,DERMASON
11719,31475,658.092,236.20146011554422,169.91712379939446,1.3900980362309192,0.6946232405438147,31904,200.18794836487845,0.7899756544436914,0.9865534102306921,0.9132767045754486,0.8475305286722241,0.007504414936157084,0.0023884601786382017,0.7183079970314198,0.9985185360823416,DERMASON
11720,31479,670.537,255.18081698520132,157.81751329818863,1.6169359892463226,0.7858212618290173,31964,200.20066840227628,0.7794532758876839,0.9848266800150169,0.8798027142447477,0.7845443508157061,0.008106382572038544,0.0018944225602113797,0.6155098383968378,0.995240009439035,DERMASON
11721,31488,658.189,242.2020374646991,165.9941974866526,1.459099421135936,0.7282098201028454,31850,200.22928553191414,0.7862172284644194,0.9886342229199372,0.9133846338223647,0.8267035555433655,0.0076918838117600065,0.0022162140310135097,0.6834387687480423,0.9972051118621255,DERMASON
11722,31493,661.6510000000001,246.48372201220243,163.08258095565037,1.5114043484462185,0.7498249061003622,31981,200.24518217011985,0.7073581600107812,0.9847409399330853,0.9039948384221959,0.8124073287087352,0.00782661931261558,0.002103048570684012,0.6600056677396628,0.9975354362208765,DERMASON
11723,31494,650.262,236.29316781779423,170.0104176394251,1.3898746388527092,0.6945034742486867,31769,200.24836134632716,0.7334420121099208,0.9913437627876232,0.9359678608914329,0.8474572633464322,0.007502799511582976,0.0023871204278869494,0.7181838131986242,0.9981854679992995,DERMASON
11724,31495,651.736,239.44538773331357,167.82928257315095,1.4267199624651177,0.7132513027269997,31849,200.25154047206215,0.7129114038661777,0.9888850513359917,0.9317685659936272,0.8363140437480289,0.00760264764989089,0.002294151978590605,0.69942117977018,0.9978781593490198,DERMASON
11725,31497,664.096,237.13347458770613,169.49220124843686,1.3990819214160928,0.6993755115014764,31860,200.2578985721248,0.7280859916782247,0.9886064030131827,0.8974645970997289,0.8444944304902742,0.007528763837435506,0.002362058209436947,0.7131708431290925,0.9977844335029858,DERMASON
11726,31498,677.2570000000001,257.4966030526185,156.2387589823206,1.6480968277644594,0.7948847314740971,31982,200.26107754645722,0.6900041621941335,0.984866487399162,0.8629504064929846,0.777723182257028,0.008175014383536051,0.0018448814593476754,0.6048533482199984,0.9968568844640914,DERMASON
11727,31499,660.822,251.8435495225512,159.75750394284603,1.57641139418809,0.7730441871813146,31898,200.26425647032696,0.7284690101757632,0.9874913787698288,0.9064370410231913,0.7951931143362256,0.007995287136815493,0.0019719880154497123,0.6323320890877455,0.9968155101486805,DERMASON
11728,31505,656.192,233.15528055066164,172.4128290495966,1.3523081886417614,0.6731824745416904,31932,200.28332895396287,0.7357027765453145,0.9866278341475636,0.91944866224303,0.8590126223216458,0.007400580242839601,0.0024856714050743955,0.7379026853079104,0.9978718437626319,DERMASON
11729,31507,644.7589999999999,232.2807815827428,173.1442547534373,1.3415448402461734,0.6666070625127685,31766,200.28968604491538,0.8249201445253181,0.9918466284706919,0.9524059301954552,0.8622740317996064,0.007372354765059917,0.002514011250621084,0.7435165059159485,0.9974607321494043,DERMASON
11730,31511,652.3279999999999,243.97901347637853,164.68033000632724,1.481530996853143,0.7378383664928149,31768,200.3023996215465,0.8021536033398671,0.9919100982120372,0.9305506338308169,0.8209820868094432,0.007742661720554046,0.002169725399276021,0.6740115868619881,0.9985690581742098,DERMASON
11731,31512,673.38,255.40527496819846,158.140465709136,1.615053261813199,0.7852533234707607,31977,200.30557788961957,0.8021790596441208,0.9854582981517966,0.8733039112313076,0.784265626129141,0.008105016341971263,0.0018914130443174904,0.6150725723277334,0.9933749641897407,DERMASON
11732,31516,657.536,242.23579989825245,166.09575601759107,1.4584105320102065,0.7279050048480279,31883,200.3182904576449,0.799188538100672,0.9884891635040617,0.9160135228551941,0.8269557618724632,0.00768612133196638,0.0022172573780626717,0.6838558320940661,0.9973425479025894,DERMASON
11733,31518,660.29,240.21200947158076,167.5682054891097,1.4335178249980853,0.7165023974112025,31977,200.32464643913104,0.7997056733989648,0.9856459330143541,0.9084459125980915,0.8339493386688115,0.007621422979617386,0.002273916443967824,0.6954714994661481,0.9969707912628695,DERMASON
11734,31518,650.7239999999999,236.48599915365145,170.15075303579624,1.389861607629204,0.6944964856166813,31829,200.32464643913104,0.7809991079393399,0.9902290364133337,0.9353515405079699,0.8470888219855021,0.0075032044912003125,0.002383100452946667,0.7175594723327856,0.9973083617860089,DERMASON
11735,31520,657.536,239.07075403092728,168.40815751760198,1.4195912926957808,0.709775351109509,31870,200.33100221895845,0.8213466750052116,0.9890178851584562,0.9161297829799376,0.8379569597753589,0.0075847320441284035,0.0023067835985359406,0.7021718664359623,0.996797067568437,DERMASON
11736,31521,674.54,252.26999169605563,159.6053993293431,1.5805855738971628,0.7744158605414622,31958,200.33418003325608,0.7975154336605607,0.9863258026159334,0.8705514323534134,0.7941260816888052,0.008003235674504477,0.0019633747808282483,0.630636233618415,0.9967745332341079,DERMASON
11737,31521,660.9959999999999,238.54863923474002,168.7439251795119,1.4136724565401035,0.70683602107379,31863,200.33418003325608,0.7115671136394419,0.9892665474060823,0.9065926384462689,0.8398043295318084,0.007567927389192602,0.0023220371109238845,0.7052713119003703,0.9970226280214581,DERMASON
11738,31525,651.28,230.16990335208828,174.8394264073795,1.316464530235804,0.6503785139945224,31832,200.3468907863958,0.7282282282282282,0.9903556169891933,0.9339625791283167,0.8704304423325383,0.007301186466362832,0.0025852913266363937,0.7576491549392183,0.9974182388406119,DERMASON
11739,31534,653.7819999999999,234.6866564517004,171.4487370835913,1.3688444747031114,0.6828665003685611,31906,200.37548703291682,0.8125644197072769,0.9883407509559331,0.9270923737290138,0.8538000841737461,0.007442337047367933,0.0024395732926843845,0.7289745837350959,0.9978528311447866,DERMASON
11740,31534,655.093,241.46600235591956,166.59775290987406,1.4493953137924236,0.7238637996847694,31893,200.37548703291682,0.7332635740030229,0.9887436114507886,0.9233854132555093,0.8298289824567703,0.007657322330053896,0.0022398095237565183,0.6886161401252388,0.9980770064993479,DERMASON
11741,31534,671.57,236.71964272707342,169.92736244822825,1.3930637144985685,0.6962057849910378,31979,200.37548703291682,0.804110567115463,0.9860846180305826,0.8786306572505487,0.8464675120515466,0.00750680670790491,0.002377257209879983,0.7165072489587353,0.9981402496996064,DERMASON
11742,31536,667.2909999999999,258.67301005268155,155.64825722336036,1.6619075257712477,0.7987084645790599,31826,200.38184120016487,0.6939988116458705,0.990887953245774,0.889991658384928,0.7746530693687561,0.008202467340584777,0.0018220204897714995,0.6000873778824348,0.9972897294231531,DERMASON
11743,31539,658.9509999999999,239.0320905914724,169.285011211078,1.4120097750026328,0.7060014425721641,31958,200.39137207325643,0.8133849129593811,0.9868890418674511,0.9127493668716202,0.838345058930784,0.007578936890563189,0.0023092943315819636,0.7028224378336597,0.9923921523123076,DERMASON
11744,31541,664.515,248.48663801273722,161.9863718688881,1.5339971822682865,0.7583120978668852,31914,200.3977257368251,0.8128914203242185,0.9883123394121702,0.8975853283487936,0.8064728443327922,0.007878210520044933,0.0020557312502940683,0.650398448646224,0.9977093875749724,DERMASON
11745,31543,657.103,249.88393500445295,161.15798066255633,1.550552656325951,0.7642405175530154,31863,200.40407919895551,0.6985649111928068,0.9899570034208958,0.9180069307598836,0.8019886480312722,0.007922009162237356,0.002021566290022675,0.6431857915710278,0.9972934376315667,DERMASON
11746,31558,656.453,242.94856462354684,166.9923013054856,1.454848892579254,0.7263201039465998,32083,200.45172374602387,0.8012084898953996,0.9836361936227909,0.9202632116427594,0.8250788559159731,0.007698477870066127,0.0022007284570944876,0.6807551184796109,0.9903958302377207,DERMASON
11747,31558,667.512,253.61248868367255,159.1054119064455,1.5939903341113093,0.7787322884083472,31927,200.45172374602387,0.7925959413301186,0.988442384188931,0.8900228995843559,0.7903858551541783,0.008036392948972449,0.0019346284252200155,0.6247098000278015,0.9957813828689245,DERMASON
11748,31561,651.027,234.70071962596515,171.76352055203907,1.3664177286984407,0.6814758282635502,31856,200.4612512965697,0.8087379884689302,0.9907395781014565,0.9357559956473739,0.8541143444981262,0.0074364158178120195,0.002441223216937565,0.7295113134774636,0.9968171920216921,DERMASON
11749,31561,670.2059999999999,250.33270602957236,161.17294782143998,1.5531930724932237,0.765164390202441,32017,200.4612512965697,0.7538575455023169,0.9857575662929069,0.8829660315146005,0.8007793087687423,0.00793171021290746,0.00201186100623097,0.6412475013521446,0.9959811768537401,DERMASON
11750,31563,662.797,254.5682722065511,158.40508915835315,1.607071297766616,0.7828186422040337,31936,200.46760274537115,0.7828125,0.9883203907815631,0.9028738429456735,0.7874807060901767,0.00806540164770621,0.0019132223714804827,0.6201258624642833,0.9965864745691178,DERMASON
11751,31579,736.5139999999999,250.33119237518895,161.2805206227073,1.5521477200634972,0.7647993221081767,32458,200.5184070931936,0.6891216584833606,0.9729188489740588,0.7315537219378274,0.8010124714808315,0.007927141213312295,0.002013044934951747,0.6416209794678299,0.9958905404259,DERMASON
11752,31586,662.214,248.80622626463887,162.3481385639862,1.5325474530561185,0.7577815394968724,31982,200.54062994816002,0.7055170873352692,0.987618035144769,0.9051233713150298,0.806011300275332,0.007877104611683622,0.002050741397772834,0.6496542161715312,0.9956259143608491,DERMASON
11753,31590,649.12,235.05610928362753,171.34333660859565,1.3718427219645708,0.6845706302300489,31908,200.5533276168306,0.7523398985448569,0.9900338473110192,0.9421271279496635,0.8532146993671005,0.0074408391669397765,0.002432400006939138,0.7279753232160919,0.9986676489238017,DERMASON
11754,31600,652.992,240.2635835086807,167.71372144429685,1.4325815528962549,0.7160582415379582,31941,200.58506827187097,0.7229797748695891,0.9893240662471432,0.9312820352967519,0.8348542269395721,0.007603277959135466,0.0022783646403978755,0.6969815802388707,0.9984829545586871,DERMASON
11755,31601,653.394,238.51963711133672,169.0339142703693,1.4110756302420187,0.7055308214661569,31916,200.58824206113346,0.7856645616826612,0.9901303421481389,0.9301658818465531,0.8409716050653827,0.007547850925962366,0.0023287796968417354,0.7072332405262461,0.9979595906036779,DERMASON
11756,31601,666.526,254.70557936366208,158.55861429457028,1.606381214271146,0.7826060859858659,31971,200.58824206113346,0.789748587994202,0.9884270119796065,0.8938744002155283,0.7875298317463973,0.00806004807960704,0.0019124295730722177,0.6202032358905091,0.9962828271646899,DERMASON
11757,31604,663.947,240.62802374295,167.64149999634427,1.435372647871782,0.717378929207698,32036,200.59776312763333,0.7778488801378292,0.9865151704332625,0.9009176416951451,0.83364256584645,0.007613847099827553,0.002268315395167384,0.6949599275910525,0.9975264714311511,DERMASON
11758,31608,664.008,240.69309504958682,167.7228089559975,1.4350647747184657,0.7172337471664271,31977,200.61045718005084,0.69929203539823,0.988460455952716,0.9008661260689276,0.8334699304054474,0.007614942263021602,0.0022667630367196674,0.6946721248900614,0.9968994964085539,DERMASON
11759,31611,655.3949999999999,247.56848146928164,163.13101092128645,1.5176052675155538,0.7522017468837847,31879,200.61997719226076,0.8013943465584992,0.9915932118322407,0.9247872874975952,0.8103615452242201,0.00783171938468513,0.002083301738874964,0.6566858339781857,0.996589880748139,DERMASON
11760,31612,665.691,239.95696181226947,168.23639713789223,1.4263082537103589,0.7130524278681994,32011,200.62315042927614,0.8001417434443657,0.9875355346599607,0.8964301738031907,0.8360797241058329,0.007590692199553001,0.0022879783449889553,0.6990293050608858,0.9970312673937576,DERMASON
11761,31618,661.607,244.5669995466673,165.24690732919578,1.4800095414763461,0.7372030031054811,32023,200.64218879746196,0.7821397649969078,0.987352840146145,0.9077036380196127,0.820397638149771,0.0077350559664326425,0.002161428276256926,0.6730522846817227,0.9961238032414035,DERMASON
11762,31619,656.817,240.37292823161175,167.79879005576842,1.4325069218420652,0.7160227881408867,31992,200.64536168319742,0.7762311582461825,0.9883408352088022,0.9210203475652404,0.8347252877406612,0.0076021673117939136,0.0022766248307189013,0.6967663059937297,0.9981225562423441,DERMASON
11763,31622,659.5139999999999,251.4367622464553,160.44637138856635,1.5671078134732628,0.7699384240229779,31880,200.65488003937335,0.8032820200172738,0.9919071518193224,0.9135896276376774,0.7980331843546962,0.00795132383297879,0.0019893124811120487,0.6368569633312965,0.9980235233013299,DERMASON
11764,31628,669.98,256.5902108782419,157.36661926546248,1.6305250254210437,0.7898505306932188,32006,200.67391539730252,0.6688660491477393,0.9881897144285446,0.8854375120563599,0.7820793891958996,0.008112754865253634,0.0018721967159562262,0.6116481710050314,0.9973076495767138,DERMASON
11765,31629,662.682,255.96477313739913,157.68554238462687,1.6232608853451471,0.7877118050816242,31942,200.6770877814118,0.753986984195094,0.9902009892930937,0.9050758496619445,0.7840027567922032,0.008092724181523259,0.0018860137768628125,0.6146603226577746,0.997754059543993,DERMASON
11766,31634,654.544,239.67939613254603,168.38868754541895,1.423369940263345,0.7116264440816865,31937,200.6929489497629,0.75302911280916,0.9905125716253875,0.9278681811412539,0.8373391797047791,0.007576638936983816,0.002297534305841221,0.7011369018686724,0.997977190129239,DERMASON
11767,31637,671.317,255.2481715104545,158.38650200847465,1.6115525519769176,0.7841909101796153,32075,200.7024650491028,0.7184675478039697,0.9863445050662509,0.8821650918024551,0.7863032430807536,0.008068027041453188,0.0019024242600187166,0.6182727900793109,0.9963790926702025,DERMASON
11768,31639,669.447,243.22840093517462,165.93804521492862,1.4657783910864859,0.7311363468358159,32137,200.70880886467293,0.7736075113697491,0.984503842922488,0.8871564474001699,0.8251865657669063,0.007687613418097115,0.0021987704648016556,0.6809328683221809,0.9980966841671922,DERMASON
11769,31639,663.311,256.0568994770535,157.54109483631365,1.6253340104250162,0.7883256979970938,31947,200.70880886467293,0.749988147726734,0.9903590321469935,0.9036457566552341,0.7838445645267974,0.008093078146498104,0.0018845744599163587,0.6144123013382046,0.9986252097884878,DERMASON
11770,31644,662.4739999999999,245.63911179796705,164.84836715860538,1.4900912640622672,0.741366989261374,32069,200.72466752643905,0.7914165666266506,0.986747326078144,0.9060737807903717,0.8171527166713207,0.007762580956831217,0.002135004628013576,0.6677385623633196,0.9949913984550801,DERMASON
11771,31649,657.728,239.77477850011013,168.54165182799784,1.4226440520756731,0.7112723614204107,32010,200.7405249353582,0.7849454365079365,0.9887222742892846,0.9193421992039286,0.8372045057911126,0.007576061755509183,0.0022958816500531784,0.700911384516941,0.9971474122151514,DERMASON
11772,31651,658.449,251.7430847106437,160.324851877955,1.5702062516314033,0.7709802854142651,31936,200.74686754819524,0.7521446733680284,0.9910759018036072,0.917387915687189,0.7974275352148636,0.007953716619084505,0.0019838772055704324,0.6358906739188526,0.9984795115414884,DERMASON
11773,31652,681.395,237.63834113376845,170.26527482415673,1.3956946968734052,0.6975983140844912,32135,200.75003877946668,0.7904305264209369,0.9849696592500389,0.8566691670466261,0.8447712512286177,0.007507845985522825,0.0023585854814538675,0.7136384669023644,0.9960214237404971,DERMASON
11774,31654,662.913,248.0448424563016,163.0599979447838,1.521187572566362,0.7535582622354872,32014,200.7563810917273,0.7718981662114709,0.9887549197226213,0.9051600764669712,0.8093551920036185,0.00783612947672653,0.0020741396523912244,0.6550558268232143,0.9964627831006563,DERMASON
11775,31656,656.1650000000001,248.30653550404028,162.5920308316216,1.527175312553809,0.7557990164286722,31914,200.76272320362742,0.79603691503005,0.991915773641662,0.9239315100777459,0.8085277449346907,0.00784390117210135,0.0020677193209328983,0.6537171143291762,0.9983406383974339,DERMASON
11776,31657,658.62,245.21350120262517,164.89762869369636,1.4870650545140258,0.7401284361130668,32029,200.76589418444817,0.7831045145330859,0.9883855256174092,0.9170854243578891,0.8187391526152185,0.007745948801295927,0.0021470226264902687,0.6703338000250859,0.9968299688768987,DERMASON
11777,31658,655.92,243.35169763720273,166.2049189785837,1.464166639186893,0.7304348591683826,31963,200.76906511518595,0.7126809391954256,0.9904577167349748,0.9246802717707886,0.8250160860373349,0.007686894233280774,0.0021967484770559864,0.6806515422203632,0.9965872810301647,DERMASON
11778,31659,654.5889999999999,244.33982130157955,165.2940123540614,1.4782133836657145,0.7364496875116012,31959,200.77223599584312,0.726890756302521,0.9906129728714916,0.9284737952739084,0.8216926529877314,0.007717862892118499,0.002170273348020281,0.6751788159740163,0.9980583621403617,DERMASON
11779,31662,653.7830000000001,239.90242765898643,168.4215047550719,1.4244168404020978,0.7121358517291948,32034,200.78174833735443,0.8014073099119166,0.9883873384528938,0.9308526968010702,0.8369308735081215,0.007576982744582983,0.00229316030916496,0.7004532870310671,0.9977374579620563,DERMASON
11780,31663,663.263,254.36689988579695,158.73429479195275,1.6024697134238468,0.7813949887033759,31940,200.78491901771272,0.7136449693472773,0.9913274890419537,0.9044621206015431,0.7893515984503451,0.008033569146505288,0.001923845845691705,0.6230759459761148,0.998460332589637,DERMASON
11781,31663,664.154,249.13961574360385,162.51466842547003,1.5330284838741213,0.757957790724233,32076,200.78491901771272,0.7738726628375902,0.9871243297169223,0.9020369746697224,0.8059132563820993,0.007868477899870633,0.0020474989610929388,0.6494961768123995,0.9956961392207508,DERMASON
11782,31667,654.114,244.44302327543738,165.27624329835703,1.4789967293373696,0.7367786579528066,31918,200.79760123848192,0.79127936031984,0.9921360987530548,0.9300577097715831,0.8214495081425336,0.007719172112149474,0.0021680734080305607,0.6747792944276103,0.9979963694830136,DERMASON
11783,31675,664.8839999999999,246.62596385303098,164.161110582695,1.5023409806233914,0.7462838351168603,32032,200.82296327732612,0.7252266691088928,0.9888548951048951,0.9003984183663324,0.8142815141596377,0.007786139348161988,0.002111544492427555,0.6630543843021122,0.9961337739190742,DERMASON
11784,31675,653.568,233.5736375336211,173.13568781485756,1.3490785203302094,0.6712326951936699,32010,200.82296327732612,0.7869956271119062,0.9895345204623555,0.931847677959681,0.8597843720630468,0.0073740690618349205,0.002485679616010832,0.7392291664438476,0.9972781900510002,DERMASON
11785,31684,664.989,251.29154870143975,161.21265299571084,1.5587582241955011,0.7670926687188243,32069,200.85149174300125,0.7446298472385429,0.9879946365649069,0.9003698543668508,0.7992767475902404,0.007931181312379743,0.0019966702908290846,0.6388433192384327,0.9958022778352591,DERMASON
11786,31689,665.122,244.32917626776683,165.70248255391573,1.4745052246774142,0.734883287970071,32068,200.86733913982275,0.758182601205857,0.9881813646002245,0.9001518375564611,0.8221176946943369,0.007710220463497328,0.0021726138416074854,0.6758775039295309,0.996584910786023,DERMASON
11787,31692,658.62,246.9934071284621,163.5514984582249,1.510187368852205,0.7493540994553027,31994,200.87684697781071,0.7921811728240764,0.9905607301369007,0.9180993546056234,0.8132882950731312,0.0077935569584899065,0.002103262914343907,0.6614378509029605,0.9988950877143989,DERMASON
11788,31701,644.9999999999999,228.26343734779047,177.06819211164085,1.2891272826904518,0.6310789703299128,31990,200.9053677920264,0.7995611380145279,0.9909659268521412,0.9575542692044956,0.8801469483083253,0.007200512203015377,0.0026654092680077693,0.7746586506164578,0.9986336012818464,DERMASON
11789,31706,655.5759999999999,239.02239700211308,169.24628301425918,1.4122756065607371,0.7061351403191238,32019,200.92121093944527,0.809322033898305,0.990224554170961,0.9270544162790479,0.8405957494337614,0.007538711821173061,0.0023218045784156437,0.7066012139661071,0.997915658050537,DERMASON
11790,31707,667.6109999999999,256.10945765690474,158.2723142314535,1.6181570282871875,0.7861883193700332,32127,200.92437941901872,0.7142824960576707,0.9869268839294052,0.8939599222408595,0.784525418378675,0.008077379053739071,0.0018874623755308002,0.6154801320822351,0.9959435014999953,DERMASON
11791,31719,657.9689999999999,240.6548496420014,168.2282517814209,1.4305257713471602,0.7150789697648127,32040,200.962397277338,0.7267499140795051,0.9899812734082397,0.9207007269401648,0.8350648140949165,0.007587088169299203,0.0022758080700373516,0.6973332437393776,0.9975531763862903,DERMASON
11792,31719,653.388,241.82647959672633,167.2212328060985,1.4461469727180902,0.7223834974188525,31962,200.962397277338,0.7331669093682823,0.9923972217007697,0.9336563232931558,0.831018991850959,0.007624025965406423,0.002242889748747494,0.6905925648169841,0.9986983469917031,DERMASON
11793,31720,660.858,247.99949423427003,163.23660919522985,1.5192639412012312,0.7528313355271792,32056,200.96556510755607,0.6979097909790979,0.9895183428999251,0.9126972442645881,0.810346673198116,0.007818395152404478,0.0020796047141437334,0.6566617307632542,0.9976424891154034,DERMASON
11794,31725,658.802,235.0157364670866,172.7741730797893,1.3602480757268818,0.6778936109425987,32092,200.98140350968552,0.7738937405473972,0.9885641281316215,0.9185476214508304,0.8551827487425825,0.007407903434738743,0.0024440540215012016,0.7313375337469192,0.9948004729860902,DERMASON
11795,31738,662.0450000000001,247.82228115510972,163.61540739591456,1.5146634727097088,0.7510787201464836,32075,201.02257751507565,0.7294079794079794,0.989493374902572,0.9099434431174299,0.8111561905495391,0.007808377375862049,0.0020852518013778384,0.6579743654668403,0.9966097373519713,DERMASON
11796,31745,660.531,251.45029816908354,161.04025642256588,1.5614126787607927,0.7680034732439905,32091,201.044744640634,0.8114152800143138,0.9892181608550684,0.9143211922402418,0.7995406889732334,0.007920941822935377,0.001996727809288925,0.6392653133237928,0.9981569653157606,DERMASON
11797,31746,661.676,241.96652614183353,167.4615709948319,1.4449077761804883,0.7218153456116941,32126,201.04791117333818,0.7232094040459267,0.9881715744256988,0.9111882507498154,0.8308914227891585,0.007621953195420952,0.0022409034412254353,0.6903805564645921,0.9975362345595019,DERMASON
11798,31746,669.002,242.50250682061383,167.58031997711907,1.447082251983553,0.7228110470504264,32134,201.04791117333818,0.6967648478995654,0.987925561710338,0.8913413284233571,0.8290549809534925,0.007638836603685939,0.002226077677791938,0.6873321614437957,0.9946261720428109,DERMASON
11799,31751,661.7239999999999,247.78170134639575,163.85938158271347,1.5121606035191808,0.7501167536577614,32145,201.06374308881783,0.7317247418879056,0.9877430393529321,0.9111995558444057,0.8114551720174574,0.007803902281704379,0.0020871310357955387,0.6584594961938817,0.995696509157476,DERMASON
11800,31757,655.887,240.6649408215377,168.48374955879768,1.4284163395684053,0.7140683381976343,32129,201.08273974201404,0.7310543278084715,0.9884216751221637,0.9276652469086771,0.8355298410129651,0.0075783273237880686,0.0022782479262404287,0.6981101152231509,0.9971918954027308,DERMASON
11801,31760,661.245,243.6777547163303,166.85404995789824,1.4604245733191177,0.728794595245321,32082,201.09223739565076,0.716962391078604,0.9899632192506702,0.9127788226924698,0.8252383875981864,0.007672473385274883,0.0021949914893467115,0.6810183963656545,0.9945760009347808,DERMASON
11802,31762,662.124,248.17755315235317,163.56829216664084,1.517271775996253,0.7520748491731399,32109,201.0985689155401,0.7085619952706019,0.9891930611355072,0.9104142470526065,0.8103011991261279,0.007813662651985177,0.0020778794412164552,0.6565880333052408,0.9962224913909297,DERMASON
11803,31763,676.731,261.0685448661871,155.38342070382117,1.6801570185780248,0.8035905863403319,32148,201.1017346007313,0.7653734939759036,0.9880241383600846,0.8715639049492804,0.7703024303590756,0.008219265965626266,0.0017850807597513169,0.5933658342170987,0.9969477709442629,DERMASON
11804,31768,666.528,247.97935658972474,164.26684207006463,1.5096129776693112,0.7491313890309617,32247,201.11756227924664,0.7194818136522172,0.9851459050454305,0.8985928145072803,0.8110254218136,0.007805948016548878,0.002083259099832109,0.6577622348279277,0.9929664059170088,DERMASON
11805,31771,650.151,237.7554858013851,170.56022165542575,1.3939679691652287,0.696685593410904,32042,201.12705828848803,0.8113332822595061,0.9915423506647525,0.944522436682671,0.8459407681406959,0.007483412099127667,0.0023639552203433218,0.7156157832024704,0.9975454800133323,DERMASON
11806,31778,660.047,247.43830018307887,163.83374080143884,1.510301229604261,0.7493982089989583,32053,201.14921390001504,0.7132148307747553,0.9914204598633514,0.9166144549988895,0.8129267528559052,0.007786465485023566,0.0020976150486161434,0.6608499055088459,0.9980824248738698,DERMASON
11807,31783,655.7589999999999,240.44995223408748,168.6980754354321,1.4253271806062653,0.7125776039231929,32212,201.16503784285598,0.7999345615624686,0.9866819818701105,0.9287872229627314,0.836619163255287,0.0075653636294272875,0.002286234649421913,0.6999316243259764,0.9976315687177076,DERMASON
11808,31785,663.765,239.8974929159807,169.09594605959992,1.4187063528502684,0.7093389934371126,32237,201.1713670714775,0.7842919535124732,0.985978844185253,0.9065742569811512,0.8385721944244484,0.007547506462670464,0.0023022108044666134,0.703203325261835,0.9976390248943987,DERMASON
11809,31786,669.267,255.57921837358822,158.68856894360803,1.6105710705880238,0.7838915413077548,32177,201.17453161111592,0.7361960348341672,0.9878484631879915,0.8917578070161899,0.7871318055173514,0.008040622235373693,0.001903966339631769,0.6195764792570055,0.9978719535081139,DERMASON
11810,31790,662.569,246.80409122286213,164.55674950975498,1.4998114143487715,0.745281007417167,32139,201.1871892719087,0.7104863221884499,0.9891409191325181,0.9099932419869885,0.8151695876477115,0.007763576320316518,0.002114625495156462,0.6645014566257402,0.9966268694986702,DERMASON
11811,31794,670.6370000000001,247.67394801303766,163.74509966831027,1.5125579239607023,0.7502698634001181,32247,201.19984613639681,0.7651433109522778,0.9859521815982882,0.8883416266557388,0.8123577297916112,0.0077899587347624605,0.0020926865779583364,0.6599250811521806,0.9981749107171404,DERMASON
11812,31795,664.6999999999999,247.72948762193909,163.85585019058604,1.5118745368798057,0.7500064220915394,32232,201.2030102281139,0.7333302580898124,0.9864420451724993,0.9043100050600225,0.8121883759561582,0.007791460532220132,0.0020913451624262904,0.6596499580383016,0.9973079748119406,DERMASON
11813,31797,656.833,233.38723033141525,174.0847482951837,1.340652944137739,0.6660521265744329,32174,201.20933826227838,0.7812530712530713,0.9882824641014484,0.9261601331693138,0.8621265952578318,0.007339913524276355,0.0025012371842585536,0.7432622662508612,0.9964567455157053,DERMASON
11814,31806,660.093,242.2858741888459,167.5121198704269,1.4463781747628626,0.7224892888804775,32220,201.23781195353567,0.7593105423987777,0.9871508379888269,0.9172942350466843,0.8305800436251766,0.0076176153615307145,0.002236272746212191,0.6898632088684002,0.9978030888791282,DERMASON
11815,31815,674.0769999999999,248.14273696310335,164.6193726586511,1.5073726315167253,0.748259661748662,32448,201.26628161654202,0.7999346273760435,0.9804918639053254,0.8798786376475172,0.8110907620337425,0.007799551688294935,0.0020822229230324195,0.6578682242564772,0.9916525563887213,DERMASON
11816,31818,670.763,247.10805989149858,164.23885788870516,1.504565138043939,0.7471603057925954,32215,201.2757706093394,0.707475430248588,0.9876765481918361,0.8886782366763579,0.8145253161621541,0.007766297689719611,0.0021086871164929717,0.6634514906690571,0.9982059836439471,DERMASON
11817,31824,665.2610000000001,249.0265506197205,163.0475839443729,1.5273243834430636,0.7558543820710782,32181,201.29474725300662,0.7846153846153846,0.9889064976228209,0.9036089029750339,0.8083264485335807,0.007825117855069145,0.0020607144040234713,0.6533916473989114,0.9979409950103901,DERMASON
11818,31829,658.6709999999999,232.21735782766538,175.02570343274405,1.3267614600212019,0.6572014261240554,32282,201.31055975625196,0.7390405869787313,0.9859674121801624,0.9219253838484941,0.8669057371053625,0.0072957792524950636,0.0025417858413179133,0.7515255570261917,0.9970951452833172,DERMASON
11819,31834,649.5899999999999,235.24444521735356,172.7409357757406,1.3618338013564866,0.6788207744734522,32165,201.3263710175574,0.7922452839579911,0.9897093113632831,0.9480307293545334,0.8558177466487779,0.007389723101632014,0.0024453052485634186,0.7324240154789917,0.9974397812045376,DERMASON
11820,31838,658.144,234.44043693915376,173.37937863952226,1.3521817806636924,0.6731065293914537,32239,201.3390191326016,0.7412460420934998,0.9875616489345203,0.92366351598735,0.8588067048555142,0.0073635415836156085,0.0024708604166602307,0.7375489563047862,0.9973002610628536,DERMASON
11821,31845,679.8079999999999,246.94779561724084,164.36585407655133,1.502427599726571,0.7463180611517826,32393,201.36115142224244,0.745435393258427,0.9830827647948631,0.8659216041137546,0.8153996714930962,0.0077546803459645425,0.0021145881390970396,0.6648766242710494,0.998928990717858,DERMASON
11822,31846,657.514,238.90913926567956,170.00415572710017,1.4053135245069501,0.7026000373046561,32189,201.3643129793261,0.7433706816059757,0.9893441859020162,0.925666924490154,0.842848932436186,0.007502014044642328,0.0023353748551247274,0.7103943229088183,0.99832674971672,DERMASON
11823,31850,655.786,245.39365047996117,165.78315404575164,1.4802086007619277,0.7372862733157683,32201,201.37695871130572,0.7769808743169399,0.9890997174000807,0.9306685087520216,0.8206282367837799,0.007704667205022328,0.002155358283649755,0.6734307030068558,0.9968179186078994,DERMASON
11824,31851,662.1539999999999,236.69133151816868,171.7051500812058,1.3784754353974151,0.6882863432663122,32275,201.38012002022361,0.7295403009688723,0.986862896979086,0.9128825852274833,0.8508132457937754,0.007431205661303214,0.0024020166510770207,0.7238831792181393,0.9978551806495896,DERMASON
11825,31855,664.685,251.8856927525908,161.25127214954438,1.5620694918858817,0.768227958645283,32169,201.39276475965718,0.7183609958506224,0.9902390500170972,0.906057411429438,0.7995403095699873,0.007907257659789384,0.0019932744929781372,0.6392647066272712,0.9985758954618387,DERMASON
11826,31864,664.41,255.17161105424947,159.31103180860916,1.6017196559294395,0.7811615223356994,32187,201.42121252102825,0.7971181267824086,0.9899648926585267,0.9070638034339655,0.789355883630041,0.008008147472202154,0.0019177996128136759,0.623082711021363,0.9980038255127199,DERMASON
11827,31868,658.384,242.074173550903,167.9745424480938,1.441136079449104,0.7200742707762651,32219,201.4338546809353,0.7092021809280071,0.9891058071324373,0.9238599408536412,0.8321162548080664,0.007596152050674752,0.0022465155807481494,0.6924174615158031,0.9978677858309852,DERMASON
11828,31870,659.448,245.5347346302757,165.48114396297024,1.4837626133719446,0.7387657787971623,32159,201.4401754633609,0.7836242930907302,0.9910134021580274,0.9209388975761958,0.820414169778007,0.007704259009421892,0.002152996125819361,0.6730794099725367,0.9986900643476975,DERMASON
11829,31874,665.4630000000001,250.31418985630702,162.36108356108468,1.5417129792813435,0.7611045975084245,32199,201.4528164332496,0.7001273997276282,0.9899065188359887,0.9044792442669364,0.8047998259662934,0.007853240567745091,0.002032264164990411,0.6477027598753763,0.998571751616215,DERMASON
11830,31877,666.1529999999999,247.2493381219206,164.47530771010872,1.5032611372747993,0.7466470366481426,32245,201.46229664014749,0.7762760568868108,0.9885873778880446,0.902691452794032,0.8148143011036286,0.007756355307021383,0.0021089779029728395,0.6639223452829948,0.9980486598322666,DERMASON
11831,31877,673.251,250.38000635949064,162.29942614820712,1.5427041998956355,0.7614595706162327,32271,201.46229664014749,0.7200912623113762,0.9877908958507639,0.8837578656619814,0.8046261343683007,0.007854566187517353,0.002030853071160932,0.6474232161084748,0.9987825146004835,DERMASON
11832,31878,667.718,254.70432306075935,159.71047389983343,1.5947878485446345,0.7789849254571934,32212,201.46545660997944,0.7578271722334482,0.9896311933440953,0.8984931336679995,0.7909777666471729,0.007989971863377857,0.0019292216080885219,0.6256458273301496,0.997772362918777,DERMASON
11833,31879,659.67,246.5916033541789,165.26096953450195,1.492134555719748,0.7421978393022306,32178,201.46861653024834,0.8131568207325783,0.9907079370998819,0.9205790468248274,0.8170132875160371,0.007735236467711625,0.002126032192922896,0.6675107119777627,0.9960157996551116,DERMASON
11834,31882,665.7030000000001,250.24620613473627,162.502956389392,1.5399486365964479,0.7604706476231151,32220,201.47809599369967,0.7083629576964096,0.9895096213531968,0.9040540440831627,0.805119482551599,0.00784913763674601,0.0020344314046872184,0.6482173811841546,0.998221472372659,DERMASON
11835,31884,666.0,249.53127208136607,163.3986858999934,1.5271314497234652,0.7557827217036011,32277,201.4844153882278,0.7029100529100529,0.9878241472255785,0.9033045673336126,0.807451561912964,0.007826222308410678,0.002052096873511196,0.651978024835685,0.9956561462551611,DERMASON
11836,31884,665.098,248.6468228674213,163.55457878131887,1.5202681864374783,0.7532112644765087,32244,201.4844153882278,0.7791788856304985,0.9888351321176033,0.9057563360020568,0.8103237075973396,0.007798482714446785,0.0020740730933456876,0.6566245110942989,0.9982453546517256,DERMASON
11837,31890,660.655,250.4172999306156,162.52250245071204,1.5408161710195134,0.760782701502985,32240,201.5033723827081,0.8019615239532252,0.9891439205955335,0.9181527321607255,0.8046703340325915,0.007852533707451101,0.0020307737151959554,0.6474943464721226,0.997669759687958,DERMASON
11838,31890,661.977,242.99885858278216,167.30113275656197,1.4524639168843352,0.7252503321968571,32232,201.5033723827081,0.7935796939156402,0.9893894266567387,0.9144892033510321,0.8292358801926725,0.007619907763649488,0.0022225002492808556,0.6876321449989165,0.9987608787007032,DERMASON
11839,31894,674.109,241.64147500408808,168.4191319845096,1.434762619642958,0.7170911420784909,32327,201.5160093882947,0.7836748734581552,0.9866056237819779,0.8819797278531055,0.833946280889427,0.007576392895343578,0.002260448181718247,0.6954663994093072,0.9978291930901533,DERMASON
11840,31901,658.9949999999999,240.87317047712142,169.14963584239877,1.4240241740842374,0.7119449599073338,32340,201.5381222414172,0.744098712446352,0.9864254792826221,0.9231024893812982,0.8366980923703982,0.007550646389678111,0.002282648338981063,0.7000636977762634,0.9969076290322006,DERMASON
11841,31905,663.9889999999999,250.59393941132046,162.6181496639779,1.540996130684854,0.7608473513545478,32220,201.55075706822677,0.753898865784499,0.9902234636871509,0.909383025947927,0.8042922248706299,0.00785437829215861,0.0020274355563399734,0.646885982987348,0.9968487967777716,DERMASON
11842,31908,663.923,245.20329370261396,166.14358902015258,1.4758516723318873,0.7354538055877619,32287,201.56023266857372,0.7647397181478286,0.988261529408121,0.9096493623776598,0.8220127455262849,0.007684696430444214,0.002164316073024418,0.6757049538076608,0.997240286079977,DERMASON
11843,31913,654.9519999999999,244.1220483643901,166.74321582401814,1.4640598548971138,0.7303882774279008,32221,201.57602434598525,0.741972983655344,0.9904410167282207,0.9348857732754295,0.8257182245378414,0.00764961139236017,0.0021935453429110015,0.6818105863339252,0.9982115080953626,DERMASON
11844,31918,661.896,241.81205632205197,168.5512179303697,1.434650305653366,0.7170381041693287,32297,201.59181478635716,0.7611484714074498,0.9882651639471158,0.9155161742819689,0.833671479629914,0.007576040363495582,0.0022573651695559525,0.69500813594833,0.9970936346698477,DERMASON
11845,31920,663.202,244.1461515862191,167.00596189502045,1.4619008136948357,0.7294436227392498,32314,201.59813061619988,0.7993989481592787,0.9878071424150523,0.9119711342383712,0.8257272511010947,0.007648688959468017,0.002193376740310177,0.6818254932109705,0.9967612433230003,DERMASON
11846,31931,657.459,242.9117169788449,167.6718807511131,1.448732583487958,0.7235628404637461,32244,201.63286414406377,0.7173571171818836,0.9902927676466939,0.928292911423237,0.8300664399882526,0.0076073946001955755,0.002227753468725744,0.6890102947947715,0.998191664427829,DERMASON
11847,31938,662.028,240.46195267777412,169.52586791688844,1.4184381158612485,0.7092065132200726,32357,201.65496418325938,0.7351871460798306,0.9870507154556973,0.9157245649054067,0.8386148492002092,0.007529023504219867,0.0022970402652832925,0.7032748652990897,0.9975518748674139,DERMASON
11848,31942,671.6610000000001,252.93141068279627,161.66500777316708,1.5645402438459999,0.7690692972057456,32386,201.6675916897174,0.8115345528455284,0.9862903723831286,0.8897575992736196,0.7973212624929004,0.007918458790394975,0.0019740302642818766,0.6357211956232725,0.9946113944185053,DERMASON
11849,31945,656.1479999999999,234.9751151535739,173.24640674986588,1.3563058510808381,0.6755689375466001,32280,201.67706180070348,0.7712830170457289,0.9896220570012392,0.9324147556432631,0.8582911499751468,0.007355614811506462,0.002462279102071399,0.7366636981256599,0.9991412840466809,DERMASON
11850,31947,659.2499999999999,247.19044756771763,164.7648571792731,1.5002619599807077,0.7454600931261481,32265,201.6833749609874,0.7804133281219464,0.9901441190144119,0.9237185578455256,0.8159027864769589,0.007737516748606055,0.002115120089371887,0.665697356980866,0.9987204215380908,DERMASON
11851,31953,662.3380000000001,245.4183625253759,166.17467846439698,1.4768697902307477,0.7358838748052653,32346,201.70231325625062,0.7163707290825935,0.9878501205713226,0.9152972526019588,0.8218713187583708,0.007680604717096232,0.002161675384276378,0.6754724645976236,0.9975848770969384,DERMASON
11852,31954,658.228,240.24459422600953,169.71773431341765,1.4155538618159371,0.7077756630623897,32359,201.70546946592052,0.7240551074050575,0.9874841620569239,0.9267922420206561,0.8395838004836296,0.00751845134336889,0.0023044344435762887,0.704900958034535,0.9978252733435398,DERMASON
11853,31958,681.223,261.3888144281149,156.15223406936354,1.6739357972426114,0.8019475287943412,32425,201.7180938107594,0.7430710565476191,0.9855975327679259,0.8653879654253497,0.7717166254879445,0.008179135566309373,0.0017894459931418587,0.5955465500545004,0.9969066890605669,DERMASON
11854,31960,673.3829999999999,252.83757526505877,161.66675383054798,1.5639429213137543,0.7688663470998105,32417,201.7244056869069,0.7231260040274227,0.9859024585865441,0.8857116118245113,0.7978418772424625,0.007911063055852903,0.001977342588407243,0.6365516610817767,0.9955304643993567,DERMASON
11855,31966,660.177,230.4733691448306,177.25074787571666,1.300267400318289,0.6391614598228139,32322,201.7433401304841,0.7426354428027135,0.988985830084772,0.921674091480129,0.87534338947294,0.007209953361222255,0.0026111152635673106,0.7662260494939753,0.9962987534316838,DERMASON
11856,31966,698.5869999999999,252.46959627099577,161.80647054731705,1.5603182951646306,0.7676286590295126,32644,201.7433401304841,0.7420665320240499,0.9792304864599927,0.8231086391333602,0.799079743106718,0.007898066579209027,0.001986374075119248,0.6385284358434986,0.9963076004294661,DERMASON
11857,31967,657.309,238.33520281046566,171.0704496916994,1.3931991366129557,0.6962777221465419,32369,201.7464956983118,0.7309416014999771,0.9875807099385214,0.9297637024929589,0.8464821533676217,0.00745566374106002,0.0023612246048004743,0.7165320359698858,0.9982718138687683,DERMASON
11858,31972,661.8290000000001,243.92117977659242,167.5224022329625,1.456051110330827,0.7268567685234842,32321,201.7622727971526,0.7991801229815527,0.9892020667677361,0.9172507637363542,0.827161761770531,0.007629212428893795,0.002203034348773143,0.6841965801353286,0.9962251901905999,DERMASON
11859,31972,663.1639999999999,253.78964258796134,160.82827216448842,1.5780163473272655,0.7735731655769469,32272,201.7622727971526,0.7409158324063775,0.9907040158651462,0.9135614885844733,0.79499805720883,0.007937871968846533,0.0019559066439342643,0.6320219109658141,0.9973409073730721,DERMASON
11860,31977,662.731,248.23326843523992,164.80499843782826,1.5062241484677086,0.7478108779213444,32380,201.77804866237628,0.7581081081081081,0.9875540457072267,0.9148986980623867,0.812856592246083,0.007762869200839351,0.002090536526996746,0.660735839557915,0.995216277300217,DERMASON
11861,31978,659.38,245.54560108058618,166.6631267378584,1.473304898850246,0.7343729907479412,32338,201.78120368741244,0.8001901759127192,0.9888675861215906,0.9242503459763353,0.8217667219425747,0.007678579056869916,0.0021600053337537005,0.675300545292245,0.994923601575307,DERMASON
11862,31985,663.9159999999999,249.48715167751055,163.76978460299028,1.5234015986667857,0.7543906591317706,32450,201.8032874815328,0.711805941916101,0.9856702619414484,0.9118637453973141,0.8088724654742366,0.007800129800766314,0.0020596897159206413,0.6542746654023703,0.9967230712411472,DERMASON
11863,31991,666.561,252.18495163911146,161.9232935541132,1.5574346723304124,0.766636380284487,32385,201.82221452462213,0.757416483178256,0.9878338737069631,0.9048110175906071,0.8002944395089807,0.007882996831581114,0.001994666584956878,0.6404711899089937,0.9974920377929828,DERMASON
11864,31992,651.7589999999999,237.87792894382085,171.94393724329112,1.3834621491029184,0.6910319048393639,32237,201.82536885923764,0.7637509549274255,0.9924000372243075,0.9464053381139378,0.8484409199093974,0.007435544165535785,0.0023767250579689383,0.7198519945767046,0.9958879874531098,DERMASON
11865,31992,664.928,237.7309518348192,171.97861999679986,1.3823285233899587,0.6904113233007377,32361,201.82536885923764,0.809903546745652,0.988597385742097,0.909289157127051,0.8489654683226543,0.007430949982333683,0.002381136013159905,0.7207423664043037,0.9963027310962457,DERMASON
11866,31996,666.65,243.2912265727005,167.99107407056545,1.4482390086422383,0.7233383481668934,32417,201.8379857047386,0.7668488160291439,0.987012987012987,0.9047108218739807,0.829614731891802,0.007603801305560086,0.002221858229094771,0.6882606033719066,0.9967658539148387,DERMASON
11867,31998,657.739,245.29211439861925,166.37187842832958,1.4743604310766214,0.7348218164166122,32343,201.84429383174484,0.7224655678482728,0.9893330859846026,0.9294488848690805,0.8228731458677541,0.007665857691062543,0.0021680638773414118,0.6771202141902939,0.9983192508842959,DERMASON
11868,32000,672.26,254.92875959946096,161.22761600760973,1.5811730391611611,0.7746078414360856,32418,201.8506017616128,0.7124410009796064,0.9871059288049849,0.8897854505079267,0.7917921935475483,0.007966523737483156,0.0019314945176777067,0.6269348777628383,0.991292526028398,DERMASON
11869,32000,664.004,255.71034696607722,159.7965729416535,1.6002242242043871,0.7806948581003628,32279,201.8506017616128,0.7778317938745746,0.9913566095603953,0.9120495872892768,0.7893720537964406,0.007990948342689914,0.0019138375609829847,0.6231082393148107,0.9971128988529047,DERMASON
11870,32006,662.99,251.4446112141181,162.5389160204763,1.5469809776659373,0.7629814667421216,32292,201.86952436857234,0.724872038773384,0.9911433172302737,0.9150130943385665,0.8028389369485035,0.007856171068365872,0.0020132810382395994,0.6445503586806031,0.9971071440266499,DERMASON
11871,32018,669.355,247.78014082964,165.00900371320768,1.5016158830962456,0.7459970313766446,32517,201.9073642622538,0.7952806756085444,0.984654180889996,0.8980304041116659,0.8148649992134527,0.00773877633923543,0.002104721870678434,0.6640049669431403,0.9970804048166169,DERMASON
11872,32022,683.425,267.43631093242766,152.70709684846767,1.7513024374879353,0.8209475540502349,32381,201.91997598432252,0.702052091554854,0.9889132515981595,0.8615422782258777,0.7550207945971146,0.00835164296210192,0.001674122890220881,0.5700564002740582,0.9983411633055563,DERMASON
11873,32025,689.007,265.4319123062731,153.9874970662133,1.7237237916279633,0.8145172402216654,32394,201.92943425895984,0.6972111553784861,0.9886090016669754,0.8477186427170627,0.7607579378999468,0.008288272047034289,0.0017124966498151162,0.5787526400777794,0.9976096951695639,DERMASON
11874,32026,661.8399999999999,244.05958444665785,167.5041641989058,1.4570359227418666,0.7272951007979248,32428,201.93258691872475,0.7194105622571153,0.987603305785124,0.918769438698221,0.827390521771783,0.007620670219404792,0.002203003042221639,0.6845750755177831,0.9974504768431359,DERMASON
11875,32031,659.0459999999999,245.86274310368637,166.34063651711097,1.4780678266696137,0.7363884861889513,32376,201.9483494792963,0.7374976975501935,0.9893439584877687,0.9267207866789999,0.8213865465339322,0.007675774815138034,0.0021552235760576672,0.6746758588269396,0.9972166803627897,DERMASON
11876,32032,662.22,243.3074441667987,167.7782849604603,1.450172435748393,0.7242160220591333,32373,201.95150184377619,0.7298245614035088,0.9894665307509344,0.9178872429452207,0.8300259884581622,0.007595761868344115,0.002223913369707459,0.6889431415159492,0.9990863536243338,DERMASON
11877,32034,671.5049999999999,256.5395091746627,159.63110763114244,1.6070771729996718,0.7828204504421599,32454,201.95780642511988,0.7595494961470065,0.987058606026992,0.8927349423816393,0.7872386092686356,0.008008350788994903,0.0018973541117011008,0.6197446279232157,0.995977444624575,DERMASON
11878,32034,663.121,242.60634347705323,168.54328488297585,1.4394304919682879,0.7192810528526923,32398,201.95780642511988,0.7570901871809416,0.9887647385641088,0.9154517772668157,0.8324506421829071,0.007573401494569933,0.0022433896631549747,0.6929740716707345,0.997488008906273,DERMASON
11879,32036,665.675,248.56586216569548,164.4457258537305,1.5115373833843957,0.7498762858083377,32421,201.96411080965765,0.8054913004123504,0.9881249807223713,0.9084973296169395,0.8125174915412446,0.007758954369012844,0.0020859977552532974,0.6601846740604765,0.9978938147798528,DERMASON
11880,32038,675.473,239.96304905738756,170.61383575058872,1.4064688716580804,0.7031915533956392,32573,201.97041499740783,0.7472594112982227,0.983575353820649,0.8823873489942381,0.8416729816977208,0.007489950966270914,0.002318634439131754,0.7084134081199318,0.9963614067858957,DERMASON
11881,32042,665.683,253.6116455515523,161.28798920109548,1.5724149504731364,0.7717183590774433,32462,201.98302278261923,0.7958768007948336,0.9870617953299242,0.9086456413318348,0.796426450935833,0.007914975518118478,0.001964319103049212,0.6342950917502469,0.9973750852798179,DERMASON
11882,32044,660.3009999999999,245.42665680152572,166.50576796134905,1.4739829124628077,0.7346614329650617,32368,201.98932638011732,0.7516772226131831,0.9899901136925359,0.9235760813612545,0.8230129889413937,0.007659051828783102,0.002167611910356865,0.6773503799662466,0.9984028858204376,DERMASON
11883,32048,655.0439999999999,242.92744419864053,168.19039731238541,1.4443597736881708,0.7215634857641502,32309,202.00193298499025,0.7272067165872476,0.9919217555479897,0.938576875615145,0.8315319565944731,0.007580112462513746,0.002235482059207769,0.6914453948378328,0.9986959140057001,DERMASON
11884,32049,658.289,245.26882756422268,167.15067887812742,1.4673516686285948,0.731818215568267,32335,202.00508451327957,0.8093181818181818,0.9911550950981908,0.929375353251975,0.8236068420084298,0.007652932308784133,0.0021721380228910455,0.6783282302030988,0.9953460604663987,DERMASON
11885,32052,666.5699999999999,249.72278309024878,164.46579999585182,1.5183873066409388,0.7524989109524217,32443,202.01453880315503,0.7347837050961693,0.9879480935795086,0.9065118189638292,0.8089551794324982,0.0077911763100664165,0.0020581671154468475,0.6544084823306655,0.9936455329290436,DERMASON
11886,32052,675.892,266.1383770398962,154.1767098846141,1.726190533181531,0.8151070767302798,32475,202.01453880315503,0.6879292582417582,0.9869745958429561,0.881678774936846,0.7590582803203594,0.008303331369022096,0.0017003276674054633,0.5761694729229012,0.9945782896677047,DERMASON
11887,32054,666.8749999999999,257.4984325715515,159.0768072041567,1.6187050588781433,0.7863527376983475,32398,202.0208414172679,0.7534671618635701,0.989382060621026,0.9057393227356898,0.78455173260572,0.008033269874947012,0.0018774071316205,0.6155214211346371,0.9963476382385013,DERMASON
11888,32055,665.963,247.28407977993274,165.49209860168324,1.4942349626921558,0.7430474012693263,32400,202.02399265059,0.8098991889638445,0.9893518518518518,0.9082500766457141,0.8169712859411679,0.007714368422396903,0.002119860631079076,0.6674420820523654,0.9973152945746913,DERMASON
11889,32061,670.265,259.02248553208136,157.94663555568093,1.6399367078684508,0.7925710075786997,32383,202.0428990183868,0.7684066724187518,0.9900565111323842,0.8967963753543231,0.7800206943553658,0.00807905198004059,0.0018448653101575648,0.6084322836226271,0.9977904361649745,DERMASON
11890,32061,653.995,237.9285990044682,171.96439563814477,1.3835922146647628,0.6911029736101824,32411,202.0428990183868,0.7191306103223202,0.9892011971244331,0.9419721701816466,0.8491744996766553,0.007421122204686947,0.0023803297362747404,0.7210973309010977,0.9977046530502992,DERMASON
11891,32062,665.5669999999999,235.11896569219263,174.98529539766372,1.3436498487365571,0.6679105975365761,32539,202.0460499076851,0.8092990382916425,0.9853406681213314,0.9095297569083379,0.8593353977755877,0.007333259487623749,0.00246676411568209,0.7384573258701277,0.9922280742037995,DERMASON
11892,32071,670.251,256.0466415892121,159.9227738750408,1.6010642848733962,0.7809572026032312,32330,202.07440570047805,0.7135451430605616,0.9919888648314259,0.8971135671127167,0.7892093582882284,0.00798374361850931,0.001910536109348569,0.6228514112097173,0.9972251492708717,DERMASON
11893,32076,655.9339999999999,242.42291158227764,168.75279743434115,1.4365564024300117,0.7179360039541308,32417,202.09015719951597,0.7861764705882353,0.989480827960638,0.9368494000235068,0.833626474826523,0.00755776629200267,0.0022514339774813204,0.6949330995316956,0.9983105933927898,DERMASON
11894,32094,663.532,251.65247856070977,162.72618940633456,1.546478040681714,0.7628033079739587,32408,202.14685243339878,0.800748502994012,0.9903110343125154,0.9160305707659331,0.8032778122812407,0.007841106704078948,0.0020138179692313855,0.6452552437033364,0.9978730650219376,DERMASON
11895,32104,654.85,233.55013249063265,175.41058748553297,1.3314483226954288,0.6602318858396188,32424,202.17834291579715,0.7873451870018393,0.9901307673328399,0.9407740880934217,0.8656742805483367,0.007274798545060823,0.0025201059094868343,0.7493919600028804,0.9977766681872752,DERMASON
11896,32105,695.762,253.93017856274852,161.7862198520487,1.5695414528812417,0.7707573826379371,32716,202.1814916942755,0.7169335209128872,0.9813241227533929,0.8334146442397449,0.7962089927185027,0.007909365474622287,0.001960783844904242,0.6339487600858127,0.9950088579573481,DERMASON
11897,32107,669.826,243.81728878319885,167.807419568136,1.4529589300084556,0.7254729316555504,32510,202.18778910411942,0.7949048055259835,0.987603814211012,0.8992606498158289,0.8292594430573946,0.007593898177444135,0.0022151657865102266,0.6876712238998604,0.9991580456751461,DERMASON
11898,32108,662.9449999999999,251.46656469111284,163.01120196323524,1.542633645188552,0.7614343318483461,32422,202.19093773548954,0.7818443032118246,0.9903152180618099,0.9180537721502986,0.8040470031626246,0.007831897492559886,0.002019168245270848,0.6464915832947975,0.9972996677217719,DERMASON
11899,32112,674.896,257.4839699678145,159.86268829401314,1.610657075241098,0.7839178006732664,32489,202.2035317706779,0.8084388610558647,0.9883960725168519,0.8859383689064183,0.7853053213213752,0.008018309976576187,0.0018811211456766044,0.6167044476956683,0.9932993820136818,DERMASON
11900,32112,681.315,265.4699834394304,155.4485600146961,1.7077674017329774,0.8106291866492199,32630,202.2035317706779,0.7473468627816049,0.9841250383083052,0.8693232961287376,0.7616813364393517,0.008267002473823816,0.0017164102009167388,0.5801584582800368,0.9907757028903086,DERMASON
11901,32117,664.2239999999999,245.7448779957754,166.91182370844024,1.4723035944118608,0.7339460764348023,32447,202.2192732116779,0.7186136531447878,0.9898295682189416,0.914777993636028,0.822882962448374,0.007651551452370253,0.002164121041369763,0.677136369887812,0.9969503112928249,DERMASON
11902,32129,764.142,261.61402229211757,158.06878038150262,1.655064470420447,0.7968281021912442,33221,202.25704767151143,0.6781131279020683,0.967129225489901,0.6914470548200445,0.7731124115574803,0.008142613286816196,0.0017943789020739784,0.5977028009042228,0.9892366696473653,DERMASON
11903,32131,663.4499999999999,242.58445062830515,169.1960022156844,1.4337481231918712,0.7166114725790028,32562,202.26334272894215,0.794142362827484,0.9867637123026841,0.9173133400763015,0.83378527438618,0.0075498568556317935,0.0022507920013296943,0.6951978837832374,0.9967386611211771,DERMASON
11904,32137,672.234,255.81423506376714,160.4064749303548,1.5947874621322888,0.7789848031608764,32491,202.28222672581475,0.7287301587301588,0.9891046751408082,0.8936639689550913,0.7907387431953957,0.007960115600826684,0.0019196904746350532,0.625267759990234,0.9971691841079663,DERMASON
11905,32138,665.691,251.4435063468694,163.2265641353251,1.5404570186162034,0.7606535931373106,32461,202.2853738872355,0.7952785132760882,0.9900495979791134,0.9113461003950063,0.8044963134111737,0.007823869137683409,0.0020216109148985793,0.6472143182921695,0.9970058391620739,DERMASON
11906,32142,663.9399999999999,249.50845593691304,164.32893438778788,1.518347677884384,0.752483866436437,32483,202.29796204331274,0.7794645455427297,0.9895022011513714,0.9162734287790166,0.8107859963450007,0.0077626923009430976,0.002069269663894429,0.6573739318691555,0.9981221829552593,DERMASON
11907,32142,908.265,243.52793603106957,172.12340148159097,1.414845011978894,0.7074222242972852,33954,202.29796204331274,0.7234952505289696,0.9466336808623431,0.4896182562412148,0.8306971485090866,0.007576626719901362,0.0022254945379852733,0.6900577525411274,0.9763247691601802,DERMASON
11908,32143,658.7449999999999,243.54731371221405,168.22026780498229,1.4477881701779145,0.7231330319656487,32455,202.30110895994204,0.778884365610158,0.9903866892620552,0.930811217791096,0.8306439758107523,0.00757699386218505,0.0022250325931693934,0.6899694145506936,0.9989295561710757,DERMASON
11909,32145,669.928,250.68301226979892,163.68763115296136,1.531471929210967,0.7573867144040369,32461,202.30740264634858,0.7341052343107701,0.9902652413665629,0.9000508256546477,0.8070247792802735,0.007798507147917216,0.0020405099467629916,0.6512889943723742,0.9974308126853305,DERMASON
11910,32147,671.343,253.99224595052914,161.3868279346538,1.573810261971142,0.7721826631049138,32469,202.31369613696765,0.7108236594803758,0.9900828482552588,0.8963164856883422,0.7965349311347596,0.007900962638831902,0.0019619099740423723,0.6344678965178562,0.9985320864310466,DERMASON
11911,32151,683.765,256.44702255665095,160.1893936796602,1.6008988901567514,0.7809055907160387,32479,202.32628253091642,0.7042626829054587,0.9899011669078481,0.8641529483200838,0.788959374586699,0.00797633114231753,0.00190634501058146,0.6224568947482352,0.9964905519728676,DERMASON
11912,32152,654.489,238.36854344807597,171.916131673775,1.3865397105397874,0.6927062064762448,32450,202.32942900706496,0.7293349060883767,0.9908166409861325,0.9432203317300933,0.8488092685398254,0.007413801425978974,0.0023738931376014096,0.7204771743591136,0.9989702127864095,DERMASON
11913,32152,675.913,240.04169116896003,170.79826775639208,1.4054105719112395,0.7026497990624967,32573,202.32942900706496,0.7657061205048821,0.9870751849691463,0.8843745951131359,0.8428928659090714,0.007465840108514556,0.0023245985343515615,0.7104683834004081,0.9984997770396213,DERMASON
11914,32152,655.6379999999999,239.60429749000986,171.100195109753,1.4003741920709942,0.7000489581501348,32469,202.32942900706496,0.7699233716475096,0.9902368412947735,0.9399172574087733,0.8444315528835661,0.007452236174732827,0.0023373523363357123,0.713064647505351,0.9985573296446945,DERMASON
11915,32165,675.1949999999999,250.38833226247158,163.84655831218797,1.5281879268125345,0.7561747078906232,32606,202.37032874511647,0.7025993883792049,0.9864748819235724,0.886614816454108,0.8082258742511218,0.007784496572748999,0.002048996861625373,0.6532290638089902,0.9982567687559535,DERMASON
11916,32165,687.458,256.0637840206166,160.62012450896648,1.5942198077820693,0.7788050284545297,32681,202.37032874511647,0.7719723515576249,0.984211009455035,0.8552657473567394,0.7903121853765268,0.007960944629896365,0.0019157510778614537,0.6245933503546216,0.9957390909443037,DERMASON
11917,32168,663.09,239.98310731493967,171.16071945940584,1.4020921860629152,0.7009403853573057,32570,202.37976597239336,0.7275359041049417,0.9876573533926927,0.9193671191640701,0.8433083821470905,0.0074603054997183435,0.002327459020904091,0.7111690273995432,0.9971245362868627,DERMASON
11918,32171,679.0840000000001,257.2296890158624,159.96654221039748,1.6080218116957148,0.7831108727909115,32547,202.38920275962084,0.6797456051386072,0.9884474759578455,0.8766524047877966,0.786803434447803,0.007995700755831723,0.0018901718135711854,0.6190596444588584,0.9954614110304385,DERMASON
11919,32179,667.081,248.19339038515346,165.45937147808178,1.5000261887132296,0.7453664027755783,32529,202.4143653746759,0.802508853309392,0.9892403701312675,0.9087099125771246,0.8155509905423493,0.007712899418414291,0.002104756739316527,0.6651234181746073,0.9977025459883717,DERMASON
11920,32184,678.6709999999999,263.00235694877864,156.3592872960774,1.682038601587925,0.8040832797478978,32581,202.43009042075855,0.7311886586695747,0.9878149841932414,0.8780743678568887,0.7696892635079429,0.008171835599949622,0.0017691355029367164,0.5924215623593995,0.9964759363015381,DERMASON
11921,32186,671.2570000000001,247.0456533037486,166.28652941925338,1.485662453636756,0.7395511098610629,32572,202.43638009717014,0.7648582495663125,0.9881493307134962,0.8976338378359152,0.8194290301811938,0.007675562458949499,0.002134692655708507,0.6714639355036919,0.9975687579490073,DERMASON
11922,32187,667.621,247.7787747905522,165.78686190573046,1.4945621863054739,0.7431793454484102,32582,202.43952486209474,0.7318054702953414,0.9878767417592536,0.9074660497968872,0.8170172163988509,0.00769810093486663,0.002115866178883047,0.6675171318921269,0.9976458640370567,DERMASON
11923,32190,663.51,245.34312544786087,167.3946603342726,1.465656819386783,0.7310835389370873,32559,202.4489588637711,0.7349315068493151,0.9886667280936147,0.9188315419639901,0.8251666252894239,0.007621718715373124,0.0021797129088734052,0.6808999594915364,0.9979656689489547,DERMASON
11924,32209,662.9409999999999,252.11017596562323,162.9825023653517,1.5468542469698827,0.76293659436763,32524,202.5086973351388,0.710325511644319,0.9903148444225802,0.9209527462792203,0.8032547538372752,0.007827320809886157,0.0020100465480451077,0.6452181995621816,0.9980585122150216,DERMASON
11925,32211,671.8459999999999,248.32454353752132,165.83863894758596,1.497386526525977,0.7443136258048829,32560,202.51498457019008,0.7375326281082566,0.9892813267813267,0.8967566381749263,0.8155254478081442,0.007709308731101839,0.002103513338827225,0.6650817560226742,0.9958844605065893,DERMASON
11926,32213,666.867,252.2469970177569,162.96442588514773,1.5478654046591296,0.7632942415452898,32551,202.5212716100553,0.7440179231337768,0.9896162944302787,0.910253972517148,0.8028689102522748,0.00783059625051243,0.002007026739041616,0.6445984870496754,0.9977516979998085,DERMASON
11927,32214,662.963,240.66587394682318,170.66028072632037,1.410204371647363,0.7050907552319322,32583,202.52441505679883,0.7849415204678363,0.9886750759598564,0.9210345804837415,0.8415169618171459,0.007470847269721959,0.0023110062356224213,0.7081507970259598,0.9986373497515728,DERMASON
11928,32216,660.801,247.12150095483926,166.3037031863142,1.4859651121417474,0.7396758639880727,32541,202.5307018039191,0.7110130214080777,0.9900125994898743,0.9271288544192846,0.8195592088157921,0.007670769212653317,0.0021347155679641264,0.6716772967547674,0.9980890295952635,DERMASON
11929,32217,667.0319999999999,244.09363304041966,168.4897961102062,1.4487146324324727,0.7235546810384396,32596,202.53384510430038,0.7812833446503056,0.9883728064793226,0.9099166727613586,0.8297383368076735,0.007576547569308739,0.002215214282941906,0.6884657075683642,0.9973903444822649,DERMASON
11930,32221,667.427,248.50964715439727,166.21824376652413,1.4950804528019348,0.7433880974697679,32581,202.54641781801936,0.827091408476012,0.9889506153893374,0.9089528083544907,0.8150444867525756,0.007712660909170953,0.0020994679864855276,0.6642975153857693,0.9931782300981563,DERMASON
11931,32222,664.072,246.91859554512806,166.4961595943746,1.4830287746376984,0.7384614014354446,32560,202.54956087450896,0.7811583311110573,0.9896191646191647,0.9181888600258338,0.8203090594587883,0.007663043744805662,0.0021403810591117305,0.672906953030162,0.9979403739975085,DERMASON
11932,32231,665.138,247.450577101126,166.3260584407885,1.4877438894472301,0.7404071047787976,32591,202.57784618846907,0.7973036487322201,0.988954005707097,0.9155037419407799,0.8186598251726093,0.007677409236484316,0.0021272002097269646,0.6702039093516472,0.9970917708215583,DERMASON
11933,32234,668.8919999999999,248.28047173605944,166.81843186882378,1.4883275724069425,0.7406463240916885,32754,202.5872737488543,0.7816956057813561,0.984124076448678,0.9053407360808603,0.8159613695442773,0.007702440644538669,0.0021061365062312147,0.6657929565885727,0.9909180148051114,DERMASON
11934,32240,664.568,253.92431509882823,161.89626858135935,1.5684383421797095,0.7703867484283178,32548,202.60612755359017,0.7610235105278066,0.9905370529679243,0.9173309493611478,0.7978996713045584,0.007876064364107576,0.001969165253788762,0.6366438854679224,0.9985366802821569,DERMASON
11935,32241,667.081,249.38129607762653,165.47764682319968,1.5070391733577861,0.7481294923064172,32603,202.60926968380883,0.7514859100762185,0.9888967272950342,0.9104607443176941,0.8124477371420081,0.007734911946826293,0.0020788199234721702,0.6600713255871697,0.9947533448700664,DERMASON
11936,32244,674.342,253.48017079274015,162.47022535158933,1.5601638407542255,0.7675756818287605,32628,202.61869578210343,0.8010931677018633,0.9882309672673777,0.8910423730922249,0.7993473223109671,0.007861312826967502,0.001979780030138167,0.6389561416857131,0.9968762680858833,DERMASON
11937,32247,661.466,249.4888134629553,165.01537613122034,1.5119125218037963,0.7500210768414621,32569,202.6281214419035,0.7655982905982905,0.9901132979213363,0.9261559683428017,0.8121731737362653,0.007736806942132766,0.0020765198398787254,0.6596252641368379,0.9972956965466219,DERMASON
11938,32257,679.625,261.0839521004577,157.74479564195167,1.6551034285344328,0.7968388859524426,32758,202.65953714178403,0.8025726512738853,0.9847060260089139,0.8775970328331444,0.7762236457329496,0.008093869612811411,0.0018125226395174288,0.6025231481949516,0.9972381283488245,DERMASON
11939,32260,665.9089999999999,251.57558791061498,163.50787018169893,1.5386145488351746,0.7599894923034947,32582,202.6689609021479,0.7364960504086572,0.9901172426493156,0.9142068223314053,0.8055986774605346,0.007798375322709702,0.0020260906586910803,0.6489892291261624,0.9985442699708382,DERMASON
11940,32269,672.4419999999999,241.48802879238895,170.8426629033914,1.4135112663804958,0.7067552840845286,32717,202.69722955447358,0.7091464486638537,0.9863068129718495,0.8967795759875348,0.8393676099312384,0.0074835919548913495,0.0022913882808891384,0.7045379846016797,0.9958723788274825,DERMASON
11941,32272,661.6239999999999,240.67852571531023,171.11976729741062,1.4064916608786913,0.7032032013940012,32708,202.70665156253054,0.7322064662507091,0.9866699278463984,0.9264313516046353,0.8422299038107985,0.0074578125221650415,0.0023148020230210576,0.709351210873147,0.9976965627272835,DERMASON
11942,32274,669.447,253.69427149181107,162.234685058813,1.5637486607740034,0.7688002822238342,32663,202.71293265794029,0.7715146299483648,0.9880904999540765,0.904961825070106,0.7990441860035599,0.00786063926045148,0.001976609199168111,0.6384716111860916,0.9984091269344711,DERMASON
11943,32276,655.5229999999999,234.15524672568876,176.01411825768204,1.3303208233721853,0.6595070540414933,32578,202.71921355873525,0.7302262443438914,0.9907299404506108,0.9438733030853521,0.8657470477106985,0.007254778991377146,0.0025140159363579227,0.7495179506197905,0.9970993372007527,DERMASON
11944,32279,670.977,250.820564334098,164.18139696536392,1.5277039236486196,0.7559952536781019,32662,202.7286345450645,0.7571897724607084,0.9882738350376584,0.9009790005843846,0.8082616155628527,0.007770394508321138,0.002045646795491173,0.6532868391922727,0.9980288675020398,DERMASON
11945,32283,673.37,257.2697120679084,160.2294838318069,1.6056327831522241,0.7823751825288284,32615,202.74119517918714,0.7103282872733674,0.9898206346772958,0.8946974974258697,0.7880492171020581,0.007969200881823511,0.0018958671639527983,0.6210215685751669,0.9971325895489049,DERMASON
11946,32283,675.327,251.3963449964208,164.11162303474046,1.5318619141509753,0.7575299978736441,32748,202.74119517918714,0.7439850663716814,0.9858006595822646,0.8895196027419152,0.80646039297856,0.007787267137391841,0.002031875100410644,0.6503783654431333,0.9962898478101007,DERMASON
11947,32283,675.375,249.39203163370146,165.28992963790398,1.5088156440022547,0.7488217047225428,32759,202.74119517918714,0.8150420359009316,0.9854696419304618,0.8893931680244291,0.8129417521926543,0.007725181415410633,0.002081259181109335,0.6608742924580631,0.9971374711796468,DERMASON
11948,32284,675.3770000000001,260.39477541585995,158.16451209363964,1.646353989077499,0.7943940176914064,32700,202.74433521612877,0.7268715524034673,0.9872782874617737,0.8894154502251869,0.7786036985278936,0.008065753172341096,0.0018284813703883065,0.606223719361315,0.9980588386438991,DERMASON
11949,32308,666.6790000000001,244.51987668865243,168.85948621981728,1.4480671602325157,0.7232601162276755,32689,202.81968151859334,0.7386374028349337,0.9883447031111383,0.9134533809818853,0.8294609185364672,0.007568400293693588,0.0022098742931008705,0.6880054153793599,0.9962780480729821,DERMASON
11950,32314,663.884,247.40857407191677,166.7326970272435,1.4838635641543731,0.7388076054424624,32657,202.83851372106838,0.7090135158855538,0.9894968919374101,0.9213320533529746,0.8198524019709489,0.0076563896166341764,0.0021337644828052387,0.6721579610175343,0.9973907077102145,DERMASON
11951,32321,663.8079999999999,243.27095470687541,169.3369996512491,1.436608391597193,0.7179604285911492,32670,202.86048241435586,0.7631877213695396,0.9893174165901438,0.921742662452558,0.8338869827628564,0.007526714974996919,0.0022449879315066495,0.6953675000213407,0.9989707857746194,DERMASON
11952,32323,664.437,242.43435419233253,169.96035973167665,1.4264170455691758,0.7131050016297928,32692,202.86675874690425,0.7287833694083694,0.9887128349443289,0.9200552522160554,0.8367904764271248,0.007500366741711244,0.00226844982329229,0.7002183014391347,0.998803320792277,DERMASON
11953,32336,657.561,231.00416099971804,178.81593597365847,1.291854440947296,0.6330865489634417,32746,202.907550176321,0.7981241515488091,0.9874793867953338,0.9397753851731089,0.8783718410014643,0.007143869402514783,0.0026231727242162187,0.7715370910643017,0.9967136174469765,DERMASON
11954,32340,664.289,245.96151594114045,167.65338247142063,1.467083528619345,0.7317022018744453,32676,202.9200997356722,0.730055532981173,0.9897172236503856,0.9209493752430042,0.8250075177786422,0.007605489051983316,0.00217339434302576,0.6806374043912767,0.9985519249446663,DERMASON
11955,32341,671.4580000000001,252.09219784284943,164.34193710372844,1.5339492906411056,0.7582946008797852,32694,202.9232370042423,0.7008711858529819,0.989202911849269,0.901416707485089,0.8049564355448307,0.007794817656932359,0.0020187160246033994,0.647954863125039,0.9939299026581082,DERMASON
11956,32346,658.68,233.7942019683489,176.52004364776087,1.3244626340274221,0.6556980905560534,32722,202.93892261959894,0.776987749219313,0.9885092598251941,0.936874659984415,0.8680237615433802,0.007227916959387525,0.0025311586815494683,0.753465250603919,0.9979365704629984,DERMASON
11957,32348,660.673,249.90640312538298,164.981882946485,1.514750581471087,0.751112092037205,32635,202.94519652628648,0.7637531283940123,0.9912057606863797,0.9312883734763941,0.8120848205096405,0.007725559636619976,0.0020725989940431587,0.6594817557021749,0.9989503729194429,DERMASON
11958,32352,672.437,258.2263214419287,159.91542090756394,1.6147681066430204,0.7851670951763575,32747,202.9577437578374,0.6858015008267266,0.987937826365774,0.8990995785022453,0.7859684583063683,0.007981773041602643,0.00187888244313486,0.6177464174524895,0.9975172128952653,DERMASON
11959,32358,661.076,245.69053509364258,168.17619776929504,1.460911462814031,0.729008937041123,32694,202.97656315087312,0.8141196598399839,0.9897228849330152,0.9304408158810282,0.8261472631557034,0.007592883833785851,0.0021818073082408387,0.6825193004196592,0.9971002695748934,DERMASON
11960,32360,659.9060000000001,243.10002014628563,170.0215219334185,1.429819103968997,0.7147410617422427,32697,202.98283589414612,0.7132780814671134,0.9896932440285041,0.9338007594762052,0.834976631314144,0.007512361561998938,0.0022524415417853865,0.6971859748407162,0.9968498258465045,DERMASON
11961,32363,664.346,244.19751239770454,169.1145767527312,1.443976723276521,0.7213872146806876,32743,202.9922446456122,0.752278010227801,0.9883944659927313,0.9214462104539445,0.8312625409345502,0.007545577121951134,0.0022224145239557857,0.6909974119609646,0.99778417871595,DERMASON
11962,32363,666.115,244.77200924346684,168.67529734374585,1.4511431910781956,0.7246549722213819,32720,202.9922446456122,0.7362589862589862,0.9890892420537898,0.9165585442046053,0.8293115102213438,0.007563328778032532,0.0022068027412051163,0.6877575809856058,0.9980347307596726,DERMASON
11963,32364,664.4979999999999,239.81912138086304,172.77639160338276,1.3880317742216794,0.6935124905572347,32722,202.99538079919162,0.704576130970523,0.9890593484505837,0.9210531670791341,0.8464520244689302,0.007410058131901589,0.0023464471123778976,0.7164810297275502,0.9944984348889073,DERMASON
11964,32384,657.952,238.54833576965106,173.08614763551162,1.3782058184805814,0.6881367350226818,32711,203.05809369907792,0.7558408215661104,0.9900033627831616,0.94005211754716,0.8512241053534596,0.007366240605535174,0.002385620277960472,0.7245824775347978,0.9986237865075336,DERMASON
11965,32386,671.284,247.3234252276281,167.05273804700926,1.4805110536891073,0.737412712749433,32821,203.06436392383813,0.711905389958674,0.9867462904847506,0.9031389729557603,0.8210478394310793,0.007636738875675541,0.002140728318123962,0.6741195546344435,0.9980414521442715,DERMASON
11966,32390,670.0249999999999,251.47698266331085,164.24518100546922,1.5311072210693164,0.7572525941815643,32753,203.07690379255817,0.8045006333672785,0.9889170457668,0.9066481864963044,0.8075367440862253,0.007764031573427319,0.002036649174328371,0.6521155930493816,0.9984588934898079,DERMASON
11967,32398,685.704,257.98870380649123,160.17446355644753,1.6106731252798778,0.7839227005872589,32811,203.10198120729842,0.7510141635179304,0.9874127579165524,0.8658740004625367,0.7872514502016278,0.007963105864759899,0.0018867576931962452,0.619764845844566,0.9982385811950688,DERMASON
11968,32401,662.7879999999999,247.93926053441533,167.0975359805189,1.483799620859289,0.738781113268312,32760,203.11138443958282,0.8055541743324549,0.9890415140415141,0.9268703821367121,0.8191981536195226,0.007652210133465489,0.0021258005218046058,0.6710856148936352,0.9957565809432986,DERMASON
11969,32406,675.2909999999999,259.8476025121117,159.1410799815046,1.632812863544166,0.7905170327050909,32736,203.12705552606153,0.8074852985149008,0.9899193548387096,0.8930039262902931,0.781716104217639,0.008018502823924942,0.0018470101634057584,0.6110800675932027,0.9977793950216197,DERMASON
11970,32408,674.039,257.0555033114306,161.02621440995554,1.5963581100962525,0.7794810090573989,32781,203.1333236221402,0.7089139232199497,0.9886214575516306,0.8963797625889979,0.7902313741792876,0.007931853348291489,0.0019079698682012032,0.6244656247372855,0.9968707645256886,DERMASON
11971,32418,667.503,248.88891870129896,166.54127325133894,1.4944578832760784,0.7431372999919941,32777,203.1646612017565,0.7797662000288642,0.9890471977301156,0.914301933344721,0.8162864874091968,0.007677491476997315,0.002102662334624762,0.666323629526845,0.9957926009595227,DERMASON
11972,32433,657.609,243.80601151748448,169.60473598024413,1.4374953040573315,0.7183765663997036,32703,203.21165851002627,0.7225960253096871,0.9917438767085589,0.9424568806978525,0.8334973253744115,0.007517220470430872,0.0022379681044530273,0.6947177914062976,0.9986535627916336,DERMASON
11973,32441,667.506,248.2911899324048,167.22904495993754,1.4847372356392217,0.7391691361732629,32793,203.2367192973588,0.7211995909474901,0.9892660018906474,0.9149423902794359,0.8185418071124002,0.007653623190789581,0.0021193871821175705,0.6700106899908337,0.994789819705718,DERMASON
11974,32449,655.38,237.85679965789635,173.86855591123722,1.3680265440251669,0.6823989197781957,32793,203.2617769948676,0.7981552084614438,0.9895099563931327,0.9493466306787145,0.854555250416276,0.0073301734924927225,0.0024113186428152073,0.7302646760140243,0.9990214609511238,DERMASON
11975,32456,672.456,251.3572336086616,164.8187084541036,1.5250528047831176,0.7550085023885491,32878,203.28369994646508,0.7729091255477234,0.9871646693837824,0.9019388889748613,0.8087441806546842,0.007744553660607025,0.002043717345116858,0.6540671497428164,0.9974869412317816,DERMASON
11976,32457,670.7869999999999,245.26436276743937,168.81510053969262,1.452857961067124,0.7254275515575687,32787,203.2868316036953,0.7189659755449229,0.9899350352273767,0.9064606689782281,0.828847816739086,0.007556593732243873,0.0021999105771781237,0.6869887033131498,0.99809700677169,DERMASON
11977,32466,674.6909999999999,249.14014693165635,166.36963381164023,1.4975097391494347,0.7443629238262488,32849,203.31501434810906,0.7225585328941512,0.9883405887546044,0.8962492689680298,0.8160668477243936,0.007673878732571193,0.002099411808305636,0.6659650999548287,0.9972892231159828,DERMASON
11978,32469,667.636,242.25601968594017,171.57903559281698,1.4119208611292722,0.7059567015794859,32830,203.3244077281574,0.7450265023748881,0.9890039597928724,0.9153754996616571,0.8392955848599611,0.0074611481624300155,0.0022837322294215366,0.7044170787654243,0.9945811684446442,DERMASON
11979,32474,665.816,248.28779069587077,166.7522749706563,1.4889619391373368,0.740905909484327,32802,203.3400623972799,0.787515762925599,0.9900006097189196,0.9205284082095635,0.8189692365757621,0.007645740921841189,0.0021216302265532703,0.6707106104574865,0.998662571146766,DERMASON
11980,32481,658.17,239.3627374424917,173.25710471320824,1.3815464470487824,0.6899819735849269,32765,203.3619769095069,0.7467239873097614,0.9913322142530139,0.9422433689813898,0.8495974732005469,0.007369315521150571,0.0023684256868590566,0.7218158664687542,0.9972221457433457,DERMASON
11981,32485,674.7159999999999,248.47932069346527,167.67082493806944,1.4819472665279907,0.7380117657675712,32838,203.3744984277079,0.7438063836607592,0.9892502588464583,0.896707324380355,0.8184765551520458,0.007649047889594128,0.002117444899357596,0.6699038713335598,0.9927622109592878,DERMASON
11982,32493,664.733,246.6587412855197,168.0090215304175,1.4681279555030498,0.732153622746914,32865,203.39953915159109,0.7941586215324453,0.9886809675947056,0.9240706908006272,0.824619221242786,0.007591134745499637,0.0021652112639934367,0.6799968600430588,0.9983223998835096,DERMASON
11983,32493,658.39,233.80352765526678,177.19024525987177,1.3195056382046568,0.6524176914452982,32827,203.39953915159109,0.7790778526386458,0.9898254485636824,0.9419616520120072,0.8699592396719306,0.007195504498053943,0.002542357569924209,0.7568290786905637,0.9986402364894347,DERMASON
11984,32498,662.962,243.65572982731294,170.6875719486948,1.4274954353475184,0.713625275529511,32831,203.41518803865978,0.773946177661348,0.9898571472084311,0.9291572637286662,0.8348467248557093,0.007497560767656869,0.0022466051397446165,0.6969690540023045,0.9949201431667678,DERMASON
11985,32502,667.0229999999999,245.62550009523588,169.37504651684722,1.4501870561600363,0.7242226415407663,32843,203.4277062815738,0.7766308243727599,0.9896172700423226,0.9179908054107725,0.8282027159342136,0.007557242634152849,0.0021932580403463287,0.6859197386808077,0.9947119265995819,DERMASON
11986,32504,663.69,247.87065167176658,167.32900907398727,1.4813369961580691,0.7377574906279842,32834,203.43396511416606,0.8076129897880587,0.9899494426509107,0.9272911719909777,0.8207263092346885,0.007625850715966238,0.002134329581164706,0.6735916746699935,0.9978162679927314,DERMASON
11987,32507,674.634,252.37413891093468,164.41226641853984,1.535007967522768,0.7586809077450823,32883,203.44335300202346,0.7430171428571428,0.9885655201775994,0.897532752294068,0.8061180669300694,0.007763685941825905,0.0020222849078840406,0.6498263378310719,0.9974886060768372,DERMASON
11988,32508,674.073,250.54138721927444,165.81833496190984,1.5109389880004906,0.7496450437318538,32951,203.44648220170993,0.7004524886877828,0.9865557949682863,0.8990549809679067,0.8120274436879886,0.007707068636005735,0.0020670539787590574,0.6593885693024495,0.9962958976009344,DERMASON
11989,32508,669.4459999999999,253.78099840617745,163.35647159710308,1.5535411356832827,0.7652857421101948,32850,203.44648220170993,0.7787279913762127,0.9895890410958904,0.9115259000598649,0.8016616038214692,0.0078067244495563385,0.001988899992966381,0.6426613270416102,0.9984008078719487,DERMASON
11990,32532,678.9369999999999,269.94741630381776,154.04227815642116,1.7524242015539495,0.8212016620472353,32797,203.52156856049513,0.6757228315054835,0.9919199926822575,0.8868734903857322,0.7539304185502471,0.008297904103769143,0.0016537628745250939,0.5684110760153508,0.9960973260406223,DERMASON
11991,32539,665.7339999999999,246.73486211017556,168.23348325371592,1.4666216102657181,0.7315021554228628,32911,203.54346353085734,0.7795079414512613,0.9886967883078606,0.9225981741777047,0.824948131731657,0.007582742619938398,0.002166270327807351,0.6805394200475515,0.9980938200794379,DERMASON
11992,32540,669.7029999999999,252.98773180841192,164.0856385911436,1.541803012016109,0.7611368748873393,32919,203.5465911915063,0.7923636983466044,0.9884868920684103,0.9117230271762682,0.8045709953463377,0.007774669078316285,0.0020096441562915917,0.6473344865525965,0.9980622611486948,DERMASON
11993,32541,675.2579999999999,243.6372083949667,171.80545850902368,1.418099346256628,0.7090390546315517,33058,203.54971880409693,0.8119822337558639,0.9843608203763083,0.8968117353943433,0.8354623669555313,0.007487084244336889,0.00225009083544559,0.6979973665989389,0.989829609262803,DERMASON
11994,32556,661.0609999999999,240.9902865446454,172.29147982426764,1.3987359490466305,0.6991947862691156,32854,203.5966272274616,0.787384816310736,0.9909295671759908,0.9361767071748526,0.8448333339349912,0.007402330954191098,0.0023261216615399743,0.7137433621277123,0.9983384990014385,DERMASON
11995,32557,668.245,247.87925061147234,167.84109738007274,1.4768686244356162,0.7358833830070037,32924,203.59975407141997,0.8219389043170916,0.9888531162677682,0.9161842206574011,0.8213666677189678,0.007613700605444984,0.002137587277482263,0.6746432028397614,0.9963593789627968,DERMASON
11996,32572,675.095,248.0101451778028,167.83099271912772,1.477737461714585,0.7362494939654917,32995,203.64665096955,0.7548201705598814,0.9871798757387483,0.8980996088246391,0.8211222602347664,0.007614212979792545,0.0021351878348418204,0.6742417662530515,0.9963523162447429,DERMASON
11997,32580,667.271,243.62778898633027,171.22147503516206,1.4228810313443383,0.7113880370431382,32877,203.67165823322497,0.7919299951385513,0.9909663290446209,0.9195099707085126,0.8359951838033255,0.00747783268834654,0.0022530488518865046,0.698887947342356,0.9944344033086191,DERMASON
11998,32586,681.46,261.216362573034,159.35511612986846,1.6392091381625453,0.7923627017935475,32973,203.69041166618524,0.8171422839660966,0.9882631243744883,0.8817798683627153,0.7797766175893175,0.008016214404131652,0.0018282261656479713,0.6080515733390366,0.9967236954914619,DERMASON
11999,32588,667.255,245.95499002221987,168.98450421396666,1.455488425795503,0.7266058035767295,32925,203.69666242682888,0.7596270396270396,0.9897646165527715,0.91977986476504,0.8281867442836865,0.007547409783423956,0.002190235396427628,0.6858932834072123,0.9983097353300724,DERMASON
12000,32593,667.6189999999999,252.50947729205328,164.74149709611638,1.5327618222670987,0.75786011062107,32950,203.71228848931318,0.7458352402745996,0.9891654021244309,0.9189181399446343,0.8067510600946629,0.007747353029547857,0.002024376503883969,0.6508472729638624,0.9975938521256614,DERMASON
12001,32594,669.871,240.51279983145045,173.15570309790334,1.388997275449039,0.6940323484272577,32909,203.7154135579777,0.7369872925428481,0.9904281503540066,0.9127780160898759,0.8470044575620921,0.007379051353974672,0.0023427345323963743,0.7174165511300539,0.996489634881691,DERMASON
12002,32600,673.72,249.50182319824881,166.91117057367723,1.4948180061328775,0.7432824213138027,33108,203.7341629633241,0.7985498726239467,0.9846562764286577,0.9025444171240082,0.8165638244712997,0.007653430159455485,0.0020989226276270944,0.6667764794351957,0.9967094875256187,DERMASON
12003,32601,666.726,240.7172414729465,173.31948234366558,1.388864299719299,0.6939608373646069,32973,203.7372876964623,0.7710373208457499,0.9887180420343917,0.9216075054611025,0.8463759656341846,0.00738373796733065,0.0023372723858394945,0.7163522752031983,0.9949161010524167,DERMASON
12004,32608,679.047,229.22621801579484,182.54990280249802,1.2556907152330627,0.6048038846018559,33187,203.75915948669444,0.8015732546705998,0.9825534094675626,0.8886573896539085,0.8888998878507623,0.0070297539872361025,0.002707268281677884,0.790143010621098,0.9921752421432122,DERMASON
12005,32609,668.6789999999999,240.5659209838444,173.04317863317303,1.3902074781798246,0.6946818852211294,32994,203.7622838365062,0.7562384044526902,0.988331211735467,0.9164567539931866,0.8470122576097976,0.007377286055501376,0.00234226035480395,0.7174297645412462,0.9973762237340311,DERMASON
12006,32618,674.3879999999999,258.3032768358363,161.37105131052067,1.6006791474562085,0.7808369893574382,32985,203.79040082931172,0.7073033220574204,0.9888737304835531,0.9012546628083477,0.7889578611843548,0.007919040923288868,0.0018926381127199617,0.6224545067245918,0.9963499491541943,DERMASON
12007,32619,668.9,252.61131413296545,165.15335601502574,1.5295560455337205,0.7566808158074471,33013,203.79352470016377,0.7943454120397428,0.9880653076060946,0.9161321303408926,0.8067474150935862,0.00774429976801758,0.0020235421184754453,0.6508413917601832,0.9954983854503688,DERMASON
12008,32620,657.3829999999999,237.10415816527401,175.34267426144405,1.3522330440320578,0.6731373317138585,32951,203.796648523132,0.7576179858788554,0.9899547813419927,0.9485426928058455,0.8595237219799202,0.007268674376617842,0.002447182991397221,0.7387810286462153,0.9990041192394064,DERMASON
12009,32623,672.0759999999999,255.99562985649146,162.80450547679916,1.5724112124954228,0.7717171131915129,32975,203.80601970475556,0.8141908755116303,0.9893252463987869,0.9076052226873527,0.7961308551204844,0.007847090391947137,0.0019445819119405772,0.6338243384748738,0.9966324965703856,DERMASON
12010,32624,669.461,254.99915086281953,163.74352222275533,1.5573083283008948,0.7665927486994084,32947,203.80914333621035,0.6843430105722437,0.9901963759978146,0.9147375529458134,0.7992542039712611,0.007816305507075145,0.001967528381151156,0.6388072825657345,0.9948199013188812,DERMASON
12011,32624,671.8539999999999,254.31644984942733,163.67906248819605,1.5537506507148262,0.7653587407439026,33004,203.80914333621035,0.7846079846079846,0.9884862440916252,0.9082329592438053,0.8013997657519962,0.007795379164094756,0.001983416177992448,0.6422415845473546,0.9978832799065733,DERMASON
12012,32626,672.2529999999999,252.43362957233052,164.84124838212497,1.5313741678730448,0.7573507747227423,32958,203.8153904555037,0.6962441314553991,0.989926573214394,0.907210771199767,0.8074018933246131,0.007737192103608488,0.002028253324774271,0.6518978173441697,0.9982994775736821,DERMASON
12013,32631,680.2710000000001,260.4161769979132,159.81527762286316,1.6294823678400199,0.7895456605214507,33004,203.83100741607765,0.8036004531350047,0.9886983395952006,0.8860869339136687,0.7827125402340539,0.007980637338663027,0.0018476789293317526,0.6126389206396453,0.9982843190348434,DERMASON
12014,32631,671.953,237.0317761566487,176.13772293728567,1.3457184083221316,0.669183150451794,33036,203.83100741607765,0.7533244066857512,0.987740646567381,0.9081601743483418,0.859931148140115,0.007264005888775971,0.00245025153949979,0.7394815795415762,0.9951339742042259,DERMASON
12015,32638,706.8030000000001,256.06872621048734,163.53249957951752,1.5658583270536641,0.7695161273253218,33261,203.8528691509301,0.7305161376964054,0.9812693544992634,0.8209876681409909,0.7960865513243658,0.007845723580197542,0.00194381045953076,0.6337537971995223,0.9923686606467511,DERMASON
12016,32639,662.16,238.9193282166693,174.46264372141812,1.3694583729808405,0.683216683209649,33017,203.8559920645233,0.7918243571081999,0.9885513523336463,0.9354505268638584,0.8532419439906175,0.007320056626020077,0.002393222016277687,0.7280218149848878,0.996995570243763,DERMASON
12017,32639,745.2009999999999,267.04220955415786,157.37596193887458,1.6968424292007065,0.8078924770413325,33708,203.8559920645233,0.7083116319444445,0.9682864601874925,0.7385839235048685,0.7633849060973261,0.008181690908243448,0.0017139458860863618,0.5827565148572234,0.9888459803028685,DERMASON
12018,32641,666.762,240.06423945055118,173.5236904700686,1.3834666540356937,0.6910343668247797,33055,203.8622377481922,0.7277814938684504,0.9874754197549539,0.9226386387347044,0.8491986903788061,0.007354683969564388,0.002359288449519586,0.7211384157410796,0.9976709511219124,DERMASON
12019,32655,676.774,242.39405700324906,172.30492545365186,1.4067738131400684,0.7033473518537617,33136,203.90595217728867,0.7655250017582108,0.985484065668759,0.8959261657935924,0.8412167967243335,0.007422877262387048,0.0022928929829118777,0.7076456990911487,0.9954974384626247,DERMASON
12020,32677,677.007,254.00733382862967,164.3518725957265,1.5455092163959585,0.7624595068310713,33003,203.9746273518128,0.7036391042204996,0.990122110111202,0.8959127636705095,0.8030265279246926,0.007773275815669421,0.001993900169117878,0.6448516045507873,0.9966240980409637,DERMASON
12021,32682,670.794,252.38984264530987,164.99500373723072,1.5296817293162601,0.7567272249441779,33036,203.99023212162533,0.771074672643624,0.9892844169996368,0.9127254302844992,0.8082347133450144,0.00772259478138761,0.002032792300283758,0.6532433518558979,0.99925442013128,DERMASON
12022,32685,667.306,251.01036464877546,166.14433274120603,1.5107970311558,0.7495901355588156,32949,203.99959441054972,0.7441939890710383,0.991987617226623,0.9223766362626226,0.8127138283552344,0.007679680729655055,0.0020666813742434326,0.6605037667998217,0.9978871299483936,DERMASON
12023,32685,670.6739999999999,252.51393932293834,165.22607457736132,1.5282935212789768,0.7562138309198394,33102,203.99959441054972,0.7110226456960125,0.9874025738626064,0.9131358897403261,0.8078745868744143,0.007725682708365866,0.0020299830793754007,0.6526613481175055,0.9974581099171866,DERMASON
12024,32692,673.271,250.10641515716142,167.10632305972754,1.4966903141526715,0.7440347772903538,33122,204.0214380806143,0.7174017994294491,0.9870176921683473,0.9062990766237884,0.8157385245492871,0.007650385879027328,0.002089618459083155,0.6654293404338479,0.9959416485803407,DERMASON
12025,32698,662.0699999999999,249.7333248688214,166.90721926396753,1.4962404021234248,0.7438543147539349,32952,204.04015936513662,0.7879795642953538,0.9922918184025249,0.9373962994725297,0.8170321661008347,0.00763757186582731,0.0020993830752829025,0.6675415604434222,0.9988026528319643,DERMASON
12026,32701,654.7840000000001,232.0115854493841,180.28606633675665,1.2869080243617346,0.6294310859487181,32993,204.04951936327748,0.7858928142273492,0.991149637801958,0.9584617378369714,0.8794798715247483,0.007094938547732,0.0026183760394739067,0.7734848444171877,0.9954038530026666,DERMASON
12027,32706,660.328,237.91228727465182,175.41143051954174,1.3563100567049258,0.6755714326299089,32998,204.06511840613092,0.7450792782941498,0.9911509788472028,0.9425792396675384,0.8577325733939631,0.007274270386921415,0.0024287164565773515,0.7357051674610303,0.9978443173971769,DERMASON
12028,32707,666.13,251.12305077701026,166.18780748155996,1.5110798715174978,0.7496995174738802,33029,204.0682380716141,0.7818655574679672,0.9902509915528778,0.9262593155474907,0.8126224870245805,0.007677960399211492,0.002065289678688263,0.6603553064180145,0.9978496115780313,DERMASON
12029,32708,657.63,233.12969499431134,178.91603996716384,1.3030117089395519,0.6411054370887136,33047,204.07135768940654,0.7560795191863153,0.9897418827730202,0.9503872897644422,0.8753554869721172,0.007127604714269027,0.0025814350507500534,0.7662472285721922,0.9984291107720478,DERMASON
12030,32708,680.7209999999999,259.80214764925654,161.04233507004213,1.6132537294386649,0.7847082357256522,33247,204.07135768940654,0.6988888888888889,0.9837880109483562,0.887003954057627,0.7854875701986542,0.007943076545470726,0.0018652015967237714,0.6169907229365859,0.995362584806505,DERMASON
12031,32714,666.213,247.22449025334103,168.62703247620706,1.4661023598824459,0.7312769885431551,33076,204.0900743947782,0.7663511994002998,0.9890555085258194,0.926226724280271,0.8255253117748924,0.007557146489372777,0.0021650063726969706,0.6814920403810335,0.9991370886437363,DERMASON
12032,32719,665.1039999999999,236.92636303999438,176.26488108546886,1.344149563889085,0.6682187768300251,33133,204.10567033816037,0.8082756916996048,0.9875049044759001,0.9294601326307459,0.8614730235980801,0.0072412470747881775,0.0024601402037952172,0.742135770387218,0.9975414721124691,DERMASON
12033,32723,672.774,255.54044391915446,163.41898132713808,1.563713357187096,0.7687882727896692,33022,204.11814623489192,0.7016080617495711,0.9909454303191811,0.90849925938033,0.7987704142028843,0.0078091997652768525,0.001960984575415296,0.6380341746058474,0.9977025611730076,DERMASON
12034,32730,679.2639999999999,255.61863035361097,163.4724912104303,1.5636797877177107,0.7687768523322221,33108,204.13997721950952,0.718282967937323,0.9885828198622689,0.8914124037480494,0.7986114976717923,0.007809918434268591,0.0019596048010876188,0.6377803242135832,0.9972842019768287,DERMASON
12035,32732,708.777,253.90657889236192,164.66363577029293,1.5419711687076048,0.7611971414585671,33485,204.146214214889,0.7808764940239044,0.977512318948783,0.8187723616290128,0.8040209714354517,0.0077571361020518734,0.0019996347751265477,0.6464497225080075,0.9968068341263793,DERMASON
12036,32737,669.66,239.93110298177584,174.13122797258205,1.3778752138562667,0.6879531208589517,33112,204.16180586974397,0.8018271774272558,0.9886748006764919,0.9173604771414362,0.8509184650614108,0.007329049790199952,0.002370168526902313,0.7240622341824673,0.9976674057694135,DERMASON
12037,32741,664.125,246.19554416442088,169.565165944085,1.4519228804671187,0.72500669804278,33053,204.17427833636137,0.7301739518287244,0.9905606147702175,0.9328292296984935,0.8293175208727752,0.007519487619938941,0.0021940745222774425,0.6877675504265659,0.9985854429071539,DERMASON
12038,32743,693.6379999999999,260.35980196130816,160.52263326614863,1.6219507284659864,0.7873223795899257,33290,204.18051428396257,0.7632400932400932,0.9835686392310004,0.855189928221786,0.7842244184619008,0.007951617199441352,0.001855225352544569,0.6150079385119064,0.9975125738817514,DERMASON
12039,32745,665.157,245.6075837732557,170.05152121247278,1.4443127707536267,0.7215418659489304,33116,204.18675004111532,0.7240464344941957,0.9887969561541249,0.9300504923942782,0.831353604413209,0.007500613338624391,0.0022101394510879255,0.6911488155708345,0.9982350608201993,DERMASON
12040,32749,676.0889999999999,255.66863744845236,163.39313392160614,1.5647452944449844,0.7691389005854282,33101,204.1992209841454,0.7174089246204736,0.9893658801848887,0.9003267777687336,0.7986870154354221,0.007806914331688062,0.00195959206604169,0.637900948625142,0.998152507683183,DERMASON
12041,32749,688.6669999999999,248.19813671889239,168.5628496165646,1.4724367633999826,0.7340029186628962,33310,204.1992209841454,0.718463428546356,0.9831582107475233,0.8677394893365034,0.8227266476839837,0.007578800473873779,0.002141916284787438,0.6768791368093259,0.996661725416498,DERMASON
12042,32752,679.5699999999999,260.180374294081,160.42556065217275,1.6218137137023445,0.7872815882395926,33112,204.2085736916206,0.7103938920701024,0.9891278086494323,0.8912084435008862,0.7848730875481189,0.007943953782794364,0.0018595772437338472,0.6160257635573174,0.9990790313312152,DERMASON
12043,32757,687.218,270.58078935993495,154.4605335985775,1.7517794549586279,0.8210556798681728,33093,204.22416058559213,0.80714074512123,0.9898467953947965,0.8716154748839154,0.7547622322659678,0.00826024328723433,0.0016535344309344768,0.5696660272551068,0.9979292427333978,DERMASON
12044,32771,660.823,240.4080194966811,173.8389124515525,1.3829355931094018,0.690743911049582,33168,204.2677975612309,0.7649626517273576,0.9880306319343946,0.9430381399045398,0.8496713129157943,0.007335998886109094,0.002358537804593812,0.7219413399920497,0.9983983752121016,DERMASON
12045,32772,664.31,237.3521565874911,176.17857509098738,1.3472248624153682,0.6701047040766692,33135,204.27091413135827,0.772341628959276,0.9890448166591218,0.9331924794374338,0.8606237965908743,0.0072425288840318285,0.002450887630374993,0.7406733192584906,0.9978535106327543,DERMASON
12046,32772,681.6769999999999,258.1218910920911,162.16793493410475,1.5916949993657887,0.7780025903674715,33242,204.27091413135827,0.7621395348837209,0.9858612598519945,0.8862485307144543,0.7913738477085609,0.007876293515564846,0.0019055854646769937,0.6262725668370528,0.9968349128745136,DERMASON
12047,32774,679.5290000000001,250.42497864339617,167.05542801206678,1.4990532281615383,0.7449791768522811,33182,204.27714712896844,0.7260522817899867,0.987704176963414,0.8919147005457178,0.8157219309175144,0.007640964747769457,0.002086875368799599,0.6654022685797982,0.9974734187405575,DERMASON
12048,32775,686.1279999999999,260.66366707060575,160.79470826426862,1.6210960539957628,0.7870677265988222,33269,204.28026355645557,0.7003205128205128,0.9851513420902341,0.8748674910591742,0.7836928938052664,0.007953124853412838,0.0018505515955132977,0.6141745518008728,0.9956359423890113,DERMASON
12049,32780,663.2199999999999,240.40662334108296,173.86478274920137,1.3827217883903935,0.6906268447515685,33109,204.29584498079893,0.750440695039033,0.9900631248301066,0.9364909497091075,0.8497929139454242,0.0073339421397523785,0.0023592266400235483,0.7221479965918552,0.9985297693300301,DERMASON
12050,32781,674.424,260.40186256383765,160.80789290335508,1.6193350827644895,0.7865415067624143,33087,204.29896112306437,0.7930759181303527,0.9907516547284432,0.9056617552006972,0.7845526107670615,0.007943682699241563,0.0018564785641407488,0.6155227990614124,0.9967376627615424,DERMASON
12051,32782,666.759,251.2848315114889,166.2973184682771,1.511057627543309,0.749690917938849,33098,204.30207721780044,0.7685022387884756,0.9904525953229802,0.9266325183473465,0.8130298832162483,0.007665329495195196,0.0020660300059660865,0.6610175910026265,0.9988356728248222,DERMASON
12052,32790,666.81,246.89852325239525,169.38368020299782,1.4576287571299655,0.7275584113991449,33124,204.32700426489396,0.7569601551318159,0.9899166767298635,0.9267168769063266,0.8275748334712314,0.00752968963868238,0.002178642340685835,0.6848801049949363,0.9983009362268093,DERMASON
12053,32791,670.3719999999998,250.36066483642608,166.9543423304067,1.49957564051228,0.7451872090365056,33141,204.33011993196382,0.7854131736526946,0.9894390633957937,0.9169228430145138,0.8161430633101392,0.007635042079729989,0.0020895673453120395,0.6660894997892578,0.9988515882849807,DERMASON
12054,32794,665.4430000000001,245.87748973464969,170.29686858450324,1.4438168580454107,0.7213135940913575,33131,204.33946664813658,0.7878438438438439,0.9898282575231656,0.9306417558339325,0.8310621149933618,0.007497636449797209,0.0022061654582630854,0.6906642389772398,0.9971926714844432,DERMASON
12055,32797,678.4709999999999,249.8288633126752,167.70116357832558,1.4897264752488824,0.7412181996030254,33234,204.34881293679962,0.7095078420767983,0.9868508154299813,0.8953264305819842,0.81795518030695,0.007617430353772455,0.002103324515674052,0.6690506769909753,0.9967025067966441,DERMASON
12056,32798,661.676,231.39687451102498,181.23462600942906,1.2767807102103443,0.62174485286819,33212,204.35192827136197,0.738860103626943,0.9875346260387812,0.9413832371981492,0.883123113495751,0.007055212955394383,0.00264712771880846,0.7799064335904291,0.9957694901772048,DERMASON
12057,32799,674.253,247.40378468028553,169.04189501044425,1.4635649030377924,0.730172196124614,33170,204.3550435584319,0.7272505543237251,0.9888151944528188,0.9066187402965198,0.825998049393284,0.007543028283797845,0.0021659158818317045,0.6822727776015102,0.9985504915956794,DERMASON
12058,32802,712.924,243.65670007166486,174.22003688023295,1.3985572752413429,0.6991013817851465,33750,204.36438913470909,0.6601062545278918,0.9719111111111111,0.8110053479331555,0.838739049960871,0.007428104995782722,0.0022675937428788483,0.7034831939292646,0.9838615388797894,DERMASON
12059,32805,661.5310000000001,231.3024731215186,181.5268216651179,1.2742054920579573,0.6197456025264351,33142,204.37373428363296,0.7781441244840837,0.9898316335767304,0.9419969685176299,0.8835778170701263,0.007050829846716007,0.0026509358177087263,0.7807097588184095,0.9947846623896608,DERMASON
12060,32807,660.8209999999999,236.44647832407003,176.98439878971996,1.3359735656982885,0.6631146934318,33156,204.37996414552597,0.7660891089108911,0.9894740016889854,0.9440798122649976,0.864381510751054,0.007207195974153992,0.0024818067921796682,0.7471553961282743,0.9981798586962081,DERMASON
12061,32810,667.9159999999999,245.8958884099997,170.17546569482437,1.4449549904624017,0.721837027598909,33134,204.38930858232453,0.7709116541353384,0.9902215247178126,0.924213696021942,0.8312026276809138,0.007494540945138669,0.002206746412940555,0.6908978082636561,0.9983162359501053,DERMASON
12062,32824,678.1120000000001,254.1066958944098,164.89818670666128,1.5409914503574393,0.7608456703204762,33193,204.43291030650366,0.8040368410738781,0.9888831982646944,0.8970125275341726,0.8045160305081165,0.007741490857129229,0.002000521284650837,0.6472460433445367,0.9974006190716118,DERMASON
12063,32826,676.327,263.11538690994627,159.12073156499028,1.6535581776311847,0.7964104574317039,33130,204.43913836512922,0.8155933214072749,0.9908240265620284,0.9018086117497901,0.7769942334657169,0.008015456860718523,0.0018021014098755638,0.603720038838977,0.9982862072220069,DERMASON
12064,32839,670.5,239.5935664219,175.75645908535358,1.3632134356185728,0.679623782994216,33190,204.47961612238518,0.718640581232493,0.9894245254594758,0.9179144852332664,0.8534436845533544,0.007296006773102104,0.0023876159264030958,0.7283661227040055,0.9929184845195065,DERMASON
12065,32846,676.9399999999999,244.9928860918028,172.14469294120104,1.4231800115701754,0.7115338676760816,33263,204.50140851928418,0.7470772869944957,0.9874635480864624,0.9007245468185879,0.834723863951928,0.007458834746751592,0.002233685716054051,0.6967639290508366,0.9916204966082507,DERMASON
12066,32851,665.889,231.30760939698553,181.94899769433852,1.271277183870867,0.6174495105496876,33289,204.5169730953762,0.7821666666666667,0.9868425005256992,0.9310109240061316,0.8841774536883935,0.007041113189765472,0.0026544761880196157,0.7817697696108913,0.9938460711463104,DERMASON
12067,32853,686.741,262.89710656241374,159.58246308317072,1.6474059961425573,0.7946904434222891,33338,204.5231985941553,0.6988810415248469,0.9854520367148599,0.8753846856857507,0.7779591082931906,0.008002225262910959,0.0018080798854892,0.6052203741763365,0.9970436734057387,DERMASON
12068,32853,662.223,238.11106728729393,176.11237707684379,1.3520405052700981,0.6730216166342083,33202,204.5231985941553,0.7204605263157895,0.9894885850249985,0.9414047319495725,0.8589403295034034,0.00724777241917919,0.002433527669942723,0.7377784896474154,0.9975064019203014,DERMASON
12069,32854,681.7199999999999,253.86125658319742,165.08595890374093,1.5377519582463097,0.7596775587477858,33223,204.52631127248404,0.7083045877888927,0.9888932366131896,0.8883539672525571,0.8056617777177632,0.007726951256565332,0.002008163071666274,0.6490909000753465,0.9981408026707238,DERMASON
12070,32858,669.8850000000001,247.76039096800434,169.1604878721293,1.4646469402198095,0.7306442147853925,33196,204.5387615121104,0.7652072659524919,0.9898180503675141,0.9201327376536658,0.8255506891677631,0.007540336933714905,0.002160456330329329,0.6815339403853686,0.9982066004413801,DERMASON
12071,32859,675.5039999999999,252.44477667569623,166.2080841166966,1.5188477625339323,0.752673608392133,33272,204.54187395360566,0.7187007874015748,0.9875871603750902,0.9049161858571875,0.8102440329608042,0.007682667661088172,0.0020424675950538192,0.6564953929485887,0.9971165586937986,DERMASON
12072,32861,672.0259999999998,253.05939840978465,165.68227721381578,1.527377596839807,0.7558741408734831,33210,204.54809869451776,0.8064049079754602,0.9894911171333935,0.9143626715099616,0.8083007387984402,0.007700903758552225,0.002027745104597609,0.6533500843421044,0.9979122817175284,DERMASON
12073,32881,669.786,245.00949328849728,171.27064107599705,1.4305399439696174,0.7150857399514933,33236,204.61033568819752,0.7821546659054688,0.9893188109279095,0.9210490309879901,0.8351118682869566,0.0074514003007359044,0.002235611220885966,0.6974118325537313,0.9976754838651629,DERMASON
12074,32885,667.3729999999999,242.90533786831418,172.73627489832842,1.4062207721643116,0.7030646959507766,33249,204.62278081537212,0.7249779541446209,0.989052302324882,0.9278343472065725,0.8423972178260812,0.00738650867776537,0.0022944926480337855,0.7096330726011223,0.9979007673064832,DERMASON
12075,32886,673.097,251.43646762242872,167.15500163756067,1.5042114514025378,0.7470212575659572,33257,204.62589197890028,0.6984389933099713,0.9888444537992002,0.9121486226162233,0.8138274209538218,0.007645699313459488,0.002068836892867332,0.662315071096349,0.9962619143796141,DERMASON
12076,32887,671.261,251.94401169977274,166.5998913443992,1.5122699640838793,0.7501589115419609,33264,204.6290030951265,0.7543581979998165,0.9886664261664262,0.9171730629691703,0.8122003048001442,0.0076608997993058885,0.002056421507125371,0.6596693351174471,0.9975981217252983,DERMASON
12077,32896,682.943,249.33936940343455,168.1681005849396,1.4826793460600238,0.7383162644560015,33349,204.65700101293362,0.7863836297571237,0.9864163842993793,0.8863067177661371,0.8207969784418431,0.007579625772234757,0.002122122854737251,0.6737076798192595,0.9988924621500356,DERMASON
12078,32897,678.629,246.92047846330354,170.44000738745237,1.4487237019533337,0.723558803523886,33261,204.66011165625957,0.7264115529843002,0.9890562520669853,0.8976382075242584,0.8288502959736305,0.007505866141693879,0.00218516867074723,0.686992813135575,0.995262771461105,DERMASON
12079,32898,676.9839999999999,244.51410727053084,171.9040187576078,1.422387382434069,0.7111469879536951,33296,204.66322225230743,0.7052392385525639,0.9880466122056704,0.9020332597082138,0.8370200989093348,0.0074324915578615975,0.002250389711927195,0.7006026459781927,0.996528363739304,DERMASON
12080,32904,668.6619999999999,240.0670103243082,175.16143102376344,1.3705472084875767,0.683836185250659,33244,204.68188483587355,0.7991450915626366,0.9897725905426543,0.9247945773682021,0.8526031317646159,0.007295982565168618,0.0023782157144996096,0.7269321002948308,0.9962947608190915,DERMASON
12081,32911,669.371,245.91982744229813,170.8312523363188,1.439548233002185,0.7193359294633073,33262,204.70365569959648,0.808048319379312,0.989447417473393,0.9230328482200633,0.8323999647715575,0.007472268464716907,0.0022128931389491647,0.6928897013516903,0.9974481452462375,DERMASON
12082,32913,670.2119999999999,248.91479035541326,169.02275125010777,1.4726703270087407,0.7341025657550863,33212,204.70987552111015,0.695511601369342,0.9909972299168975,0.9207737608313004,0.8224094487467576,0.007562810754273791,0.002134102925551585,0.6763573013879457,0.9960513282097354,DERMASON
12083,32915,681.518,263.19332051277485,160.10623581388919,1.6438667686792425,0.7936904821713324,33250,204.71609515364904,0.8360426720853442,0.9899248120300752,0.8905310406074163,0.7778164535285482,0.007996151314378698,0.001805382671109637,0.6049984353797281,0.9945368230236713,DERMASON
12084,32928,677.844,257.1932946332906,163.17048251882684,1.5762243922004413,0.7729824242584667,33257,204.75651816008065,0.6928855501546619,0.9901073458219323,0.9005663278951938,0.7961191929673946,0.007810777898241332,0.001935469927223044,0.6338057694110558,0.9990201136630743,DERMASON
12085,32928,680.297,254.89547997353026,165.85805703687737,1.5368290484486746,0.7593430882469583,33575,204.75651816008065,0.7627165755582321,0.9807297096053611,0.8940835521086397,0.8032959948185181,0.007740994897155316,0.001988286438454989,0.6452844552914726,0.9916918954043155,DERMASON
12086,32930,682.1289999999999,259.0214437525207,162.20996269548542,1.5968282061612837,0.779629177948169,33374,204.76273637585746,0.6839044652128764,0.9866962305986696,0.8893415187241398,0.7905242647458016,0.00786581973132465,0.001894892476520036,0.6249286131518903,0.9979036363181919,DERMASON
12087,32931,703.18,258.98774067843596,162.43590221363016,1.594399619474666,0.7788619996357573,33528,204.76584541293414,0.7368267961425726,0.982193987115247,0.8369157925829019,0.7906391432912466,0.007864557428515257,0.0018956899073162951,0.6251102549043165,0.9966755525491534,DERMASON
12088,32940,674.619,253.66975940591962,165.62435283970785,1.5315969847225461,0.7574326756361166,33307,204.79382462265863,0.7126630752255468,0.9889812952232263,0.9095285201717903,0.8073245510315235,0.007700964159256819,0.0020179830024730687,0.6517729306982509,0.9982534553812181,DERMASON
12089,32941,695.209,255.12186687291438,164.6817230444042,1.54918142800901,0.763758421521195,33455,204.79693318778234,0.7287670626756045,0.9846360783141533,0.8564773288484356,0.8027415905113271,0.007744812448708734,0.0019837809997410457,0.6443940611366553,0.998283311832209,DERMASON
12090,32942,674.93,247.0960351265443,169.976520458324,1.4537068676325153,0.7258087067027901,33368,204.80004170572263,0.7785498203819248,0.9872332773915128,0.9087456851415351,0.828827713082645,0.00750094211421724,0.0021834971650610217,0.6869553779738073,0.998631750717614,DERMASON
12091,32942,673.88,244.18629283832647,172.20803707339448,1.4179726857594637,0.708976403569677,33337,204.80004170572263,0.7275819418676561,0.9881513033566308,0.9115797990643737,0.838704086643057,0.007412612860127693,0.0022624871333772442,0.7034245449517643,0.997436791234382,DERMASON
12092,32950,683.82,258.78927030439036,162.19457892466704,1.5955482114145612,0.7792253648193068,33299,204.82490815089753,0.7661365327380952,0.9895192047809244,0.8854859724343417,0.7914737265188025,0.007853999098767538,0.0019011510372905817,0.6264306597695604,0.9995003187705653,DERMASON
12093,32951,677.454,245.15079481885712,171.35735299656278,1.4306406496823894,0.7151338388975513,33373,204.8280162442832,0.7195327000764276,0.9873550474934828,0.902233275483034,0.835518466891496,0.007439859027612428,0.002236498865599205,0.698091108516716,0.998717517025854,DERMASON
12094,32951,672.7700000000001,251.00170281618736,167.67001258102832,1.4969981748816779,0.7441581432179852,33314,204.8280162442832,0.7888298381691085,0.989103680134478,0.9148401757014838,0.816042337347337,0.007617422925440423,0.00208371633243984,0.6659250963433051,0.9968886538338333,DERMASON
12095,32952,713.957,249.40591938659642,168.96808069036896,1.4760534555850722,0.7355391327558214,33439,204.8311242905069,0.7838995147016843,0.9854361673495021,0.8123581295673196,0.82127611403242,0.007568764244555609,0.0021240342164243545,0.6744944554801924,0.9955898717845095,DERMASON
12096,32953,675.085,258.5233923000169,162.84250822852488,1.587567000240615,0.7766805637678141,33268,204.83423228957074,0.8119102175573459,0.9905314416255862,0.9086317449599544,0.7923237834194138,0.00784521567990826,0.001907196408722584,0.6277769777720541,0.9966380134216991,DERMASON
12097,32959,680.96,254.94143117202458,165.84885146333843,1.5371914181050594,0.7594745035485739,33424,204.8528792937171,0.723245046191657,0.9860878410722834,0.8931834895260268,0.8035291806120377,0.00773510820024954,0.001989082369318197,0.6456591440950525,0.9925016953239729,DERMASON
12098,32961,666.479,245.03996438414472,171.45821535662193,1.4291526589990309,0.7144217807900196,33235,204.85909458458437,0.7782998819362456,0.9917556792537987,0.9324752287571134,0.836023197683095,0.007434239385459929,0.002240214568568479,0.6989347870642675,0.9988845093998193,DERMASON
12099,32964,685.637,257.140640683336,163.6317459689664,1.57145937153359,0.7713995049788689,33343,204.8684171673367,0.7943898207056102,0.9886332963440603,0.8811731948288657,0.7967173785633846,0.007800650427233832,0.0019387764712447309,0.6347585813049117,0.9974973212529697,DERMASON
12100,32976,685.4830000000001,251.38793271294404,167.71991451156293,1.4988555977090774,0.7449004056596933,33409,204.905703256856,0.7104905953073493,0.9870394205154299,0.8818900871741009,0.8150976104761346,0.007623360404929161,0.0020757005229689704,0.6643841146039045,0.9958158492030514,DERMASON
12101,32980,666.811,249.88427929493687,168.2513274595707,1.4851845930010974,0.7393539401994182,33293,204.91813044571157,0.7273288637967537,0.9905986243354459,0.9320838954229348,0.820052109816192,0.007576842913733684,0.002113653763637506,0.6724854628139879,0.9987650483885474,DERMASON
12102,32990,670.713,245.64234054809208,171.27367841515755,1.4342095225669713,0.71682979528408,33358,204.94919512116417,0.7423492349234924,0.9889681635589663,0.9215496349481412,0.8343398563287954,0.007445963641954898,0.0022257307971675004,0.6961229958587549,0.9983862295384744,DERMASON
12103,32992,670.4739999999999,243.44772768880722,172.9993902320277,1.4072172587561946,0.703573671630069,33329,204.95540749124547,0.730655091464765,0.9898886855291188,0.9222626592737544,0.8418867139858234,0.007378992716076844,0.0022866066798265653,0.7087732391858479,0.9973979347268574,DERMASON
12104,32996,662.0609999999999,235.1356686691521,179.2508609493489,1.3117686990390225,0.6471890806112913,33385,204.96783166653597,0.8080916927899686,0.9883480605062154,0.9459651731460441,0.8717002946708872,0.007126187073255913,0.002538082606962228,0.7598614037293115,0.9967624050199645,DERMASON
12105,33005,671.799,251.29510822158457,167.72237814644052,1.4982801400667933,0.7446708157131618,33383,204.99578330781353,0.7108856724390454,0.9886768714615223,0.9189902314871541,0.8157571580225681,0.007613849665856221,0.002079829018515951,0.6654597408650573,0.99704511375211,DERMASON
12106,33015,679.242,250.32392250492026,168.55299733970963,1.4851348030341203,0.7393333824286956,33428,205.02683621768003,0.7025215448451962,0.9876450879502213,0.8992327210072469,0.819046114993864,0.007582126987881879,0.002104768014159237,0.670836538486542,0.9962826904533018,DERMASON
12107,33020,664.025,248.31354893297996,169.6085603662281,1.464039010748088,0.7303791831995057,33285,205.04236090904502,0.7178572981433975,0.9920384557608533,0.9410616423180328,0.8257397221783743,0.0075200953644148985,0.002156630873149056,0.6818460887832187,0.9982492733046365,DERMASON
12108,33026,677.312,256.758085999055,164.17449670735914,1.5639340527824248,0.7688633317152858,33373,205.06098898723639,0.7560897435897436,0.9896023731759207,0.9046660662442475,0.7986544540139277,0.0077744227577985535,0.0019511182350101675,0.6378489369162849,0.9975536729744467,DERMASON
12109,33029,694.1089999999999,270.42883585551823,155.96188065642295,1.7339418755231661,0.8169414598051625,33482,205.07030239178388,0.7589209806759954,0.9864703422734604,0.861489399322541,0.7583152208714407,0.008187618028263594,0.0016700767467659502,0.575041974205302,0.9970893592580854,DERMASON
12110,33037,678.0629999999999,263.78335694543097,160.08180220940937,1.6478035186058528,0.7948022774658666,33357,205.0951360696191,0.8208358179288412,0.9904068111640735,0.9029638708442366,0.7775135567481888,0.00798448276010022,0.001799941667783159,0.6045273309272191,0.9961422629952764,DERMASON
12111,33047,669.803,240.58473487266247,175.01898912817214,1.3746207544169644,0.6861359108815085,33411,205.12617393902448,0.7758968820435762,0.9891053844542217,0.9256519656382036,0.8526150840268165,0.007280077915473794,0.0023731644659724894,0.7269524815100553,0.9992839685586367,DERMASON
12112,33049,680.429,239.45006374420174,176.40893640020462,1.3573579016483657,0.6761920819638596,33505,205.13238094935764,0.756685593918857,0.9863900910311894,0.8970208898731555,0.8566812542948212,0.007245304358504092,0.0024072070802739778,0.7339027714601483,0.9961687258830669,DERMASON
12113,33057,685.698,258.41029338142744,164.45455338569036,1.5713173521889994,0.77135205555865,33742,205.15720711276578,0.7552605725513492,0.9796988915891174,0.8835019986827282,0.7939204140368462,0.007817112665439316,0.001915728721350655,0.6303096238244373,0.9904164491670594,DERMASON
12114,33060,669.728,250.06647602780208,168.71132345695355,1.4822151288002088,0.7381232464136593,33438,205.16651614955225,0.7942533153949645,0.9886954961421137,0.9262235106485973,0.8204479041274693,0.007564019238590505,0.0021141530655411447,0.6731347633871568,0.9977305300137929,DERMASON
12115,33063,670.7289999999999,243.22450128065793,173.51807148055337,1.401724323036386,0.7007498808243152,33423,205.1758247639782,0.7943253891985393,0.9892289740597792,0.9235447691463876,0.8435656098939835,0.00735639540515555,0.002297842683547362,0.7116029381958084,0.9974711468132229,DERMASON
12116,33065,789.399,275.24976910489903,153.46808217817374,1.7935310404500846,0.8301370801998883,34329,205.18203027231246,0.7377286925479697,0.963179818812083,0.6667841185450788,0.745439427395547,0.008324505341143174,0.0015855780939105855,0.5556799399158011,0.9966292207944271,DERMASON
12117,33066,673.337,250.7839681495651,168.15046027871477,1.491425998679294,0.741910215543794,33406,205.18513295610109,0.7109133126934984,0.9898221876309645,0.9164875423469088,0.8181748397638029,0.007584345495359739,0.0020964395857444003,0.6694100684225248,0.9983755798230383,DERMASON
12118,33069,667.14,249.04747073103323,169.522873507518,1.46910836029445,0.7325762439673545,33430,205.19444072597847,0.7858415912169388,0.9892013161830691,0.9336776542181525,0.8239169830702066,0.00753114611058796,0.0021407928995365597,0.6788391949915111,0.9972883366575832,DERMASON
12119,33076,672.799,237.59423988184312,178.0540309808669,1.3343940520356667,0.6621132188288119,33471,205.216157213949,0.7294781879934719,0.9881987392070748,0.91823146937862,0.8637253046033612,0.007183282134533895,0.0024660692074431204,0.746021401812169,0.9954865212694686,DERMASON
12120,33077,686.259,259.5844138120438,163.05101368511671,1.592044158114539,0.7781138373902768,33560,205.2192593817768,0.7500453514739229,0.9856078665077473,0.8825917653090997,0.7905684951114555,0.007847882631799854,0.0018909945420990378,0.6249985454627913,0.9950252831341211,DERMASON
12121,33078,746.481,249.5987478886954,171.05025834721425,1.459212925490214,0.728259989132597,34653,205.22236150271175,0.786784643927501,0.9545493896632327,0.7459532156849902,0.8222090985577676,0.007545762981096058,0.002127218178745663,0.6760278017511769,0.9864685063060533,DERMASON
12122,33083,674.229,254.79602723466525,165.51435229190625,1.5394195349615305,0.7602800066482869,33428,205.23787140406955,0.7130264235527394,0.9896793107574489,0.9145340755903919,0.8054987106021358,0.007701720739795824,0.0019999858741672804,0.6488281727817035,0.9988187640135494,DERMASON
12123,33092,665.8939999999999,242.4997355181661,174.19324997650568,1.3921304961637333,0.6957092793850204,33403,205.2657862732511,0.725701754385965,0.990689459030626,0.9378268797756323,0.8464577737977544,0.007328047126742599,0.002320540795682605,0.7164907628226506,0.9974486411450281,DERMASON
12124,33096,672.63,254.9744644971456,165.76136522496097,1.538202005944571,0.7598403882960788,33371,205.27819166330102,0.7938023169356967,0.9917593119774655,0.9192484475924233,0.8050931377310495,0.007704087034600725,0.00199657414509859,0.6481749604216266,0.9970240243235886,DERMASON
12125,33103,673.502,251.6665947602656,167.91707960467542,1.4987551912691692,0.7448603707100057,33474,205.29989929215282,0.7385765283355645,0.9889167712254286,0.9170635636710862,0.8157614223203477,0.007602531334328176,0.0020767806828872136,0.6654666981461166,0.9973716684632452,DERMASON
12126,33104,687.9229999999999,259.57038281223146,162.67857148990024,1.5956027916580684,0.7792426079255654,33589,205.3030001946217,0.7451324644923132,0.9855607490547501,0.8790441287719399,0.7909338421831207,0.00784105796315344,0.0018928450361194642,0.6255763427105535,0.9981713588242038,DERMASON
12127,33107,671.8689999999999,244.72831699352903,172.93811558708072,1.415120756709641,0.7075597971504396,33506,205.31230262102423,0.7986828138569912,0.9880916850713305,0.921638241010799,0.8389397072773274,0.007392041471396655,0.002258744760545427,0.7038198324465678,0.9959900538790398,DERMASON
12128,33110,675.923,254.48518933337147,165.91404211947264,1.533837558789146,0.7582537722157713,33430,205.32160462596534,0.742859706984362,0.9904277594974574,0.910698445854724,0.806811607244449,0.007686052229941754,0.002008961641043253,0.6509449695843711,0.9984438430533668,DERMASON
12129,33113,683.1419999999999,258.2891097770356,163.55127572904328,1.5792546320760301,0.7739799454949328,33501,205.33090620950233,0.7602746016439362,0.9884182561714576,0.8916335866961431,0.7949654028648413,0.007800232832332788,0.0019216763388624225,0.6319699917520595,0.9980415368074905,DERMASON
12130,33121,668.9680000000001,240.8521190096209,175.97764954933064,1.3686517556430053,0.6827564343480529,33476,205.355708372505,0.7439577717879605,0.9893953877404708,0.9300421190613047,0.8526215555707941,0.0072718854808013315,0.0023705658620539745,0.7269635170239608,0.9949598938632577,DERMASON
12131,33125,678.0459999999999,251.3819485377247,168.74216940661594,1.4897399353209255,0.7412236921554005,33533,205.36810833075387,0.8063142008665596,0.9878328810425551,0.9054144772307909,0.8169564661479042,0.007588889012459614,0.002085228356553985,0.6674178675808717,0.994279050881958,DERMASON
12132,33125,750.481,250.71410423737166,168.96963781414178,1.4837819828503434,0.7387738049425262,34040,205.36810833075387,0.7162162162162162,0.9731198589894242,0.7390713167170797,0.8191326489407034,0.007568727675090465,0.002101936480204218,0.6709782965606138,0.9955855073202532,DERMASON
12133,33128,672.417,249.49203426768128,169.30297830385743,1.4736423231722724,0.7345166025560386,33481,205.37740780812885,0.7536627536627537,0.9894567067889251,0.9207202862952345,0.8231822246788785,0.0075311529300797295,0.0021331685158344654,0.6776289750272676,0.9985827370080282,DERMASON
12134,33131,678.9279999999999,257.93281734588294,163.88242389986524,1.5738894459083907,0.772208966981303,33491,205.38670686444308,0.7004587834837945,0.9892508435101968,0.9032271187958814,0.7962798568164495,0.00778524093283882,0.001930699743409955,0.6340616103716253,0.9979428766195795,DERMASON
12135,33132,671.793,238.16628496738213,178.958724837053,1.330844781019977,0.65984421715499,33522,205.389806456322,0.8125567136725935,0.9883658492930016,0.9225428945190838,0.8623798556729009,0.007188406524429015,0.0024524875170763493,0.7436990154704134,0.9897479533884949,DERMASON
12136,33133,668.032,239.6109718852069,176.74879025056805,1.355658341680994,0.6751844004818078,33480,205.39290600142485,0.7988667872212176,0.9896356033452808,0.9329880721434132,0.8571932428028576,0.007231792227845559,0.002408466768593075,0.7347802555068788,0.9961109826803923,DERMASON
12137,33143,687.4820000000001,249.281760244769,169.82147215472529,1.4679048360718898,0.7320572906449009,33621,205.42389888023615,0.7774571897724607,0.9857826953392225,0.881209189370988,0.8240630950236032,0.007521400001350783,0.002139539500063352,0.6790799845798803,0.9968247934444305,DERMASON
12138,33143,675.5579999999999,253.66644202848087,166.74501288829535,1.5212835312706792,0.7535944338353142,33472,205.42389888023615,0.7623461759631972,0.9901708891013384,0.9125914556489215,0.8098189781728078,0.0076536958642392326,0.002030498927653505,0.6558067774088506,0.9976680501677806,DERMASON
12139,33146,684.369,265.25151978455693,159.31881240426551,1.664910224860898,0.7995248688878195,33479,205.43319583210427,0.688133200465039,0.9900534663520416,0.8893246539992504,0.7744845194438909,0.00800251975455732,0.0017760593864730254,0.5998262708582345,0.9986568914920572,DERMASON
12140,33154,667.313,243.53314240183957,173.67024010028192,1.4022733098152966,0.7010341094910864,33479,205.45798564706504,0.7854164692504501,0.9902924221153558,0.93559227272575,0.8436551330169716,0.007345513132709163,0.002295417641688101,0.711753983465884,0.998073614168927,DERMASON
12141,33154,677.082,250.98693833795252,168.48921695655562,1.4896320540362453,0.7411796645046933,33500,205.45798564706504,0.741584091976648,0.9896716417910448,0.9087894158268484,0.8186003104688141,0.007570336560835873,0.0020969234214675593,0.6701064682996388,0.9982120747961651,DERMASON
12142,33162,675.641,249.8353950907332,169.62001468529994,1.4729122359425493,0.734205709061384,33617,205.48277247133754,0.804200213405762,0.9864651813070767,0.9128902883140999,0.8224726220106322,0.007533785510244653,0.0021265657528570787,0.6764612139570441,0.996367999177881,DERMASON
12143,33163,676.4179999999999,251.07185575491945,168.55567930348218,1.489548479128182,0.7411455482042136,33561,205.48587061414273,0.8007291867877149,0.9881409969905545,0.9108216873894042,0.8184345075089783,0.007570842678735925,0.0020953651337526475,0.6698350430814638,0.9977517696887547,DERMASON
12144,33165,671.026,251.43021729829147,168.31516696496607,1.4938060653240202,0.7428742930100312,33461,205.49206675962378,0.8090603044496487,0.9911538806371597,0.9255740496085318,0.8172926427368608,0.007581191536206587,0.0020865442025694686,0.6679672638718017,0.9978135502095877,DERMASON
12145,33165,674.9209999999999,261.13313510326435,162.03165580527562,1.6116180125757997,0.7842108532843778,33414,205.49206675962378,0.8167512190316703,0.9925480337583049,0.914921815367471,0.78692451909009,0.007873756523541817,0.0018624904441392773,0.6192501987451692,0.9979947745888588,DERMASON
12146,33166,673.783,254.48460241510688,166.18483099385764,1.5313347246747984,0.7573362719168192,33515,205.49516476230383,0.7208746304990437,0.9895867522005072,0.9180426584992805,0.8074954744299496,0.00767305681767795,0.0020123733853567197,0.6520489412248495,0.9985051858850487,DERMASON
12147,33167,669.671,245.3668123280539,172.54249903970623,1.4220659471936188,0.7109898519665051,33555,205.4982627182798,0.7981854499073472,0.9884368946505737,0.9293794604553905,0.8375144982669046,0.007397919990594685,0.002245219100992203,0.7014305348072649,0.9974804778712197,DERMASON
12148,33169,676.789,242.4340849158009,174.65221807713428,1.3880962268038937,0.6935472399069289,33629,205.50445849012766,0.7667005686283574,0.9863213298046329,0.9099879878914859,0.847671475574488,0.007309056194512976,0.002327830427506267,0.71854693050263,0.9974122830122203,DERMASON
12149,33172,673.649,255.17350005050488,166.0027752912831,1.5371640600752305,0.7594645860488706,33489,205.51375179767123,0.7622943285228422,0.9905342052614291,0.9185740702446674,0.8053883015164004,0.007692436393660463,0.0019964799124717715,0.6486503162194723,0.9970819536490061,DERMASON
12150,33176,673.911,249.38960531275973,169.87422146604015,1.4680838750016914,0.7321345954196613,33512,205.5261422207252,0.8141749288308628,0.9899737407495822,0.9179706500135554,0.8241167147402743,0.00751716919799734,0.0021388926035278482,0.6791683595143027,0.9970761170142991,DERMASON
12151,33179,675.765,257.032684560772,164.71617655730304,1.5604580553832428,0.7676765794792549,33494,205.53543454783645,0.7916726318301122,0.9905953305069565,0.9130231038231084,0.7996470756202225,0.007746848445124084,0.0019538815672520684,0.6394354455479739,0.9978121919029089,DERMASON
12152,33179,710.538,260.9426715373347,162.9637043357272,1.601231836260654,0.7810094677028551,33941,205.53543454783645,0.6891616816218012,0.977549276686014,0.8258449891688564,0.7876650964632635,0.00786469367784848,0.00186735968854438,0.6204163041864823,0.9934303379985696,DERMASON
12153,33184,674.669,252.22302865332946,168.20582006742495,1.499490496537078,0.7451533222595723,33518,205.55092082618273,0.6971428571428572,0.9900352049644967,0.9161299638279646,0.8149569923240606,0.0076007421845868325,0.0020681142437169826,0.664154899337879,0.9958939597856892,DERMASON
12154,33186,669.7719999999999,244.94309191346898,173.21415682098555,1.4141055004332832,0.7070527419582229,33587,205.5571150108434,0.7183116883116883,0.9880608568791497,0.9296314276585914,0.8392035611417061,0.007380916407927107,0.002258183979169088,0.7042626170329215,0.9959016404957931,DERMASON
12155,33190,675.454,253.6091891110176,167.13391210898075,1.517401142059369,0.7521240870595336,33613,205.5695028202385,0.7127517931538032,0.9874155832564782,0.9141670436983131,0.8105759240855043,0.007641132543266574,0.002034755804654817,0.6570333287070693,0.9969831233511757,DERMASON
12156,33190,670.902,254.68514627732876,166.26360377314964,1.531815385313202,0.757512909993124,33480,205.5695028202385,0.7895049834677323,0.9913381123058542,0.9266141830314739,0.8071515195330323,0.00767355065614127,0.0020090761676912843,0.6514935754844831,0.997967882359839,DERMASON
12157,33190,681.4709999999999,263.74949646453285,161.07850535752937,1.637397217456887,0.7918424959883824,33566,205.5695028202385,0.8162211346924723,0.98879818864327,0.8980951645610464,0.7794119252390005,0.007946655512640339,0.0018089740416427575,0.6074829492047654,0.9946908906803863,DERMASON
12158,33192,672.8799999999999,250.0924522318771,169.49806886587618,1.4754885050034126,0.7353001214869942,33510,205.57569644500666,0.7613542526837325,0.9905102954341988,0.9212299438248052,0.8219988032841709,0.0075347207830765576,0.002121933000013713,0.6756820326006091,0.9969610721395398,DERMASON
12159,33195,678.444,255.94672112674996,165.63824262797328,1.5452151451619254,0.7623549927767008,33592,205.58498653229452,0.7738122989416756,0.9881817099309359,0.9062635750068606,0.8032335230834416,0.007710399792943213,0.0019798120450791198,0.6451840926050378,0.9969482313108589,DERMASON
12160,33196,668.346,249.2204000222377,169.920034173174,1.466692266364805,0.7315327707803818,33553,205.58808313476842,0.808337594662381,0.9893601168300897,0.9338839543641917,0.8249247778930777,0.0075075430781491054,0.0021445441404722063,0.6805008891819437,0.9980853914175302,DERMASON
12161,33198,687.953,267.44959147797863,159.0087647529518,1.6819801845106388,0.8040680126086669,33583,205.59427619979581,0.8280454953606704,0.9885358663609565,0.8814633241457428,0.7687215937165645,0.00805619589969211,0.0017353460996856215,0.5909328886461348,0.9939374090784305,DERMASON
12162,33203,682.1579999999999,260.0971379608241,162.89696285165016,1.5966972827952226,0.779587928381041,33537,205.60975804626005,0.789532505825843,0.9900408504040313,0.8966381971984614,0.7905114206878703,0.007833543293100747,0.001886994373944341,0.6249083062379551,0.9977893945663078,DERMASON
12163,33203,670.74,249.9082958175626,169.45266745035158,1.474797060310567,0.7350071150105142,33513,205.60975804626005,0.719115481244044,0.9907498582639572,0.9274249522566407,0.8227408272847363,0.007526678186235057,0.002127332164461544,0.6769024688811724,0.9982937712229181,DERMASON
12164,33208,665.2479999999998,239.28440112005754,177.0818406141538,1.3512644791254333,0.6725545240265663,33574,205.62523872707183,0.7676552856053076,0.9890987073330554,0.9429429748567995,0.8593340717763809,0.007205625184294674,0.002423815488533363,0.738455046915774,0.997848074328191,DERMASON
12165,33208,681.762,258.43892360753347,164.12520527338606,1.5746449375465974,0.7724596870164578,33612,205.62523872707183,0.7800798684519614,0.9879804831607759,0.8978153010435883,0.7956434574821836,0.0077824296436862644,0.0019238399977897858,0.6330485114342033,0.9968266337512773,DERMASON
12166,33211,673.16,249.00149209427173,170.24201721360322,1.4626324110213564,0.7297643274068597,33550,205.63452657615522,0.778322006093274,0.9898956780923994,0.9209906328661407,0.8258365234948158,0.007497560811004538,0.00215117679289271,0.6820059635380035,0.9975240267805332,DERMASON
12167,33212,674.8090000000001,254.43951682956853,166.73232541617912,1.526035915317946,0.7553751683812281,33624,205.63762243262838,0.727025962085723,0.9877468474898882,0.9165225629658115,0.8081984472968907,0.007661071806261849,0.0020162358970845728,0.6531847302131051,0.9967833576424612,DERMASON
12168,33212,671.0349999999999,239.97250425107873,176.78454561193158,1.357429199596746,0.6762342395824656,33613,205.63762243262838,0.7579533525035373,0.9880700919287181,0.9268608701864551,0.8569216005575104,0.00722547585966153,0.0024033143428938974,0.7343146295020456,0.9967801197771429,DERMASON
12169,33213,684.27,261.48755750561213,162.1965754351361,1.6121644788374918,0.7843772241419736,33610,205.6407182424944,0.7276372001314493,0.9881880392740255,0.8913801726439949,0.7864263990384356,0.007873048430000666,0.0018576120524280751,0.6184664811045606,0.9970696921883915,DERMASON
12170,33215,674.529,251.3667070484045,168.6538236467063,1.4904299328247903,0.7415050006191456,33544,205.64690972241334,0.7156400146510676,0.9901919866444073,0.9173664832368902,0.818115143955054,0.007567867139798419,0.0020912742465007085,0.6693123887685989,0.9975632186311829,DERMASON
12171,33220,680.9419999999999,239.3136420264073,177.2603628597485,1.3500685554601761,0.6718324779389833,33670,205.66238760673306,0.7259615384615384,0.9866349866349866,0.9003041420179608,0.8593843036496809,0.007203902529392152,0.0024238026700070777,0.738541381359447,0.9970814958795116,DERMASON
12172,33221,672.871,249.40687171699514,169.89642368811712,1.4679936534440372,0.7320956444409049,33567,205.66548304381763,0.7611116202346041,0.9896922572764918,0.9220594921356141,0.8246183500396438,0.0075075064482404245,0.002141349004703141,0.6799954232221046,0.9982289656610418,DERMASON
12173,33222,679.4439999999998,256.3828441272873,165.4872051418464,1.5492608259806564,0.7637863794641809,33590,205.668578434314,0.7925662618985138,0.9890443584400119,0.9043328402008001,0.8021932166888867,0.007717260975476711,0.0019713280020416104,0.643513956901663,0.996970964399551,DERMASON
12174,33225,681.994,261.0509686131524,162.74142596969116,1.6040843138597687,0.7818962102129267,33571,205.67786432629492,0.705473925598777,0.9896934854487504,0.8976638705181498,0.7878839347694049,0.007857064518078327,0.0018676223507260831,0.6207610946677198,0.9957531346109083,DERMASON
12175,33226,676.8689999999999,255.19605110469737,165.93583569321714,1.5379200643344146,0.7597384011954084,33569,205.6809595304595,0.7166026830004745,0.9897822395662665,0.911336314657662,0.8059723441648252,0.007680613107346577,0.0019991998530992567,0.6495914195585436,0.999019677758559,DERMASON
12176,33231,668.8779999999999,246.1755997361413,172.24401985716952,1.4292258154464712,0.7144568574351582,33609,205.69643485265902,0.729517913593256,0.9887530125859145,0.9333820631104252,0.8355679241692958,0.007408010584578896,0.002227452217865423,0.698173755900586,0.9978479556003407,DERMASON
12177,33238,675.669,251.34365207090337,168.6190772128773,1.4906003296032062,0.741574393962064,33623,205.7180983479755,0.7107452154388966,0.9885495048032596,0.9149065988670314,0.8184734193722266,0.007561936701092225,0.0020932982962742286,0.6698987382188649,0.9985512799898121,DERMASON
12178,33250,670.611,245.832478454488,172.6497789471022,1.4238794857061943,0.7118745679880052,33588,205.7552304619354,0.8156706898243549,0.9899368822198404,0.9290950963634115,0.8369733395501187,0.0073934579986312185,0.0022380710553379386,0.7005243711176783,0.9974622812716949,DERMASON
12179,33255,679.3969999999999,259.79236593159476,163.6283831595575,1.5876974453647552,0.7767225323179993,33605,205.7707001984681,0.7354046881910659,0.9895848832019045,0.905356380287917,0.7920583018696131,0.007812129482231086,0.0018966089558302653,0.6273563535605753,0.9960520798814736,DERMASON
12180,33257,699.2090000000001,257.90219029550906,164.44266667484152,1.5683410851361859,0.7703540249448791,33814,205.77688776744898,0.7763071895424837,0.9835275329745076,0.8548283460864176,0.7978873212812425,0.007754824256412456,0.0019387328939690191,0.6366241774613569,0.9984438533036761,DERMASON
12181,33260,669.301,243.30598813325645,174.36944314395498,1.3953476236796214,0.697415224608975,33654,205.78616877208128,0.7230434782608696,0.9882926249480002,0.9330161498504814,0.8457916319732094,0.007315273245136995,0.0023092122449109337,0.7153634847159047,0.9981807384655107,DERMASON
12182,33262,670.1659999999999,253.23024417632553,167.52528618844053,1.5115941595317135,0.7498982082440183,33519,205.7923558759678,0.8063515151515152,0.9923327068229959,0.9306651293785422,0.8126689469709373,0.007613199572374648,0.0020483380754984723,0.6604308173708522,0.998303366312536,DERMASON
12183,33264,680.455,253.7941285349323,167.60946997634653,1.5141992189984752,0.7509007395588423,33616,205.79854279384597,0.7375609756097561,0.9895287958115183,0.9027874574779039,0.8108877221937772,0.007629693618775021,0.0020348376293666823,0.6575388980046125,0.9956448858197022,DERMASON
12184,33272,671.659,247.37293745701052,171.9769022180536,1.4384079156360225,0.7188037081233103,33626,205.82328860561026,0.7004779047979958,0.9894724320466306,0.9268108179554235,0.8320364010771351,0.007434868281347996,0.0021979729777640527,0.6922845727173912,0.9957876092693972,DERMASON
12185,33273,683.341,254.41783704370866,167.6351825269791,1.5176875952204294,0.7522330574425109,33608,205.82638162289368,0.7365683040754433,0.9900321352059034,0.8954201562093389,0.8090092424908595,0.007646375050152035,0.0020204555094794547,0.6544959544356345,0.9933203911689179,DERMASON
12186,33274,681.892,256.511379564629,165.521878698237,1.5497128330223644,0.7639454407258786,33685,205.82947459369808,0.7969820359281438,0.9877987234674187,0.899256707108845,0.8024184928678323,0.007709063520004478,0.0019714469864132345,0.6438754376962835,0.9978220286658224,DERMASON
12187,33281,682.893,261.19419330770717,162.51406373095884,1.6072097842566582,0.7828612582212742,33657,205.85112408809175,0.797569976993865,0.9888284755028671,0.8968109641021202,0.7881152390152221,0.00784814739063451,0.001867694387988417,0.6211256299680207,0.9982791897371834,DERMASON
12188,33281,686.947,252.02900339980678,169.1351503592022,1.4901042324115243,0.74137227621657,33791,205.85112408809175,0.7400876159131846,0.9849072238169927,0.8862571841533143,0.8167755350027686,0.007572759334148817,0.0020789536210034576,0.6671222745790588,0.9940817248862586,DERMASON
12189,33285,685.552,257.58800021782014,164.8378105642846,1.5626754525313484,0.768434754657275,33631,205.86349420552904,0.6943053817271589,0.9897118729743392,0.8899746183914041,0.7991967561821509,0.0077388613555000796,0.0019474740474660311,0.6387154550920725,0.9981049628247703,DERMASON
12190,33291,678.712,245.0529143850774,174.00821103664572,1.4082836259575695,0.704116737775568,33779,205.8820479881097,0.7034994294408521,0.9855531543266527,0.9081668582329157,0.8401534358599204,0.0073609358200437775,0.0022622845266794356,0.7058577957872294,0.994047976061657,DERMASON
12191,33297,690.42,248.92391839010054,170.80934730156187,1.457320236407369,0.727421432246288,33727,205.90060009880182,0.7866052445074415,0.9872505707593323,0.8777851779371554,0.8271627790147718,0.007475866245911059,0.002158764262693008,0.6841982629874402,0.9970959743663677,DERMASON
12192,33299,678.0079999999999,257.06134131411477,165.42239442393787,1.5539694139315157,0.7654349226713587,33617,205.90678376424654,0.7337167283624185,0.9905405003420888,0.9102724923932337,0.8010025261349578,0.007719791624796984,0.0019602925234334444,0.6416050468745839,0.9970346186671999,DERMASON
12193,33303,675.3119999999999,254.37621425474924,166.92428419009255,1.5239017827092605,0.7545780819716961,33627,205.91915053805735,0.72270567044986,0.9903648853599786,0.9176652524257352,0.8095063099407409,0.007638237223515877,0.002023270075967052,0.6553004658338748,0.9986135480944506,DERMASON
12194,33303,684.947,247.41144138256251,173.24608304690878,1.4280925550020802,0.7139126889742532,33891,205.91915053805735,0.7212812960235641,0.9826502611312737,0.8920296410816372,0.8322943732406163,0.007429103725867415,0.0021989938719711474,0.6927139237279903,0.9892595972222218,DERMASON
12195,33317,678.124,247.99402236939042,171.9963205457661,1.4418565558988354,0.7204082359949915,33707,205.96242839882575,0.7285270707600805,0.9884297030290444,0.910452981946909,0.8305136810597876,0.0074434679703872025,0.002184450714325499,0.6897529744274784,0.9945248481289816,DERMASON
12196,33323,666.635,238.234288575484,178.4807273843889,1.334789991428069,0.6623647364517706,33687,205.9809732698868,0.769300027703389,0.989194644818476,0.9422751419726333,0.8646151421004293,0.007149244923190709,0.0024645139844442932,0.747559343949346,0.9978347303021202,DERMASON
12197,33332,709.0609999999999,269.7650498909218,157.7832912696297,1.7097187396726996,0.8111115241726274,33788,206.00878744634278,0.672395707254095,0.9865040842902806,0.8331132459517215,0.7636600350180331,0.008093275227736762,0.0016978695695081744,0.5831766490837438,0.9970680454780064,DERMASON
12198,33334,685.4,263.43167115971573,161.38113544952404,1.6323572790954277,0.7903845782412626,33763,206.01496786447802,0.7775782033637361,0.9872937831353849,0.8916801420903839,0.7820432788416447,0.007902792078949892,0.001823406380659898,0.6115916899813906,0.9983361469753969,DERMASON
12199,33338,675.102,244.6992601919428,173.80844376102755,1.4078675057259264,0.7039050179175562,33716,206.02732814454703,0.7891771612536692,0.9887887056590343,0.9192012728951625,0.8419613855102732,0.007339950212728503,0.0022753152270236832,0.7088989746903789,0.9980358313090104,DERMASON
12200,33338,670.674,244.7223854509268,173.87896054337614,1.4074295399866847,0.7036819114075068,33679,206.02732814454703,0.7197322970639033,0.9898749962884884,0.931379051312926,0.8418818236219786,0.00734064387338553,0.002274670264179267,0.7087650049450683,0.9975368048684979,DERMASON
12201,33341,681.4370000000001,260.2936873903273,163.580050915382,1.5912312408129405,0.7778546923159403,33685,206.03659786798815,0.7990078604294478,0.989787739349859,0.9022711353076784,0.7915543397678442,0.00780701500825792,0.0018905480254111332,0.6265582728053077,0.9969990978776028,DERMASON
12202,33344,685.672,239.80583439454105,177.26098965256926,1.3528404352506402,0.6735019177804304,33868,206.04586717439702,0.7499775078722447,0.984528168182355,0.8912401257095808,0.8592195752643766,0.007191873632273904,0.0024179007050622553,0.738258278517496,0.9987456508369978,DERMASON
12203,33347,666.275,241.31153083913122,176.28315928543745,1.3688858982178775,0.682890149847818,33663,206.05513606382993,0.73175923284545,0.9906128390220718,0.9439730544941606,0.8538967671677292,0.007236379009779927,0.00237313555051975,0.7291396889794992,0.9981090380750056,DERMASON
12204,33352,676.1789999999999,246.04306364618384,173.00592631533758,1.4221655228025056,0.7110385453410676,33736,206.07058328642432,0.7868821517046125,0.9886175005928385,0.9166602277821851,0.8375386821827216,0.007377160699393854,0.0022391774089840586,0.70147104415237,0.9976079342377752,DERMASON
12205,33359,680.514,250.21766809004646,170.37076438793036,1.4686655247980605,0.7323854867185097,33781,206.09220745292697,0.7058014556533514,0.9875077706403007,0.9052087824925487,0.8236516990429311,0.007500754461765834,0.0021294091029204335,0.6784021213363073,0.9963458075565051,DERMASON
12206,33364,682.3079999999999,247.8502631803066,171.77390738427164,1.4428865649882796,0.720884543583242,33812,206.10765189711898,0.7262832513387609,0.9867502661776884,0.9005898537578834,0.8315813316170634,0.007428673515774685,0.0021913409741143967,0.6915275110940083,0.9977957550773281,DERMASON
12207,33373,680.1419999999999,251.93961398822813,169.00341298115853,1.4907368410146593,0.7416299657876171,33766,206.13544898063162,0.7057691494311212,0.9883610732689688,0.9065795622570834,0.8181938747840715,0.0075492048658564745,0.0020869203290521015,0.6694412167341729,0.9979606846793105,DERMASON
12208,33374,664.9920000000001,237.14692485248816,179.47412588796323,1.321343250338643,0.6536400010880802,33704,206.13853731408722,0.7790382819794585,0.9902088772845953,0.9483863274429309,0.8692439821528827,0.007105738744306591,0.002502394456935836,0.7555851005090009,0.9983872726140136,DERMASON
12209,33378,667.268,240.03703462448738,177.49844684461044,1.3523331549747353,0.6731974706324328,33703,206.1508901852482,0.7243332392960222,0.9903569415185591,0.9420405087978835,0.8588295156526555,0.007191474462954262,0.0024133791229981644,0.7375881369561749,0.9974648923218811,DERMASON
12210,33380,667.7679999999999,246.93784474255776,172.4005593871847,1.4323494402821164,0.7159479527567241,33734,206.15706634326102,0.7953678993518871,0.9895061362423667,0.9406866690053013,0.8348540765721338,0.007397778452443312,0.0022167839701623115,0.6969813291691105,0.998320816722461,DERMASON
12211,33389,671.737,239.67282835338247,177.93404378984414,1.3469756728310929,0.6699525664062024,33730,206.18485676490005,0.7735381336298768,0.9898903053661429,0.9298539395937575,0.8602763115929583,0.007178197261175311,0.0024251969267776873,0.7400753322879845,0.9968634686543025,DERMASON
12212,33390,672.1189999999999,250.02382702669118,170.32352326193867,1.4679347998349135,0.7320702308286648,33719,206.18794435831373,0.775123615850686,0.9902428897654142,0.9288250892212547,0.8246731793938272,0.007487985235899706,0.0021363491076141967,0.6800858528115237,0.9983216902174405,DERMASON
12213,33400,682.8539999999999,261.2171063452551,163.21527258464056,1.600445241481875,0.7807639286967095,33783,206.21881774987082,0.7660199073436998,0.988662936980138,0.9001204224519799,0.7894537254283335,0.007820871447462728,0.001873879344996329,0.6232371845926746,0.997456986395907,DERMASON
12214,33401,700.2829999999999,266.77215583902137,159.8437510368656,1.6689558028295663,0.8006165581468423,33844,206.2219048348142,0.7890621308764469,0.9869105306701336,0.8558983049668237,0.7730263459701354,0.007986951164307098,0.0017592921877327883,0.5975697315639394,0.9973174710889431,DERMASON
12215,33404,675.798,248.61609548057083,171.94154694428823,1.4459338065693126,0.7222858999632298,33773,206.23116581238,0.768438003220612,0.9890741124566962,0.91912490631126,0.8295165500597962,0.007442704331234907,0.002173755782513678,0.6880977068231063,0.9949437365183491,DERMASON
12216,33409,679.539,248.87746415116743,171.37995855943143,1.45219701441847,0.7251301875879498,33850,206.24659985089949,0.7100291161031178,0.9869719350073856,0.9091688909288506,0.8287074145276003,0.007449413755310468,0.0021672387508624674,0.68675597889302,0.9973049821824772,DERMASON
12217,33418,676.03,257.2438883274445,165.79113313344743,1.5516142719187855,0.764612674472366,33698,206.274378210091,0.7878259229572351,0.9916909015371832,0.918879115373114,0.8018630862379336,0.007697764328429125,0.0019631128158612084,0.6429844090710239,0.9976637857358673,DERMASON
12218,33421,676.708,256.27306529467637,166.55157647537115,1.5387009280730093,0.7600206931796571,33778,206.28363683189676,0.8023093912041482,0.9894309905855883,0.9171210951919881,0.8049368613697303,0.00766802505295103,0.0019856858899667366,0.6479233507917525,0.9969602611834434,DERMASON
12219,33422,675.8879999999999,255.70150120303433,166.81509246609147,1.5328439257078061,0.7578901924870389,33734,206.2867229468213,0.8167644183773216,0.9907511709254758,0.9193752902218394,0.8067481887133064,0.007650694189546835,0.001999091173519302,0.6508426399922008,0.9976401873036774,DERMASON
12220,33424,668.5559999999999,243.58255790547588,175.15602627935579,1.3906604475999407,0.6949244099499322,33705,206.29289503816673,0.7537434602200974,0.9916629580180982,0.9397075261106526,0.8469116048868339,0.007287654317420892,0.002312702992474602,0.7172592664919928,0.9974640925849598,DERMASON
12221,33428,679.713,251.64756085089743,169.4683022501506,1.4849240684517084,0.7392463430308773,33815,206.3052386669011,0.7059022278534474,0.9885553748336537,0.9092202613703565,0.8198181534894275,0.007528047171559694,0.002097646094060814,0.6721018047908146,0.9980201463837123,DERMASON
12222,33429,679.27,249.38129165114574,171.01417977133923,1.4582492047419116,0.7278335408869406,33812,206.30832445868913,0.8155005854800936,0.988672660593872,0.9104338165881068,0.8272806796882323,0.007460028467831696,0.0021554193394192358,0.6843933229854237,0.9980160189741685,DERMASON
12223,33432,672.646,246.03802938854298,173.3977662177107,1.4189227159917868,0.7094457808029834,33785,206.3175815571372,0.7739426349052018,0.9895515761432588,0.9285367439944687,0.8385597221286499,0.007359357184390494,0.002244686208942948,0.7031824075764785,0.9977614915960605,DERMASON
12224,33433,686.2760000000001,257.1752230274985,165.89314503668356,1.5502462321190542,0.7641329223818278,33818,206.32066716432143,0.7535046202389002,0.9886155301910226,0.8920466975712887,0.802257172115918,0.007692256842864788,0.0019655675466145953,0.6436165702114295,0.9977641628996572,DERMASON
12225,33436,682.3340000000001,245.9445117105205,174.23723138172122,1.411549700142457,0.7057698133477787,33786,206.3299237090076,0.6978627483720153,0.9896406795714201,0.9024645599711116,0.8389287578486821,0.007355679857354962,0.0022475166077972606,0.7038014607455327,0.9934507408751799,DERMASON
12226,33444,677.1199999999999,247.86885098647727,172.2720971694166,1.438821811884701,0.7189970781502512,33822,206.35460579818124,0.7809821824720361,0.9888238424693986,0.9166357586995365,0.8325152796606908,0.007411459484107083,0.002196101224200332,0.6930816908685185,0.9972210542395538,DERMASON
12227,33454,677.219,237.59728021668172,179.8045469402969,1.3214197541710366,0.6536907285401607,33847,206.38545425870043,0.7775298656626226,0.9883889266404704,0.9166417801387603,0.8686355924212725,0.007102208412048835,0.0024941562540589262,0.7545277924210553,0.9970479299762457,DERMASON
12228,33458,671.645,246.23531258605058,173.4278845772706,1.4198138505018825,0.7098849222787301,33767,206.39779235192677,0.8078130281520112,0.9908490538099328,0.932030809541292,0.8382136184459652,0.0073595347177371805,0.002241036712802353,0.7026020701482779,0.9975641505878202,DERMASON
12229,33459,677.766,253.2186019655628,168.58926346417985,1.501985338582158,0.7461432307965775,33813,206.40087675999297,0.7919289940828402,0.9895306538905155,0.9152995807682578,0.8151094554580277,0.007568026598689824,0.0020607539304387384,0.6644034243770824,0.9979242023181574,DERMASON
12230,33459,676.4119999999999,248.4494555057036,171.83581422250228,1.4458537449241975,0.7222492294292738,33831,206.40087675999297,0.7354272903112361,0.9890041677751175,0.9189676293106274,0.8307560036301012,0.0074254895694941155,0.002181718976041851,0.6901555375674567,0.9978639685720803,DERMASON
12231,33461,681.475,251.507796200513,169.7970815188432,1.4812256721420853,0.7377110630259415,33824,206.40704543785145,0.7035386135699417,0.9892679754020813,0.905417581336044,0.8206785179465957,0.007516445898225188,0.0021032193105537758,0.6735132298190208,0.9976250865352662,DERMASON
12232,33468,683.722,255.996981087705,166.8002313171193,1.534751954875923,0.7585875810826848,33849,206.4286343586965,0.7060759493670886,0.9887441283346627,0.8996643585760071,0.8063713621996726,0.007649007442563195,0.0019949188265062762,0.6502347737757558,0.9979490901806447,DERMASON
12233,33468,685.227,258.2334979662676,165.41072555482336,1.5611653784849595,0.767918860569497,33917,206.4286343586965,0.7085573950967523,0.986761800866822,0.8957167384889602,0.7993875155021979,0.0077158329737739804,0.001943533478187826,0.6390203999407768,0.997616524533153,DERMASON
12234,33476,691.826,258.8379709205016,165.22076006075514,1.5666189335124803,0.7697733421309023,33907,206.45330464672708,0.721154674709177,0.987288760432949,0.8789206418301839,0.797615990855284,0.007732045970859768,0.0019304101803978688,0.6361912688680565,0.9966692871440264,DERMASON
12235,33478,679.0679999999999,249.74098085573016,171.04993945692203,1.4600471748113424,0.7286282633367154,33879,206.4594717581244,0.7111932530325239,0.988163759260899,0.91231084605539,0.8266944057426902,0.007459853660784102,0.0021492654918752827,0.6834236404862598,0.997830755491246,DERMASON
12236,33482,669.7729999999999,241.88144002991805,176.75262179291056,1.3684744111649707,0.6826550923080403,33880,206.4718054283023,0.7357064381454625,0.9882526564344746,0.9379204036717806,0.85360747564081,0.007224223165579059,0.0023659401569813003,0.7286457224698758,0.997133026004838,DERMASON
12237,33483,677.447,250.39480351198955,170.74582946503625,1.4664768345821475,0.7314394061479448,33784,206.4748887307303,0.7116018107240771,0.991090457021075,0.9168189454017407,0.8245973392209146,0.007478266687930877,0.00213279163106872,0.679960771850212,0.9971467203429327,DERMASON
12238,33484,681.496,248.15289125200107,171.96873916845664,1.4430116336953323,0.7209422883351528,33909,206.47797198711584,0.7581740784349243,0.9874664543336578,0.9059840982641234,0.8320595055144288,0.0074110886170111415,0.0021911863537252036,0.6923230207169158,0.999030173169604,DERMASON
12239,33485,676.7769999999999,246.01584370097757,173.6391453013517,1.416822475565724,0.708406442599496,33895,206.48105519746096,0.7299659923264736,0.9879038206225107,0.9186899921888072,0.8392998275689529,0.007347046250589146,0.0022488530212015794,0.7044242005572742,0.9980440396819634,DERMASON
12240,33485,680.024,254.93075131413784,167.7173590508037,1.5200021796009564,0.7531107199683601,33825,206.48105519746096,0.7809912536443149,0.9899482631189949,0.9099377576325338,0.8099495809472791,0.007613282105842552,0.002021080563701136,0.6560183236766731,0.9971492818467088,DERMASON
12241,33494,678.6360000000001,247.44573848889294,172.59119044474463,1.4337101323147379,0.7165934838827093,33891,206.5088020190896,0.7384038800705467,0.9882859756277478,0.9139092891881156,0.8345619661110434,0.007387763136349583,0.0022106860951526227,0.6964936752791305,0.99857003934082,DERMASON
12242,33506,675.523,248.85591093186287,171.85932397126382,1.4480210045133977,0.7232390981996853,33856,206.5457919830282,0.8010998206814106,0.9896620982986768,0.9226822532114883,0.8299814587871324,0.007427204409116661,0.0021740959244215615,0.6888692219304162,0.9974971027180439,DERMASON
12243,33507,676.021,250.49454695967887,170.6671509809785,1.4677373209774704,0.7319849285745542,33882,206.5488741810061,0.7979757085020243,0.9889321763768373,0.9213508385035765,0.8245643535475983,0.007475887037325898,0.002131771821896812,0.6799063731413687,0.9979239586300209,DERMASON
12244,33507,697.251,256.15140088078135,167.39415528439488,1.5302290599429356,0.7569291620688774,33958,206.5488741810061,0.7684210526315789,0.9867188880381648,0.8660981642151802,0.8063546538132681,0.007644713071321854,0.001993633577512898,0.6502078277263155,0.9949669129891782,DERMASON
12245,33518,683.803,255.8353647681332,167.3207294671929,1.529011770285735,0.7564796754311296,33916,206.58277532367788,0.7857745686421606,0.9882651256044345,0.90079497951707,0.807483263742315,0.007632775367508001,0.0020016878952402732,0.6520292212239414,0.9969603538216477,DERMASON
12246,33518,676.8249999999999,249.6162304697703,171.22390191392995,1.4578351952009962,0.7276500042451093,33885,206.58277532367788,0.7463703571746683,0.9891692489302051,0.9194649461685197,0.8276015343028587,0.007447229263970711,0.00215506133533217,0.684924299580446,0.9985067499767651,DERMASON
12247,33525,686.6750000000001,247.84990923321988,173.2994964684001,1.4301825122637533,0.7149149156482221,33997,206.6043458817997,0.7223658694246929,0.9861164220372386,0.8934621892858918,0.8335865303359492,0.007392987598306335,0.0022019248560101556,0.6948665035575264,0.9937859217458335,DERMASON
12248,33529,668.9259999999999,247.52051006322566,172.77273851836043,1.4326363764670076,0.7160842807645789,33773,206.6166709039357,0.7914502879803607,0.9927752938738045,0.9416170456305974,0.8347456574453501,0.007382281310603527,0.0022109912655309404,0.6968003126238698,0.9982614749985389,DERMASON
12249,33529,677.851,253.43341929101092,169.89203323452355,1.4917322164316238,0.7420345821401533,33971,206.6166709039357,0.7377442351698644,0.9869889022990197,0.9169844745130239,0.8152700282462875,0.007558633400668404,0.0020598184868560183,0.6646652189567025,0.9915025202592923,DERMASON
12250,33533,721.635,265.4840587370586,161.2999251951869,1.6459031733325349,0.7942667826775522,34242,206.62899519090783,0.6998434728164458,0.9792944337363472,0.8091836433477301,0.778310367009862,0.007917098343036966,0.0017920786393958094,0.6057670273950261,0.9970338726896899,DERMASON
12251,33533,674.393,253.32159283069979,168.9602987888024,1.4992965486368346,0.7450761048807324,33868,206.62899519090783,0.793680473372781,0.9901086571394827,0.9265229160788917,0.8156785723710588,0.007554396947207222,0.0020627936156704216,0.6653315334252886,0.9975292717637878,DERMASON
12252,33546,682.661,249.94359743474328,171.39151200162945,1.4583195778818208,0.7278647182140999,33969,206.6690440479313,0.8003912960488643,0.9875474697518326,0.9045663366712025,0.8268627249069248,0.007450771997696992,0.0021483977737119467,0.6837019658405049,0.9970559622214962,DERMASON
12253,33548,687.588,266.26846337583515,161.04061516633084,1.6534242812027247,0.7963732665483446,33909,206.67520472174508,0.6730869547770956,0.9893538588575305,0.8917023703343984,0.7761910746073791,0.007936940007625943,0.0017770818789710318,0.6024725843001582,0.9961427996408369,DERMASON
12254,33552,679.8149999999999,254.0594705998455,168.84565926886705,1.5046846433599184,0.7472072600593201,33963,206.68752551848448,0.8021996413628213,0.9878985955304301,0.9123191503613474,0.8135399362617194,0.007572111069380231,0.002046031175335972,0.6618472278927225,0.9958713600605117,DERMASON
12255,33552,682.169,252.2232758165149,169.73725966896964,1.4859629306400595,0.739674965133387,33955,206.68752551848448,0.7065363881401617,0.9881313503165955,0.9060336291562979,0.8194625371087625,0.007517384233920925,0.002091042825263459,0.6715188497247301,0.9978521179170016,DERMASON
12256,33554,680.837,266.1424712093092,160.77077347764455,1.6554157540724697,0.7969253061183951,33834,206.69368564144298,0.7431178437756074,0.9917243009989951,0.9096364726245151,0.7766279643465384,0.007931765846376265,0.001779925171566298,0.603150995005048,0.9984656592158422,DERMASON
12257,33557,685.5019999999998,254.58014075380697,168.0796138162923,1.5146402051593124,0.7510698049825422,34018,206.70292548166282,0.722650529761392,0.9864483508730671,0.8973782506155128,0.8119365668886008,0.00758649881556179,0.00203380617274229,0.6592409886508476,0.9985129062995477,DERMASON
12258,33567,683.6289999999999,251.2995888309809,171.10224106170546,1.4687100956226136,0.7324046962499973,33956,206.73372196650743,0.75683170995671,0.9885439981152079,0.9025711293678983,0.8226584171037081,0.007486507249113144,0.0021151306302813603,0.6767668712315787,0.9939743361607489,DERMASON
12259,33573,682.052,253.9958360774507,168.91213690764152,1.503715723023098,0.7468261583175119,34017,206.7521976555355,0.7130296272698311,0.9869477026192786,0.9069117756666321,0.8139983743374862,0.007565479286255345,0.0020488509217132848,0.6625933534240704,0.9963520435143751,DERMASON
12260,33579,681.257,255.93951110252348,167.84152702689175,1.5248878846384457,0.7549469059803351,33982,206.77067169369553,0.7498492664299591,0.9881407804131599,0.9091921283826573,0.8078888281179374,0.007622011111186261,0.002002883784190675,0.6526843585977743,0.995270470918761,DERMASON
12261,33589,687.288,268.5200069742854,159.5931155614003,1.6825287609037098,0.804211307458203,33894,206.80145808990173,0.7074794110832614,0.9910013571723609,0.8935717205930858,0.7701528851431391,0.007994284050560761,0.0017348707505252087,0.593135466494301,0.9979674814887002,DERMASON
12262,33594,680.4069999999999,256.23170159544014,167.30117967812708,1.5315594432054074,0.7574188796039614,33935,206.81684956945134,0.7273947687510827,0.9899513776337115,0.9118723265524434,0.8071477817994236,0.007627305518706916,0.0019969313535875047,0.6514875416637297,0.9977918965657618,DERMASON
12263,33602,683.361,255.97809537452312,167.62102623834235,1.5271240196951472,0.7557799613278146,34000,206.84147355448553,0.7197446772051579,0.9882941176470589,0.9042210483762835,0.808043646280962,0.007617942246727074,0.002003349479195812,0.6529345342950325,0.9971120106104091,DERMASON
12264,33603,676.9159999999999,253.33848757103164,169.53613118051507,1.4943038148091705,0.7430751731930629,33953,206.84455134650193,0.7921686036917419,0.9896916325508791,0.9215488405289413,0.8164750383161041,0.0075391628000783155,0.002066686161703372,0.6666314881932838,0.9961499758791383,DERMASON
12265,33605,687.4350000000001,258.69141320454867,166.5981965926943,1.5527863956235217,0.7650224748898087,34026,206.85070679314862,0.7218188847839161,0.9876271086815964,0.8936150692322992,0.7996040696936109,0.007698003666256469,0.0019411444731650387,0.639366668270585,0.9927998643057016,DERMASON
12266,33608,678.629,247.47565888216852,173.81732661237305,1.423768640936813,0.7118206219942199,34022,206.85993961968407,0.7248414786697148,0.9878314032096879,0.9170387840373067,0.8358799429166367,0.0073635937539326506,0.0022174059111770557,0.6986952789703199,0.9947804277685398,DERMASON
12267,33615,683.001,258.2694941103096,166.23087996863697,1.5536794015590707,0.7653339204099123,34026,206.88148127919158,0.8020758768790265,0.9879210015870217,0.9055246988761565,0.8010294905012294,0.007683162103534423,0.0019512538816611187,0.6416482446526592,0.9969156607633717,DERMASON
12268,33621,677.932,251.89057908910536,170.5372019349486,1.4770418197971198,0.7359564302321109,33978,206.8999437736533,0.7397359735973598,0.9894932014833128,0.9192808695213056,0.8213881778423449,0.007492060887216483,0.0021036566238174133,0.6746785386991676,0.9965284165782801,DERMASON
12269,33641,684.8850000000001,260.5239577411917,165.0223139073033,1.5787195778113605,0.7738043223812444,34006,206.96147352692387,0.820792465720002,0.9892666000117626,0.9012462107926604,0.794404765386385,0.007744239402550212,0.0019025053890420521,0.6310789312685975,0.996296663938005,DERMASON
12270,33647,679.9820000000001,251.69128698575415,170.97404163280248,1.4721023412800083,0.7338601353444848,34049,206.97992888612177,0.7706772944868183,0.9881934858586156,0.9144529791825057,0.8223563531535238,0.007480348529906207,0.0021102883615654417,0.6762699715719632,0.9955386084884518,DERMASON
12271,33647,689.0849999999999,249.247189839074,172.1904722792627,1.447508602188156,0.7230055883009281,34096,206.97992888612177,0.7899840345604808,0.986831299859221,0.8904522171120207,0.8304203109361353,0.007407709152051416,0.002172979036792954,0.6895978928152675,0.9981988819009258,DERMASON
12272,33651,681.292,256.08060590521734,167.6423605843639,1.527541159719879,0.7559348576649293,34053,206.99223154476826,0.7146406727828746,0.9881948726984406,0.9110480019441877,0.8083088948226791,0.007609895869519994,0.0020038624558975397,0.653363269449461,0.9980392863332013,DERMASON
12273,33657,687.1439999999999,260.1653166487339,165.58266812961025,1.571211042722713,0.7713165266673672,34070,207.01068416183588,0.7659414682991216,0.9878778984443792,0.8957560485632422,0.795689013541088,0.0077299021495895025,0.001911292719329559,0.6331210062699899,0.9947667164311241,DERMASON
12274,33657,674.7729999999999,243.08256769964044,176.6233701257686,1.3762763530474371,0.6870625678630752,34029,207.01068416183588,0.7749355314054154,0.9890681477563255,0.9289019476630116,0.8516064566901566,0.007222348031602354,0.002343224811027109,0.7252335570763635,0.9981217950406778,DERMASON
12275,33662,677.564,254.57029524242654,168.8623962099149,1.507560599376827,0.7483329892487492,34054,207.0260600863453,0.7148135564427079,0.988488870617255,0.9214019631938517,0.8132373020551946,0.0075625421912669044,0.0020404066811660717,0.6613549094540118,0.997032603697297,DERMASON
12276,33663,683.694,262.20512465676484,164.00619738627256,1.5987513205931545,0.7802336693386894,33962,207.0291351342119,0.6847222504729166,0.9911960426358871,0.9049803385272052,0.7895693701838203,0.007789119349337992,0.001867365327026668,0.6234197903324747,0.9966932130779517,DERMASON
12277,33665,681.813,256.2978833272726,167.60085723516326,1.5292158259528303,0.7565551169326636,34054,207.03528509292624,0.7278918918918919,0.9885769659951841,0.9100346480228968,0.8077916306025757,0.007613185306023246,0.001999601989844827,0.6525273184715683,0.9978551022732849,DERMASON
12278,33666,676.1039999999999,253.00989557982683,169.8646450593329,1.4894794351788254,0.7411173581020455,34016,207.038360003778,0.7656932314410481,0.9897107243650047,0.925495629974694,0.8183014325558488,0.007515294230969727,0.002078638643632322,0.6696172345229543,0.9973811002632572,DERMASON
12279,33666,684.632,259.6233714556879,165.57882650983697,1.5679744622435996,0.7702306023248763,34201,207.038360003778,0.7633494320114278,0.9843571825385222,0.9025826777227558,0.7974565573312222,0.007711737998446145,0.001923801074889471,0.6359369608305651,0.9971329141791345,DERMASON
12280,33668,690.41,254.97173610304748,168.66518778439774,1.5117033897295638,0.7499403755161085,34064,207.0445096884809,0.7812507251421279,0.9883748238609676,0.8875912990614122,0.8120292580382452,0.007573117978586417,0.0020311462496626726,0.6593915159101429,0.9968043897602787,DERMASON
12281,33669,678.182,247.95576129333585,173.21440824929152,1.4314961659337022,0.7155419100911895,33999,207.04758446233606,0.72503122442827,0.9902938321715344,0.9199147113064002,0.8350182443125218,0.007364512200936643,0.0022085518859999618,0.6972554683347665,0.9981185295975262,DERMASON
12282,33676,669.0519999999999,240.7142226946291,178.65210314914543,1.3473909260036636,0.6702060248181928,33969,207.06910660091557,0.7493546951490877,0.9913744885042245,0.9453891600399239,0.8602279677657608,0.007147945798035072,0.002414433489464634,0.7399921565264109,0.997058717017569,DERMASON
12283,33679,689.0619999999999,264.29011760577635,162.8385292628467,1.6230195568714025,0.7876401589330831,34067,207.07832968984357,0.7965328035570692,0.9886106789561746,0.8913585840580736,0.783526571351897,0.007847326749778092,0.0018243846743068867,0.6139138880144593,0.9963942464824275,DERMASON
12284,33682,691.39,263.21645645344586,163.66929232622482,1.6082213878508385,0.7831721518027904,34106,207.08755236800147,0.712756052141527,0.9875681698234915,0.8854449145759015,0.7867576182670337,0.007814751394021907,0.0018469653888995537,0.6189875499012156,0.995469016564523,DERMASON
12285,33685,697.9019999999999,266.4420074981486,161.87658434509555,1.6459576817493007,0.7942821733834224,34140,207.09677463544418,0.809735576923077,0.9866725248974809,0.869075545942514,0.7772677310911014,0.0079098117113893,0.0017808545907634702,0.6041451257955086,0.9943973106945151,DERMASON
12286,33686,678.0559999999999,246.42675811372212,174.40510588342087,1.4129560993383032,0.7064769295904343,34106,207.09984863333116,0.7901946985690828,0.987685451240251,0.9207212818733324,0.8404113669253312,0.007315405750570626,0.002251053688799944,0.7062912656573039,0.9979585517198574,DERMASON
12287,33687,675.875,250.44129668744594,171.60434721558659,1.4594111440126658,0.728347565551804,34042,207.1029225855913,0.7254188380205866,0.989571705540215,0.9267005812218746,0.8269519656898219,0.0074343603374431065,0.002144591129773311,0.6838495535582604,0.9980176592910115,DERMASON
12288,33692,688.328,258.288589146941,166.81177062197796,1.5483834754818595,0.763477147371897,34137,207.11829166255959,0.7819709418372557,0.9869642909453086,0.8936053979015728,0.8018871152868836,0.007666169688559331,0.0019552897873429454,0.6430229456631199,0.9956461034204446,DERMASON
12289,33693,672.4559999999999,242.0099592430723,177.93030186276928,1.3601390921582608,0.6778297231644396,34008,207.12136534110098,0.7778419059931665,0.9907374735356387,0.936314610125401,0.855838189423727,0.007182796404092016,0.002377059027857769,0.7324590064760835,0.996246128111522,DERMASON
12290,33696,679.072,245.3369108939799,175.33655737488075,1.3992342188482343,0.6994550096719491,34066,207.1305861030573,0.7508021390374332,0.9891387306992309,0.918240758528809,0.8442699687882143,0.007280891230234446,0.0022818635525004927,0.7127917801976523,0.9973626497663045,DERMASON
12291,33696,671.7399999999999,239.14162041037505,180.08214829550218,1.3279585049038864,0.6579798010629199,34107,207.1305861030573,0.7495495495495496,0.9879496877473832,0.9383952345891435,0.8661419360946634,0.007097032894419962,0.002463841956390399,0.750201853461812,0.9962369316992724,DERMASON
12292,33701,686.809,257.72336788425963,166.84635500343157,1.5446748469809781,0.7621627756987391,33992,207.14595312754656,0.6963592032399372,0.9914391621558014,0.8978022648974407,0.803753089322398,0.007647350757670681,0.0019687083974721698,0.6460190285952986,0.9978893441422433,DERMASON
12293,33702,678.75,245.95298296874074,175.27507596971586,1.403239916502656,0.7015334641724145,34090,207.149026395647,0.7574163969795038,0.9886183631563509,0.9192758543013034,0.8422301851975282,0.0072978749916545235,0.0022651626492412092,0.7093516848578626,0.9953905990309653,DERMASON
12294,33705,670.292,239.83655020741506,179.28303381365052,1.3377537467193064,0.6642373503942397,34020,207.15824592638995,0.7399236037934668,0.9907407407407407,0.9427056789931887,0.8637476053889022,0.007115755828732089,0.0024431392755309513,0.7460599258150625,0.9980444610362276,DERMASON
12295,33710,686.0980000000001,257.29822316468585,167.39566958762197,1.537066184558646,0.759429100011844,34112,207.17361089922224,0.6908919494999181,0.9882152908067542,0.899904264463753,0.8051886575470794,0.007632697216395309,0.001979011834224125,0.6483287742424679,0.9965242353644538,DERMASON
12296,33721,679.686,255.8912522486932,168.17605549144375,1.5215676898886008,0.7537014970157814,34076,207.20740982893065,0.7513591800356506,0.9895821105763587,0.9172625450813998,0.8097479222445316,0.0075884835043057205,0.002012491832011797,0.655691697579336,0.9976793015649252,DERMASON
12297,33725,676.717,251.599178313642,170.90626334056688,1.4721472074565074,0.7338792984649299,34071,207.21969898200643,0.7874521341178669,0.9898447359924862,0.9254386833418018,0.8236103963888453,0.007460316629018295,0.0021175043103519274,0.6783340850397908,0.998607629013893,DERMASON
12298,33726,690.8749999999999,254.20112661125935,169.7468976491549,1.4975303238628874,0.7443711583743222,34147,207.2227711564009,0.7372286707325071,0.9876709520602103,0.88792389711694,0.8151921823434687,0.007537245051629584,0.0020532055175896853,0.6645382941539071,0.9951662468635913,DERMASON
12299,33726,685.815,260.83788942267404,164.9783089751027,1.581043538651119,0.7745655437507077,34116,207.2227711564009,0.7196568794810515,0.9885684136475554,0.9010745846791791,0.794450421351966,0.007734029811500742,0.0019004340512830354,0.6311514719863163,0.9978779566941083,DERMASON
12300,33728,690.089,263.92699711740613,163.2618021995281,1.6165875517829424,0.7857163336877012,34213,207.22891536855462,0.7814643188137164,0.9858241019495514,0.8900004855529859,0.7851751341541247,0.007825160018898427,0.0018345904973162603,0.6164999912939475,0.9966262116000881,DERMASON
12301,33731,680.88,254.70590011202992,169.09315813320694,1.5063051806707615,0.7478425847494087,34200,207.23813134522752,0.7164156914385235,0.9862865497076023,0.9143193808585838,0.8136369485515484,0.007551092470191513,0.0020413252183895192,0.6620050840482751,0.9971816877322996,DERMASON
12302,33732,685.843,251.6333561443824,171.2088462514235,1.4697450608063438,0.7328501221544006,34120,207.24120324637786,0.7148124602670057,0.9886283704572099,0.9011613041768387,0.8235839891094042,0.007459781695256207,0.0021170809368614937,0.6782905871173595,0.9969142402071739,DERMASON
12303,33735,693.2,264.65694623160067,162.6491063681738,1.6271650803449307,0.788865568092108,34169,207.25041867663552,0.7260459710743802,0.9872984284000117,0.8822130351828584,0.7830907959440867,0.007845174039768806,0.001819830013559952,0.6132311946923431,0.9978283861815845,DERMASON
12304,33746,688.072,267.3680866323373,161.06381053461112,1.6600134179420918,0.7981907628979701,34022,207.28420508237667,0.7395248948106592,0.9918876021397919,0.8957037565623864,0.7752765398939214,0.00792295639875355,0.0017656051942577283,0.6010537133098913,0.9977572289983387,DERMASON
12305,33746,676.165,247.3614472256199,174.5062389982019,1.4174934297229838,0.7087391432495013,34073,207.28420508237667,0.7192242114237,0.9904029583541221,0.9275274952439289,0.8379810492186822,0.007330096818159779,0.0022295964423456787,0.7022122388496438,0.9953812348404366,DERMASON
12306,33748,699.0609999999999,251.82175955011158,170.92442686915174,1.47329298780033,0.7343679189468062,34301,207.29034747359142,0.7496556932782442,0.9838780210489491,0.8678162071582647,0.8231629698876018,0.007461827650530745,0.0021133346707381726,0.677597274994177,0.9982993138015329,DERMASON
12307,33749,675.062,245.52706456526798,175.68016610387787,1.3975798748965798,0.6985895750315362,34086,207.29341860094596,0.7567040358744395,0.9901132429736549,0.9306437166694718,0.8442793016239624,0.007275091545387063,0.0022801467247450884,0.7128075391506455,0.9962054713914981,DERMASON
12308,33750,677.626,245.05757833094532,176.2911963509268,1.3900726945157915,0.6946096584562097,34126,207.29648968280128,0.772735598498031,0.9889820078532497,0.9236416720430691,0.8459093209631393,0.007260965283879861,0.0022933448514420433,0.7155625792923196,0.9946840026915442,DERMASON
12309,33752,685.3679999999999,258.8430705104287,166.33989278082154,1.5561093985523624,0.7661780578559071,34150,207.30263171002247,0.759137221385034,0.9883455344070278,0.9029458990693817,0.80088151983837,0.007668969853947282,0.0019462108233968844,0.6414112088186174,0.9981060103794825,DERMASON
12310,33762,680.8209999999999,252.25882858800455,170.70386632894645,1.477756971842112,0.736257705649457,34122,207.33333911686407,0.7172264355362947,0.9894496219447864,0.9153182956827586,0.8219071668468186,0.00747167906486596,0.002103241011270349,0.6755313909141643,0.9982712226216053,DERMASON
12311,33762,676.323,255.2176269263049,168.73286824564136,1.5125543089492144,0.7502684710190998,34083,207.33333911686407,0.7150542189088445,0.9905818149810756,0.927533738401802,0.8123786025826986,0.00755931600397799,0.0020309356684960977,0.6599589939342182,0.9982238200049902,DERMASON
12312,33763,677.8729999999999,254.25449219116953,169.44481791920694,1.5005150072656734,0.7455605863666891,34030,207.33640960741386,0.8071093899407152,0.9921539817807816,0.9233242046019344,0.8154680289838152,0.00753056577292212,0.002054164049822762,0.6649881062947486,0.997824633148451,DERMASON
12313,33767,687.5519999999999,257.401572731302,167.83003618367346,1.5337038505408014,0.7582048983937629,34158,207.3486911149242,0.7079035639412998,0.9885531939809122,0.8976173582107438,0.8055455485945018,0.007622873596449255,0.0019799712740361584,0.6489036308604166,0.9952259972805276,DERMASON
12314,33777,699.5,247.20412307875793,174.5063749050553,1.4165907876618016,0.70829141121538,34437,207.3793917015854,0.7651549474447263,0.980834567471034,0.8674720690234876,0.8388994047462365,0.007318711640428633,0.0022359080720224436,0.7037522112835899,0.9969288993009552,DERMASON
12315,33782,678.193,256.80222470689006,167.74753386449856,1.5308852463627107,0.7571709051431418,34116,207.39474029069123,0.7255116723578807,0.990209872200727,0.9229721906971039,0.8076049205859033,0.007601747223577351,0.0019947524737206485,0.6522257077545631,0.998482713299938,DERMASON
12316,33785,688.9459999999999,263.59707011852146,163.4553003260226,1.6126553840270663,0.7845265052844865,34226,207.40394889894807,0.7809032914201184,0.9871150587272833,0.8944651438174129,0.7868219051360957,0.007802192396581959,0.0018445999263618418,0.6190887104019955,0.9983767420201511,DERMASON
12317,33788,678.133,251.62004285152014,171.36564679166815,1.4683225463351968,0.7322375914012713,34182,207.41315709836653,0.7225524998930756,0.9884734655666725,0.9232994813194849,0.824310952131743,0.007447023879824794,0.002120932219375099,0.6794885458043407,0.9977083517810296,DERMASON
12318,33788,684.233,248.7854468057182,173.51850230410656,1.433768984299436,0.7166213495219957,34250,207.41315709836653,0.7788842784693407,0.9865109489051095,0.9069102648619516,0.8337029346428766,0.0073631303067869715,0.0021942573913770356,0.6950605832321446,0.9965563064473253,DERMASON
12319,33795,690.578,256.35168273824945,168.12143557936415,1.524800700486732,0.7549143332614731,34246,207.43464130738823,0.7018691588785047,0.986830578753723,0.8905059740041289,0.8091799479982018,0.007585491425898786,0.0020060600679355604,0.6547721882423728,0.9983970912912002,DERMASON
12320,33795,674.023,253.33146087199935,170.07441975094403,1.4895330011590011,0.7411392291051081,34066,207.43464130738823,0.7534109149277689,0.992044854106734,0.9347874689991916,0.8188270047208965,0.0074961225291315095,0.00207866770208932,0.6704776636601953,0.9986986065618458,DERMASON
12321,33796,689.612,257.021439154275,167.85661130929591,1.5311964011991295,0.7572854009283397,34210,207.4377102984642,0.6965805800028856,0.9878982753580824,0.8930289650741218,0.8070832961679567,0.007605084600375045,0.0019904773881433543,0.6513834469533337,0.9973959897756288,DERMASON
12322,33796,672.5819999999999,251.0179435447257,171.69058644233425,1.462036729829886,0.729503250328108,34061,207.4377102984642,0.7983935742971887,0.9922198408737265,0.9388250841236464,0.8263859840820642,0.007427445364680013,0.0021367366513008103,0.6829137946872817,0.9984450511403116,DERMASON
12323,33802,678.6759999999999,256.1088560819918,168.35477220111625,1.5212450038306293,0.7535799119613648,34132,207.4561232914998,0.7775579683474421,0.990331653580218,0.9222045877442371,0.8100310409612852,0.007576736763564043,0.0020121882486152675,0.6561502873208234,0.9981653463488345,DERMASON
12324,33808,683.885,262.28271517517067,164.42122856849963,1.5951876619502383,0.779111405206559,34115,207.4745346504153,0.8039187711038189,0.9910010259416678,0.9083708461974929,0.7910339593360141,0.007758007429459615,0.0018737449142297391,0.6257347248228108,0.9981643126911753,DERMASON
12325,33812,690.959,258.0554162976725,168.03268839883953,1.535745328820524,0.758949380120918,34281,207.48680798206263,0.750310669270371,0.9863189521892594,0.8899716413633485,0.8040397328561479,0.0076320660208704745,0.001967577844882082,0.6464798920113857,0.9928284743328823,DERMASON
12326,33814,681.811,250.619374778514,172.4157739978418,1.4535756733119505,0.725749857750422,34264,207.49294437564566,0.7791244239631336,0.9868666822320803,0.914067789067595,0.8279206049373418,0.007411704464970545,0.002148090733710416,0.685452528079814,0.9963571200269943,DERMASON
12327,33816,687.4259999999999,252.75700068056634,170.79385063784778,1.4798952054574475,0.7371551547685562,34229,207.49908058775648,0.7893557422969187,0.9879342078354612,0.899249470211118,0.8209429611407413,0.007474479556439742,0.0020941734785389337,0.6739473454465287,0.9973714452570918,DERMASON
12328,33817,681.3059999999999,257.95913191223,167.28469681518476,1.542036640669062,0.7612205996805415,34146,207.50214862576482,0.7988896763524687,0.9903649036490365,0.9155045652242021,0.8043993135174875,0.007628090366154006,0.0019700731731506138,0.6470582555874052,0.9977875387631854,DERMASON
12329,33826,675.618,249.52648683203967,172.9988252981072,1.4423594287537036,0.7206409465384392,34193,207.5297589267901,0.7524580682475419,0.9892668089959933,0.9312324159926286,0.8316943085343952,0.0073767660034304875,0.0021772118447072556,0.6917154228485058,0.9977022621598972,DERMASON
12330,33832,688.855,252.1364785503065,171.15678853444288,1.4731316280777702,0.7342991953706424,34260,207.54816375357316,0.7723848226108397,0.9875072971395213,0.8959461468680288,0.8231580172250362,0.007452603409503029,0.0021106713890988752,0.6775891213218531,0.9981779654606472,DERMASON
12331,33835,676.5600000000001,246.37102425011128,175.5086285051238,1.403754484030503,0.7017987275293879,34242,207.5573655549574,0.793689889749003,0.9881140120320074,0.928888122488334,0.8424585082060991,0.007281543497860537,0.002262545354497963,0.7097363380488462,0.9962955670154567,DERMASON
12332,33843,679.602,256.62892663690764,168.65515593391498,1.5216192189076263,0.7537209036853755,34225,207.5819016977928,0.8045214662672943,0.9888385682980277,0.9208087157951109,0.8088795928741533,0.007582924877726787,0.002002405509102057,0.6542861957682559,0.9955744501469359,DERMASON
12333,33844,669.837,239.1680949243794,180.33966631154965,1.326209035516343,0.6568411908431984,34202,207.5849685117322,0.7638004965019183,0.9895327758610608,0.9478798347107374,0.8679459046465491,0.007066779781479122,0.00247384197281724,0.7533300933927164,0.9990731765837911,DERMASON
12334,33845,676.487,253.01756135039162,170.6315814193015,1.4828296101214635,0.7383786934872799,34180,207.58803528036384,0.7674603174603175,0.9901989467524869,0.9293632006731322,0.8204491189166326,0.00747577371400182,0.0020895007035490343,0.6731367567310788,0.9981471145419721,DERMASON
12335,33847,681.7019999999999,248.1214785132362,174.01962004978245,1.4258247342584427,0.7128185740818787,34224,207.5941686817119,0.754099456376437,0.9889843384759234,0.9152524690356306,0.8366634356913911,0.007330678598198842,0.0022157823581937567,0.7000057046229227,0.9980854477733727,DERMASON
12336,33848,689.11,262.1731240260202,165.6426458733109,1.5827634401984807,0.7751262669816437,34122,207.5972353144323,0.6721474244410024,0.991969990035754,0.8957065950549923,0.7918326338203479,0.0077456016315888745,0.0018783153385236195,0.6269989199828692,0.992390967592818,DERMASON
12337,33849,695.0459999999999,262.33853593198126,166.29956946427444,1.5775058033949902,0.7734051091172367,34268,207.60030190185302,0.689922954628837,0.9877728493054745,0.8804984793531164,0.7913450502585686,0.007750259562527143,0.001874819972386075,0.6262269885687365,0.9878767087097504,DERMASON
12338,33855,666.924,240.2688481943682,180.0736164040197,1.3342812400418076,0.6620414973354983,34110,207.61870047519548,0.8014914772727273,0.9925241864555848,0.9564890215478689,0.8641099419898163,0.007096997435958298,0.0024407900193360007,0.7466859918456437,0.9962891111216525,DERMASON
12339,33857,686.114,254.41220794227834,170.38807850457653,1.49313385170574,0.742602597805622,34333,207.6248329706695,0.7261710706932052,0.9861357877260944,0.9037863448268354,0.8160961875609991,0.007514316328743786,0.0020560545474432243,0.6660129873515974,0.9944465370903369,DERMASON
12340,33857,682.3809999999999,257.45069327388154,168.1789896792238,1.5308136513659056,0.7571445479675758,34247,207.6248329706695,0.8127760706740925,0.988612141209449,0.913701810795935,0.8064644547287887,0.007604060999907894,0.0019841124240686115,0.6503849167410024,0.9956181091896043,DERMASON
12341,33867,682.3519999999999,252.31562360635635,171.45819459755063,1.4715868448200773,0.7336397961540032,34275,207.65549273146075,0.7014851177530603,0.9880962800875274,0.9140493710187402,0.8229989477600842,0.007450191147912609,0.0021083577176628197,0.677327268014206,0.9967458972476282,DERMASON
12342,33870,675.0609999999999,252.284515991061,171.27779252068956,1.4729552049813242,0.7342240230462426,34182,207.66468977700558,0.7972413143771773,0.9908723889766544,0.9339831126993982,0.8231368816323377,0.007448612813435518,0.002109324550006822,0.6775543259034091,0.998007170997039,DERMASON
12343,33889,682.867,249.52391431934785,173.6777206016092,1.4367065243314572,0.718006522098602,34325,207.72292827593665,0.7982146221970982,0.9872978878368536,0.9132640589231197,0.8324770346864906,0.00736297660950007,0.0021813343074410896,0.6930180132804126,0.9956635011591932,DERMASON
12344,33890,686.205,261.36532161072756,165.60316637337246,1.5782628275442976,0.7736542283917566,34228,207.7259930077954,0.7078111946532999,0.99012504382377,0.9044273280728694,0.794772587761962,0.007712166468301197,0.0018981375311261474,0.6316634662578456,0.9969309683125395,DERMASON
12345,33893,684.7239999999999,256.82377838514316,168.36001659575308,1.525444007301325,0.7551545135589153,34269,207.73518693208635,0.7072091810119979,0.9890279844757652,0.9084243666766876,0.8088627472046549,0.007577487339130297,0.002000802947803463,0.6542589438154615,0.99803538506659,DERMASON
12346,33896,695.663,257.40123245813254,168.24288395123347,1.5299383035584573,0.7568219214662097,34357,207.7443804494915,0.7257311694428982,0.9865820647902902,0.880157723721997,0.8070838607320268,0.007593852739501196,0.00198754323649876,0.6513843582541138,0.9965778800318132,DERMASON
12347,33903,684.459,256.87788020766806,168.50161790897326,1.5244831675529478,0.754795641199368,34340,207.76583040807316,0.7168562608364697,0.9872743156668609,0.909396161604214,0.8088116821896413,0.007576848072668143,0.002000128985010538,0.6541763372464373,0.9972808147436343,DERMASON
12348,33911,686.717,260.0619080311285,166.52629319775448,1.5616867645177086,0.7680971926097481,34270,207.79034193512,0.7425874830289493,0.9895243653341115,0.9036387861170512,0.7990033738822229,0.007668954263546592,0.0019280147990984472,0.6384063914751752,0.9969908119502923,DERMASON
12349,33912,693.109,267.6705998117817,161.51471484328232,1.657252096637154,0.7974322437704574,34248,207.79340567269892,0.752529735487307,0.9901892081289418,0.8870746962766158,0.7763026862823683,0.007893093884518214,0.001768281434452001,0.6026458607292214,0.9987361162232044,DERMASON
12350,33913,681.169,253.89063117418604,170.4536395753595,1.489499618821211,0.7411255994410882,34267,207.7964693651063,0.7376560664723539,0.9896693611929845,0.9184728516805108,0.8184487485973595,0.0074865282096596006,0.0020721738277549298,0.6698583540805839,0.9977537630672334,DERMASON
12351,33914,686.1200000000001,261.4687852753115,165.7378040779088,1.5776049811327426,0.7734377712198779,34254,207.79953301234414,0.7414354736450887,0.9900741519238629,0.9052920821485221,0.7947393521316254,0.007709759546951451,0.001897227749036928,0.6316106378265957,0.9964320883716661,DERMASON
12352,33915,677.6339999999999,250.36609925110963,172.8084791981289,1.4488067970557112,0.7235965691075759,34246,207.80259661441443,0.7965194109772423,0.9903346376219121,0.9281353384338314,0.8299949443474561,0.007382164212033308,0.0021610521753568,0.6888916076423369,0.9980708435868536,DERMASON
12353,33924,673.045,244.98190273195354,176.96552925611897,1.3843481482622286,0.6915154804557178,34219,207.83016700083667,0.768885564697083,0.991379058417838,0.9410847027136278,0.8483490604129793,0.007221492239475108,0.002307305197120437,0.7196961283035849,0.9963100025285629,DERMASON
12354,33935,677.702,245.7217137292285,176.72122921529942,1.3904481924458878,0.6948108062942734,34311,207.86385917370953,0.7357181571815719,0.9890414152895572,0.9284963117308994,0.8459319936322917,0.007240952224229512,0.0022872690157645626,0.7156009378507036,0.9950060305470929,DERMASON
12355,33938,689.146,256.47884248089275,168.7756584629124,1.5196435600768383,0.7529750651256761,34328,207.87304700037942,0.7727231329690346,0.9886390118853414,0.8979944031767851,0.8104880893474308,0.007557276282659342,0.002011553604865755,0.6568909429740488,0.9982400911633149,DERMASON
12356,33940,686.2349999999999,261.3401666656849,165.58943724915332,1.5782417707746703,0.7736473050225279,34309,207.87917199255776,0.7863762743280815,0.9892448045702293,0.9056824930208395,0.7954352162730645,0.00770006383811682,0.001901486939585557,0.632717183287377,0.9985806877510316,DERMASON
12357,33946,696.4859999999999,273.64327853392484,158.50308444836912,1.7264224193887,0.8151623724897342,34289,207.89754588638084,0.6675581601148454,0.9899967919741025,0.8793741371344502,0.7597392744313536,0.008061134700227563,0.0016566633006847894,0.5772037651134797,0.9964975206474803,DERMASON
12358,33950,686.105,258.5818308494615,167.7839638701927,1.5411593866593545,0.7609059761261632,34240,207.90979424682902,0.7205008488964346,0.9915303738317757,0.9062926838340825,0.8040386811549332,0.007616548773180014,0.0019635671613570855,0.6464782007933643,0.9963259474233442,DERMASON
12359,33950,704.074,259.7285286108143,167.2167874580062,1.5532443396333095,0.7651822707753526,34475,207.90979424682902,0.72688733781527,0.9847715736040609,0.8606231590516319,0.8004888618083531,0.007650324848624869,0.0019376744512107128,0.6407824178792326,0.995291663507464,DERMASON
12360,33952,682.496,254.47485961052976,170.34205861396208,1.4939050383747783,0.7429142565665005,34261,207.91591815647072,0.7873840445269017,0.990980998803304,0.9159568301377662,0.8170391309958207,0.0074951360629868565,0.002060301182948564,0.6675529415784062,0.9972607028058851,DERMASON
12361,33952,672.4979999999999,241.5281091583906,179.35725202259832,1.3466314098521035,0.6697421877258705,34273,207.91591815647072,0.7716363636363637,0.9906340267849327,0.9433942655862103,0.8608352828205288,0.007113810943637801,0.0024096963394747775,0.7410373841487,0.9979042173692786,DERMASON
12362,33956,689.029,254.52493399080035,170.1985613770544,1.4954587860876862,0.7435403119517536,34327,207.92816543466924,0.77748775014883,0.9891921810819472,0.8987758345331468,0.8169265076488917,0.00749572782397221,0.0020593279997907247,0.667368918899415,0.9980227133299708,DERMASON
12363,33958,677.1039999999999,253.68894763982837,171.0459697425207,1.483162380392312,0.7385168606403043,34241,207.93428880325786,0.8232441998593906,0.9917350544668672,0.9307674973639434,0.8196426795008425,0.007470668108835278,0.002079876094401133,0.671814122059321,0.9964094324546736,DERMASON
12364,33978,667.754,241.5791627215557,179.388618226141,1.346680548132747,0.6697722299836951,34287,207.99551257421723,0.7570855614973262,0.9909878379560767,0.9575791461635812,0.8609828357338626,0.007109869995925472,0.002410013064255476,0.7412914434283234,0.9982827673621698,DERMASON
12365,33982,679.63,246.63907466331491,175.9254104903147,1.4019525319049533,0.700868086677166,34355,208.00775516598003,0.7216547388986813,0.989142773977587,0.9245144795355179,0.8433690219197011,0.007257932866320844,0.0022649743519463283,0.7112713071337935,0.9971686099075673,DERMASON
12366,33988,684.781,253.5804923259968,170.99132317874918,1.4830021056735807,0.7384503289635909,34379,208.0261177027027,0.7637752808988764,0.9886267779749266,0.9108189754899398,0.8203553664343765,0.0074608830271271276,0.002084385712016086,0.6729829272376799,0.9980350981758498,DERMASON
12367,33999,678.536,247.01500874648573,175.4972649194269,1.407514862752383,0.7037253980262437,34365,208.05977814428908,0.7995061728395062,0.9893496289829768,0.927962057081236,0.8422960985250219,0.007265361003161438,0.00225577675713783,0.7094627175904734,0.9985793195772877,DERMASON
12368,34001,689.922,252.6455801796197,171.95915253999345,1.4692185699209037,0.7326236837050624,34510,208.06589763952252,0.8182562029215701,0.9852506519849319,0.8976386969689857,0.8235485358247588,0.007430533813111959,0.002108417319943039,0.6782321908591041,0.9964713295283343,DERMASON
12369,34003,687.389,261.6872274657742,166.07579127378102,1.575709653156942,0.7728122773984081,34364,208.07201695477877,0.6940804245764441,0.9894948201606332,0.9043195993637788,0.7951172052598261,0.007696004101572632,0.0018974470162882533,0.6322113701001963,0.9961815587024554,DERMASON
12370,34006,678.783,253.59998824684044,170.97345389376233,1.4832711305254425,0.7385619882412198,34347,208.08119559024053,0.8001411764705882,0.9900719131219612,0.9274777517545114,0.8205094843604867,0.007457507153056532,0.0020850086604728814,0.6732358139255119,0.9985912468315102,DERMASON
12371,34006,683.564,250.44662720933067,173.62106871322288,1.4424898375841917,0.720701242816788,34450,208.08119559024053,0.7641797752808989,0.9871117561683599,0.9145491481782767,0.8308404785037098,0.0073647776042266265,0.002164761165553008,0.6902959007202737,0.9957448217150209,DERMASON
12372,34006,683.253,262.56571056761004,165.21600084928832,1.5892268861242145,0.777213665241071,34321,208.08119559024053,0.7076180369144973,0.9908219457475015,0.9153818983211223,0.7924918876132537,0.0077211583416929375,0.0018786311643344791,0.6280433919328181,0.9981034441122821,DERMASON
12373,34010,681.989,257.8296400854518,168.64639157974568,1.528818005949064,0.7564080038096587,34410,208.0934331410842,0.7131474103585658,0.98837547224644,0.9188862571111616,0.8070966281150467,0.007580995003982705,0.0019843035293780845,0.6514049671146779,0.9958796428895775,DERMASON
12374,34014,679.8239999999998,250.37381084085058,173.33721721823787,1.4444319278855207,0.7215966689721985,34338,208.10566997230472,0.8138099339649727,0.9905643893063079,0.9248569965379198,0.8311798637142066,0.007360904652227041,0.0021671601615057814,0.6908599658439672,0.9979001923629266,DERMASON
12375,34014,681.258,252.92756044028516,171.41260115218068,1.4755482312279669,0.7353254062622496,34368,208.10566997230472,0.7473961766644693,0.989699720670391,0.9209675769434245,0.8227876377332843,0.007435984019529758,0.0021021768150697702,0.6769794968067185,0.9989158990907527,DERMASON
12376,34033,679.264,255.5729179048418,169.89338161723734,1.5043135610817193,0.7470614136530143,34312,208.1637850971484,0.7543945204264846,0.9918687339706225,0.9269000408419602,0.8144986049525585,0.007509561834244463,0.0020387113445325612,0.6634079774696641,0.9979736170374114,DERMASON
12377,34036,682.0419999999999,246.15630026167142,176.57251737229913,1.3940804827665025,0.6967452060918125,34425,208.17295968642517,0.7675273424286841,0.9887000726216413,0.9194458153020689,0.8456942173128665,0.007232233525140188,0.0022819474946201867,0.7151987091964218,0.9970445617905271,DERMASON
12378,34044,686.2520000000001,256.77413547969996,169.17053601926142,1.5178419453046137,0.752291742037824,34448,208.19742328127856,0.7792528840871635,0.9882721783557826,0.9084127048788506,0.8108192941330659,0.007542419676879919,0.0020108827785452117,0.6574279277384434,0.9978716847360999,DERMASON
12379,34045,681.927,252.16764971316968,172.3621002896619,1.463011005838239,0.7299300449745975,34400,208.2004810285236,0.7494606612952934,0.9896802325581395,0.919999158975757,0.8256431039641408,0.007406892339937426,0.0021231722360413375,0.681686535123541,0.9973149034174758,DERMASON
12380,34048,687.947,263.9556781528835,164.50605555526877,1.604534722213936,0.7820357037631845,34342,208.20965400082395,0.7694463276836159,0.9914390542193233,0.9040480381150998,0.7888053610281823,0.007752457652516549,0.001851392839225054,0.6222138975868009,0.9983638033220881,DERMASON
12381,34052,689.1229999999999,254.9727790148575,170.37164652076865,1.4965681451213528,0.7439857949509378,34445,208.22188400195057,0.7421970357454228,0.9885905066047321,0.9010709709591616,0.8166435837051346,0.00748774753362086,0.0020542872575714686,0.6669067428067652,0.9980713870512438,DERMASON
12382,34054,676.948,244.47303399043034,177.60841659095877,1.376472121551898,0.6871718382298035,34391,208.22799873314642,0.7840762571375944,0.9902009246605217,0.9338290429180072,0.8517421955883171,0.007178981440959369,0.0023306402628408486,0.7254647677456072,0.9985820279699509,DERMASON
12383,34078,688.5360000000001,246.7094369167244,176.3761518025385,1.3987686792992704,0.6992118912821745,34522,208.30136150655588,0.7256196235414359,0.9871386362319681,0.9032971878543334,0.8443185802287207,0.007239551526401913,0.002269430108710268,0.7128738649194426,0.9971456345403353,DERMASON
12384,34079,698.7520000000001,267.0506849132958,162.9277556241546,1.639074225814135,0.7923240393950856,34540,208.3044177280684,0.6754201680672269,0.986653155761436,0.8771029640288214,0.7800182867746595,0.007836224211781326,0.0017893930823341614,0.6084285277028748,0.9972595180078236,DERMASON
12385,34079,686.9490000000001,251.34052162369633,173.01453742242867,1.4527133116567459,0.7253625180049217,34519,208.3044177280684,0.7270962235971837,0.9872533966800893,0.9075022599359185,0.8287737145701439,0.00737523171524095,0.0021463438894924083,0.6868658699623944,0.9978191926170616,DERMASON
12386,34082,686.201,254.78424510838542,170.57464524851153,1.4936818114860404,0.7428241072291774,34426,208.3135861235743,0.7971092452697804,0.9900075524313019,0.9095618637580604,0.8176078000229471,0.00747562481979888,0.0020606648541107416,0.6684825146583635,0.9985001734416478,DERMASON
12387,34088,681.991,251.00424600252651,173.36092136040557,1.4478709736475486,0.7231707602170998,34437,208.33192170412153,0.807064895707555,0.9898655515869559,0.9209882686760127,0.8299936157335942,0.007363419561210001,0.002155551070772826,0.6888894021585252,0.9974229694387415,DERMASON
12388,34089,681.059,253.00280828847445,172.29096111901504,1.468462458188421,0.7322979387395578,34434,208.3349774773237,0.7673036666891755,0.9899808328977173,0.9235377511508038,0.8234492687519089,0.007421831332349862,0.002104932802258402,0.6780686982080534,0.9957184273912206,DERMASON
12389,34102,681.596,245.14699296719328,177.51134866111406,1.3810215223771527,0.6896932373947526,34442,208.374698451032,0.7831978319783198,0.9901283316880553,0.9224347342422268,0.8499989982700611,0.007188639756236974,0.002314728925289045,0.7224982970601074,0.9977856981208497,DERMASON
12390,34103,679.8130000000001,251.75157198213182,172.8562226316356,1.4564218062234633,0.7270218977400124,34433,208.3777535969309,0.7488581466842337,0.9904161705340807,0.9273069579152914,0.8277118270058731,0.007382094595259415,0.00213735180307209,0.6851068685654005,0.9978045829721215,DERMASON
12391,34106,677.755,247.01140348802153,176.30067341319835,1.4010803175385351,0.7004158845655455,34447,208.38691876587995,0.7190504300893912,0.9901007344616367,0.9330291049884729,0.8436327870829874,0.007242461839207809,0.0022629751130516327,0.7117162794414092,0.9971716707971146,DERMASON
12392,34114,693.111,267.6408727182276,162.73717062593124,1.6446204127109272,0.7939040610170541,34559,208.41135724594122,0.7182197145142953,0.9871234700078128,0.8923534898116766,0.778697794284047,0.007845484924612406,0.0017794071572098372,0.6063702548228401,0.9972488987423693,DERMASON
12393,34123,683.185,256.85958487109593,169.4770893677501,1.5156006385838598,0.7514373743720084,34498,208.43884711108427,0.7428863779853264,0.9891298046263551,0.9187141921187735,0.8114894650152478,0.007527461972015823,0.00201353821807663,0.658515151830733,0.9980459846318063,DERMASON
12394,34124,681.3899999999999,256.29530745233313,169.8436778083695,1.5090070514223373,0.7488961038086804,34452,208.44190131675228,0.7792290829375228,0.990479507720887,0.9235880095302409,0.8132880129126795,0.0075107052939964,0.0020269263530489977,0.6614373919474548,0.9981136885231094,DERMASON
12395,34125,680.111,255.10703783290504,170.53660511663242,1.4959078003132154,0.7437207732067252,34378,208.44495547766905,0.7133450395083406,0.99264064227122,0.9270921971328387,0.8170882200992055,0.0074756641123195616,0.002055442537728013,0.6676331594248875,0.9987176509314458,DERMASON
12396,34125,678.726,242.35548596023153,179.68169799685793,1.3488045174443397,0.671066370593641,34511,208.44495547766905,0.7843024592047805,0.9888151603836458,0.9308796836106066,0.8600793774145187,0.0071019922625708875,0.0023972542401565385,0.739736535453746,0.9977599807386374,DERMASON
12397,34129,680.157,244.01745477988658,178.75710632429937,1.365078344562104,0.6807038782221413,34572,208.45717167386294,0.7674266954488217,0.9871861622121948,0.927075455654606,0.8542715596386316,0.00714985656713899,0.00234888029539635,0.7297798976074199,0.9962067345206386,DERMASON
12398,34159,683.831,254.37550575041257,171.41433126465446,1.483980387600559,0.7388559949537062,34509,208.5487703358819,0.7489037972463387,0.9898577182763917,0.9179466535026528,0.8198461157675503,0.007446807744676734,0.002075292316625452,0.6721476535391396,0.9974539354238187,DERMASON
12399,34161,743.083,266.66177817018576,164.29042778326723,1.6231120812587287,0.7876676323323604,35013,208.5548754829239,0.7795043811610076,0.9756661811327221,0.7774380418190255,0.7820951203206274,0.007806029629407387,0.0018015580602989082,0.6116727772293367,0.9928134744980155,DERMASON
12400,34173,690.141,258.3663847135393,168.82883689067842,1.5303451085245527,0.75697194333064,34544,208.5915026127256,0.7174981103552532,0.9892600741083835,0.9016070791308306,0.8073476851255206,0.007560541500996087,0.0019814133368661804,0.6518102846775365,0.9974946808422644,DERMASON
12401,34174,679.386,240.1377494399524,181.9791528535634,1.3195893357806132,0.6524735247709854,34595,208.59455458323797,0.805382730015083,0.9878306113600231,0.9304059792922275,0.8686454131835614,0.007026913719200339,0.0024678258365993413,0.7545448538448402,0.9956893425017924,DERMASON
12402,34189,684.153,253.26573889610657,172.06314560043867,1.471934841202048,0.7337885732554449,34562,208.64032878365217,0.7264363420023797,0.9892078004745096,0.9178882087091862,0.8238000516494637,0.007407813591977144,0.0021045394324986436,0.678646525097659,0.9989234651519444,DERMASON
12403,34192,682.345,244.62126109155273,179.0717036168664,1.366052012410253,0.6812653608642101,34637,208.6494824186839,0.7072060891867296,0.9871524670150417,0.922839853945798,0.8529490915370357,0.0071543419832578595,0.0023358336068342936,0.7275221527538545,0.9938331008424424,DERMASON
12404,34197,685.626,251.9649499809838,173.05725967341786,1.4559629018538447,0.7268174513003458,34610,208.66473758473987,0.7404512385241642,0.9880670326495232,0.9141623182345435,0.8281498581468897,0.007368042517793484,0.0021378026608076515,0.6858321875487137,0.9985462219681952,DERMASON
12405,34236,692.679,260.98911449400265,167.20830888622172,1.5608621140447922,0.7678150323655087,34579,208.78368962529862,0.7106148034372535,0.9900806848086989,0.8966621530333081,0.7999708724637108,0.0076232361985629936,0.001925820636134806,0.6399533967903508,0.9988790118043327,DERMASON
12406,34241,683.44,251.44465888359585,173.77915832073495,1.4469206855031362,0.7227372665263907,34641,208.79893498597332,0.7448715438665188,0.9884529892324124,0.9212033676875241,0.8303971773074528,0.0073433795415903695,0.0021538685503588706,0.689559472080185,0.997737864037442,DERMASON
12407,34243,676.3919999999999,248.65492139625098,175.89716860343313,1.4136379986698535,0.7068187648983002,34555,208.80503281857497,0.8234261530322705,0.9909709159311243,0.9405561882615182,0.8397381867452681,0.007261481803470811,0.0022273098009417043,0.7051602222782308,0.9968412853629873,DERMASON
12408,34244,682.9609999999999,254.47378410086242,171.60173637324291,1.4829324544092513,0.73842140741693,34616,208.80808166809757,0.7644944522581654,0.9892535243817888,0.9225768309069796,0.8205484993508607,0.007431193321482958,0.002078046897651624,0.6732998397869495,0.9984581839686167,DERMASON
12409,34244,683.341,253.13035593583152,173.09705550807675,1.4623608425506718,0.7296453546548868,34667,208.80808166809757,0.78861432881192,0.9877981942481322,0.921551042263475,0.8249033621278926,0.007391962268888901,0.0021113089997811794,0.6804655568499013,0.9950861850417335,DERMASON
12410,34245,687.228,245.13861311611413,178.61318467552655,1.3724553064850136,0.6849169155941526,34664,208.81113047310396,0.7659874292616369,0.9879125317332103,0.9111824428629448,0.8518084026778636,0.007158376788322795,0.0023246736683193783,0.7255775548726136,0.9958227654513396,DERMASON
12411,34248,693.9870000000001,268.9561890612624,162.35016664041714,1.6566425192341359,0.7972641874816514,34549,208.82027662104522,0.7147657309819472,0.9912877362586472,0.8935984534794933,0.7764100069602059,0.00785319402771731,0.0017603158014983873,0.6028124989079472,0.9986448168166862,DERMASON
12412,34250,685.518,257.47835545634086,169.58535876515492,1.5182817510378468,0.7524588349332283,34605,208.82637383046068,0.7187526231847562,0.9897413668545008,0.9158676395406398,0.811044382586443,0.007517616217703383,0.0020064964518606743,0.6577929905250246,0.9987150934747561,DERMASON
12413,34254,694.4399999999999,267.65669897490346,163.38864206474403,1.6381597618569006,0.7920616759202039,34608,208.83856771525288,0.7499507389162562,0.9897711511789181,0.8925893497398201,0.7802478642047155,0.007813881560544855,0.0017863927230541141,0.6087867295960201,0.9972899239766577,DERMASON
12414,34258,682.821,256.7804102141864,170.33031908135683,1.5075437631954263,0.7483264227547661,34594,208.8507608880973,0.7383189655172414,0.990287333063537,0.9233325172712483,0.8133438244525356,0.007495487483629704,0.0020233748152416638,0.661528176775077,0.997282677075309,DERMASON
12415,34260,674.0239999999999,234.00357458260072,187.30589152079418,1.2493124091434267,0.5994124836729425,34667,208.85685720757812,0.7378690960780513,0.9882597282718435,0.947646801576082,0.8925370374368102,0.00683022692885583,0.0026737443737424433,0.7966223631964781,0.9952302037425218,DERMASON
12416,34266,678.4219999999999,251.6232371254852,173.66648914052377,1.4488876833450697,0.7236333226827709,34595,208.87514509844172,0.762669990429344,0.9904899551958376,0.9355638423222485,0.8301107142750696,0.007343233442055833,0.002150855205277876,0.6890837979542663,0.998405027648579,DERMASON
12417,34266,693.326,269.6465006385251,162.11418238357984,1.663312220275164,0.7990910414280805,34595,208.87514509844172,0.701424711373127,0.9904899551958376,0.8957736871345633,0.7746258327247848,0.007869214400237117,0.0017477489297305284,0.6000451807245665,0.9980624818163906,DERMASON
12418,34270,692.8249999999999,264.45289851241506,165.4606458600937,1.598282764688498,0.7800866326013065,34591,208.88733613619095,0.7897223182394285,0.9907201295134572,0.8971743889652384,0.7898848426741085,0.007716746382037207,0.001852973080921276,0.6239180646863011,0.9971974893659186,DERMASON
12419,34276,692.661,251.54327975252315,173.92226616443372,1.4462971607942545,0.7224522267360899,34754,208.90562135888644,0.7305200341005967,0.9862461874892099,0.8977564356386338,0.8304957364172675,0.007338758307635755,0.002153535209112329,0.6897231682072595,0.9975446599121777,DERMASON
12420,34278,680.2149999999999,249.99119301050018,175.04670143308255,1.428139981866883,0.7139354966840623,34637,208.91171607746634,0.7520073713307884,0.9896353610301123,0.9309640895013378,0.8356763034795853,0.0072930507325544135,0.0021940238647733586,0.6983548841973041,0.9973485316541868,DERMASON
12421,34282,682.207,247.22020987445285,177.33968850263602,1.394048968743836,0.6967285110987802,34694,208.92390498124155,0.7852218328408804,0.9881247477950078,0.9256433213467266,0.8450923372621538,0.007211370686495912,0.0022688941650983075,0.7141810584992099,0.995603368097205,DERMASON
12422,34283,692.028,256.30553281264156,170.97655963236022,1.4990682545242382,0.7449851644180446,34703,208.9269520960749,0.7097047985757463,0.9878972999452497,0.8995832270072281,0.8151480375915247,0.007476169903819431,0.002036127055648962,0.6644663231893138,0.9960803712935431,DERMASON
12423,34286,680.5949999999999,250.88248353152514,174.1883365867885,1.4402943873714769,0.7196832863149478,34624,208.9360931739411,0.7624363450376926,0.9902379852125693,0.9301418313592581,0.8328046272217599,0.007317344791796218,0.0021712298461066927,0.6935635471219742,0.9989356842052323,DERMASON
12424,34288,685.929,254.6030427394577,171.9706282510699,1.4805030680457125,0.7374093756524691,34680,208.94218700367634,0.786873207114171,0.9886966551326413,0.9157853434592527,0.820658640821872,0.007425427051430754,0.002077549523240154,0.6734806047556025,0.9970901016099514,DERMASON
12425,34290,684.886,254.44729110365685,172.11700757644823,1.4783390362549758,0.7365025011425094,34574,208.94828065568936,0.7984817436661699,0.9917857349453346,0.9186303119185294,0.821184928907606,0.007420451767385735,0.0020814883771589016,0.6743446874649899,0.996910075370656,DERMASON
12426,34291,680.9029999999999,250.31403203604583,174.67302891765857,1.4330434045089164,0.7162774814370011,34664,208.9513274150549,0.7578121546961326,0.9892395568889915,0.9294360619107901,0.8347567482152395,0.007299700563881071,0.0021863745464967346,0.6968188286908806,0.9985716265930951,DERMASON
12427,34291,687.1819999999999,257.96863321553053,169.9776055249905,1.5176624733521344,0.7522235038677333,34674,208.9513274150549,0.6939250445199935,0.9889542596758378,0.9125285565774626,0.8099873415248818,0.007522925351128008,0.0019974662142453717,0.6560794934305454,0.995707226715417,DERMASON
12428,34304,690.332,261.59085354805086,167.31152057576475,1.5634957631599133,0.768714230412535,34717,208.9909312448629,0.6935144751738638,0.9881038108131462,0.9045625781551436,0.7989229302563287,0.007625666206508013,0.0019163600070165841,0.6382778484893586,0.9979447118319373,DERMASON
12429,34305,677.7029999999999,242.44436537168949,180.554565158812,1.3427761583233329,0.6673706143256262,34672,208.99397738245892,0.739969801553063,0.989415089986156,0.9386171201981484,0.8620286021580743,0.007067318623282014,0.0024072496828266513,0.7430933109386036,0.9978079813379042,DERMASON
12430,34306,686.3459999999999,255.7241207444486,171.23374573058615,1.4934212859350573,0.742718829994964,34714,208.9970234756574,0.7136972622118665,0.9882468168462292,0.9151530540020982,0.8172753624774929,0.007454209780926036,0.002051421964263852,0.6679390181127174,0.9975143473560939,DERMASON
12431,34315,686.338,254.64756882925124,172.46753318269307,1.476495686637471,0.7357259800854414,34715,209.02443631687447,0.716687552213868,0.988477603341495,0.9154144795154456,0.8208381382860622,0.007420882087403504,0.00207809501480128,0.6737752492649286,0.994826249302754,DERMASON
12432,34322,682.4559999999999,250.1151061914274,175.19929769185688,1.4276033607813516,0.7136772588871344,34696,209.0457549303507,0.7940312319259688,0.9892206594420107,0.9260472327926251,0.8357981975321236,0.007287311525885071,0.0021935766736524897,0.6985586269979469,0.9972646436050755,DERMASON
12433,34326,681.2099999999999,256.3253623196605,170.96764467957775,1.4992624060538327,0.7450625076047471,34649,209.05793601913132,0.7373689637394741,0.9906779416433374,0.9295463134651757,0.8155959836639868,0.007467382226873521,0.0020382077958257814,0.6651968085688261,0.9973045677142292,DERMASON
12434,34343,691.87,252.13285726444946,173.9987886824445,1.4490494972617487,0.7237068245455461,34794,209.10969773025758,0.7066460905349794,0.9870379950566189,0.9015692578963909,0.8293631381447955,0.007341608399512258,0.0021426433807940647,0.6878432149133831,0.9967188647651425,DERMASON
12435,34344,680.961,244.9924156668232,179.1819178616388,1.3672831421304585,0.6819729375826645,34684,209.1127421377866,0.7308944646619422,0.9901972090877638,0.9307140286304975,0.853547819301349,0.007133485198777755,0.0023355703629385086,0.7285438798340883,0.9961257651994675,DERMASON
12436,34359,691.867,264.79054972530025,165.64433633320786,1.5985487677203236,0.7801701258293,34741,209.15840293317277,0.8076299273676045,0.9890043464494401,0.9019971106524859,0.789901313132808,0.007706584875150623,0.0018506874151237452,0.6239440844889345,0.9974050473861718,DERMASON
12437,34361,684.072,254.8947793165491,172.0663133342099,1.4813752580463488,0.7377734446299623,34688,209.16449028610216,0.7151390276390276,0.9905731088560885,0.9227244520300366,0.8205915038626377,0.007418142059793053,0.002074832170344049,0.6733704162115453,0.9975142740761552,DERMASON
12438,34366,672.8230000000001,242.7083007811962,181.0421903313144,1.3406173463601514,0.6660299451160498,34666,209.1797078934011,0.7584973956034254,0.9913459874228351,0.9539754346961306,0.8618564227928016,0.007062454192550666,0.0024036714026774313,0.7427964935092044,0.9958058640139351,DERMASON
12439,34370,685.873,250.18865498009288,175.36131733190507,1.4267037838599415,0.7132434919892814,34778,209.19188118219964,0.726546315477952,0.9882684455690379,0.9181253581458099,0.8361365594249056,0.0072792742211257744,0.002194707739181725,0.699124346006919,0.9974433498366782,DERMASON
12440,34374,693.3960000000001,262.7596270742986,167.54985689567835,1.5682473977754618,0.7703224954586821,34808,209.20405376265174,0.796579532814238,0.9875316019305906,0.8984155757384351,0.7961803572795324,0.007644138798926473,0.001894759800865565,0.6339031613177639,0.9941169831782222,DERMASON
12441,34375,693.759,260.28122220944414,168.73298210502884,1.5425628052222211,0.761408986711646,34707,209.20709679710012,0.8169934640522876,0.9904342063560665,0.8975017632831203,0.8037732995919104,0.007571817373365648,0.0019494593990000838,0.6460515171368667,0.9965750405927172,DERMASON
12442,34385,724.4150000000001,255.49044104301544,172.20203318657246,1.4836668087780593,0.7387260742700638,35199,209.23752470749255,0.770618556701031,0.9768743430211085,0.8233870341837978,0.8189642001998206,0.007430287655751503,0.002061792999101435,0.6707023612089321,0.9950988318947656,DERMASON
12443,34397,690.4539999999998,261.0256485242646,168.16341619803887,1.552214235567538,0.7648225784669727,34818,209.2740323600981,0.7493899782135076,0.9879085530472744,0.906694393963841,0.8017374290352323,0.007588616696928937,0.001934064778674316,0.6427829051160242,0.9977367757005509,DERMASON
12444,34397,681.261,248.86581603807838,176.33137675453565,1.4113529912745775,0.7056706859677813,34709,209.2740323600981,0.7251855287569573,0.991010976980034,0.9313295333024034,0.8409111210680601,0.007235102364685245,0.0022316435453176467,0.7071315135359417,0.9980121768534708,DERMASON
12445,34399,685.187,254.2447117632337,172.49561306708577,1.4739198710192976,0.7346346352759726,34762,209.28011634970213,0.7530099382689024,0.9895575628559922,0.9207409365345423,0.8231444221526031,0.007391049500370177,0.0020931002625989756,0.6775667397209428,0.998679081616458,DERMASON
12446,34402,687.4839999999999,251.7270771296337,174.2104338635885,1.4449598198391655,0.721839245213804,34827,209.28924200249534,0.7465549792756233,0.9877968243029833,0.9146782774228205,0.8314133083693502,0.007317222171084056,0.002156720627773685,0.6912480893336683,0.9988257146277449,DERMASON
12447,34404,689.6500000000001,258.63947046916155,169.81816045054464,1.523037758641155,0.7542541801276402,34737,209.29532554997147,0.79838485101643,0.9904136799378185,0.9089946390994635,0.8092164941813336,0.007517715104905289,0.0019884951298548225,0.6548313344551283,0.997332847916535,DERMASON
12448,34406,677.7419999999998,243.3148258932051,180.5601345269781,1.3475556303202167,0.6703064641075936,34818,209.30140892062337,0.7922538454453348,0.9881670400367626,0.9412722368242209,0.8602082020784431,0.007071871937836572,0.002388517718114717,0.7399581509230277,0.9971347724776628,DERMASON
12449,34408,703.479,249.07702498262628,176.31586338101317,1.4126750719212284,0.7063358586222152,34916,209.30749211446656,0.7603977900552487,0.985450796196586,0.8737094206211619,0.8403323916730828,0.0072389277197926725,0.0022266831370179817,0.7061585284950035,0.997572550029468,DERMASON
12450,34413,692.2399999999999,260.3677664897037,169.13865362974352,1.5393747135983897,0.7602638458022107,34875,209.32269932563727,0.8018127169784943,0.986752688172043,0.9024414134940416,0.8039501284960902,0.007565971187914558,0.0019496689788295759,0.64633580910888,0.9949530010353657,DERMASON
12451,34432,676.666,241.828840979358,181.66087987226538,1.3312103362562135,0.6600791118311523,34759,209.38047665511013,0.8037348272642391,0.9905923645674501,0.9449817103521664,0.8658209492596559,0.007023374796101243,0.002434658014235715,0.7496459161768918,0.9979363921469373,DERMASON
12452,34432,692.106,245.36117104115615,178.974900766717,1.370925029096508,0.6840506736996497,34914,209.38047665511013,0.7452813852813853,0.9861946497107178,0.9032893403656715,0.8533562004396745,0.007125963378286366,0.00233101325136646,0.7282168048288381,0.998330644348541,DERMASON
12453,34437,687.782,259.79557388660754,169.10827588155232,1.5362676517888154,0.7591392660832342,34798,209.39567856583096,0.792876384316073,0.9896258405655497,0.9148156029817327,0.8060017167853116,0.0075440826403753965,0.001963948373724974,0.6496387674608698,0.9980190237980906,DERMASON
12454,34440,690.948,255.68582317706702,171.96062059521924,1.4868859061571418,0.7400548127043091,34855,209.40479918253783,0.7827272727272727,0.9880935303399799,0.9065302041209203,0.8189926081178198,0.007424094749624478,0.0020603604120512406,0.6707488921516289,0.9973270743107738,DERMASON
12455,34444,686.3589999999999,249.65696955641832,175.86232219004228,1.4196160180725423,0.7097875274547357,34799,209.4169593869082,0.7872914285714285,0.9897985574298112,0.9187995608527958,0.8388187990865741,0.00724819909291657,0.0022135151404086037,0.7036169777010421,0.9988659321321902,DERMASON
12456,34445,676.892,246.66154229165795,177.9715268016239,1.385960702391453,0.6923923658541661,34792,209.41999932767328,0.7417416770748094,0.9900264428604277,0.9447073417491231,0.8490176351855067,0.007161026049982812,0.002295207006937979,0.7208309448559901,0.9990433626381029,DERMASON
12457,34445,691.289,265.11409910210705,165.75724100915494,1.5994118717713486,0.7804406893529039,34834,209.41999932767328,0.7374855478953454,0.9888327496124476,0.9057675560088356,0.7899240366202345,0.007696736800757934,0.0018485351582578106,0.6239799836304055,0.9980009935661625,DERMASON
12458,34446,683.254,255.64262605473405,171.8799838782435,1.4873321505302584,0.7402381398031868,34839,209.42303922431125,0.7025208027410671,0.9887195384482907,0.92722321273749,0.81920234687103,0.007421547525249203,0.002061764164359061,0.6710924851190034,0.9981374290967427,DERMASON
12459,34460,677.8009999999999,245.4575489982609,179.07222479619702,1.3707181517268652,0.6839332598894228,34864,209.46559314496903,0.7578289936664321,0.9884121156493805,0.9425854392773461,0.8533679000699755,0.007122970081203161,0.0023301618803930504,0.7282367728698399,0.9982073633276839,DERMASON
12460,34465,699.267,265.8142324549378,165.6411923405515,1.6047592310760153,0.7821051820519953,34941,209.48078887883102,0.7744943820224719,0.9863770355742537,0.8857314795396153,0.7880721319703726,0.007712584722325193,0.0018350317844379321,0.6210576851883284,0.996648053336672,DERMASON
12461,34468,694.399,257.61133009939095,170.69106370844418,1.5092256413576195,0.7489810249460721,34876,209.48990579006804,0.7208315034401991,0.9883014107122376,0.8982718185882371,0.8132014446307279,0.007473927413815451,0.0020161424060532954,0.661296589549503,0.9980457694904549,DERMASON
12462,34470,692.984,252.37064379685924,174.28385822407117,1.4480437050710364,0.7232494357283918,34909,209.49598351047462,0.780287939152481,0.9874244464178292,0.9019962509342244,0.8301123314449531,0.007321457609424405,0.002144493709268714,0.6890864828169757,0.9978273436926627,DERMASON
12463,34470,686.028,257.2430524825115,171.16924231319052,1.502857925910723,0.746487986108605,34893,209.49598351047462,0.7848360655737705,0.9878772246582409,0.920380617373682,0.8143892769454564,0.0074628097616046265,0.002024931425545095,0.6632298944037434,0.9967403035055977,DERMASON
12464,34477,689.281,259.2898002812684,169.67102435518117,1.5281914001914882,0.756175994947911,34823,209.5172541435053,0.7128649408651063,0.9900640381357149,0.9118989553382295,0.808042791950275,0.007520660158403237,0.0019777580881329177,0.6529331536227955,0.9978068302662639,DERMASON
12465,34479,690.562,255.6060841682011,171.99247541405282,1.4861469000481433,0.7397507491939489,34865,209.52333107060815,0.7682486631016042,0.9889287250824609,0.9085716312356028,0.8197118302267473,0.007413384499788309,0.0020646246120048627,0.6719274846136839,0.9985829483157729,DERMASON
12466,34486,688.958,253.0245275939757,173.74640071887552,1.4562864413138172,0.726961617406985,34886,209.54459892761926,0.7192825112107624,0.9885340824399472,0.9129924645173653,0.8281592338900521,0.007337021620192998,0.002128898499172835,0.6858477166773581,0.998790730603277,DERMASON
12467,34488,690.389,259.9012976208726,169.33938807674122,1.5347953041089917,0.7586033876723676,34867,209.5506750617289,0.7127976190476191,0.9891301230389766,0.909264316082911,0.8062702148082694,0.007535992160196955,0.001964457630471319,0.650071659286973,0.9977269300079863,DERMASON
12468,34494,684.366,253.70054544586299,173.45451844371067,1.4626343996232862,0.7297651982872324,34824,209.56890240704774,0.7746586417535034,0.9905237767057202,0.9255003186703391,0.8260482926386437,0.007354918114624659,0.0021124155521419826,0.6823557817712183,0.998037039200424,DERMASON
12469,34495,706.9929999999999,265.91856633320936,166.440770742854,1.597676850127338,0.7798962585642436,34924,209.57194014380704,0.7527057693986209,0.9877161837132058,0.8672329807039092,0.788105708576974,0.0077089017635370155,0.0018344681134204247,0.6211106078916144,0.9923340395969504,DERMASON
12470,34495,683.225,253.37458697255164,173.69328999318103,1.458747122485266,0.7280540071456019,34812,209.57194014380704,0.7975722543352601,0.9908939446167988,0.9286210299863741,0.8271229670184335,0.007345255456516934,0.0021206401909473274,0.6841324025693766,0.9979761736470095,DERMASON
12471,34495,681.8369999999999,252.07590462760257,174.6429682715606,1.4433784945503094,0.7211115563115377,34808,209.57194014380704,0.771631173944166,0.9910078142955643,0.9324056233956872,0.8313842628212023,0.007307607033703509,0.0021535856366203493,0.6911997924667538,0.9976629158841493,DERMASON
12472,34501,689.51,255.8988438913292,172.10938630051749,1.48683839616108,0.7400352821432808,34873,209.59016563977386,0.7769095658439921,0.9893327215897686,0.9119277024250038,0.8190352189663627,0.007417142804305069,0.002058859504850269,0.6708186899072777,0.9973989850166138,DERMASON
12473,34506,679.7369999999999,246.0529156178678,178.6716941407774,1.377123090487965,0.6875347240484933,34887,209.60535234251898,0.7605130917746628,0.9890790265715023,0.9384748988051733,0.851871036830331,0.007130728441948293,0.0023163760780563107,0.7256842633903832,0.9993565555186468,DERMASON
12474,34509,688.3459999999999,250.95474976802484,175.30874226113394,1.4315016269651355,0.715544511842357,34900,209.61446383602856,0.73007108403148,0.9887965616045845,0.915226639023028,0.8352679677503214,0.007272153634356975,0.0021834643969919194,0.6976725779497521,0.9987194304240304,DERMASON
12475,34509,695.555,270.4299670830341,163.12320207780425,1.6578264994703094,0.7975904007057336,34931,209.61446383602856,0.7978221667360245,0.9879190403939194,0.8963534301081693,0.7751155173260349,0.007836505464749314,0.0017448894974890355,0.6008040651996067,0.9960289002773954,DERMASON
12476,34513,690.5759999999999,257.99159323804355,170.6310975023703,1.511984608986411,0.7500488845678899,34852,209.6266118779881,0.7885261257967968,0.9902731550556639,0.9094307057481859,0.8125327234386662,0.007475200453105889,0.002009861114648633,0.6602094266586562,0.998226491815631,DERMASON
12477,34514,694.842,245.7206579169645,180.43110690719766,1.3618530758299214,0.6788320164390799,34944,209.62964877848125,0.8129357452421331,0.9876945970695971,0.898324067884725,0.8531217951130533,0.007119448858925784,0.0023263244561227744,0.7278167972969185,0.9911795440394909,DERMASON
12478,34516,685.7139999999999,254.8207466414403,172.84764223663163,1.4742506368272352,0.7347751881956729,34861,209.6357224474848,0.7966578959516226,0.9901035541149135,0.9224530932826192,0.8226791782478543,0.007382684744508063,0.002086008667688278,0.6768010303225648,0.9977743499583702,DERMASON
12479,34518,714.2819999999999,270.0853827934877,163.92914509532764,1.6475739114995591,0.7947376944428263,35168,209.64179594052408,0.6641269841269841,0.9815172884440401,0.8501901644529632,0.7762056345745303,0.007824479482979539,0.0017520334071596064,0.6024951871452494,0.9926553521445576,DERMASON
12480,34531,687.0909999999999,257.25434191408107,172.29825434465403,1.4930757301782438,0.7425790843443089,34931,209.68126935720773,0.6987817710862878,0.988548853453952,0.9191586947122564,0.815073781834314,0.007449953430658859,0.0020282478068472326,0.6643452698336909,0.9919177988474004,DERMASON
12481,34550,742.826,269.68972341144917,164.1357363087911,1.6430896127585384,0.7934698719848624,35311,209.7389479104915,0.7813206693803709,0.9784486420662116,0.7868350964022327,0.7777046350057083,0.007805780706554245,0.001761387289535808,0.604824499309362,0.9937808523570966,DERMASON
12482,34561,698.7259999999999,266.74261058211556,166.0575845211578,1.606325970302966,0.7825890556613079,34928,209.77233350847763,0.7003242147922999,0.9894926706367384,0.889574563565958,0.7864222857033939,0.007718023511533681,0.0018209964882187775,0.6184600114509504,0.9934483779875314,DERMASON
12483,34563,697.5079999999999,267.78151698644024,164.74663118824836,1.625414219732716,0.7883493927694322,34954,209.77840304636086,0.7798158927846216,0.9888138696572638,0.8927357141997468,0.783393885459927,0.0077476352453907426,0.001799988120190201,0.6137059797760014,0.9975264262629111,DERMASON
12484,34566,690.139,252.0327181453441,175.30301689364197,1.4376975514246555,0.7184713189982358,35009,209.78750702393037,0.7409328646145932,0.9873461110000286,0.9119811233280299,0.8323820358234146,0.007291347513317829,0.002159127832622255,0.6928598535615323,0.9961229149458604,DERMASON
12485,34568,694.693,262.1689290718958,168.34668320178793,1.557315677895764,0.7665952871638331,34921,209.79357612282865,0.8084758051313236,0.9898914693164571,0.9001155651929212,0.8002228824961024,0.0075841509220057795,0.0019183621330554712,0.640356661670371,0.9972374686642621,DERMASON
12486,34570,693.587,263.30232548894855,168.13580441345974,1.5660098478576672,0.7695674039746813,34900,209.79964504615964,0.7533559972105998,0.9905444126074499,0.9030407627474631,0.7968013372330258,0.007616497699998512,0.0018938051581022313,0.6348923710163382,0.9942477053412893,DERMASON
12487,34571,688.483,260.9495938037309,168.94425371330152,1.5445899346571592,0.7621325444425674,34882,209.80267944199213,0.7915693547648487,0.9910842268218566,0.916506108467586,0.8039969573579481,0.00754822231939287,0.0019455485221624683,0.6464111074408383,0.9984400902037064,DERMASON
12488,34572,696.203,268.5661805902126,164.15710017188766,1.6360314619897582,0.7914490151853829,34903,209.80571379393854,0.7604760124062383,0.9905165745064894,0.8963189690559704,0.7812067525883583,0.007768314838314607,0.0017847218293494387,0.6102839902896483,0.9984438088625168,DERMASON
12489,34584,704.813,272.44836338099384,161.97222272290014,1.6820684361854734,0.8040910762108112,34940,209.842122594871,0.6781708369283865,0.9898111047510018,0.8748574103666823,0.7702087837519002,0.00787787310261953,0.0017101043523641004,0.5932215705685814,0.9978392795177841,DERMASON
12490,34585,709.382,266.1923934265268,165.7113517308878,1.6063618493609197,0.7826001165137677,35082,209.8451563764711,0.8018408606139293,0.985833190810102,0.8636490810093851,0.7883213854282864,0.00769675852035642,0.0018335841940488936,0.621450606723573,0.9982745459029443,DERMASON
12491,34588,688.803,257.7617533775282,171.50784083614886,1.5029152726829706,0.7465106169623157,34938,209.85425745812213,0.7069885330008381,0.9899822542790085,0.9161050019206807,0.8141404017793175,0.007452346287080149,0.0020196216537605918,0.6628245938093884,0.9961692051460163,DERMASON
12492,34589,685.425,253.00123184315203,174.6093576389006,1.44895574477955,0.7236642426126173,34965,209.85729106429574,0.7843310657596372,0.9892463892463893,0.9251837345395532,0.8294714201012138,0.007314499749722514,0.0021358468037243395,0.6880228367647243,0.99691464186977,DERMASON
12493,34590,690.7509999999999,251.56889144160772,175.4644571851607,1.4337313406790813,0.7166035262841435,34995,209.86032462661748,0.741956241956242,0.9884269181311616,0.910997911638913,0.8342061827438974,0.0072728791975023915,0.00217259989377484,0.6958999553281447,0.9977335759311339,DERMASON
12494,34591,682.8759999999999,244.4706608342975,180.66847648723876,1.353145084231478,0.6736845240208698,34925,209.8633581450893,0.8085598747107361,0.990436649964209,0.9321574659823983,0.8584398529823378,0.0070674643934635455,0.0023674612422728853,0.7369189811883377,0.997158296871868,DERMASON
12495,34594,691.238,248.47440932329744,179.34291547912346,1.3854710048595216,0.6921265159561342,35137,209.8724584374239,0.7633611368551128,0.9845462048552808,0.9098199073317312,0.8446441587646661,0.0071825868452129685,0.002255047947900428,0.7134237549352707,0.9884279266408226,DERMASON
12496,34594,692.4290000000001,255.71157560861658,172.70592182134607,1.4806184577338055,0.7374575887951698,34963,209.8724584374239,0.7705363506771205,0.989445985756371,0.9066927604323789,0.8207389827304787,0.007391789778823397,0.0020689481953473743,0.6736124777734612,0.9973630679511893,DERMASON
12497,34594,700.567,270.9278385487377,163.20905122471598,1.6600049845011848,0.7981884531358691,35021,209.8724584374239,0.7708110516934046,0.9878073156106336,0.8857502687975541,0.7746433868207661,0.007831642439403878,0.0017395618889728742,0.600072376745147,0.9961231364584168,DERMASON
12498,34606,689.113,260.465627647812,169.5584685101295,1.5361404826102902,0.759093057048357,34986,209.9088556614633,0.7666371289322109,0.9891385125478763,0.9157572838730701,0.8058984886301046,0.007526603122227707,0.0019583943351945054,0.6494723739762869,0.9976808060019844,DERMASON
12499,34606,685.5699999999999,255.53890749576405,172.89194826990015,1.478026652211961,0.73637116965134,34927,209.9088556614633,0.709793867295662,0.9908094024680046,0.9252469402358199,0.82143599077938,0.007384237054145641,0.002073864140774423,0.6747570869477019,0.9973089582776068,DERMASON
12500,34613,691.6519999999999,254.86571282973628,173.36858584057495,1.4700801278041449,0.7329940680606771,35013,209.9300844612753,0.7585579662502739,0.9885756718932968,0.9092301578376841,0.8236890012801356,0.007363294508702981,0.0020907639420993185,0.6784635708298673,0.9973958129160276,DERMASON
12501,34618,693.4659999999999,256.5277852501422,172.4546607254159,1.4875085670116415,0.7403105575975779,35016,209.94524657548658,0.6994383157554451,0.9886337674206077,0.9046102239740816,0.8184113325999652,0.007410242799992552,0.0020506839795237327,0.669797109328051,0.9963289382851088,DERMASON
12502,34625,684.401,246.6660148546153,179.6733465621708,1.3728581315719168,0.6851442790896277,35064,209.96647169597102,0.7348259762308998,0.9874800365046772,0.9289201320318897,0.8512176751212568,0.007123928226848095,0.002307075620417976,0.7245715304388376,0.9947339174684668,DERMASON
12503,34627,686.7529999999999,254.37727653703206,173.89021085989535,1.462861395584745,0.729864577824329,35009,209.97253562202957,0.7181640949062552,0.9890885200948327,0.9226215629331191,0.8254374702036796,0.0073462118155494865,0.0021036812062891516,0.6813470172162505,0.9967162484824673,DERMASON
12504,34629,698.6080000000001,262.35669261886335,168.4610467758944,1.557373040474332,0.7666150980064005,35042,209.9785993729693,0.7556957053072626,0.988214143028366,0.8916259612375037,0.8003554141384687,0.007576213365065793,0.0019176242288382456,0.6405687889407599,0.9976045624656318,DERMASON
12505,34644,690.13,238.1640436348007,185.65289928163435,1.282845808260216,0.6263811839326405,35094,210.02407192463673,0.7978076639646279,0.9871772952641478,0.9140628969386377,0.8818462632700609,0.006874611581653409,0.002564480753376162,0.7776528320433695,0.9976086758685225,DERMASON
12506,34649,690.897,246.54414133706265,179.66034170023954,1.3722791518921726,0.684817403328075,35072,210.03922725416948,0.802691933466154,0.9879390967153284,0.9121661572786858,0.8519335568676706,0.007115476387112548,0.002312100164731144,0.7257907853172005,0.9959875633262419,DERMASON
12507,34650,699.603,263.1405922010564,168.54587520071584,1.5612401780090481,0.7679444581145632,35039,210.04225818885442,0.6905829596412556,0.9888980849910101,0.8896307312942628,0.7982130633360002,0.007594245085167573,0.0019016898815898576,0.6371440944802416,0.9947349594837461,DERMASON
12508,34653,697.633,258.9204542705548,170.68792039192675,1.5169231289246012,0.7519420721678018,35094,210.05135073050016,0.747863432320442,0.9874337493588647,0.8947396247346545,0.8112582349751726,0.0074718048731871635,0.0019963733219884386,0.6581399238150324,0.9983476725036976,DERMASON
12509,34655,703.588,265.5994588399552,167.12416299312693,1.5892343398056579,0.7772160545316236,35158,210.0574122062753,0.7073170731707317,0.9856931566073156,0.8797087661652363,0.7908804224365968,0.007664102116287844,0.0018496278062412625,0.62549184259349,0.9940531155178894,DERMASON
12510,34664,711.185,274.42161570552764,161.3739600899132,1.7005322020518512,0.8088237061313032,35096,210.08468668301288,0.8024074074074075,0.9876909049464326,0.8612383571120847,0.7655544412669281,0.007916617115899137,0.0016773501237137918,0.5860736025435185,0.9966370338977907,DERMASON
12511,34673,682.498,246.26916685424922,179.9276171965233,1.368712433874258,0.6827910959260408,35091,210.11195761927092,0.7797117092806225,0.9880881137613633,0.9354024810888804,0.8531801211786394,0.007102620680479024,0.0023214604876823962,0.7279163191743978,0.9963081168739814,DERMASON
12512,34676,692.1479999999999,255.5587738579877,173.0571662765276,1.4767303738790625,0.7358250505193068,35080,210.12104714482197,0.8000184569952011,0.9884834663625998,0.9095800402646055,0.8222024388862691,0.007369903502652777,0.002077574503905462,0.6760168505105291,0.9982946164029599,DERMASON
12513,34681,693.865,257.8931422201569,172.46203605307866,1.495361809023205,0.7435013092398269,35083,210.13619548036024,0.6908565737051793,0.9885414588262121,0.9052145227439966,0.8148188574203041,0.007436150694044488,0.0020219584662626374,0.66392977040773,0.9928152225412642,DERMASON
12514,34685,683.0790000000001,240.2491098576847,184.072039528225,1.3051906768319677,0.6426360662180042,35104,210.14831336258476,0.7466847498493068,0.9880640382862352,0.9341351085942042,0.874710060266485,0.006926599678756947,0.002501245596692635,0.7651176895313979,0.9986244750555967,DERMASON
12515,34690,700.9159999999999,271.78131324403944,162.95596161004542,1.667820621956831,0.8003111841226682,35074,210.16345973280605,0.7063015372085921,0.9890517192222159,0.8873239751670616,0.7732814932132397,0.007834572304526936,0.0017280070953347084,0.5979642677460977,0.9972971369402578,DERMASON
12516,34691,681.9949999999999,250.99608806585286,176.193388113459,1.424548848020477,0.7121999793199716,35026,210.1664888758613,0.769065354260885,0.990435676354708,0.9372691048722441,0.837329738863184,0.0072351932220418224,0.0021938956176295213,0.7011210915846878,0.9987812433398264,DERMASON
12517,34697,703.876,258.29651283809346,171.4685928354968,1.5063779819193914,0.7478710654044287,35135,210.1846628174281,0.6967828741264359,0.9875337982069162,0.8800543124459738,0.8137340318999078,0.007444347143502132,0.0020134288961270123,0.6621630746720801,0.9974678761260675,DERMASON
12518,34715,690.456,250.3494501807303,176.83782301235647,1.4157008151092045,0.7078488467728263,35151,210.23917521594583,0.719064584282696,0.9875963699468009,0.9150714753689481,0.8397828517864594,0.007211564170552507,0.002212469252119082,0.7052352381545984,0.998402101499199,DERMASON
12519,34723,702.4780000000001,274.08757782496446,161.7942828070579,1.6940498333418739,0.8071829092580158,35131,210.2633984121798,0.7151124474833183,0.9883863254675358,0.884222677498798,0.767139467175913,0.007893545425941435,0.001686355686946311,0.5885029620989436,0.9969533448649146,DERMASON
12520,34727,698.375,260.62609739817725,170.29680723236464,1.5304226875055922,0.7570005360145867,35171,210.2755089638781,0.7536241319444444,0.98737596315146,0.8947459934106559,0.8068091072346645,0.007504998917216496,0.001961614053001142,0.6509409355167967,0.9962147759410201,DERMASON
12521,34728,686.0809999999999,250.84843782531283,176.6801865388118,1.4197881649293387,0.7098722800767163,35055,210.27853649282116,0.7176541092351884,0.9906718014548567,0.9271261957691995,0.8382692685503429,0.0072232330633872615,0.0022001159550240844,0.7026953665959272,0.9976785650435803,DERMASON
12522,34737,710.6959999999999,250.82743147987105,176.69087436986737,1.4195833959982194,0.7097714620962403,35289,210.30578229203624,0.771419053964024,0.9843577318711213,0.8642401340408069,0.8384480957734215,0.007220756872495352,0.0022012390870035517,0.7029952093060766,0.9979603265971991,DERMASON
12523,34738,691.456,256.937169796364,172.63511706039998,1.4883250532767862,0.7406452924103905,35168,210.3088093851755,0.7213039867109634,0.9877729754322111,0.9130311104484079,0.8185223241614131,0.007396429552546606,0.002047971944439018,0.6699787951506014,0.9971462259868358,DERMASON
12524,34740,693.527,259.9004263754042,170.7861669893122,1.521788508736008,0.7537846436053806,35123,210.3148634407458,0.8271822467736559,0.9890954645104347,0.9076385456367653,0.8092132297503958,0.007481301853062873,0.0019788316053657813,0.6548260512030668,0.996506759941804,DERMASON
12525,34741,688.336,254.13949244723796,174.758454531276,1.454232890356417,0.7260444533945191,35090,210.3178904031806,0.7673160173160173,0.9900541464804787,0.9214063728568588,0.8275687040133867,0.007315261289175267,0.0021165368808379248,0.6848699598623965,0.9959604212489763,DERMASON
12526,34742,708.5879999999999,264.80286655405087,168.20929888877393,1.5742463009084182,0.7723274492265295,35354,210.32091732205103,0.7555893866898652,0.9826893703682752,0.8695150301721655,0.7942546848491947,0.0076219810763355844,0.0018710559292800975,0.6308405044048936,0.9930983305226043,DERMASON
12527,34749,697.8789999999999,255.76231564906283,173.4749962385734,1.4743468580182177,0.734816052835941,35209,210.34210453449916,0.7398441492079714,0.9869351586242154,0.8965859210082133,0.8224124183451413,0.00736027844395703,0.002076981580373363,0.6763621858483038,0.9971924635877806,DERMASON
12528,34757,703.271,270.70691903724986,164.28359191960504,1.6478025338630584,0.7948020005499646,35203,210.36631587865975,0.7986259506904713,0.9873306252308042,0.8830935838322099,0.7770998858352522,0.007788558248331267,0.001752040800612461,0.6038842325651621,0.9950819685808225,DERMASON
12529,34768,710.766,267.87471105445525,165.8074214902139,1.6155773284868642,0.7854116526957201,35200,210.39960192774163,0.6878486922802991,0.9877272727272727,0.8648410259643262,0.785440331786192,0.007704633889048989,0.0018087750642207974,0.6169165147964032,0.9966763348742004,DERMASON
12530,34774,681.562,249.3156725739297,177.93834543757805,1.4011351626363824,0.7004443526605638,35096,210.4177557351578,0.780456055301194,0.9908251652609984,0.9407057020578877,0.8439812610366985,0.0071696000625159515,0.002243912456052434,0.712304368981096,0.9980346978789335,DERMASON
12531,34774,690.7660000000001,245.53462899769164,180.70269739624464,1.358776778297247,0.6770293068043988,35225,210.4177557351578,0.8060919353717054,0.9871965933286019,0.9158041506795741,0.856977920361433,0.007060868148550401,0.0023491805430679797,0.7344111559870069,0.9979008244775824,DERMASON
12532,34774,701.742,276.9743066215213,160.09409924747547,1.7300719259700568,0.81602921973954,35112,210.4177557351578,0.7422728825136612,0.990373661426293,0.8873798712301191,0.75970135389738,0.00796498264857426,0.0016365760762577714,0.5771461471135124,0.9985043463028722,DERMASON
12533,34776,693.604,261.0485898660876,169.9896191992353,1.535673714052663,0.7589233263852831,35136,210.42380665625743,0.7928864569083447,0.9897540983606558,0.9083773842681087,0.8060714166822368,0.007506573207559454,0.001954859604798175,0.6497511287921084,0.9978057291620874,DERMASON
12534,34778,687.774,257.16663818299565,172.84862940854492,1.4878141589144842,0.7404359233428849,35160,210.42985740336255,0.7662040096937651,0.9891353811149033,0.9238957279170537,0.818262659924123,0.007394520621743506,0.0020448465373076874,0.6695537806261008,0.9961715949702353,DERMASON
12535,34778,699.833,246.96199795034207,179.94260878820495,1.372448691354808,0.6849131795655125,35384,210.42985740336255,0.7251610750849684,0.9828736151933077,0.8923302840007825,0.8520738378771732,0.007101098336601934,0.0023089483240833395,0.7260298251947351,0.9964386834730744,DERMASON
12536,34783,694.5730000000001,256.4531583483735,173.31867105628828,1.479662616759194,0.7370577751897199,35183,210.44498350999763,0.7058954845256216,0.9886308728647358,0.9060269303830258,0.8205981352123688,0.007372945356880474,0.002062257448145989,0.6733812995140169,0.9963771357156169,DERMASON
12537,34787,690.348,258.65072193521456,171.499553456102,1.5081714017489862,0.7485710284837143,35201,210.45708361255532,0.715119745091993,0.9882389704837931,0.9172562913609399,0.8136729023523448,0.0074352695528563705,0.0020103695258852695,0.6620635920224885,0.9985053756275254,DERMASON
12538,34790,701.5160000000001,257.02924292809274,173.30502634860218,1.4831032217789213,0.7384923065034776,35175,210.466158232948,0.8056970819823993,0.9890547263681592,0.888360277837824,0.8188412953923249,0.007388020779766966,0.0020488342128307906,0.6705010670397806,0.9944222927329033,DERMASON
12539,34792,684.517,244.6265211034474,181.50746616464482,1.3477490831233767,0.6704243684512434,35172,210.47220776251143,0.7347059444620421,0.9891959513249176,0.9330840850475741,0.8603818049372789,0.0070311140809222634,0.0023766694143368184,0.74025685026713,0.9976804912233231,DERMASON
12540,34796,689.8240000000001,253.17345386313355,175.16414289581311,1.4453497712355436,0.7220182122582082,35147,210.48430630002971,0.7763498438197234,0.9900133724073178,0.918888012926583,0.8313837927645379,0.007275935563373191,0.002144247058280139,0.691199010871548,0.999024332241426,DERMASON
12541,34800,691.6049999999999,252.79801662122753,175.7859771192245,1.4381011543928253,0.7186602496270575,35212,210.49640414216975,0.7274247491638796,0.9882994433715778,0.9142666101475303,0.8326663593154722,0.007264310822449067,0.0021540622864305915,0.693333265935683,0.9970833701210535,DERMASON
12542,34800,698.814,257.28577404803116,172.49316714458593,1.4915708158594538,0.7419690434157146,35179,210.49640414216975,0.7650201147530172,0.9892265271895164,0.8955006675109747,0.8181424135128179,0.007393269369196298,0.0020432990020723706,0.669357008788579,0.9983933797000243,DERMASON
12543,34807,696.887,269.41206139781355,164.7731367729247,1.635048447060231,0.7911650718452035,35138,210.51757369302166,0.765224464670448,0.9905799988616313,0.9006410363971226,0.7813962470751139,0.007740168971695738,0.001779981500038441,0.6105800949430724,0.9983280360425589,DERMASON
12544,34815,684.084,242.35242434149478,183.1011168674204,1.3235988315515137,0.6551302786389843,35167,210.5417648590291,0.7864242150440479,0.98999061620269,0.9348832910845069,0.8687421445487922,0.006961149629225758,0.002445818885182876,0.7547129137152345,0.9989371307503228,DERMASON
12545,34817,691.403,255.0738539620857,174.0409640892869,1.465596650172698,0.7310573965667068,35137,210.54781221623787,0.7923399025988803,0.9908927910749352,0.9152477971605706,0.8254386286394285,0.007326129590777083,0.0020979421828925646,0.6813489296501402,0.9985827088939988,DERMASON
12546,34820,696.871,254.45809612429542,174.80913126370606,1.455633892147407,0.7266707197503466,35243,210.55688292639203,0.7495909756307586,0.9879976165479669,0.901018788047797,0.8274717375215331,0.007307814363133125,0.002113391451927994,0.6847094763969052,0.9966863201178402,DERMASON
12547,34820,689.7370000000001,258.08947870090293,172.3748462233914,1.4972571947442295,0.7442618628692249,35170,210.55688292639203,0.7066463723997971,0.9900483366505545,0.9197537841040527,0.8158290062277358,0.007412104500313123,0.002025432925157695,0.6655769674025351,0.9965399030994913,DERMASON
12548,34821,693.6610000000001,263.3403706015561,168.5880966818728,1.5620341873749348,0.7682159011480353,35164,210.55990640960854,0.7672527763088313,0.9902457058355136,0.9094033461542147,0.7995732136649629,0.007562688337542176,0.0019067287364980408,0.6393173240105163,0.9986355166854848,DERMASON
12549,34823,682.046,251.2608480237777,176.67988448860356,1.4221248148935985,0.711018640443924,35149,210.56595324580033,0.7448770053475936,0.9907251984409229,0.9406947372372231,0.8380372624782104,0.007215370531653726,0.0021952890906160854,0.702306453301973,0.998767434900648,DERMASON
12550,34827,708.9799999999999,259.33450123788697,171.55302550666357,1.5116871327216186,0.7499341003829779,35307,210.5780463972717,0.7179344465058751,0.9864049621888011,0.8706787833403511,0.8119939514106876,0.007446363489186176,0.001996802775216268,0.659334177127542,0.9967069917273019,DERMASON
12551,34827,676.016,243.4753440011363,182.35870349229288,1.3351451800128993,0.662590095902349,35146,210.5780463972717,0.7664223938733743,0.9909235759403631,0.9576613936177367,0.8648844804436909,0.006990993884088101,0.002412965439245193,0.7480251645123532,0.9987221929270246,DERMASON
12552,34831,707.8659999999999,278.0541442341059,159.95819232091102,1.7382926138366743,0.8179585652248533,35174,210.59013885429312,0.6757920878523893,0.9902484789901632,0.8735217064989041,0.7573709769165969,0.00798295036703241,0.0016202343160713953,0.5736107966756003,0.9971034110781666,DERMASON
12553,34832,694.283,255.49772815204886,174.0139583243703,1.4682599638115752,0.7322105908630036,35252,210.59316186005466,0.7747675608345567,0.9880857823669579,0.9080613956705159,0.8242467100714449,0.007335143780203516,0.0020884173054060264,0.6793826390636006,0.9975103290457346,DERMASON
12554,34835,701.9479999999999,266.0100410204759,167.1449251528988,1.591493374849033,0.7779383092809623,35264,210.60223061698417,0.7593957098011859,0.9878346188747731,0.8884148248359588,0.7917078235432972,0.00763628652276377,0.0018506390606821523,0.6268012778596647,0.997550081060564,DERMASON
12555,34839,693.7299999999999,262.4468188533797,169.40993012095362,1.5491820264963247,0.7637586322829374,35194,210.61432168546452,0.7642813267813268,0.9899130533613684,0.9096924562573943,0.8025028560286255,0.007533132950239091,0.0019272663634855424,0.644010833934101,0.9976900087996187,DERMASON
12556,34844,702.9759999999999,268.77282516361214,165.41856443030596,1.6248044836397508,0.7881691636028362,35275,210.6294345450132,0.722784600066379,0.9877817150956768,0.8860472309369692,0.7836708730385787,0.007713604212019634,0.0017946176553772569,0.6141400372490483,0.9978574861049373,DERMASON
12557,34849,684.7009999999999,250.08443702187512,177.88445493280085,1.4058813464973605,0.7028909959668559,35195,210.64454632027787,0.7135339885339885,0.9901690581048445,0.9341105135469191,0.8422937021940817,0.007176229935489544,0.0022280776505226997,0.7094586807558123,0.9974147253852227,DERMASON
12558,34853,687.382,252.5148524350324,176.14221221048038,1.4335851086807678,0.7165342718522945,35228,210.65663495996185,0.7162703713598718,0.9893550584762121,0.9269444736133908,0.8342346318585758,0.007245139656128092,0.002164608620037923,0.6959474209922136,0.9976998591592227,DERMASON
12559,34855,688.6819999999999,252.77645514551554,176.1330976800537,1.4351445496330548,0.7172713779718763,35184,210.662679019669,0.8171183420855214,0.9906491587085039,0.9235012487683588,0.8333951787495282,0.00725222938303014,0.002158018828924265,0.694547523962958,0.9967760934765727,DERMASON
12560,34856,697.2669999999999,265.27314497969115,167.90440838384166,1.5799057781333383,0.7741933796010643,35226,210.6657009844954,0.793606702943922,0.989496394708454,0.9009261396981869,0.7941463543195207,0.00761054466891471,0.0018672294487461407,0.6306684320789858,0.9963966999278825,DERMASON
12561,34857,687.4839999999999,258.73041463871346,171.71019384567737,1.5067854088572314,0.7480303591469789,35140,210.66872290597283,0.7841844769403824,0.991946499715424,0.9267757896670907,0.8142402709018454,0.007422624283177366,0.002012554050500279,0.6629872187583107,0.9989794674838599,DERMASON
12562,34858,698.244,260.31174221523315,170.99195846066627,1.5223624815965444,0.7540005538885411,35261,210.67174478410317,0.752287638121547,0.9885709424009529,0.8984582576070436,0.8093055771948765,0.007467776183809546,0.001976155835166574,0.6549755172787323,0.9971101538694312,DERMASON
12563,34861,699.286,257.1596389717501,172.83898706312104,1.4878566655672139,0.7404533534333329,35324,210.6808101584302,0.7186353329210472,0.9868927641263731,0.8958597769683712,0.8192607945820544,0.007376714350470443,0.0020498940680965883,0.671188249539219,0.9986319109273175,DERMASON
12564,34863,713.317,257.2950209778812,173.34080653171188,1.4843303554769738,0.7390008680401124,35394,210.68685352461358,0.7796189453911176,0.984997457196135,0.8610125290496846,0.8188532087557404,0.007380174424974363,0.0020467773844942715,0.6705205774895722,0.9952740471397225,DERMASON
12565,34865,692.1519999999999,255.21425112763166,174.66338104800494,1.4611777786294422,0.7291260591244301,35282,210.6928967174533,0.7262633837436987,0.9881809421234624,0.9145270955936399,0.8255530237301937,0.0073200703033882595,0.0020973692891603202,0.6815377949900657,0.9958478813355927,DERMASON
12566,34865,693.975,254.59978678834224,175.2823153337214,1.4525126867682439,0.7252722763732425,35227,210.6928967174533,0.776849376114082,0.989723791409998,0.9097286716232953,0.8275454562442729,0.007302446200726868,0.0021125916682912796,0.684831482150542,0.9947264161219623,DERMASON
12567,34869,717.611,255.63915996288844,174.65291202044304,1.4636982401585494,0.7302304350236967,35547,210.7049825831615,0.7830803090190442,0.9809266604776774,0.8508856160021046,0.8242281136182339,0.007331416443341892,0.002087167709536134,0.6793519832786724,0.994366302373213,DERMASON
12568,34870,702.1199999999999,261.0517750902703,170.46060395105468,1.531449314618336,0.7573784014387587,35235,210.70800394127207,0.7632869275895281,0.9896409819781468,0.8888717896036524,0.8071502439254066,0.007486428881281053,0.0019600718676194865,0.6514915162688433,0.9977262360695807,DERMASON
12569,34873,691.3209999999999,257.63498447404197,172.9231620810263,1.489881293943274,0.7412813638782901,35238,210.71706775567404,0.751071482414766,0.9896418638969294,0.9169373741794864,0.8178899623661353,0.007387806740860895,0.002039270336898849,0.6689439905392784,0.9966471382002372,DERMASON
12570,34874,717.294,277.50762023763053,162.01547549445752,1.7128463771173759,0.8118805935912462,35671,210.72008894050435,0.6731003068846384,0.977656920187267,0.8517599804347589,0.7593308203935595,0.007957435918954824,0.001631837930769059,0.5765832947995561,0.9875986076038197,DERMASON
12571,34877,706.366,265.33462381188895,167.84676895415805,1.5808146052805852,0.7744907380409682,35322,210.72915223511023,0.7078031456113648,0.9874016193873506,0.8783941031656646,0.794201484931376,0.007607724970951886,0.0018670560056887192,0.6307559986672027,0.9971082950614554,DERMASON
12572,34882,698.7499999999999,265.61357088319204,167.91641598318014,1.5818201533660534,0.7748190128373491,35211,210.74425685994848,0.7014418146353234,0.9906563289881003,0.897775190980729,0.7934242823482341,0.007614631353798293,0.001861446661363665,0.6295220918198104,0.9957907318297315,DERMASON
12573,34895,697.8569999999999,261.0192588966632,170.6439343892149,1.5296134599271183,0.7567020180274098,35252,210.78352381894913,0.7250457114361702,0.9898729150119142,0.9004097486327792,0.8075401206406679,0.007480133511868841,0.0019622102765718863,0.6521210464443445,0.9974931301430271,DERMASON
12574,34908,747.326,281.82649119460916,158.957547197355,1.7729670353097813,0.8257568385525856,35676,210.8227834642524,0.7156211562115621,0.9784729229734275,0.7854429528104495,0.7480587881239075,0.008073406989647335,0.001559478984049405,0.559591950489409,0.9921380814424257,DERMASON
12575,34909,698.0709999999999,263.9343971475238,168.80217807278225,1.5635722249610042,0.768740252987518,35334,210.825803134151,0.7628715034965035,0.9879719250580178,0.9002188018815407,0.7987810812560053,0.007560640440789589,0.001898669739288062,0.6380512157725132,0.9976391590845023,DERMASON
12576,34920,711.3829999999999,260.8981779612652,171.19941014369616,1.5239432060091822,0.7545935932433773,35508,210.85901664892558,0.7574508698104204,0.9834403514700912,0.8671158682037472,0.8082042515461001,0.007471310938180562,0.0019663512412630784,0.6531941122171919,0.9954307295185889,DERMASON
12577,34922,694.5409999999999,255.6155782596971,175.06695041175115,1.4601018505120382,0.7286523710545699,35279,210.86505490773325,0.69366756713809,0.9898806655517447,0.9097314231702749,0.8249303753056132,0.00731961451977828,0.002090918735398688,0.6805101241018597,0.9936140914933022,DERMASON
12578,34927,687.555,256.37059092323597,174.03319986755025,1.4731131250723968,0.7342913130322701,35254,210.88014979832747,0.7028555329724508,0.9907244567992285,0.928445164902782,0.82255983043496,0.007340183552072493,0.0020727965204541594,0.67660467464519,0.9967152267051681,DERMASON
12579,34927,692.204,245.08272885911975,182.09046441835724,1.3459393914007285,0.6693186071625049,35362,210.88014979832747,0.7966198339567557,0.9876986595780781,0.9160157458176026,0.8604447599387843,0.007016999137032088,0.002372592549362889,0.7403651849061121,0.9964866663868204,DERMASON
12580,34930,698.4999999999999,265.79527712921924,167.6120510197338,1.5857766521687982,0.7761032719357575,35388,210.88920621406692,0.7615995115995116,0.9870577596925512,0.8996542351660933,0.7934272139513632,0.007609369514148847,0.0018601878624805576,0.6295267438386222,0.9982888122951348,DERMASON
12581,34932,695.368,259.26606264589236,171.880631012225,1.508407672924194,0.7486630092229077,35373,210.89524360850035,0.7091495970279543,0.9875328640488508,0.9078287103505631,0.8134317367118841,0.007422021717791491,0.0020044094175821,0.6616711902901118,0.998069900386489,DERMASON
12582,34939,694.4649999999999,262.93789451618807,169.5351358941374,1.550934519440112,0.764374491273225,35257,210.91637312807615,0.7278958333333333,0.9909805145077574,0.9103735036062232,0.8021528183153944,0.007525627365299181,0.0019219891328832932,0.6434491439313302,0.9979474888272892,DERMASON
12583,34940,690.3539999999999,258.4906995914416,172.39812940405895,1.4993822756951312,0.7451102404748932,35264,210.9193914580795,0.7724619738238415,0.9908121597096189,0.9212745489867615,0.815965107415659,0.007398131070161466,0.002022963909374462,0.6657990565198479,0.9982873045204009,DERMASON
12584,34940,691.6599999999999,260.82417102600476,170.9758037261338,1.5255034065743514,0.7551766712629187,35309,210.9193914580795,0.8076185192889999,0.9895494066668554,0.9177987122235174,0.8086650505909223,0.007464916171322403,0.0019691526916235883,0.653939164047219,0.997586422446416,DERMASON
12585,34945,693.678,261.3405711215258,170.7965749128761,1.5301277045797697,0.7568917875136376,35293,210.93448246024226,0.7668422207592714,0.990139687756779,0.9125970628814362,0.807124900489162,0.007478625586536723,0.0019577829286410286,0.6514506049896399,0.9968026188598996,DERMASON
12586,34948,697.453,264.4443049735943,168.74446260098475,1.567128786909604,0.7699455019528572,35262,210.94353654332352,0.7004168670835338,0.9910952299926267,0.9028223415076596,0.7976860630989463,0.007566793664117955,0.0018898166516276246,0.636303055262296,0.9971688351000768,DERMASON
12587,34948,690.6949999999999,258.6661643611587,172.81951532106487,1.496741637543697,0.7440553503043125,35251,210.94353654332352,0.7189763001974984,0.9914044991631443,0.9205758271239047,0.8155049465565076,0.007401458291208615,0.0020193121458554875,0.6650483178581323,0.9954055083166622,DERMASON
12588,34949,688.7900000000001,257.47009043053333,173.38551926778877,1.4849572877702575,0.739260066698469,35312,210.946554484659,0.785918280150217,0.9897202084277299,0.9257014652138995,0.8193050856195407,0.007367023103108339,0.0020476437356906686,0.6712608233220428,0.9967936515867307,DERMASON
12589,34951,692.064,264.6335562966594,168.5722881482958,1.5698520747600988,0.770861575439429,35250,210.95259023780358,0.8129273852165418,0.9915177304964539,0.9170160838353433,0.7971498142182755,0.007571558933840501,0.001885926950087568,0.6354478263082313,0.9975590885317719,DERMASON
12590,34951,694.086,257.09066434509134,173.33066324338847,1.4832382195646956,0.7385483326519374,35319,210.95259023780358,0.7331711103186423,0.9895806789546703,0.9116809936608216,0.8205377304352176,0.0073557455965520685,0.0020568408378823467,0.6732821670677781,0.998637842746271,DERMASON
12591,34955,694.579,264.694292520712,168.50059626728842,1.570880450184484,0.7712059852452166,35305,210.96466122603948,0.7727935974531305,0.9900863900297409,0.9104914527026892,0.7970125053207626,0.007572430053517723,0.0018848447129887155,0.6352289336376788,0.9978687132429667,DERMASON
12592,34955,696.192,255.64829888087723,174.66513359021536,1.4636481456033335,0.7302085571684396,35452,210.96466122603948,0.8017937425451876,0.9859810447929594,0.9062773238564259,0.8252144142932134,0.007313640362777206,0.002092091065687303,0.6809788295572915,0.9967134010766582,DERMASON
12593,34961,689.99,248.68705859904648,179.29036585351676,1.3870631442752923,0.6929894637274299,35316,210.98276641348227,0.7693712726392465,0.9899478989693057,0.922801129199567,0.8483865931827432,0.007113270747376977,0.0022731300825134765,0.7197598114922215,0.9983523072513925,DERMASON
12594,34961,695.037,256.8946818344694,173.54126406288978,1.480308923769122,0.7373282240066455,35308,210.98276641348227,0.7141602320545819,0.9901721989350856,0.909447976593635,0.8212811760324,0.007348035863804508,0.002062141703612351,0.6745027701051621,0.9984724696936641,DERMASON
12595,34970,698.0530000000001,259.93723711090735,171.53613460484146,1.5153497407978251,0.7513414375616877,35414,211.00992128188818,0.7736554501006615,0.9874625854181962,0.9018383523839296,0.8117725787469867,0.007433149474146621,0.001991086541720483,0.6589747196055327,0.9985771705465633,DERMASON
12596,34975,691.239,254.0619594205092,175.82213716408427,1.4449941487368476,0.7218550079583486,35326,211.0250058100042,0.7793003565062389,0.9900639755420937,0.9198375206589884,0.8306044962076646,0.007264101770421993,0.002132744317755897,0.6899038291203887,0.9969069962701075,DERMASON
12597,34997,711.706,267.9497519264331,167.3078881624415,1.6015368723456547,0.7811045679715605,35509,211.0913649278352,0.8186049775449101,0.9855811202793658,0.8682392748024035,0.7878020539679071,0.007656363457623028,0.0018191593360951171,0.6206320762360532,0.9939651542524787,DERMASON
12598,34999,688.9889999999999,250.4135015621969,178.2378357518403,1.4049402053492528,0.7024084861749375,35406,211.09739654052098,0.7599227027965955,0.9885047732022821,0.9264903991214236,0.8429952667232253,0.0071548758982312895,0.0022288580617231294,0.7106410197177617,0.9984081401718747,DERMASON
12599,35001,682.703,253.49880261510188,176.21113942875002,1.4386082709464727,0.7188973403473866,35249,211.10342798087254,0.8026279581728123,0.9929643394138841,0.9436842223677877,0.8327590734280507,0.00724261599997434,0.002148585871710211,0.6934876743767453,0.9976571041578202,DERMASON
12600,35008,700.0409999999999,259.07798906114243,172.43231021123935,1.5024909701885756,0.7463430961463858,35424,211.12453666518388,0.7046698872785829,0.988256549232159,0.8976979042831632,0.8149072695456134,0.0074005367076423224,0.0020131482041016143,0.664073857958287,0.9977649751206171,DERMASON
12601,35014,697.9609999999999,269.3574839138261,165.9067716564791,1.6235472562358608,0.787796773631916,35396,211.14262814352998,0.7967324276969987,0.9892078200926658,0.9032111266409284,0.7838751130118201,0.007692850971435029,0.0017916558318453902,0.614460192799294,0.9976051600854517,DERMASON
12602,35017,701.2079999999999,263.89516036277587,169.1438989930296,1.5601813718013615,0.7675816958783437,35418,211.15167330142376,0.7035764516777175,0.9886780732960642,0.8949423822224495,0.8001346936834848,0.0075362012840270685,0.0019053934115606478,0.640215528035964,0.9988523407796834,DERMASON
12603,35019,718.5749999999999,280.69309975606564,160.12405882031058,1.7529726752121384,0.8213256991402459,35684,211.15770319143144,0.6770358054288145,0.9813641968389194,0.8522546846982555,0.7522725117750901,0.008015451605016296,0.0015834652266066235,0.5659139319724033,0.9920316592694838,DERMASON
12604,35020,698.5159999999998,250.44750299746676,178.37639644580847,1.404039480490087,0.7019454767393561,35491,211.1607180718644,0.7727613751710137,0.986729029894903,0.9019309476917174,0.8431336529396353,0.0071515563391623856,0.002229287205867468,0.7108743567193334,0.9980956625019377,DERMASON
12605,35020,692.668,254.02992234603735,176.12225319696458,1.4423499457615132,0.7206365611146437,35432,211.1607180718644,0.7940502913633993,0.9883720930232558,0.9172247326071223,0.8312434854986221,0.007253852722616715,0.002136296433175963,0.690965732183898,0.9966143863385096,DERMASON
12606,35029,709.649,269.3005089468008,166.07565438365887,1.6215532008362739,0.7872039952955675,35476,211.1878500589653,0.7238593155893536,0.9873999323486301,0.8740784501967772,0.7842088783452117,0.007687930256267687,0.00179356126827155,0.6149835648754551,0.9972285680854964,DERMASON
12607,35041,697.3369999999999,269.33509031952974,166.24337908971967,1.6201252151772771,0.7867778727782478,35367,211.22402062044182,0.7087580906148867,0.9907823677439421,0.9055260270027136,0.7842424853362145,0.0076862843617342465,0.0017934846917570997,0.6150362758063228,0.9964357786825498,DERMASON
12608,35050,694.856,260.9576395715344,171.24148340553901,1.5239160183722948,0.7545834128032832,35436,211.25114447729615,0.7148392886278349,0.9891071227000791,0.9122382169010139,0.8095227440903773,0.0074452964214417805,0.001972322713221482,0.6553270731996145,0.9986634241219258,DERMASON
12609,35051,700.2439999999999,257.78128823650104,173.8031485146301,1.483179622691369,0.7385240164532154,35526,211.2541580241965,0.7823883928571429,0.9866295107808366,0.8982794911219764,0.8195092804035555,0.007354463160437677,0.002046191346791755,0.6715954606675535,0.9960967019541381,DERMASON
12610,35051,701.4259999999999,268.4949478446912,167.1900416769998,1.6059266757251356,0.7824658999008467,35437,211.2541580241965,0.8207511825036294,0.989107430087197,0.8952545911416799,0.7868086893999764,0.007660122331593712,0.0018108899491529377,0.6190679137153087,0.9941776767209206,DERMASON
12611,35058,691.502,255.78701620203174,174.65075902658887,1.4645628660742933,0.7306075873975206,35448,211.2752516489457,0.7873248293208768,0.9889979688557887,0.9213191953853956,0.8259811415997413,0.007296109766730325,0.002094843816588463,0.682244846278412,0.9991904674299265,DERMASON
12612,35059,692.035,264.61705947605844,169.00318193319896,1.5657519370295188,0.7694801125915386,35328,211.27826485199577,0.754541150137741,0.992385643115942,0.9199267954741538,0.7984302496230838,0.007547764039934352,0.0018921083711581524,0.63749086351318,0.9981525543843821,DERMASON
12613,35060,690.5279999999999,256.68358684280554,174.19904204892296,1.4735074534492398,0.7344592156011306,35349,211.28127801207282,0.7621242092906985,0.9918243797561459,0.9239728053050633,0.8231195481207867,0.00732126602517985,0.002073087407173633,0.6775257904985681,0.9983393022037286,DERMASON
12614,35067,703.858,269.97677420431364,165.82108845889198,1.6281208663712425,0.7891465012388684,35446,211.3023689295223,0.7930122116689281,0.9893076792868024,0.8894844806610229,0.7826686927135902,0.007698884255976092,0.001782048016121828,0.6125702825540004,0.9973384591450958,DERMASON
12615,35067,694.7339999999999,257.38966860695797,174.25255924867076,1.4771069631157878,0.735983896684297,35476,211.3023689295223,0.6946573958519047,0.9884710790393505,0.913001245927408,0.8209434748221677,0.007339939789744146,0.002056483745501619,0.6739481888530952,0.9954935625341809,DERMASON
12616,35072,700.4599999999999,252.00621322349582,177.38862934599376,1.4206446836677542,0.7102933598204455,35550,211.3174325817717,0.7365591397849462,0.9865541490857946,0.8982634254454639,0.8385405656421708,0.0071853961343378145,0.0021914258843820597,0.7031502802274918,0.9989267074246779,DERMASON
12617,35072,693.453,254.36366700030788,176.25214662382814,1.4431805335295678,0.7210202389425131,35397,211.3174325817717,0.8022141403051305,0.9908184309404752,0.9165081554227815,0.8307689343915454,0.0072526136804376105,0.002131058150581717,0.690177022350064,0.9960500433450138,DERMASON
12618,35081,719.421,281.4929553026246,159.6227300088716,1.7634891677831823,0.8236781146481651,35591,211.3445444501803,0.7816622103386809,0.9856705346857352,0.851756795378567,0.7507986984007119,0.008024085838562886,0.0015727850519071072,0.5636986855202032,0.9940765258084969,DERMASON
12619,35086,689.535,255.09245265871917,175.46648377744134,1.4537958883491051,0.725848626336888,35415,211.35960509656974,0.800173326035395,0.9907101510659325,0.9273231298411706,0.8285607939147523,0.007270491154840083,0.0021136887244463678,0.6865129892126449,0.9980497610155967,DERMASON
12620,35086,690.369,257.88850068975785,173.6431321815336,1.485163838326475,0.7393453711262329,35424,211.35960509656974,0.819000933706816,0.9904584462511292,0.9250839784741183,0.8195774706171843,0.0073501824285971,0.0020456810739577767,0.6717072303432619,0.9975952884482443,DERMASON
12621,35098,691.818,258.3634898921354,173.3547309354693,1.490374612206634,0.7414824650242201,35494,211.39574627015259,0.7865098039215687,0.988843184763622,0.9215279643781475,0.8182106007253909,0.0073612026295554,0.002035114942173487,0.6694685871394053,0.9977589859424141,DERMASON
12622,35099,687.3269999999999,248.99169699573582,179.88961154451718,1.3841360535381333,0.6913998351208295,35472,211.398757755715,0.7668392650368137,0.9894846639603068,0.9336364493667026,0.849019305890089,0.007093982648956831,0.002273736574958569,0.7208337817740887,0.997732025961755,DERMASON
12623,35102,694.125,243.0474385841446,184.2947379851624,1.3187974938476668,0.651944682338346,35681,211.4077919550121,0.7567695757157641,0.983772876320731,0.9155168733706672,0.8698211064743286,0.0069240339178435585,0.00244488657797518,0.7565887572682255,0.9977873569586565,DERMASON
12624,35110,693.189,254.18354337053242,176.47860057882846,1.4403080177247618,0.7196896250677148,35528,211.43188126593293,0.7659249563699826,0.9882346318396757,0.9182001696284374,0.8318079072401675,0.007239633818585372,0.0021379056783856526,0.6919043945472672,0.9965554469654259,DERMASON
12625,35117,702.913,269.77309796485406,166.83262883349963,1.6170283945719628,0.7858490749567799,35493,211.45295716178742,0.6755867641400539,0.9894063618178233,0.8931494204427894,0.7838178037653534,0.0076821225607214185,0.0017886340327590853,0.614370349499542,0.9934542999238601,DERMASON
12626,35117,694.419,258.1230299535676,173.69190435539733,1.486097068896272,0.7397302253756584,35508,211.45295716178742,0.70640891535243,0.9889883969809621,0.9151327156589731,0.8191944639725661,0.0073503724678522534,0.0020419125783231054,0.6710795698032999,0.9972893816808552,DERMASON
12627,35127,740.865,271.4339564909874,165.6570678776064,1.6385292820197257,0.7921677561299715,35752,211.48306194093195,0.7877951961246047,0.982518460505706,0.8042161091545957,0.779132665179104,0.007727217140404458,0.0017565015175412505,0.6070477099490937,0.9946654483346075,DERMASON
12628,35128,707.6709999999999,266.3311549032939,168.20138970092123,1.5834063878833413,0.7753353082489797,35534,211.4860721831506,0.7222039473684211,0.98857432318343,0.881455700009959,0.7940718473583843,0.007581734084015426,0.0018594628543612418,0.6305500987671573,0.9984170542683886,DERMASON
12629,35139,696.4129999999999,257.3099272460731,174.3680657430623,1.4756711680522319,0.735377438505616,35512,211.51918202009216,0.7762608522764928,0.9894965082225726,0.9104697538900847,0.8220405029993659,0.007322630901450612,0.0020626226001424584,0.6757505885714505,0.9971856603492155,DERMASON
12630,35147,681.1740000000001,248.4542841273383,180.47744751173323,1.3766500333022813,0.6872710861615278,35399,211.54325864656326,0.7810444444444444,0.9928811548348824,0.9518795567789752,0.8514373555263095,0.007069004015345216,0.0022916526537017905,0.7249455703856352,0.9979963436137264,DERMASON
12631,35155,687.569,254.84172691647396,175.798438821126,1.4496245167215283,0.7239677602312984,35502,211.56733253308423,0.7332359995828553,0.9902259027660414,0.9344679073979889,0.8301910958342658,0.007249089088791749,0.0021241025686089877,0.6892172556024992,0.9991062310689109,DERMASON
12632,35168,698.4529999999999,250.55650282915332,179.74787591630547,1.3939330384400086,0.6966670822147517,35615,211.6064467572909,0.7126241134751773,0.9874491085216903,0.9059060511609658,0.8445458184798291,0.00712455933886355,0.0022357880708596743,0.7132576395117647,0.9942333886351823,DERMASON
12633,35170,696.4739999999999,257.7502712534712,174.11652289912556,1.4803320613219395,0.7373378975695934,35555,211.61246368854475,0.7306078358053928,0.9891717058079033,0.9111133610722278,0.8209980251793619,0.007328696936408053,0.0020538795715228505,0.6740377573484124,0.9977997027443924,DERMASON
12634,35174,694.662,254.41797475166257,176.13127879166458,1.444479234449883,0.721618421401679,35543,211.62449703783022,0.7538039518237538,0.9896182089300284,0.9159769362430228,0.8317985285607157,0.007233126023530522,0.0021358875572114228,0.6918887921157717,0.9994189927598441,DERMASON
12635,35176,702.735,267.5652850638758,167.58101364477585,1.5966324540263148,0.7795674984429249,35546,211.63051345589105,0.7574504737295435,0.9895909525685028,0.8951032789827515,0.7909490702628651,0.007606472738909365,0.001836357171669557,0.6256004317496907,0.9988539525844309,DERMASON
12636,35184,697.5350000000001,262.99897106872703,170.60027611838098,1.5416092930953396,0.7610674165662942,35620,211.65457741792866,0.7075716440422323,0.9877596855699046,0.9087053147733563,0.8047734048458273,0.007474959386901064,0.0019341184322976125,0.6476602331471458,0.9984390341879344,DERMASON
12637,35186,701.866,255.77924149392584,175.31588420849823,1.4589621622062197,0.7281491312673968,35637,211.66059298095956,0.7593663674033149,0.9873446137441423,0.8975762508532666,0.8275127869826997,0.007269346941792924,0.002102684014021046,0.6847774126198751,0.9990643345458736,DERMASON
12638,35189,690.684,253.07281232100203,177.8752406803261,1.4227545742345307,0.7113263196372704,35531,211.66961600495625,0.7766619581530856,0.9903746024598238,0.9269536060073436,0.8363980866363107,0.00719181597433863,0.0021710531286271827,0.6995617593288815,0.9953046930447221,DERMASON
12639,35189,692.856,260.20855310980824,172.57058353321733,1.5078384031756018,0.7484412989842945,35538,211.66961600495625,0.7013672965000398,0.9901795261410321,0.9211509934379296,0.8134614080715152,0.007394599252886079,0.0019972950322314133,0.6617194624216922,0.9977660175681422,DERMASON
12640,35195,694.629,255.29880875974527,175.85501606835837,1.4517573309396277,0.7249320786154388,35606,211.68766089915127,0.783294756520965,0.9884570016289389,0.9166108890399061,0.8291760620722862,0.007253837441674819,0.002115118015934162,0.6875329419137037,0.9981309886857086,DERMASON
12641,35195,695.0569999999999,253.54260017476454,177.47392615419557,1.428618871903909,0.7141656282017861,35593,211.68766089915127,0.7041816726690676,0.9888180260163515,0.91548238109604,0.8349194997339182,0.007203938064349043,0.0021593754021451248,0.6970905710359362,0.9958767452082111,DERMASON
12642,35197,700.976,263.12975586109303,170.8881439888649,1.5397777149375478,0.7604090894356825,35571,211.69367552207012,0.7015267479869249,0.9894858170981979,0.9001382452351457,0.8045219926925476,0.007475914306932211,0.0019319494546317976,0.6472556367259877,0.9966298052983892,DERMASON
12643,35202,698.174,265.0585582651552,169.52274811111954,1.5635574648153618,0.7687352299693644,35483,211.70871133179003,0.7027188884896395,0.9920807147084519,0.9075067402438514,0.7987242997074032,0.007529644857256839,0.0018903483583124511,0.6379605069430816,0.9974879128882478,DERMASON
12644,35205,699.559,266.09401543471597,169.02733925387022,1.5742661312029333,0.7723340303432474,35559,211.71773230507029,0.7752014797199102,0.9900447144182908,0.903993933721531,0.7956501087000716,0.007558415436293594,0.0018685254912456178,0.6330590954744357,0.9966034930553683,DERMASON
12645,35208,700.1700000000001,253.525278298,176.99793668567662,1.432362902332727,0.7159543512063635,35700,211.72675289399686,0.7743808560242819,0.986218487394958,0.9024937897680049,0.8351307385022487,0.007200786136616678,0.002160615817674936,0.6974433503913114,0.9989919815791598,DERMASON
12646,35214,711.303,269.6926241719611,166.73063002932852,1.6175349671774237,0.7860014463616974,35659,211.7447929189854,0.7187410703351431,0.9875206820157604,0.874613029921499,0.7851337928469744,0.0076586762132095495,0.0017951806261498125,0.6164350726702759,0.9971052850387273,DERMASON
12647,35217,715.4050000000001,275.58899680379045,163.1102826662976,1.6895868997272825,0.8060403038774492,35746,211.7538123551456,0.6970212765957446,0.9852011413864489,0.864685704670066,0.7683681671293531,0.007825453525393714,0.0016825451833166844,0.5903896402577216,0.9975146019141493,DERMASON
12648,35227,698.954,263.2494765246795,171.06363128264434,1.5388979793707214,0.7600918452410668,35601,211.7838743681529,0.7683097055616139,0.9894946771158114,0.906125461943131,0.8044987483509708,0.007472946220929386,0.0019309592583416552,0.6472182360982787,0.9960028357435234,DERMASON
12649,35233,707.917,263.2304507315828,170.85999797019088,1.540620706184881,0.760712449578981,35678,211.80190952787464,0.7792842608157127,0.9875273277650093,0.8834760983201132,0.8046254106970699,0.0074711336171084716,0.0019317069465514787,0.6474220515394284,0.9974318182423385,DERMASON
12650,35238,692.5849999999999,248.42473531369785,181.71687883856157,1.3670977451379185,0.6818665520968804,35817,211.8169376546117,0.79696935429153,0.9838344920010051,0.9231556934874124,0.8526402871563505,0.007049910191091942,0.0022984059852067967,0.7269954592820639,0.9938738531100151,DERMASON
12651,35240,697.995,251.55854809735132,178.7095536275873,1.4076390600895015,0.7037886789900315,35620,211.8229486067719,0.7630348172527283,0.9893318360471645,0.9089523996417166,0.8420423404765317,0.00713843780071939,0.002213699471132808,0.7090353031551956,0.9980657877036541,DERMASON
12652,35242,707.012,267.92330551217054,168.57526248743946,1.589339393922839,0.7772497254548435,35740,211.82895938836268,0.719312568885986,0.9860660324566313,0.8859655615996387,0.7906328230141227,0.007602386513596577,0.0018324370694609501,0.6251002608272812,0.9934964696842397,DERMASON
12653,35243,704.745,257.8930058575584,174.24897602408936,1.4800259475952704,0.7372098677170922,35626,211.83196471519906,0.707094418362024,0.9892494245775557,0.8916999190885395,0.8213947641224509,0.00731756677517687,0.0020547272357754323,0.6746893585277768,0.9985577571875182,DERMASON
12654,35251,697.445,257.80487441382303,174.34600843016736,1.4786967406660436,0.7366527551396814,35645,211.85600579511362,0.7187627436587554,0.9889465563192593,0.910670724134182,0.8217688136301362,0.007313405986037929,0.0020573020941996763,0.6753039830550817,0.9985697987023464,DERMASON
12655,35252,695.347,238.78390169035856,188.99074356094783,1.263468766730117,0.6112055818839369,35668,211.8590107382831,0.7959358771731768,0.9883368846024447,0.9162003533196099,0.887241598945853,0.00677362707620443,0.0025892180670996938,0.7871976548999938,0.9945996502093355,DERMASON
12656,35259,692.931,263.2856261147415,170.8966277495583,1.5406133496125818,0.760709804907953,35562,211.88004414719452,0.7010020279136348,0.9914796693099376,0.9227836113895269,0.8047535570926151,0.007467189259897941,0.0019319173446460758,0.6476282876532169,0.9977447855452833,DERMASON
12657,35270,692.5070000000001,253.14124608351773,177.92487724735787,1.4227422831467869,0.7113203198075014,35706,211.91309242897,0.7309844559585492,0.9877891670867641,0.9242021793752724,0.8371337966751357,0.007177239752864126,0.0021742862475409032,0.7007929935357274,0.9970478236362922,DERMASON
12658,35280,717.703,264.9952501391493,170.03524493624687,1.558472481622894,0.7669942816259819,35772,211.94313184969343,0.7036158034343152,0.9862462260986247,0.8606942811177603,0.7997997388194765,0.0075112032352366576,0.00189589511580745,0.639679622215703,0.9969230882781017,DERMASON
12659,35281,686.5169999999999,249.46266000213254,180.24490676005678,1.3840205778142673,0.6913368411167459,35591,211.94613555760168,0.7719455627516191,0.991289932848192,0.9406935326878937,0.8496106613943339,0.007070736657184676,0.002272606474252004,0.7218382759549177,0.9990390277755798,DERMASON
12660,35282,703.4899999999999,270.48807026902693,166.36967307941842,1.6258255802420578,0.7884708472104652,35664,211.94913922294188,0.693067750996916,0.9892889187976671,0.895874557320524,0.7835803590603373,0.0076664608091669105,0.0017828255483464258,0.6139981791051272,0.9982539458111606,DERMASON
12661,35284,697.212,250.44106849422317,179.75934088245964,1.3932019736208348,0.6962792288807755,35717,211.95514642592542,0.7166446633492434,0.9878769213539771,0.9121325851179114,0.8463274322390719,0.007097864995301643,0.002246265926502244,0.7162701225603807,0.9979089483967595,DERMASON
12662,35294,701.997,268.15942794369965,168.43728118627308,1.592043198839958,0.7781135318735817,35680,211.9851798873752,0.7954473743520397,0.9891816143497758,0.8999952825772983,0.7905192128164955,0.007597875784657439,0.0018302974300075418,0.6249206258320119,0.9949006321706646,DERMASON
12663,35298,692.422,253.66274438821705,177.7072417671388,1.4274192872826623,0.7135885886834155,35733,211.997192080607,0.7334801762114538,0.9878263789774159,0.925162980721794,0.8357442973815532,0.007186320595733952,0.0021626191203274734,0.698468530605786,0.9970074521466795,DERMASON
12664,35298,696.2449999999999,257.72147147544933,174.59331713850204,1.476124491471819,0.7355691606965779,35716,211.997192080607,0.7210737048537342,0.9882965617650353,0.9150309503930409,0.8225825767132559,0.0073013052148974255,0.0020620457273127224,0.6766420955122194,0.9988079691464009,DERMASON
12665,35315,682.2159999999999,240.6337005422035,187.2693793062398,1.2849602077694589,0.6279741275778459,35619,212.04823631033167,0.7776921382955296,0.9914652292315899,0.9535100463859598,0.8812075608384771,0.0068139232774232904,0.00253448579274142,0.7765267652788984,0.9978059936513192,DERMASON
12666,35316,686.525,247.07745941773547,182.15457805934722,1.3564164131918548,0.6756345202874738,35688,212.05123852943422,0.7644155844155844,0.9895763281775387,0.9416047887308134,0.8582378944204611,0.006996190378800981,0.0023413812007386666,0.7365722834192665,0.9990987347320958,DERMASON
12667,35319,700.6759999999999,265.83728185925133,169.59354183095553,1.5674964918429968,0.7700695350519694,35735,212.0602449317203,0.7195330644175528,0.9883587519238841,0.9040319485134182,0.7977069410602704,0.007526749960623215,0.0018800124946676856,0.6363363638157339,0.9974550179132917,DERMASON
12668,35320,693.884,257.06349179773133,175.42738269270487,1.4653555667989868,0.730952608774695,35700,212.0632469808145,0.8078867311695144,0.9893557422969188,0.921842681488327,0.8249450184379937,0.0072781283068440355,0.002079215421098308,0.6805342834456619,0.9972247006446603,DERMASON
12669,35322,697.666,259.1475487912549,173.84593872647585,1.490673585415131,0.7416042177618178,35710,212.0692509515121,0.7103469079939668,0.9891346961635397,0.9119269131610456,0.8183340029287149,0.007336717875297404,0.00202956969851722,0.6696705403493342,0.99826018542943,DERMASON
12670,35323,706.688,259.40363752833764,173.84260915862905,1.4921752427889259,0.7422143395386417,35731,212.07225287311906,0.7137978418138463,0.9885813439310402,0.8888163025246165,0.8175376987531717,0.007343760086298945,0.0020236220178096154,0.6683678888826318,0.997322016865763,DERMASON
12671,35326,713.346,269.29182330573985,168.08929705672665,1.6020759680782022,0.7812724792908881,35724,212.08125838299424,0.6956949860175666,0.9888590303437464,0.8723763189714037,0.7875517933651044,0.007623048839544241,0.0018089433403443353,0.620237827232592,0.9936681175023755,DERMASON
12672,35349,696.043,259.07428640755063,174.196033941502,1.487257089300622,0.7402073177022547,35723,212.15028792543097,0.7639393153526971,0.9895305545446911,0.9168849750722398,0.8188782100578543,0.007329041455417427,0.0020328446942360886,0.6705615229075556,0.9972973787564835,DERMASON
12673,35350,693.587,254.67771298883136,177.24264778801006,1.4368873189788782,0.7180914099115249,35773,212.15328870038286,0.7415565345080763,0.9881754395773349,0.9234159954620429,0.8330265189309543,0.007204461470688299,0.00214001390098902,0.6939331812422236,0.9971037883456226,DERMASON
12674,35351,697.598,246.2981368506215,183.07392298806388,1.3453480038589642,0.6689558911222724,35802,212.15628943289127,0.7725981292070985,0.9874029383833305,0.9128535606909131,0.8613800012687994,0.006967218377149769,0.0023660195225587116,0.741975506585837,0.9982152666974994,DERMASON
12675,35353,689.0719999999999,252.03019475395112,179.1753345139197,1.4066121067259485,0.7032647509206412,35704,212.1622907705849,0.7989378531073447,0.9901691687205916,0.9356360165572708,0.8418129858516041,0.007128962033036832,0.0022083532675493886,0.708649103148393,0.996794407909015,DERMASON
12676,35354,694.439,260.4509212944518,173.2218668421082,1.5035683776105064,0.7467681219011755,35670,212.16529137577368,0.7982749277456648,0.9911410148584244,0.9212557585829015,0.8146075672195876,0.007366943522499627,0.0020010634686600743,0.6635854885714151,0.9977461564571978,DERMASON
12677,35354,690.737,250.64718451516208,180.23881445782072,1.3906393318727595,0.6949131115071999,35800,212.16529137577368,0.7206278026905829,0.9875418994413407,0.9311571481521898,0.8464698767160476,0.007089641469569556,0.002245174317877761,0.7165112521876807,0.9964087290215908,DERMASON
12678,35355,703.3929999999999,266.69840481845694,169.29884601823392,1.5753114158246113,0.7726804999586286,35741,212.16829193852618,0.678078250863061,0.9892000783414007,0.8979757768068308,0.79553641156178,0.007543442365109799,0.0018637582861816618,0.632878182120594,0.9969802251208991,DERMASON
12679,35356,690.6759999999999,250.7554916281368,179.80481524199328,1.3945983108998132,0.6970193134962475,35682,212.17129245884425,0.7877896613190731,0.9908637408217028,0.9313743191571451,0.8461281987534223,0.0070923037568768185,0.0022423931922128867,0.7159329287257108,0.9984388531184325,DERMASON
12680,35363,693.3079999999999,247.6217737651339,182.10989302495915,1.3597381759550866,0.6775945160573702,35741,212.19229491305651,0.7349835806625931,0.9894239109146359,0.9244992050316677,0.8569209875473964,0.0070022841321475526,0.002329070369927415,0.7343135788992053,0.9984742063514569,DERMASON
12681,35364,704.877,250.39311550767795,180.74925013362136,1.3853065244949643,0.692037135691849,35831,212.1952950939636,0.7149442018437652,0.986966593173509,0.8944263110095882,0.8474485996299564,0.007080452310476133,0.0022526526489888778,0.7181691290147743,0.9948843801150324,DERMASON
12682,35364,692.505,258.79618210963196,174.27022578882338,1.485028098966459,0.7392893165147257,35651,212.1952950939636,0.7606469930310591,0.9919497349302965,0.9266706735416684,0.8199320923678575,0.007318068717046487,0.0020402706707554896,0.6722886360947328,0.9983675152165146,DERMASON
12683,35368,692.1229999999999,256.0122419816198,176.3743858376329,1.4515273335511432,0.7248283549657678,35704,212.2072953934271,0.7987353206865402,0.990589289715438,0.927798792158109,0.8288951096669134,0.007238527538498638,0.0021077946762093234,0.6870671028297244,0.9972966797411389,DERMASON
12684,35369,700.5930000000001,256.7380126213289,175.73173531220507,1.460965557332078,0.7290327337832291,35801,212.21029536226078,0.749740328563858,0.9879332979525711,0.9055262773803641,0.8265635976362274,0.0072588428460326525,0.0020900287290110168,0.6832073809373436,0.9981424520645152,DERMASON
12685,35377,696.091,266.64003427016655,169.38229640266167,1.5741906913122745,0.7723089923406043,35677,212.23429358634726,0.8225678943452381,0.9915912212349693,0.9174846949836725,0.7959580944671872,0.0075371013446636674,0.0018661430519803397,0.6335492881478357,0.9973273918898409,DERMASON
12686,35383,707.379,271.5264921748004,166.61094694199485,1.629703792928634,0.7896104633917402,35744,212.25229047377618,0.8356280849254895,0.9899004028648165,0.8885874823136172,0.7817001161608006,0.007673925110216783,0.0017674943138326997,0.6110550716058091,0.9958387678842652,DERMASON
12687,35384,701.617,268.74836728479767,168.00764221881946,1.599619896663806,0.780505820932739,35749,212.25528980665945,0.7661527801836133,0.9897899241936837,0.9032679145893009,0.7897919230211677,0.007595194644042439,0.001822927610511256,0.6237712816694744,0.9977969531259743,DERMASON
12688,35406,683.2989999999999,246.80726136672118,182.78689455659233,1.3502459351116534,0.671939742209635,35712,212.32126441054643,0.7951401365432986,0.9914314516129032,0.9529391261942343,0.860271546448006,0.0069707750484867305,0.0023550659098259953,0.7400671336280438,0.9992726388909989,DERMASON
12689,35411,704.177,266.12155686169007,169.61066006103695,1.5690143341575478,0.7705803957595669,35881,212.3362557798758,0.7005974992086104,0.9869011454530253,0.8973965250075877,0.7978919794544573,0.007515222864694306,0.001878875592945718,0.6366316108777522,0.9988841230450035,DERMASON
12690,35414,697.42,258.95468925548664,174.69077009760517,1.4823604539083581,0.7381836964262338,35770,212.34525009345288,0.7012673267326732,0.9900475258596589,0.9149472410546733,0.8200092869681593,0.007312212380851828,0.00203940576925498,0.6724152307140292,0.9967617466161417,DERMASON
12691,35414,705.7429999999998,264.0358213966924,171.0983486122598,1.543181588473691,0.761630228742398,35815,212.34525009345288,0.7888710683417981,0.9888035739215413,0.893494098811236,0.804228945035535,0.007455690444363597,0.0019239174328379706,0.6467841960329694,0.9981054630338371,DERMASON
12692,35418,700.0570000000001,255.21864777466007,177.03598445068673,1.4416201800247626,0.7202987400284139,35811,212.3572419189654,0.7238503985285101,0.9890257183546954,0.9081698765562856,0.8320600542733921,0.007205902303197811,0.0021305259271452077,0.6923239339174402,0.998068154249512,DERMASON
12693,35425,692.524,252.7132707279815,178.70663197267854,1.414123627860758,0.7070618082104188,35784,212.37822598431114,0.7380208333333333,0.9899675832774424,0.9282181694161397,0.8403920592397909,0.007133754995849866,0.0021949554655313723,0.7062588132332963,0.9987372751781026,DERMASON
12694,35436,705.427,268.70660405827533,168.3036319686251,1.5965585585720883,0.7795442075692913,35850,212.4111967558095,0.6906525298199111,0.9884518828451883,0.8948503262358024,0.7904948875381684,0.0075828706416716145,0.0018264579249830976,0.6248821672239816,0.9976609721805229,DERMASON
12695,35441,703.568,274.54169214424604,164.6718148766193,1.6672051155199024,0.800145297573792,35732,212.42618177842132,0.816311958724894,0.9918560394044554,0.8997123346732707,0.7737483517323525,0.0077464431631231075,0.0017126990190553498,0.5986865118085324,0.9981332150799515,DERMASON
12696,35442,706.77,272.25767273889664,166.20767256321415,1.6380571879757733,0.7920322142139943,35845,212.42917865609618,0.7775778850372971,0.9887571488352629,0.8916037193430132,0.7802504756581174,0.007681780732997479,0.0017562156289127552,0.6087908047647186,0.997234153718403,DERMASON
12697,35442,694.127,244.3351147782882,185.23658351131044,1.3190435180066318,0.6521091408595536,35957,212.42917865609618,0.728180473372781,0.9856773368189782,0.9243792958168716,0.8694173117476638,0.006893942632421652,0.0024297442449244936,0.7558864619665344,0.9970471380059237,DERMASON
12698,35444,696.847,258.9878645809336,174.54313201655592,1.4838043845596163,0.738783087054975,35778,212.43517228461275,0.7643075861474102,0.9906646542568058,0.9172288841804318,0.8202514532036185,0.007306959276067419,0.0020403491130113667,0.672812446482648,0.9983220580772354,DERMASON
12699,35452,703.811,265.07519751925537,170.52405724736738,1.5544739070730016,0.7656104554996351,35847,212.4591451078324,0.7112020542449045,0.9889809468016849,0.8993702223141669,0.8015051845520142,0.007477016741488643,0.0019034148776324862,0.6424105608637585,0.9986104544908451,DERMASON
12700,35453,706.275,258.38067490348266,175.16895275674239,1.475036933413061,0.7351088235051103,35897,212.46214152054412,0.7082808910198781,0.9876312783798089,0.8931310480420466,0.8222834064502259,0.007287977742461362,0.0020552890373501166,0.6761500005233876,0.9973462232992573,DERMASON
12701,35457,688.197,248.60373855146378,181.90818181896933,1.366644073210892,0.6816059709245677,35806,212.47412674882244,0.761484440435539,0.9902530302183992,0.940776154950473,0.8546698773994419,0.007011414912470423,0.0023076982530266413,0.730460599333977,0.9982796487938557,DERMASON
12702,35464,688.353,253.42456940235405,178.60218428785535,1.4189332029327621,0.7094509550480048,35828,212.4950992716957,0.7857142857142857,0.9898403483309144,0.9405354369585978,0.8384944671024539,0.007145966879155032,0.0021789214113843657,0.7030729713614281,0.9976135831493256,DERMASON
12703,35465,692.5249999999999,257.33498646431474,175.7158153219213,1.4644953044941487,0.7305781479017438,35843,212.49809517742165,0.739778890279516,0.9894540077560472,0.9292635796239003,0.8257644951316764,0.007256026687278014,0.0020811503554888154,0.6818870014200725,0.9986203117752909,DERMASON
12704,35478,704.863,266.3310211142227,170.1117343680069,1.5656240417728167,0.7694368060401994,35885,212.53703810892372,0.6979736376155814,0.9886582137383307,0.8973452441925103,0.7980183353022624,0.007506934469649437,0.0018779925576599722,0.6368332634785943,0.9970414679027298,DERMASON
12705,35484,697.9949999999999,252.0567638212479,179.4317370228576,1.4047501740962285,0.702310901853009,35857,212.5550093631823,0.7818614489687996,0.9895975681178013,0.9152459406608027,0.8432823072898008,0.007103392058991317,0.002215835431599476,0.7111250497880099,0.9989530374938961,DERMASON
12706,35488,691.7969999999999,258.25564923628764,175.2882179432497,1.4733200683225556,0.7343794497773485,35852,212.56698935526524,0.7227109807754969,0.9898471493919446,0.9318243172767584,0.823087471595945,0.0072772669419603146,0.002060307452903038,0.6774729858982057,0.9981345458702302,DERMASON
12707,35489,702.5319999999999,267.2950920977131,169.76699477021447,1.5744820862235696,0.7724056800103619,35815,212.56998424779118,0.6860959672118471,0.9908976685746196,0.9035899756131013,0.795263327057586,0.007531773002837868,0.0018583213150582677,0.6324437593627009,0.9957713696604625,DERMASON
12708,35490,708.286,259.78060833609294,175.71513254190455,1.478419101292488,0.7365361446565803,36077,212.57297909812272,0.708468080009582,0.9837292457798598,0.8889934233993793,0.8182788563767814,0.00731982553778791,0.0020243509739349724,0.6695802867932935,0.9899202858441074,DERMASON
12709,35494,689.3809999999999,253.04906165257208,179.02699203800495,1.413468766759223,0.7067339907193634,35815,212.584958077541,0.7202077795588743,0.9910372748848248,0.9385257434155485,0.8400938406537664,0.007129347541910522,0.0021904873593094278,0.7057576611043959,0.9975664108721041,DERMASON
12710,35494,687.2660000000001,246.85464604366618,183.61459909256521,1.344417313566771,0.6683837009420077,35872,212.584958077541,0.7250480042488867,0.9894625334522748,0.9443110907193234,0.8611746284083986,0.006954827465026939,0.0023595600178053415,0.7416217406143435,0.9970491081994484,DERMASON
12711,35495,704.5949999999999,253.8907406451521,178.39469004492076,1.4231967362998361,0.7115420217356463,35963,212.58795271692748,0.7562264311737009,0.9869866251425076,0.8984583113641345,0.8373206213693667,0.007152859294130219,0.0021688353986796297,0.7011058229703825,0.997811519052259,DERMASON
12712,35499,699.309,271.0406628037668,167.23605038093706,1.6207071512773674,0.7869516910805547,35770,212.59993085265464,0.8199140798226164,0.9924238188426056,0.9121951274481387,0.7843838952186182,0.007635163323016615,0.0017828416330275417,0.6152580950783323,0.9971531945747436,DERMASON
12713,35502,689.667,248.18043640182785,182.32985357325603,1.3611618258779248,0.6784284250354572,35846,212.60891401159017,0.7684415584415585,0.9904033922892372,0.9379588640160235,0.8566707235027825,0.0069906043716361855,0.002322470402064357,0.733884728506781,0.9989358770382151,DERMASON
12714,35504,706.6049999999999,268.58356238838604,168.69717055008866,1.5921047253643157,0.7781331259242932,35954,212.61490257335493,0.7868271169913348,0.9874840073427157,0.8935806102433589,0.7916154685069763,0.007564881770740932,0.0018324789535181672,0.6266550499795198,0.997700466245805,DERMASON
12715,35509,700.973,253.92949488459547,178.43807786822848,1.4230678671181118,0.7114791823590025,35927,212.6298732398646,0.7516086698840064,0.9883652962952654,0.9081251964372125,0.8373579183328014,0.007151130555199963,0.002168697583795736,0.7011682833946427,0.9978100535412818,DERMASON
12716,35536,709.5559999999999,271.8795357450847,168.07185471455247,1.6176386951095152,0.7860326252735376,36063,212.71069663208934,0.7961643590088273,0.9853866844133877,0.8869620772667859,0.7823711190662312,0.007650819893772082,0.0017682309268213577,0.6121045679489471,0.9901640345675082,DERMASON
12717,35545,706.7769999999999,274.20600295947145,165.97197204925718,1.6521223407413184,0.7960110790285705,36028,212.737630939172,0.7883122643601685,0.9865937604085712,0.8941771469928029,0.7758314137660046,0.007714334026149148,0.001724041215376128,0.6019143825861577,0.9944361986841082,DERMASON
12718,35545,720.761,261.663899682953,173.4719120872836,1.508393471510794,0.7486574821304196,36160,212.737630939172,0.7451000943297348,0.9829922566371682,0.8598165974717894,0.8130186517778613,0.00736148261873549,0.0019840247697756725,0.6609993281386913,0.9970470712374232,DERMASON
12719,35546,703.958,265.14738314797296,171.12790835921308,1.5494105297623602,0.7638390793065115,35953,212.74062342946183,0.7548203516520853,0.9886796651183489,0.9013783093679031,0.8023485689494282,0.00745927483114761,0.0019069034339886833,0.6437632260951954,0.9974535211856829,DERMASON
12720,35554,704.3749999999999,261.72263793462224,173.377499023562,1.509553658396319,0.7491083707315995,35942,212.76456183658493,0.7146532663316583,0.9892048300038951,0.9005139922847922,0.8129390851154918,0.00736127124752833,0.001983191266403774,0.660869956108413,0.9976186599676696,DERMASON
12721,35572,710.71,267.4299910524221,171.54649415101267,1.5589359163294998,0.7671538181653881,36312,212.81841340757902,0.6903833090732654,0.9796210619079092,0.8849796724260893,0.7957911248849496,0.007517991427314239,0.0018598501506811194,0.6332835144456536,0.987248415888701,DERMASON
12722,35576,712.5709999999999,277.05207317330206,163.91659020389793,1.690201539872648,0.806198298778184,36029,212.8303785729334,0.6940981367671447,0.9874267950817397,0.880462154813457,0.7681963038038824,0.007787611681282383,0.001672911256769874,0.5901255611779467,0.9974311322211761,DERMASON
12723,35581,689.104,244.21514488258862,186.35301054812078,1.3104974487091876,0.6463170083301524,35915,212.84533408374688,0.7918326471570045,0.9907002645134345,0.9415827034088743,0.8715484626724382,0.006863639158050325,0.0024428700819771358,0.7595967227866904,0.995449567259818,DERMASON
12724,35581,701.6659999999999,253.4008656410907,179.65599553059533,1.4104782024819018,0.7052291826277158,35975,212.84533408374688,0.8054373415429192,0.9890479499652537,0.9081699927789463,0.8399550394007516,0.007121802806022616,0.0021867234753358594,0.7055244682147183,0.9951268837344953,DERMASON
12725,35582,704.091,261.74290034667195,173.6046952474304,1.5076948234241152,0.7483853297549646,36056,212.84832505981004,0.7490631973390595,0.9868537830042157,0.9019503539759067,0.8131961737181705,0.007356048011541564,0.0019842921939860546,0.661288016949873,0.9970205199477223,DERMASON
12726,35587,691.1270000000001,253.34022939790975,179.31302411306547,1.412837860780077,0.7064175895426692,35956,212.86327930972556,0.7196562184024267,0.9897374568917566,0.9362364017768694,0.8402269146736702,0.007118898176241598,0.002188663019329889,0.7059812681420351,0.9974370646325986,DERMASON
12727,35594,689.634,254.57292802119966,178.44183715661788,1.426643729282846,0.7132144956544414,35966,212.8842134948089,0.811629232698666,0.989656898181616,0.9404794939034027,0.8362405820193138,0.007152130359644874,0.002157447036525296,0.6992983110160009,0.9976495503090631,DERMASON
12728,35613,702.514,264.61179515534326,172.3999258660548,1.5348718616093373,0.7586312990388216,36041,212.94102448014414,0.717989556662164,0.9881246358314142,0.906793621926568,0.8047299038772432,0.007430202318123811,0.001922122056975387,0.6475902181942771,0.993968003759847,DERMASON
12729,35615,697.5629999999999,253.52311785813635,179.0336482764285,1.4160640767745283,0.708029623287633,35980,212.9470037021954,0.7889898094816128,0.9898554752640356,0.9197630090216001,0.8399510289288644,0.007118436553646956,0.002185648136753924,0.7055177309986581,0.9990583143946747,DERMASON
12730,35616,702.212,273.0505737793979,166.26041742006723,1.6423065574863722,0.7932472081350948,35920,212.94999325026416,0.7994612794612794,0.9915367483296214,0.9076502113162379,0.7798921287831097,0.007666514313213103,0.0017495077158901004,0.6082317325378505,0.9989029628182092,DERMASON
12731,35624,726.9649999999999,266.1831624464742,171.36825248397056,1.5532816527458753,0.765195283190144,36219,212.9739081240832,0.7290886392009988,0.9835721582594771,0.8470821728609641,0.8001028546157923,0.0074720178095237545,0.0018888650926836817,0.6401645779643398,0.9943558936898155,DERMASON
12732,35626,699.261,263.192969302351,172.521369506179,1.5255673546744277,0.7552005221957679,35986,212.97988642295522,0.7610441767068273,0.9899961095981771,0.9155842509252664,0.8092157134269344,0.007387665449456886,0.0019540884255070555,0.6548300708570626,0.9989873789586768,DERMASON
12733,35632,710.37,276.1867325306229,164.8450122556111,1.6754327519619685,0.8023448634829774,36011,212.99782031279878,0.7172302737520129,0.9894754380605926,0.8873211619085741,0.7712094580400675,0.007751087015340787,0.001691343284667555,0.5947640281704546,0.9964871324856106,DERMASON
12734,35633,694.5289999999999,250.38109566988138,181.9653698102058,1.375982121933612,0.6868982190404468,35992,213.00080914763691,0.7994660205066074,0.9900255612358302,0.928285321229071,0.8507064344365317,0.00702666336457445,0.002270114596359283,0.7237014375917171,0.9958002397438565,DERMASON
12735,35641,705.634,272.4600198620523,167.10095674424323,1.6305114295609129,0.7898465598211896,36030,213.02471831669192,0.6802756145976485,0.989203441576464,0.8994991303349553,0.7818567965477916,0.00764456720804838,0.0017621445415725028,0.611300050307975,0.996731718918314,DERMASON
12736,35650,700.907,267.4872007976718,170.15945914562047,1.5719796133623072,0.771573185826344,36035,213.05161292468205,0.8037968975468975,0.9893159428333564,0.9119029140929975,0.7964927379304215,0.007503147287452224,0.001862732604333783,0.6344006815758994,0.9972649381404664,DERMASON
12737,35653,704.8429999999998,265.1395303834279,171.5330926402944,1.5457048334074321,0.7625289889097215,36096,213.06057703958928,0.7821384696384697,0.9877271719858156,0.90182269659487,0.8035790692224379,0.0074366681733214,0.0019128135122470076,0.6457393204923997,0.9981223888063332,DERMASON
12738,35658,696.2439999999999,257.6489809964609,176.78838204038922,1.4573863849129984,0.7274508108140519,36029,213.07551639305353,0.7205674332134341,0.9897027394598795,0.9243658948224809,0.8269992591043096,0.007225558948804221,0.0020848350183949754,0.6839277745590772,0.9967470269062456,DERMASON
12739,35660,704.76,269.7078275928438,169.75303953516598,1.5888247322780409,0.7770846933717992,36129,213.08149184116368,0.7853241719520789,0.9870187384095879,0.9022122282755842,0.790045634726018,0.007563315412025906,0.0018176099271817023,0.6241721049496365,0.9917000775420275,DERMASON
12740,35664,711.193,275.69514374422573,165.2006454814467,1.6688502816727093,0.8005882031666315,36012,213.09344223470333,0.8024480244802448,0.9903365544818394,0.8860637479632764,0.7729314319457121,0.007730348355322615,0.0017019339528899274,0.597422998489649,0.9970095393072053,DERMASON
12741,35664,695.948,262.86273167248305,173.1266239269235,1.5183264463323507,0.7524758055594017,36022,213.09344223470333,0.7246571167327035,0.9900616290044972,0.9253080339732869,0.810664337538003,0.007370534198981692,0.001963554684657309,0.6571766681559293,0.9978087151737266,DERMASON
12742,35665,689.7579999999999,252.9303400900591,180.14032647596156,1.4040739518911156,0.7019632184753738,35955,213.09642972837338,0.8092256029768793,0.9919343623974413,0.9420166954178871,0.8425103514766068,0.007091836256555702,0.0022041413620265578,0.7098236923452356,0.9966449568571183,DERMASON
12743,35674,712.727,258.2219166748692,176.30501911903534,1.4646316818724614,0.7306375680029606,36178,213.12331528690657,0.7192338709677419,0.9860688816407761,0.8825010876610294,0.8253494437315835,0.00723837855790966,0.002071917730008062,0.6812017042680344,0.997709597816478,DERMASON
12744,35680,703.3030000000001,257.40263147396104,176.84061496683628,1.4555628610669156,0.726639024400915,36100,213.1412371085206,0.7874293785310734,0.9883656509695291,0.9064623489696666,0.8280460688688883,0.007214199312611015,0.0020921166621357544,0.6856602921692199,0.9980216565898068,DERMASON
12745,35689,715.237,261.25925170342373,174.42067772898778,1.4978685732970514,0.7445064073827451,36119,213.16811701577987,0.7468818014398125,0.988094908496913,0.8766864566604453,0.8159256203403815,0.007320441920575632,0.0020013329396815866,0.6657346179278364,0.9971829623500259,DERMASON
12746,35689,696.4549999999999,254.46362077420227,179.09396402133493,1.4208386204679058,0.7103885622501837,36031,213.16811701577987,0.8150406504065041,0.9905081735172491,0.9246090118306391,0.8377154909893156,0.00713002944252297,0.002165994112518847,0.7017672438434702,0.9970980026321207,DERMASON
12747,35702,691.1999999999999,254.3248283275801,179.08571001813036,1.4201291007631633,0.7100400113570667,36036,213.20693756567766,0.746778781793842,0.9907314907314907,0.939063478893916,0.8383252982719367,0.007123545692890597,0.002170332458689576,0.7027893057227316,0.9980515447619906,DERMASON
12748,35704,700.9399999999999,261.72853073619694,174.08664707670542,1.5034382885258,0.7467168644733797,36110,213.21290933061312,0.7621243169398907,0.9887565771254501,0.9131982054586978,0.8146338067572618,0.007330510047507196,0.001991423704213798,0.6636282391118278,0.9977241040276766,DERMASON
12749,35706,693.069,250.70975807610427,181.6645681615005,1.3800696559233405,0.6891685107247236,36096,213.2188809282933,0.7246270928462709,0.9891954787234043,0.934110205359367,0.8504610373544758,0.007021502214644717,0.0022658308586391675,0.7232839760580511,0.9981822679733005,DERMASON
12750,35714,734.051,265.1196586032585,172.01503243385548,1.54125866124639,0.7609416140417824,36462,213.24276564674264,0.7746735499544488,0.9794854917448302,0.8329058051567222,0.8043264945729746,0.007423409828169862,0.0019165171009826024,0.6469411098720492,0.9971035889066484,DERMASON
12751,35715,768.158,273.4600606886782,167.0878573921342,1.6366243780773477,0.791619982225352,36609,213.24575104844723,0.7844623089088034,0.9755797754650496,0.7606053970362154,0.7798058353070352,0.007656728564711696,0.0017465013952392625,0.6080971407789029,0.9952266048378853,DERMASON
12752,35717,695.483,258.5481358069369,176.3597935526742,1.4660265279212583,0.7312440790669288,36034,213.2517217264747,0.734917695473251,0.9912027529555419,0.9279227023326789,0.8248047159996313,0.0072387976539725314,0.002066572954972131,0.6803028195352325,0.9973419804582795,DERMASON
12753,35719,692.482,254.45401201066946,178.96448707857385,1.42181287564025,0.7108660366199188,36039,213.25769223733823,0.7296739663343683,0.9911207303199312,0.9360351930110007,0.8380991541544103,0.007123771998394957,0.002168060430809595,0.7024101921943381,0.9986958552428524,DERMASON
12754,35724,704.414,260.62619703720827,174.95161707823044,1.4897044187975013,0.7412091987796309,36149,213.27261778324694,0.7524485540366914,0.9882431049268307,0.9047195749636202,0.8183084440770898,0.007295549127679103,0.0020179289906169903,0.6696287096478678,0.9975488477160975,DERMASON
12755,35731,695.011,258.9551086419726,175.8663597512331,1.4724539076618768,0.7340102351278937,36046,213.2935117928628,0.7651505417790911,0.9912611662875215,0.9295476953054834,0.8236698357156537,0.007247351281575455,0.0020576510277166503,0.6784319982678518,0.9989598469323541,DERMASON
12756,35739,699.446,259.86712582969534,175.4907281966103,1.480802595670777,0.7375344970736838,36060,213.31738815504463,0.7191235059760956,0.9910981697171382,0.9180025314291713,0.8208710027248417,0.0072712478197402095,0.002036518535693941,0.6738292031144871,0.9978080330107039,DERMASON
12757,35740,703.2079999999999,258.55875694323345,176.61220781947404,1.4639914201600486,0.7303584177141077,36193,213.32037251241314,0.7043752463539614,0.9874837675793662,0.9082320148503329,0.8250363477700645,0.007234436400202391,0.002067648899804832,0.680684975141767,0.9965169634394028,DERMASON
12758,35742,715.6419999999999,271.8202284904676,168.9010797024935,1.6093457127050843,0.7835168557573252,36323,213.32634110189997,0.8024696901661428,0.984004625168626,0.8769949104312678,0.784806716875308,0.007605064867395994,0.001779645623343465,0.6159215828526,0.9912307587263612,DERMASON
12759,35747,706.533,267.5410859990991,170.45082072565336,1.5696086698797183,0.7707799358705707,36145,213.34126184507267,0.7093503194824781,0.9889887951307235,0.8998799217470709,0.7974149504864874,0.007484294793943523,0.0018666725601914323,0.6358706032593672,0.9980680117975493,DERMASON
12760,35748,697.09,261.07757939099827,174.73433455508652,1.494140118802417,0.743009137417302,36099,213.34424586848502,0.7161057692307692,0.9902767389678384,0.9244510241855627,0.8171680094711379,0.0073032779285833686,0.0020088292202504843,0.6677635557030218,0.9977323184500376,DERMASON
12761,35755,709.4559999999999,263.27379430686113,173.21828277232115,1.519896110810135,0.7530706099203021,36162,213.36513286384385,0.784307273843994,0.988745091532548,0.892679814408556,0.8104305763723457,0.007363272110386271,0.001959358407387146,0.6567977191192125,0.9982642988782585,DERMASON
12762,35762,704.422,269.0956979613928,169.57590210895165,1.5868746361644013,0.7764575958287514,36156,213.38601781470803,0.7596490855407099,0.9891027768558469,0.9056613635970948,0.7929744675640358,0.007524626641725652,0.00183527663075341,0.6288085062084661,0.9978402695066402,DERMASON
12763,35763,727.7669999999999,267.0238367420127,171.70353096508032,1.555144703438381,0.7658435249717119,36421,213.38900121225467,0.7371230702640311,0.9819334999039016,0.848514149379021,0.7991383983386555,0.007466483145765531,0.0018783816949094394,0.6386221796992718,0.9931499002575965,DERMASON
12764,35770,697.3919999999999,260.1679445768697,175.37422589126734,1.4835015992496796,0.7386575830035318,36108,213.4098838272885,0.7650682294563032,0.9906391935305195,0.9242189775088996,0.820277394951068,0.007273356012772426,0.0020312228924215595,0.6728550046677104,0.9981814754876991,DERMASON
12765,35773,701.6439999999999,259.73269015134315,175.71930628178083,1.4781112880951153,0.7364067625337135,36222,213.4188328939388,0.7292278212654925,0.9876042184307879,0.9131278631715242,0.8216864529820339,0.007260578932472624,0.0020416228674624707,0.6751686270141963,0.997974368957364,DERMASON
12766,35773,695.2629999999999,260.2901235521207,175.4282128797264,1.4837415218416186,0.7387570386271697,36055,213.4188328939388,0.702050829162987,0.9921786160033282,0.9299658279694294,0.8199267416737142,0.007276161450035521,0.0020285340122469546,0.6722798617116736,0.9974895451195515,DERMASON
12767,35780,695.1850000000001,256.8210497615183,177.71559291120155,1.4451238946142617,0.7219145699102122,36107,213.43971259028655,0.72957872843685,0.9909435843465256,0.9303565396328388,0.8310834053068654,0.007177782273938465,0.0021122654029963207,0.6906996265764556,0.9981465343667836,DERMASON
12768,35786,705.4889999999999,268.4366181430401,170.0617117606688,1.5784659307723319,0.7737209903973048,36176,213.45760784730192,0.723826860841424,0.9892193719593101,0.90352989874272,0.7951881130224868,0.0075011629727558295,0.0018500688088266318,0.6323241350922634,0.9981021044482193,DERMASON
12769,35790,700.082,260.648934088596,175.29870234803587,1.4868845610226298,0.7400542597749569,36164,213.4695371852187,0.7377251927278724,0.9896582236478265,0.9176429647047661,0.8189925576778275,0.00728273076525834,0.0020211280930392543,0.6707488095316697,0.9973260492169482,DERMASON
12770,35799,695.375,249.36169941771792,182.99907143982537,1.3626391514216738,0.6792899356645828,36151,213.49637575840504,0.7310095564812545,0.9902630632624271,0.9303419699648265,0.8561714820557381,0.006965605168237043,0.0023087751974385767,0.7330296066855193,0.9988548412209194,DERMASON
12771,35808,739.41,295.8537984904982,154.9226684839683,1.909686951468395,0.8519359307797925,36355,213.52321095814548,0.8042584731487097,0.9849539265575574,0.8230368667858241,0.7217186733703644,0.008262226275985763,0.00138276575700538,0.5208778434914788,0.994713621024674,DERMASON
12772,35824,711.393,270.8438011206431,168.78335084610995,1.6046831619523176,0.7820816450568495,36333,213.5709096543639,0.7534756546429698,0.9859906971623593,0.8895385324245182,0.7885390353063023,0.007560400879875031,0.0018030898788296806,0.6217938102017939,0.9977820574369937,DERMASON
12773,35826,699.05,254.2447400361221,180.31203109031884,1.4100264885196159,0.7050007736843881,36230,213.57687124237478,0.697872837774661,0.9888490201490477,0.9212801321438037,0.8400444045057948,0.007096654386091724,0.002179929212805634,0.7056746015414954,0.9950198804490339,DERMASON
12774,35833,698.409,263.0078589371661,174.0388501348289,1.5112020030781195,0.7497467250922442,36117,213.59773549009145,0.7728292283138507,0.9921366669435446,0.923152348996912,0.8121344219646343,0.00733982248031608,0.001969595267415267,0.6595623193398309,0.9967318981412029,DERMASON
12775,35838,704.3289999999998,258.30125972238204,177.19884435397185,1.457691559242905,0.7275862809019935,36246,213.61263727649344,0.8203167917963743,0.9887435854990896,0.9078257317843921,0.8269903039035923,0.007207468600992858,0.002079525223552172,0.683912962750556,0.9969341530582928,DERMASON
12776,35839,689.7760000000001,256.4182425095021,178.13299739540855,1.4394763814607623,0.7193024430757812,36124,213.61561750902834,0.8048643550125764,0.9921105082493633,0.9465631391532058,0.8330749615098559,0.007154726485379115,0.002125735011743611,0.694013891494648,0.9990166052122178,DERMASON
12777,35845,695.113,255.3819573656643,178.9410582360288,1.4271847941617044,0.7134755651316522,36136,213.63349803116532,0.7211693223885401,0.9919470887757361,0.9322397719930601,0.836525415635678,0.007124618701790049,0.0021520777176588946,0.6997747710044436,0.9987079125155306,DERMASON
12778,35845,691.866,237.52968247812657,193.32778705260557,1.2286370526420676,0.580990955231008,36310,213.63349803116532,0.7809368191721133,0.987193610575599,0.9410105036479762,0.8993970597794161,0.006626577834513226,0.002674699029567666,0.8089150711398583,0.9938630288430239,DERMASON
12779,35857,710.411,261.09718894740627,175.4917335656284,1.487803349151851,0.7404314904356055,36325,213.66925458654254,0.7128911686349357,0.987116311080523,0.8928211307964358,0.8183514171406215,0.00728162392133771,0.0020145004229500346,0.6696990419360636,0.9963804775162614,DERMASON
12780,35858,714.1239999999999,276.1287602167046,166.15446952379935,1.661879821879561,0.7987009076587196,36348,213.67223402939715,0.7037189677166127,0.9865192032574007,0.8835856805860485,0.7738137594276965,0.007700617999238792,0.0017031430786096228,0.598787734279625,0.995113253188289,DERMASON
12781,35858,696.918,260.7961094467005,175.47281888001163,1.4862479050104789,0.739792341748567,36151,213.67223402939715,0.8225066519864208,0.9918951066360543,0.927753419325977,0.8193075981183908,0.0072730244142646125,0.0020215418566264395,0.6712649403345268,0.9976661112791744,DERMASON
12782,35860,708.973,274.22258233569084,167.10300400714397,1.6410392138968808,0.792886027085053,36261,213.67819279047393,0.6967842222869911,0.988941286781942,0.8965215987938417,0.77921442855096,0.007647032413153677,0.0017390042223866928,0.607175125661999,0.9963981909141068,DERMASON
12783,35873,690.4459999999999,256.1448565255674,178.53364657706518,1.4347147522974097,0.7170685397383981,36167,213.71692068782127,0.7947933975850228,0.9918710426632013,0.9456232152337894,0.834359602557504,0.007140324381165985,0.0021345718557125243,0.6961559463799161,0.9987852061708301,DERMASON
12784,35873,702.0909999999999,263.6200054191839,173.47299620517057,1.5196601845015367,0.752981356302439,36216,213.71692068782127,0.7346508294081507,0.9905290479346145,0.9145148241568979,0.8107006915047612,0.007348702517748275,0.0019580897934510936,0.657235611206298,0.9987747901867431,DERMASON
12785,35875,697.4419999999999,259.0436208193899,176.6381816052936,1.4665211024320617,0.7314585954461768,36220,213.72287820299906,0.7640131186642815,0.9904748757592491,0.926799049310185,0.8250459035700812,0.00722072810646383,0.0020638265929214922,0.6807007429977717,0.9982620040474157,DERMASON
12786,35876,697.4,258.429864241308,177.24497105778389,1.458037780699893,0.727739838754368,36193,213.72585689831425,0.7518336895930257,0.9912414002707706,0.9269365204167113,0.8270168679063673,0.007203419116994871,0.002078623902559675,0.6839568998016577,0.9972350002811883,DERMASON
12787,35879,698.476,265.3647555673935,172.3769263056624,1.539444757802695,0.7602891002553487,36174,213.73479273518598,0.7901471106412967,0.9918449715265107,0.9241601078502355,0.805437754076218,0.007396102331932147,0.001920041455239345,0.648729975691342,0.9986839603075064,DERMASON
12788,35880,716.473,272.57571843596,168.44231279069564,1.6182140575014503,0.786205438477665,36349,213.7377712644577,0.6910631741140215,0.987097306665933,0.8783399586834675,0.784140907674702,0.0075968706364537356,0.001771703071339008,0.6148769630889056,0.9950025453042673,DERMASON
12789,35881,701.083,248.81475125130717,184.53941337174984,1.3483014100086919,0.6707606038695981,36323,213.74074975222288,0.7085505529225908,0.9878314015912782,0.9173509806247429,0.8590356828817639,0.00693444305485653,0.002329357595177429,0.7379423044641387,0.9949686496140615,DERMASON
12790,35883,707.141,260.7699439808939,175.61025556933745,1.484935735304663,0.7392511630112032,36296,213.74670660324068,0.807066867591822,0.9886213356843729,0.9017508750610217,0.8196753941048569,0.0072672280461748996,0.00202356026993112,0.6718677517009525,0.9976804338995444,DERMASON
12791,35884,703.317,262.88088896601136,174.0389742615694,1.510471376204035,0.7494641001992014,36263,213.74968496649666,0.7105179787739585,0.9895485756832033,0.9116087438283634,0.8131046947050342,0.007325852440252239,0.0019752578837625447,0.6611392445513671,0.9986319045799994,DERMASON
12792,35907,709.0569999999999,264.98083930186465,173.1489709246017,1.5303633506274283,0.756978667169307,36296,213.8181758710084,0.6966010941683157,0.9892825655719638,0.8974839444828286,0.8069193849425014,0.0073796429471096065,0.0019299040062220301,0.6511188937959846,0.9964484919664479,DERMASON
12793,35912,698.705,250.30336892272177,183.04582009591027,1.367435589578449,0.6820603709434453,36326,213.8330622951679,0.8077372919478183,0.9886032043164675,0.9244038683014283,0.8542955822587683,0.00696990891408782,0.0022900212243175486,0.7298209418668482,0.9979831299283926,DERMASON
12794,35942,698.6579999999999,252.93401092911233,181.26659669259885,1.3953702201296951,0.6974271504022977,36276,213.92235908588708,0.7756819751381215,0.9907928106737237,0.9253005732762187,0.8457635187141411,0.007037282592207232,0.0022211635963207458,0.7153159295877254,0.998130546131102,DERMASON
12795,35947,711.184,266.47903766193815,172.17314259122358,1.5477387102970945,0.7632494772470423,36360,213.93723826065178,0.8118478702741768,0.9886413641364137,0.8931174211357796,0.8028295213676725,0.007413109234760568,0.0018996495877516223,0.6445352403794462,0.997572141685912,DERMASON
12796,35952,711.1059999999999,273.00625271479913,167.92198439119673,1.6257922016857218,0.7884609963052814,36347,213.95211640065298,0.7271256370843783,0.9891325281316202,0.893437615153809,0.7836894366817374,0.007593631862338649,0.0017668727525750711,0.6141691331665391,0.9985113872182387,DERMASON
12797,35968,719.7389999999999,267.84304018040655,171.41050785366633,1.5625823850254557,0.7684030127897146,36544,213.9997194975599,0.7180101409350421,0.9842381786339754,0.8725213874585336,0.7989743521183889,0.0074467037416705555,0.0018718678794082584,0.6383600153429992,0.9974901152795504,DERMASON
12798,35976,702.411,265.2718779507673,173.22797451883665,1.5313454924794603,0.75734023125231,36316,214.02351707555925,0.8060764939167843,0.9906377354334178,0.9163051558969145,0.8068081649999876,0.007373578995740697,0.0019272552562311024,0.6509394151106475,0.9968131392069063,DERMASON
12799,35980,710.6299999999999,259.94906911441046,176.82951091495505,1.4700547876277914,0.7329831862640478,36501,214.0354148723317,0.7954545454545454,0.9857264184542889,0.8953316715614439,0.8233744233110873,0.007224821264991953,0.002048313179308057,0.6779454409628658,0.9966169412378951,DERMASON
12800,35985,699.379,261.79111155468695,175.54343742632597,1.4913181340917878,0.7418663844455322,36351,214.05028618830397,0.714158132888783,0.9899315011966658,0.9244984673483959,0.8176377147303944,0.0072750065737025695,0.0020056577023555354,0.6685314325495416,0.9969930485714924,DERMASON
12801,35995,696.854,257.44296256121964,178.5486739750941,1.4418643209701496,0.7204118317990471,36354,214.08002572108913,0.7954696132596685,0.9901248830940199,0.9314690891349489,0.8315629356936923,0.007152186763751066,0.002109595082474144,0.6914969160195119,0.9970447312694258,DERMASON
12802,35998,706.35,266.42217853048055,172.3450702825952,1.5458648053792694,0.7625857857602191,36402,214.08894677534474,0.7588911141562138,0.9889017086973243,0.9066681036923778,0.803570288165223,0.007401027238471042,0.0019035629662559977,0.6457252080219394,0.9982038730273236,DERMASON
12803,36002,700.889,257.8889856908122,178.2686493533633,1.4466311750622278,0.7226049787508273,36368,214.10084093612366,0.7973864894795127,0.9899362076550814,0.9209541377325344,0.8302054481412132,0.007163184981134721,0.0020990763980449807,0.6892410861233526,0.997077642319792,DERMASON
12804,36004,698.8629999999999,253.69180631288364,181.77486034826896,1.3956374705876624,0.6975681385510805,36421,214.1067877687319,0.8019422665716323,0.9885505614892507,0.9263530179037188,0.843964142478726,0.007046211707390391,0.0022051159518240485,0.7122754737898513,0.9940783406016969,DERMASON
12805,36007,692.918,254.00991401300107,180.86539109556213,1.4044141473079959,0.7021382161214923,36355,214.11570770795635,0.7982397800833555,0.990427726585064,0.9423953105293231,0.8429423258534594,0.007054459244396952,0.0021970246837593964,0.7105517647152398,0.9979089507607454,DERMASON
12806,36012,703.959,258.8057418873074,177.33084214570232,1.4594513777510962,0.7283653358814288,36470,214.13057344761086,0.7797843315577497,0.9874417329311763,0.9131925801638638,0.8273795314048727,0.007186652834813602,0.0020774257921455153,0.684556888987747,0.9990774947821714,DERMASON
12807,36013,716.0039999999999,276.2403998636671,166.6764974246206,1.657344641457904,0.7974577384334696,36429,214.13354647169933,0.6725116713352007,0.9885805265036097,0.8827511011721026,0.7751709980776912,0.0076705745109729015,0.0017084320849950695,0.6008900762607639,0.9958819479960083,DERMASON
12808,36015,701.005,256.4520817523144,179.396345538718,1.4295279036047361,0.7146016257315218,36407,214.1394923960475,0.758609794628752,0.9892328398384926,0.9209818082800911,0.8350078148434251,0.007120701978406621,0.002135328677569388,0.6972380508495918,0.9967212491444695,DERMASON
12809,36018,696.8659999999999,257.98733727667206,177.93645755663462,1.449884643199432,0.7240856691098096,36364,214.1484109730238,0.7314042034724337,0.9904850951490485,0.9320321771210014,0.8300733409383023,0.007162733557573215,0.0020976084475813283,0.6890217513364749,0.9990020560931326,DERMASON
12810,36021,718.0489999999999,268.288112597493,171.3113293939393,1.5660850543080578,0.7695928480397177,36571,214.1573291785861,0.7773869129834254,0.984960761258921,0.8779251004224199,0.7982363702408307,0.007448102845492713,0.001865311959243163,0.6371813027752566,0.9978801151608667,DERMASON
12811,36026,708.2239999999999,263.86946505216287,174.50000528554716,1.5121458857286216,0.7501110791528176,36402,214.1721920292851,0.7689976092896175,0.9896708972034504,0.9025777618985841,0.8116596286991623,0.0073244175054727936,0.0019608692445566922,0.6587913528600622,0.9961886337809354,DERMASON
12812,36032,708.755,260.0159416364438,177.26051150260125,1.4668576742351787,0.7316044198652795,36551,214.1900260887453,0.7709688462855186,0.9858006620885885,0.901375939983426,0.8237572848061269,0.007216250600478569,0.0020496912275833365,0.6785760642711622,0.9953745074284581,DERMASON
12813,36033,695.986,257.53390553881576,178.41437966891374,1.4434593557802085,0.7211488426274174,36372,214.19299828762402,0.8052067039106146,0.9906796436819532,0.9347797123774236,0.8317079564319373,0.007147168027608463,0.002109585732515889,0.6917381247921894,0.9984958679811432,DERMASON
12814,36035,708.696,260.9400058680638,177.10524070266337,1.4733612897776869,0.7343970002199763,36461,214.19894256165594,0.7453255563828907,0.9883162831518609,0.9016010884645992,0.8208742919625708,0.007241293350022583,0.0020281614466525462,0.673834603205052,0.9928018200750314,DERMASON
12815,36036,707.877,257.4892336371621,178.4630960649382,1.4428150094598173,0.720851497258046,36443,214.20191463681252,0.7983163491360212,0.9888318744340477,0.9037136434785279,0.8318868777971998,0.007145333378764627,0.002110859630664701,0.6920357774511735,0.9984796067897468,DERMASON
12816,36044,717.2249999999999,273.9078212265261,168.17075442467248,1.6287482455768827,0.7893305830749492,36500,214.2256897536666,0.6985271317829458,0.9875068493150685,0.880505365398272,0.7821086991762041,0.0075992626020010565,0.0017539599841239614,0.611694017327094,0.9962955575513797,DERMASON
12817,36050,706.252,263.3602558002536,174.69356914621275,1.5075555275868784,0.7483310111644407,36460,214.2435193598691,0.7006802721088435,0.9887547997805815,0.9082298088579384,0.8134998149544735,0.007305416249660294,0.001973579216349856,0.6617819489309628,0.9976730351680902,DERMASON
12818,36060,715.3,267.02648906883456,173.27139895892904,1.5410880888202936,0.7608803761153502,36489,214.27323207332728,0.6835241489119721,0.9882430321466743,0.8856439012415436,0.80244185818618,0.007405060706290476,0.0018939246024041135,0.6439129357692893,0.9923265555513586,DERMASON
12819,36062,700.163,256.3042214784473,179.48202543144038,1.4280216688124678,0.7138785940152246,36459,214.27917412161042,0.745144226795603,0.9891110562549713,0.9244030280888704,0.8360345096369364,0.0071073213210151205,0.0021418178371676653,0.6989537013038727,0.9981210309586076,DERMASON
12820,36069,713.0659999999999,256.7620264818452,179.53983250477702,1.4301117634996878,0.714881083263376,36537,214.29996999312107,0.7085690711928335,0.987191066590032,0.891424379750441,0.8346248583930439,0.007118634463995265,0.002130795239341554,0.6965986542476085,0.9962139298775566,DERMASON
12821,36069,700.611,258.61329086585204,178.14829698826773,1.451674224440571,0.7248946068543719,36468,214.29996999312107,0.7124881479140329,0.9890589009542613,0.9234004086836104,0.8286502572069384,0.007169960100525438,0.0020853625962295045,0.686661248769125,0.9968084357603135,DERMASON
12822,36074,700.359,249.71839533091222,184.15406832514952,1.3560297505347523,0.675405063569986,36479,214.31482295160143,0.7883993356062593,0.9888977219770279,0.9241931325776003,0.8582260136166739,0.006922392729692083,0.0023165554193093772,0.7365518904483672,0.9987862762605995,DERMASON
12823,36089,707.596,267.82101358290123,171.93251312403737,1.557710107975255,0.766731453695566,36454,214.35937565207473,0.7828076873020693,0.989987381357327,0.9057617442171054,0.8003829601881557,0.0074211259270941625,0.0018786284727782877,0.6406128829595548,0.9978891630852676,DERMASON
12824,36094,700.876,256.95234215533793,179.82063766354545,1.4289368867443917,0.7143182820958888,36426,214.37422449462287,0.7180884927582365,0.9908856311425904,0.9233418081852617,0.8342956623645995,0.007118976620915885,0.002127537736212885,0.6960492522403858,0.9946104515171388,DERMASON
12825,36097,704.802,250.0630137900599,184.00164625003939,1.3590259592039187,0.6771759616636286,36535,214.3831333064828,0.7493979405414383,0.9880114958259204,0.9131596603410004,0.8573164421927182,0.006927528985512921,0.002308461980717402,0.7349914820539803,0.9988725039051205,DERMASON
12826,36100,714.9269999999999,272.4229741623716,169.6380204783137,1.6059075282430437,0.782459991383396,36578,214.3920417481474,0.7164973007303906,0.9869320356498442,0.8875517159220074,0.7869822374832596,0.007546342774580931,0.0017855664284143515,0.6193410421141575,0.9946044420810175,DERMASON
12827,36109,702.169,264.8629265249374,173.92551874139764,1.522852589094477,0.7541846746479879,36457,214.4187648524307,0.6994750401952619,0.9904545080505801,0.9203266994393478,0.8095461590855855,0.007335094478521626,0.0019433541013028062,0.6553649836902244,0.9980242622145179,DERMASON
12828,36109,710.391,279.7790742219132,164.62372520527396,1.6995063978357239,0.8085655285958512,36403,214.4187648524307,0.8055549358616844,0.9919237425486911,0.8991464292224901,0.766385997411513,0.007748181179814263,0.0016488068191845286,0.5873474970284399,0.9982008289526326,DERMASON
12829,36110,707.8219999999999,262.45100631098404,175.46710186647235,1.4957277091788126,0.7436484183813782,36567,214.4217338806557,0.7208160332162249,0.9875023928678863,0.9057101579644335,0.8169971869971899,0.007268097654693549,0.0019974814805332392,0.6674844035613212,0.9983749178513609,DERMASON
12830,36115,695.3670000000001,251.95581919335314,183.44321365689797,1.3734812761435664,0.6854954535309713,36515,214.43657840515547,0.7633531314070724,0.9890455976995756,0.9385757521314986,0.8510880165089377,0.00697648675601144,0.002257950616500842,0.7243508118451181,0.9948822774286611,DERMASON
12831,36117,702.8580000000001,263.9784847480162,174.6000907726095,1.5119034794306532,0.7500175883804698,36529,214.442515927229,0.7894426229508197,0.988721289934025,0.9187267220570986,0.8123484613980101,0.007308981497577766,0.0019633877372958646,0.6599100227357143,0.997720259485288,DERMASON
12832,36117,717.1080000000001,274.64383259353184,167.78683469398,1.6368616351482177,0.7916883328031427,36505,214.442515927229,0.7077601410934744,0.9893713189973976,0.8825765787335176,0.7808022262950294,0.007604281435156072,0.001743420371604183,0.6096521165872744,0.9979161604286177,DERMASON
12833,36118,707.5749999999999,268.52899645185386,171.83050803169917,1.5627550632761664,0.7684619013833163,36513,214.44548462661692,0.7046039797112759,0.9891819352011613,0.9065433941388507,0.7985934013091436,0.007434769268836975,0.0018653061720452027,0.637751420614507,0.996649261676889,DERMASON
12834,36121,727.312,285.6572791564958,161.9076069857774,1.7643227793589036,0.8238625020979927,36562,214.45439047820588,0.7706306536951698,0.9879382965920902,0.8580806783519713,0.7507401565661423,0.007908343599471106,0.0015496152413680064,0.563610782680956,0.9943913425763113,DERMASON
12835,36129,705.943,263.17799738947883,175.3378188573582,1.5009767949924189,0.7457438113143232,36533,214.4781376078613,0.7775697314049587,0.9889415049407385,0.9110171080483996,0.8149546684575372,0.007284397503099417,0.0019820162341650967,0.6641511116407344,0.996875406941162,DERMASON
12836,36132,715.0889999999999,268.4672702799453,171.82131963779997,1.5624793875746932,0.7683678760456556,36545,214.48704210364525,0.7574842767295598,0.9886988644137364,0.887936013278448,0.7989318097509169,0.007430180180447949,0.0018673166109192576,0.6382920366318754,0.9973181504903764,DERMASON
12837,36135,694.588,257.46447720335016,178.99622398903438,1.4383793773164895,0.7187903671090137,36464,214.4959462297717,0.7835675253708041,0.9909774023694603,0.9412031480878391,0.833108895486032,0.007125072013376232,0.00211726933469318,0.694070431737956,0.9983365954170282,DERMASON
12838,36136,705.488,261.8104952054692,176.02122379656427,1.487380269029691,0.7402578953861503,36507,214.49891418967565,0.7972642029784887,0.9898375653984167,0.9123693338443112,0.8192907393622118,0.0072451432146742635,0.002013626514345846,0.6712373156046796,0.998385139066856,DERMASON
12839,36162,709.2969999999999,272.7493338323086,169.22665826755878,1.6117397614805669,0.7842479372694238,36487,214.5760667379122,0.6987826086956521,0.99109271795434,0.9032460268655418,0.7867152734086514,0.007542429451698153,0.0017822201364789687,0.6189209214144492,0.9975394582558572,DERMASON
12840,36163,701.644,256.97399106742347,179.3266287299402,1.4329940449302572,0.7162540638765524,36488,214.57903358962562,0.7305066257272139,0.9910929620697215,0.9230828534333665,0.8350223798848403,0.007105992065575961,0.002131066207846803,0.6972623749085426,0.9991728309978699,DERMASON
12841,36167,698.607,259.76653876905107,177.6598477889686,1.4621567112767768,0.7295558693648595,36503,214.5909005862938,0.7941809398331138,0.9907952771005123,0.9312289832045397,0.8260913880716513,0.007182418745515278,0.002063302303755089,0.6824269814461474,0.9978151908778369,DERMASON
12842,36167,712.03,265.3289462755544,174.32622471103116,1.5220254251210472,0.7538738010922482,36610,214.5909005862938,0.7180266031367878,0.9878994810161158,0.8964493689355882,0.80877304794115,0.007336216613917505,0.001936237331871104,0.6541138430760178,0.9955779000853381,DERMASON
12843,36171,702.747,258.2015740933947,179.02725740893362,1.4422472746907544,0.720589073478156,36626,214.60276692674668,0.7097919937205651,0.9875771309998361,0.9203910334216956,0.8311443014252199,0.0071383587430094465,0.0021012796711436157,0.6908008497916168,0.9963056429660169,DERMASON
12844,36173,707.513,262.8280545097818,175.76211961584127,1.4953623402143663,0.7435015229031382,36564,214.60869985092646,0.8042912729294053,0.989306421616891,0.9080829974513558,0.8165365004554309,0.00726586278466762,0.0019923671261428215,0.666731856576002,0.9970057093449594,DERMASON
12845,36181,708.8530000000001,260.12213103246853,177.34019984945914,1.466797326569393,0.7315782829227304,36623,214.63242990765147,0.7967979210711769,0.9879310815607678,0.9048530751097681,0.8251217574442407,0.007189467704940951,0.0020556475560307747,0.6808259146078722,0.9986336314059888,DERMASON
12846,36183,699.3939999999999,257.8609676167728,179.48046756313522,1.4367076881280465,0.7180070686661045,36516,214.63836201190222,0.782166018158236,0.9908807098258298,0.9295454549812439,0.8323801930771195,0.007126577885105514,0.002110317246209968,0.6928567858271028,0.9954326709694857,DERMASON
12847,36184,704.2969999999999,262.97501570806713,175.45502244436219,1.4988172583743395,0.7448851198622993,36555,214.64132800254737,0.7998231653404068,0.9898509095882916,0.9166736798617355,0.81620425965037,0.007267715446276452,0.001989633595794301,0.6661893934714087,0.998496160280881,DERMASON
12848,36190,699.6109999999999,249.28492090220863,185.16736249579046,1.3462681411141004,0.6695199478573036,36545,214.6591230858021,0.7558479532163743,0.9902859488302094,0.9291486250513521,0.8610995093843249,0.006888226606858486,0.0023361490923124125,0.7414923650619252,0.9982475479622162,DERMASON
12849,36192,698.107,255.213066612635,181.1455115582826,1.4088842964818455,0.7044219130687533,36550,214.66505445240733,0.7120204603580562,0.9902051983584131,0.9332080184942038,0.8411209398546515,0.007051643087219137,0.0021772277713644475,0.7074844354619723,0.9967637111276965,DERMASON
12850,36195,699.591,261.4687208715651,176.69586471370442,1.4797670635654991,0.7371015119550749,36553,214.6739511950372,0.7943248403449865,0.9902060022433179,0.9293301293050958,0.8210310987847997,0.0072238906167030005,0.0020248336710484193,0.6740920651717757,0.9974992358520415,DERMASON
12851,36206,700.7,257.614901991409,179.40097979890626,1.4359726590132011,0.717661520594918,36548,214.70656943065643,0.7438773833004603,0.9906424428149283,0.9266722888795197,0.8334400214076766,0.0071152544327296305,0.0021177154362321676,0.6946222692840286,0.9974585870335704,DERMASON
12852,36207,711.528,267.5823913201387,172.72265247953834,1.5492026522221105,0.7637658956002978,36586,214.70953447908647,0.7171122994652407,0.9896408462253321,0.8987076031283601,0.8024053205437031,0.007390349692604709,0.0018898178650434635,0.643854298436843,0.9974607867829635,DERMASON
12853,36207,697.912,261.18635153283833,176.77762250024642,1.4774853730849007,0.7361433540235743,36520,214.70953447908647,0.7938042620363063,0.9914293537787514,0.9341165670896332,0.8220549550886144,0.007213697669866002,0.002032081422351272,0.6757743491857441,0.9984467164279052,DERMASON
12854,36209,702.1129999999999,259.2075370184531,178.7862044088654,1.4498184458666201,0.7240556713426901,36530,214.71546445311176,0.802148870181657,0.9912127018888585,0.9230226670178959,0.8283534766113922,0.007158649424685937,0.00207909174752133,0.6861694822141805,0.9948211723048666,DERMASON
12855,36216,702.0469999999999,261.0940407847661,177.1600800624804,1.4737746827201932,0.734572901759278,36571,214.73621807261262,0.7746075202121744,0.9902928549943945,0.9233746976086871,0.8224477947761024,0.007209356107377018,0.00203474318569871,0.6764203751320741,0.9968912237457465,DERMASON
12856,36221,707.9209999999999,264.98874521874455,174.7428045122153,1.5164501105407215,0.7517617462430964,36622,214.75104085860056,0.7546041666666666,0.9890502976353012,0.9082401763012274,0.8104157053210941,0.007315887060510327,0.0019466064149315765,0.6567736154310865,0.9959644217207003,DERMASON
12857,36226,696.319,253.7819797940588,182.08537301476557,1.3937526973870618,0.6965714822655258,36566,214.76586262154422,0.7556528994576555,0.9907017447902423,0.9388879290248325,0.8462612782665825,0.007005520338819047,0.0022163484461241037,0.7161581510933902,0.9981473548421436,DERMASON
12858,36229,711.028,267.8022756664751,172.65049951352978,1.5511236655616438,0.7644408063975098,36660,214.77475518833728,0.8008886727385268,0.9882433169667212,0.900518841400105,0.8019900303454512,0.00739193120611872,0.001886312129173611,0.6431880087734979,0.9976641418140426,DERMASON
12859,36230,704.5740000000001,261.9357694484435,176.52429368589185,1.4838511118165596,0.7388024466909816,36589,214.7777192954496,0.704178814382896,0.9901883079614092,0.9171174824413737,0.8199633053084184,0.007229803186542741,0.002015969268079613,0.6723398220523067,0.9976521924708631,DERMASON
12860,36234,707.769,262.7650076142022,176.24244669789886,1.4909291861149296,0.7417082337345544,36615,214.7895753148506,0.7929532771638035,0.9895944285129046,0.9089564388290021,0.8174207717574393,0.007251890699735117,0.001997163823242365,0.668176718100528,0.9962041704985649,DERMASON
12861,36241,709.9939999999999,263.2216994605876,176.07697634670197,1.494924009498519,0.7433251128875434,36678,214.8103217742272,0.8119594927633642,0.9880855008451933,0.9034428381976758,0.816081357328942,0.007263091511287978,0.0019871703857436574,0.6659887817798485,0.9956026199393654,DERMASON
12862,36243,705.417,256.86517877045463,180.29063579676253,1.4247283428519983,0.7122871377308985,36713,214.8162489660326,0.7159252528445006,0.9871979952605344,0.9152551048326263,0.8362996105361611,0.007087304549028906,0.00213849596982366,0.6993970385829347,0.9964507837758596,DERMASON
12863,36244,693.795,258.6270772852323,178.7907748767995,1.4465347972424534,0.7225609172454018,36504,214.81921250060765,0.7684837690562517,0.9928774928774928,0.9462015484127001,0.8306137731421284,0.007135721147920547,0.0020951452948437216,0.6899192401334032,0.99799218814004,DERMASON
12864,36262,701.915,256.20795857734345,180.75919994276558,1.4173992729469231,0.7086924923992184,36681,214.87254913363518,0.7624314038813313,0.9885771925520024,0.9248952961830066,0.8386646157549784,0.007065466840696692,0.002156124851556369,0.7033583377194458,0.9969395965046988,DERMASON
12865,36267,708.569,268.92196793275264,172.71301128370771,1.557045215840785,0.7665018435018768,36797,214.88736251559826,0.7135240418666876,0.9855966519009702,0.9077310691167407,0.7990695745962025,0.007415059639141717,0.0018648022744163367,0.6385121850453561,0.9941923429809177,DERMASON
12866,36269,713.0389999999999,264.0500652900566,175.19640042089563,1.5071660414009476,0.7481790296399021,36751,214.8932875824641,0.7777039197186723,0.9868847106201192,0.8964351486899395,0.8138353889305264,0.007280323838265643,0.0019700477098073864,0.6623280402757011,0.9982383305711761,DERMASON
12867,36287,697.326,256.3527667589989,180.70235505879722,1.4186465177810572,0.7093094500052612,36609,214.94660583457662,0.7682064527055635,0.991204348657434,0.9377546193302603,0.838479757999457,0.0070645897086835194,0.0021539570419845154,0.703048304574828,0.9973770291169558,DERMASON
12868,36287,707.487,266.8533263249263,173.7133929487882,1.5361701351581816,0.7591038330720097,36629,214.94660583457662,0.7009948807109051,0.9906631357667423,0.9110117961593343,0.8054859528820453,0.0073539649550783005,0.0019095595336660774,0.6488076202902965,0.9966788897530028,DERMASON
12869,36289,704.438,262.9041490311404,176.05378753183575,1.4933171999131203,0.742676749709947,36635,214.9525292684278,0.7758370034634626,0.9905554797324962,0.918965725657653,0.8176079763692401,0.0072447339147163154,0.0019970212250037312,0.668482803022604,0.998256867599789,DERMASON
12870,36292,707.3000000000001,263.72939098477696,175.67469453071516,1.5012372253686557,0.745847048692756,36678,214.96141411315782,0.759119812583668,0.9894759801515896,0.9116191718656876,0.8150832689162273,0.0072668739938492495,0.0019784965921463295,0.6643607352671631,0.9973630668563558,DERMASON
12871,36293,719.812,267.69699819465234,174.5725865925649,1.5334423543796747,0.7581092687190363,36861,214.9643756464621,0.7300651754103636,0.9845907598817178,0.8802267603872972,0.8030137696581625,0.007375995321264496,0.0018918746801693956,0.6448311142606125,0.9888113420290624,DERMASON
12872,36296,706.1689999999999,262.29505168792844,176.46351490542557,1.4863982043455481,0.7398542130750357,36656,214.97326000158128,0.7162364827531771,0.9901789611523353,0.9146424062619022,0.8195856483688096,0.007226555314302635,0.0020113538157112277,0.6717206350121223,0.9984443457038696,DERMASON
12873,36300,689.826,246.70251109685182,187.53722899692733,1.3154855300805042,0.6497176768528792,36646,214.98510523728476,0.7774684086528164,0.9905583146864596,0.9585998808696962,0.8714346047044682,0.0067962124269105185,0.0024176081715202315,0.759398270276433,0.9989774361168111,DERMASON
12874,36313,711.954,269.17084939878487,172.24933759271838,1.5626814776799682,0.7684368093709087,36683,215.02359774677748,0.7819336778639104,0.9899135839489682,0.9002603539414578,0.7988368659795453,0.007412520292974551,0.001861993046150283,0.6381403384480219,0.9972100870531501,DERMASON
12875,36321,719.951,274.3242676816115,169.10803546990084,1.6221835167048455,0.7873916556007361,36783,215.0472820203172,0.8007275132275132,0.9874398499306745,0.8805657362813526,0.7839163623318487,0.007552772987572245,0.0017594021226944418,0.6145248631315983,0.99687210357738,DERMASON
12876,36325,699.7909999999999,261.65680940673104,177.24484001448923,1.476245003156884,0.7356200900862953,36658,215.05912317896392,0.7622335067987241,0.9909160346991107,0.932134927611899,0.8219129617401487,0.0072032156753401525,0.002027727069134988,0.6755409166764633,0.99726390267165,DERMASON
12877,36345,708.709,266.3794178545308,174.40650310147512,1.5273479664892025,0.7558631390707871,36794,215.11831919527327,0.6937127805771873,0.9877969234114258,0.9093239740559663,0.807563590790445,0.007329190200977598,0.0019228379136368371,0.6521589531703574,0.9960736509524725,DERMASON
12878,36346,701.6179999999999,254.45672500906392,182.67285914301002,1.3929640462344552,0.6961528223716954,36671,215.12127856849546,0.7671169269734065,0.9911374110332415,0.927822802383586,0.8454140033470631,0.0070009554011188,0.00220604731251565,0.7147248370553079,0.9955860009688234,DERMASON
12879,36349,712.4369999999999,272.523069383084,170.0221331308614,1.6028681934800244,0.7815188598300714,36670,215.1301564439036,0.7130610483364721,0.9912462503408781,0.8999313870946934,0.7894016346245405,0.007497402112385046,0.0017959020756788196,0.6231549407478965,0.9988352341347325,DERMASON
12880,36351,707.0789999999998,260.07124845764673,178.7576028198161,1.4548821664373799,0.7263349804917725,36758,215.13607482397714,0.7363271754982985,0.9889275803906633,0.9136720686612181,0.8272197565084269,0.007154445502397368,0.0020665186789660434,0.6842925255578614,0.9955649920605275,DERMASON
12881,36362,701.9979999999999,258.6351721240754,179.42116537376657,1.441497560141758,0.7202419112620949,36721,215.16862300451706,0.7860354517942066,0.9902235777892759,0.9272265889235499,0.8319387546458451,0.007112787308840971,0.00210176912533665,0.6921220914816796,0.9976923061910518,DERMASON
12882,36373,706.2079999999999,260.71694241632207,178.20569313051988,1.463011297991305,0.729930172790903,36774,215.2011662622953,0.7592260165316858,0.9890955566432805,0.9164815377374864,0.8254207197576536,0.0071678701898749645,0.002052444205154863,0.6813193646052431,0.996777927957728,DERMASON
12883,36374,702.404,261.13939074179774,177.89368409866248,1.4679520077675492,0.7320776618038467,36757,215.20412449624848,0.7591359699467808,0.9895802160132764,0.9264606419874734,0.8240967549358806,0.007179287148562098,0.002042555673587791,0.6791354614958489,0.9969382642489726,DERMASON
12884,36374,708.419,264.0014548196279,176.09477386783914,1.499200964463395,0.7450380355398567,36774,215.20412449624848,0.7419479857215706,0.9891227497688584,0.9107947641361038,0.8151626461425414,0.007257971485666352,0.001976842649015113,0.6644901396661101,0.9962042582638484,DERMASON
12885,36387,713.6080000000001,275.499612718867,169.07594341339703,1.6294430015112211,0.7895341361412926,36745,215.24257783783943,0.8198039878337277,0.9902571778473261,0.8979180349255952,0.7812808726431252,0.007571374741497431,0.001740136324203082,0.6103998019580031,0.9946116854243034,DERMASON
12886,36396,709.1439999999999,272.348071648152,170.53978634972628,1.5969767376725055,0.7796759603276924,36735,215.26919535823276,0.7595951163518732,0.9907717435688036,0.9094831450538597,0.7904193852209105,0.007482912178485328,0.0018016927980058581,0.6247628045330021,0.9977316654022389,DERMASON
12887,36411,717.8770000000001,273.48175343202035,169.971327528067,1.608987571076427,0.7834071488900685,36843,215.313550579967,0.7492900358068897,0.988274570474717,0.8878557102781979,0.7873049952251667,0.0075109651872242,0.001780112867527287,0.6198491555064997,0.9973295871521775,DERMASON
12888,36424,717.948,275.4001817635212,168.75611224244471,1.6319419670433357,0.7902637163489329,36768,215.35198438239098,0.681790955375861,0.9906440382941688,0.8879970464454161,0.7819602115125255,0.007560953815163661,0.001743793159273273,0.6114617723887136,0.9978701276038416,DERMASON
12889,36428,715.984,253.63033692560273,183.43506272383468,1.382670974455132,0.6905990112627091,36848,215.36380878785673,0.7197929222075125,0.9886018237082067,0.8929734721128157,0.8491247987066677,0.006962510621653748,0.00223270698996735,0.7210129237786389,0.9969236419157542,DERMASON
12890,36435,708.4559999999999,266.81897152032116,174.28288622264952,1.5309533672712714,0.7571959790739758,36803,215.38449993540775,0.7900728597449909,0.9900008151509387,0.9122268951930447,0.807230830357218,0.007323150034865409,0.0019180885659686707,0.6516216134792036,0.9976023033427256,DERMASON
12891,36441,695.92,249.86074133129003,186.36535325996851,1.3407038216097455,0.6660838246685332,36828,215.4022336228064,0.7722514198525049,0.9894916911045943,0.9455435023426251,0.8620891480394868,0.006856583006264648,0.002336125734908422,0.743197699167448,0.9964079954853676,DERMASON
12892,36442,702.7789999999999,262.7074539506838,176.84952509354508,1.4854857756147433,0.7394782391906721,36739,215.40518909543195,0.7281264360926292,0.9919159476305833,0.9272023344689556,0.8199431948203054,0.007208919761557649,0.002009948905448547,0.6723068427321294,0.9987022517270364,DERMASON
12893,36450,710.0029999999999,263.51970657168164,176.6732989306935,1.4915649855785893,0.74196667545061,36848,215.42883141677365,0.7640708521119379,0.9891988710377768,0.9086299109736035,0.8175055832424947,0.0072296215794700035,0.001991857374831947,0.6683153786326514,0.99683581809216,DERMASON
12894,36455,718.497,278.7936452021987,167.21601668639903,1.667266394253698,0.8001618227232092,36844,215.44360655011405,0.7735316584620607,0.9894419715557485,0.8873951450098229,0.7727708656840466,0.007647610621374262,0.0016823195497469156,0.597174810850071,0.9956494936251321,DERMASON
12895,36466,714.949,275.52376151990313,168.81064027011266,1.6321468900244653,0.7903233657798169,36805,215.4761082772576,0.7733384230394028,0.9907892949327537,0.8964949872773442,0.7820599830976543,0.007555634331155135,0.0017434558371693955,0.6116178171627035,0.9982501181656585,DERMASON
12896,36481,702.7009999999999,264.52668047519745,175.9062947186675,1.5037931467902461,0.746856645349764,36776,215.5204209152429,0.8048581388165733,0.9919784642157929,0.9284006917374819,0.8147398233254983,0.007251080849625763,0.001970871404695523,0.6638009797124642,0.9982193641242547,DERMASON
12897,36494,714.077,277.0016654921781,168.02304896954712,1.6485932566452983,0.7950241660360376,36853,215.55881783301055,0.6903374697336562,0.990258594958348,0.8993758917144792,0.7781859991708152,0.007590334452024391,0.0017170159393868772,0.60557344930548,0.9983443049284478,DERMASON
12898,36502,707.3249999999999,266.6101638431012,174.8075210387219,1.5251641477373503,0.7550500739883976,36869,215.58244330632056,0.7252821491018916,0.9900458379668556,0.9168293512578155,0.8086054942496108,0.0073039878319845816,0.0019261342571150746,0.6538428453306573,0.997217665952896,DERMASON
12899,36513,714.307,267.2878039242774,174.25899880945997,1.5338536646623222,0.7582596582538218,36925,215.61492410525528,0.710577016639097,0.9888422477995937,0.8992647478969512,0.8066770011187603,0.007320346285549733,0.0019120977426837235,0.6507277841339563,0.9981211963914612,DERMASON
12900,36519,708.986,270.09720053226533,172.61597651401638,1.5647288622228632,0.7691333239921275,36839,215.6326388425078,0.7952051215050954,0.9913135535709439,0.9129635145122491,0.7983519948284273,0.007396073291499366,0.001853355059923817,0.6373659076465293,0.9973048314913964,DERMASON
12901,36519,695.7,250.85449243867313,185.585481241225,1.3516924425387087,0.672812256163485,36856,215.6326388425078,0.7333721584062977,0.9908563056218798,0.9481667772678021,0.8595924942234148,0.006869150098268658,0.002313413298102971,0.7388992561252316,0.9987645403019492,DERMASON
12902,36521,730.1559999999998,278.29007161451455,168.37594476825723,1.6527899635398433,0.7961969328743264,36941,215.63854343153238,0.7749320998132745,0.9886305189356001,0.8608375603207544,0.7748696968616019,0.007620001413283167,0.001694531018405713,0.6004230471143909,0.9923731861486759,DERMASON
12903,36522,706.6409999999998,258.5101796392752,180.25778110565776,1.4341138454808224,0.7167845460477678,36918,215.64149566541596,0.7327702092654642,0.9892735251097026,0.9191084356691254,0.8341702286785064,0.007078204360091867,0.002114080905997357,0.6958399704135518,0.9979137358090404,DERMASON
12904,36523,700.0,254.01114049272968,183.49219804753932,1.3843157539969098,0.6914978220681315,36908,215.64444785888261,0.7548569775132276,0.9895686572016907,0.9366562325474287,0.8489566537931229,0.006954826834945916,0.002228476968323468,0.7207274000196164,0.9977142941843878,DERMASON
12905,36525,710.788,265.2592743029424,176.23122074062994,1.5051775343106792,0.7474007701919683,36867,215.6503521245718,0.8231913455037188,0.9907234111807307,0.9084895043692779,0.8129794997413958,0.007262403129444008,0.00195694442861457,0.6609356669997704,0.9948255175926984,DERMASON
12906,36529,710.1410000000001,264.936380010174,176.31445173544094,1.5026356455891083,0.7464002362749416,36928,215.66216017102016,0.6842815128411667,0.9891951906412478,0.9102453575676372,0.8140148973226643,0.007252768485591557,0.0019643233963030165,0.6626202530632279,0.9956768117420819,DERMASON
12907,36534,707.9019999999999,266.07067777014635,175.31688926130477,1.517655708421655,0.7522209311360302,36946,215.67691931997368,0.7959477124183006,0.9888485898338115,0.9161378152804937,0.8106001049326189,0.007282823610065866,0.0019395732092600067,0.6570725301167728,0.9972098761787803,DERMASON
12908,36534,709.6399999999999,254.46391149058752,184.2408921753206,1.381147846637889,0.6897627635129605,37052,215.67691931997368,0.8073812154696133,0.9860196480621829,0.9116558308572441,0.847573701341738,0.006965125950911138,0.002217270242616154,0.7183811792061336,0.9921906187257389,DERMASON
12909,36535,705.8019999999999,259.9097090203532,179.29300156755306,1.4496366659488704,0.7239732690153003,36961,215.6798710285667,0.7649706867671692,0.9884743378155353,0.9216227918488361,0.829826141707069,0.007113992309302127,0.0020808539661316653,0.6886114254604407,0.9982363709387722,DERMASON
12910,36547,711.425,267.8858264903549,174.29223481588437,1.5369923208187628,0.7594023141688411,37015,215.71528838131985,0.8003109534445758,0.9873564771038769,0.9074095635441541,0.8052508458826081,0.007329899211709713,0.001901089330852826,0.648428924794656,0.9966302780061532,DERMASON
12911,36548,725.7239999999999,267.6696671091326,174.54991452093154,1.5334849509595974,0.7581248505325489,37077,215.71823956490266,0.7557485525227461,0.985732394746069,0.8720281587753336,0.8059121599196796,0.0073237842593064624,0.0019057509275238855,0.649494409506403,0.9959899027104591,DERMASON
12912,36555,709.93,266.67772184363196,175.1535006927318,1.5225372075860433,0.7540662194940285,36948,215.73889671960842,0.747454300085879,0.9893634296849626,0.9114347747638976,0.8089873245808968,0.007295246118003884,0.0019274653478935006,0.6544604913325575,0.9964404489488619,DERMASON
12913,36567,701.394,259.09800150879556,180.22436201989822,1.4376413854647967,0.7184450105912565,36981,215.77430438384152,0.7938130901986323,0.9888050620588951,0.9340607066932609,0.8327903076339115,0.0070855689968768445,0.0021023118692298426,0.6935396964889851,0.9970613701352591,DERMASON
12914,36568,704.0989999999999,254.65246903624217,183.04985963276576,1.3911645141226845,0.6951939148702568,36970,215.77725476026296,0.7782081293892318,0.9891263186367325,0.9269229118966695,0.8473401242756202,0.0069638063070510325,0.0022144074521164244,0.7179852862074235,0.998835651833987,DERMASON
12915,36581,711.8990000000001,266.6283293805793,174.92383038707777,1.5242538926261477,0.7547098817597441,36983,215.8156059833417,0.7769635954292511,0.9891301408755374,0.907044661703334,0.8094248892633286,0.0072887107892233485,0.0019299084110391755,0.6551686513589516,0.9986433671605055,DERMASON
12916,36591,699.564,258.3017794790902,180.61851918207543,1.430095765643527,0.714873432096805,36899,215.8451022872753,0.7250049534376858,0.9916528903222309,0.9395702085648697,0.8356314955420125,0.007059161528219787,0.0021232057625387253,0.6982799963417807,0.998607266001958,DERMASON
12917,36593,707.9939999999999,268.9312389459991,173.43172074377236,1.5506462012408764,0.7642733483888182,36923,215.8510010643773,0.7673901646219985,0.9910624813801695,0.9173788540748267,0.802625243204713,0.007349253653594926,0.0018813701872297907,0.6442072810294246,0.998937573139991,DERMASON
12918,36599,721.525,277.5310374854777,168.76677122519865,1.6444649350738982,0.7938600281958498,37097,215.86869642855171,0.7574139608037913,0.9865757338868372,0.8834384889017505,0.7778182158809802,0.0075830224182485235,0.001712121345201305,0.6050011769562711,0.9949032211830265,DERMASON
12919,36607,715.076,272.6467891526654,171.89467030177227,1.5861270664995968,0.7762164495901792,37031,215.8922879913039,0.7157493401114479,0.9885501336717885,0.8996417444740105,0.7918387326777486,0.007447941354185412,0.0018061880998956547,0.627008578568703,0.9945152773952588,DERMASON
12920,36623,712.553,263.2256720482342,177.78055006396914,1.4806213162998996,0.7374587830035169,37100,215.9394633846159,0.7141492141492142,0.9871428571428571,0.9064199073684968,0.8203586743812988,0.007187441554439401,0.002008025332800716,0.672988354632642,0.9964409034906857,DERMASON
12921,36638,717.672,265.12638437754856,176.30810363103603,1.503767432791317,0.7468465206500571,37059,215.98368095762902,0.7009106213651668,0.9886397366361748,0.8939013995658978,0.8146442364259804,0.007236377105124422,0.0019659520026212556,0.6636452319420687,0.9979680867217231,DERMASON
12922,36641,711.783,262.2954816858392,178.22265447061372,1.4717291831667105,0.7337006657363592,37096,215.99252338597535,0.7246889895373905,0.9877345266335993,0.9088285455121249,0.8234702405002821,0.007158524103759155,0.00203046210900187,0.6781032369895922,0.9979843230773949,DERMASON
12923,36644,711.555,267.30485385424686,175.14897036656558,1.5261571523646995,0.7554203241923123,37036,216.00136545233988,0.701992337164751,0.9894157036397019,0.9094855200496554,0.8080712427695713,0.007294641792769535,0.0019185907203238246,0.6529791333911595,0.9965487747698214,DERMASON
12924,36652,708.9449999999999,268.23899687387456,174.24248482195603,1.5394580555251252,0.760293894267997,36990,216.02494252662856,0.7575231481481481,0.9908623952419573,0.9163944580940715,0.8053450282928215,0.007318536420219212,0.0018990304521544858,0.6485806145959657,0.9984626517971957,DERMASON
12925,36654,700.355,248.50689004838156,188.44278094462288,1.3187392417086519,0.6519057232718334,37009,216.030836393147,0.7557525773195877,0.9904077386581642,0.9390630934609075,0.8693152787477569,0.006779802751360876,0.0023883945545827034,0.7557090538642905,0.9965831846453571,DERMASON
12926,36662,719.737,281.05146759980676,166.94417252836837,1.6835057093834673,0.804466088483203,37112,216.05441025140064,0.7714093338383201,0.9878745419271394,0.8893615682108382,0.7687361040898162,0.007666015700174752,0.001651423957725566,0.5909551977311888,0.994876449370292,DERMASON
12927,36663,693.978,250.69917641199476,186.88201835145827,1.3414836730868307,0.6665690545225297,36945,216.05735680282973,0.7483772198407839,0.9923670320747057,0.9566354200899159,0.8618191726635941,0.006837934059187594,0.0023268547665779914,0.7427322863705617,0.996363235640561,DERMASON
12928,36668,708.208,254.0627831365555,184.1041159432668,1.379995128489398,0.6891273639435087,37073,216.07208895724813,0.8036293503988778,0.9890756075850349,0.9187036252338003,0.8504672990262888,0.006928733040704579,0.0022359602000831275,0.723294626713071,0.9981430613265955,DERMASON
12929,36681,708.962,260.8608183425926,179.43997778263477,1.453749724928005,0.725827926424991,37056,216.11038785868323,0.7315715995213402,0.9898801813471503,0.9170755506574216,0.8284509311584772,0.007111605963375933,0.002066401030923908,0.6863309453373481,0.9977534229937473,DERMASON
12930,36684,717.317,275.03624801504344,170.28502647026272,1.6151522756645527,0.785283251451138,37121,216.1192251028693,0.7061677061677062,0.9882276878316856,0.8959098301836526,0.785784516268737,0.007497444335815163,0.001763221530306266,0.6174573060076933,0.99728757292403,DERMASON
12931,36686,711.386,263.16356538722584,177.70523200936327,1.4808993658293628,0.7375749000303552,37109,216.12511639824322,0.7502863219895288,0.9886011479694953,0.9109606082412306,0.8212577454642362,0.007173405805681345,0.002012904064178659,0.6744642844850002,0.9988137311683919,DERMASON
12932,36691,705.173,259.50124292329025,180.37358010489962,1.4386876546574752,0.7189344246156878,37010,216.139843934148,0.7954171002428027,0.9913807079167792,0.9272099032227635,0.8329048504713324,0.007072612982019848,0.0020996225164582626,0.6937304899386728,0.9980614915342503,DERMASON
12933,36697,701.9749999999999,248.59278691902247,188.38950086104649,1.3195681594930342,0.6524593998607784,37054,216.15751565269773,0.7384742317831485,0.9903654126410104,0.9358303696727709,0.8695244875431951,0.006774199169387755,0.0023887186065264096,0.7560728344372563,0.9976896385810516,DERMASON
12934,36698,709.5319999999999,262.6632899001309,178.53734181128522,1.4711952538072803,0.7334722188791198,37053,216.16046079866456,0.8034592227695676,0.9904191293552479,0.9160270245850193,0.8229564964363786,0.007157427922506156,0.002025089666712328,0.6772573950268393,0.9963778651693683,DERMASON
12935,36721,720.72,280.3253831304104,167.81087424563486,1.6704840159528713,0.8010264954983557,37148,216.2281880843011,0.7888337522287384,0.988505437708625,0.8883645417531155,0.7713471597529554,0.007633925631938411,0.001666967859624689,0.5949764408589516,0.9938986343234073,DERMASON
12936,36726,704.853,261.431070938213,179.12607128649205,1.4594808508923491,0.7283783522916746,37172,216.24290860035987,0.7594292803970223,0.9880017217260303,0.9289372726483605,0.8271507584171853,0.007118419401465256,0.0020554268431886335,0.684178377150125,0.9985452400452106,DERMASON
12937,36728,714.376,274.989224308256,170.6027279523325,1.6118688581878349,0.7842872482574181,37034,216.2487965262074,0.6799718591476284,0.9917373224604418,0.9043851704309894,0.7863900742663209,0.007487182103796994,0.0017662421794136264,0.6184093489045898,0.9967947711115235,DERMASON
12938,36734,715.735,263.09502021551185,178.18553841433928,1.4765228567748885,0.7357374527374686,37119,216.26645934194573,0.7921248975719153,0.9896279533392602,0.9011012155467071,0.8220089424907893,0.0071621663912318796,0.002017113508118781,0.6756987015348258,0.9976845771092837,DERMASON
12939,36740,721.5639999999999,269.9064932222561,173.59138603270117,1.5548380561430108,0.7657370260176757,37169,216.2841207152524,0.7616402006716696,0.9884581237052382,0.8867461287501384,0.801329816608569,0.007346393392004792,0.0018685260376526775,0.6421294749859228,0.9984073446792442,DERMASON
12940,36745,719.173,267.6722508951998,175.85351112355232,1.522131967596239,0.753913878651621,37163,216.2988374247387,0.8122955168449907,0.9887522535855555,0.8927736572604001,0.8080734431804251,0.0072845897644631865,0.0019159677680676784,0.6529826895734677,0.9939258260867465,DERMASON
12941,36747,708.2909999999998,264.7644960263377,177.25670458816643,1.4936783160980263,0.742822695221486,37184,216.3047238281749,0.8046905794245172,0.9882476333907056,0.9204671769700242,0.8169702776412203,0.0072050642508596,0.001979897226930189,0.6674404345491727,0.9969413043731434,DERMASON
12942,36751,720.806,265.9000596846662,176.4796363904771,1.5066897525578438,0.7479929745809786,37286,216.31649615450496,0.7122286821705426,0.985651450946736,0.88887816636968,0.8135255644960632,0.007235178898116138,0.0019548518802751927,0.6618238440886384,0.9971632038867915,DERMASON
12943,36753,698.996,250.3359141693333,187.38233889974094,1.3359632270535151,0.6631081547748945,37108,216.32238207742498,0.7699220713926597,0.9904333297402177,0.9452643467627891,0.864128436366103,0.006811305585104163,0.0023427358076643524,0.7467179545365262,0.9975877282414176,DERMASON
12944,36756,702.0479999999999,253.48522109591832,185.14887272729584,1.3690886547782253,0.6830058646833245,37204,216.33121066153547,0.7686805947675512,0.9879582840554779,0.9371400402606757,0.8534273111712345,0.00689643108869078,0.002256681722349993,0.7283381754529632,0.9971595328545245,DERMASON
12945,36759,731.413,267.0908591655995,176.61718953715626,1.512258573842891,0.7501545212051625,37400,216.34003888536176,0.7749831337493676,0.982860962566845,0.8634718862827261,0.8099866822893717,0.007265999052357233,0.0019292415773091863,0.6560784254861437,0.9921602240547651,DERMASON
12946,36766,750.839,285.5181835577005,164.40253159175577,1.7367018670168597,0.817587717146748,37323,216.3606366734323,0.7875672086198402,0.9850762264555368,0.819525745733584,0.7577823379844663,0.0077658212358619515,0.0015795925138699437,0.574234071761204,0.9972733845323766,DERMASON
12947,36774,704.528,260.4162811091449,180.4722027815154,1.4429716992173693,0.7209238525518379,37134,216.38417460177368,0.8016655040111615,0.9903053805138148,0.9310097302027402,0.8309164606766017,0.0070815326347186845,0.002082267275127801,0.6904221646233306,0.9962596440638618,DERMASON
12948,36779,693.373,247.06123468426404,189.8961047096856,1.3010337155781728,0.6397061255776912,37052,216.3988845068628,0.7830650655765627,0.9926319766814207,0.9613375992166756,0.8758916986042481,0.006717453837360016,0.0024388556399495926,0.7671862676838351,0.9981352003852506,DERMASON
12949,36797,716.017,260.65997232207735,180.05991557067995,1.4476290933267655,0.7230605271137841,37193,216.45183188788164,0.7268543209876543,0.9893528352109268,0.90193576689165,0.8303991976966408,0.007083728899695012,0.002077731281365007,0.6895628275352249,0.9982312108166583,DERMASON
12950,36805,722.0709999999999,269.0060866021515,174.8412733074281,1.5385731384439811,0.7599745322189114,37326,216.4753599003306,0.6960756501182033,0.9860419010877136,0.8870679327143101,0.8047229065879404,0.007308954940963226,0.0018906907625241358,0.6475789563873432,0.9963475873191525,DERMASON
12951,36816,722.5679999999999,274.57646814902546,171.32767753492513,1.6026392938937322,0.7814477180190426,37271,216.50770674266943,0.7023809523809523,0.987792117195675,0.8861128137752762,0.7885151564596592,0.007458074428211252,0.001778470468090498,0.6217561519666008,0.9964508403618372,DERMASON
12952,36828,712.199,269.60931372227486,174.22391109315097,1.547487437462731,0.7631606559460955,37236,216.54298869625535,0.7200985472107619,0.9890428617466968,0.9124000058972901,0.8031732498652355,0.0073207698957932785,0.001879201981354685,0.6450872692990841,0.9982644453074703,DERMASON
12953,36833,706.838,258.7670192775024,181.4840641681461,1.4258387945167086,0.7128253787564576,37186,216.55768781373303,0.7308134920634921,0.9905071801215511,0.9264184130383465,0.836882877958632,0.007025412518054527,0.002125740874067391,0.7003729514203224,0.9986189247652619,DERMASON
12954,36837,732.8779999999999,284.7182724754967,165.64902620678424,1.7188043841566265,0.8133320505786514,37294,216.56944638939535,0.7371823093856313,0.9877460181262402,0.861848139002954,0.7606447050497388,0.0077291384335178405,0.0015960196510050727,0.5785803673202042,0.9944664719369183,DERMASON
12955,36845,712.5349999999999,270.59712031893366,173.65055228226916,1.5582853999742987,0.7669298293733093,37162,216.59296162564257,0.791514500537057,0.9914697809590441,0.9119604853475272,0.8004259667300221,0.007344201935647541,0.0018595550908665679,0.6406817282156904,0.998364983108812,DERMASON
12956,36851,707.882,261.60307626535723,179.82029479676012,1.4548028439227685,0.7262995136780624,37279,216.61059637754448,0.7120415813270472,0.988519005338126,0.9241392224784561,0.8280124204572633,0.0070989410400086085,0.0020583571743506444,0.6856045684314956,0.9974194759605822,DERMASON
12957,36857,719.3059999999999,269.46443651936545,174.37795273774526,1.5452895981903456,0.7623814606668663,37216,216.62822969387872,0.7748927760491128,0.990353611349957,0.895163737312645,0.8039214097861498,0.007311078940753872,0.0018837168177958388,0.6462896331125506,0.9987046474670792,DERMASON
12958,36859,709.019,260.27390904570035,180.82563849789236,1.4393639707719545,0.7192500409220064,37240,216.63410714703573,0.7844677137870855,0.9897690655209452,0.921377633898705,0.8323312464984645,0.007061339402742894,0.0020905070866431568,0.6927753038976877,0.9971558122709232,DERMASON
12959,36867,722.956,274.27932311206666,171.43431716561412,1.5999090943215244,0.7805963160805387,37308,216.6576153652376,0.7158640776699029,0.9881794789321325,0.8863881270825412,0.7899159619725121,0.007439697374672923,0.0017867286112895962,0.6239672269789592,0.9982908410022197,DERMASON
12960,36876,707.6669999999999,261.0194761595798,180.56242427864038,1.4455913360842991,0.722128982864374,37270,216.6840590621605,0.7161361738488726,0.9894284947679098,0.9253281670064597,0.8301451763303902,0.00707830231477329,0.0020736003861159666,0.6891410137846148,0.9962162788673897,DERMASON
12961,36878,707.572,254.69116182346315,184.85470697355325,1.3777910554363175,0.6879063512630362,37233,216.6899350010132,0.7829059103260869,0.9904654473182392,0.9256268558305204,0.8507948742689777,0.006906317094838742,0.0022321621330058917,0.7238519180823657,0.9973166981943056,DERMASON
12962,36878,722.771,264.00974762424164,178.28114667920164,1.4808618440137122,0.7375592353263639,37329,216.6899350010132,0.7589002757542084,0.9879182405100592,0.887106550690969,0.8207649033831224,0.007159003948810717,0.0020040450227169957,0.6736550266255062,0.9975900249577535,DERMASON
12963,36890,734.011,279.7272357178965,168.15722007096986,1.6634863230959642,0.7991383791292405,37371,216.72518728860322,0.7873393947154992,0.9871290572904123,0.8604257172172872,0.7747732777339188,0.007582738837568353,0.0016854054515385863,0.6002736318905602,0.9985469767650884,DERMASON
12964,36899,735.698,278.22823395197884,169.29456856031007,1.6434563513646445,0.7935740242100178,37354,216.75162274175196,0.7494922001949951,0.9878192429190984,0.8566931802681272,0.7790425136334743,0.00754026488392582,0.0017132115721874292,0.606907238048362,0.9974255550597548,DERMASON
12965,36907,706.067,257.4024110004364,182.88760875319426,1.4074349419035788,0.7036846649271248,37328,216.77511821595357,0.7682716126480568,0.9887216030861552,0.9303080540427586,0.8421642881021267,0.006974352047048972,0.0021640680509491844,0.709240688154562,0.9982101267284702,DERMASON
12966,36914,706.6629999999999,256.99779831098533,183.2535424313407,1.4024165366804535,0.7011081889589026,37304,216.7956746670786,0.7700041718815186,0.9895453570662663,0.9289156212705297,0.8435701632149418,0.006962068546106771,0.002174717751998443,0.7116106202664838,0.9979745015391515,DERMASON
12967,36915,712.362,268.28710948930905,175.52932741159708,1.528446063376094,0.7562703302812025,37322,216.79861114384133,0.7359449760765551,0.9890949038100852,0.9141369161609032,0.808084337546156,0.007267699024497062,0.0019116283097387425,0.65300029658741,0.9980757327024484,DERMASON
12968,36918,727.642,272.6541286082456,172.56460566007215,1.5800118892592359,0.774228130369246,37365,216.80742033549666,0.767079454787234,0.9880369329586511,0.8762186882623613,0.7951738029502186,0.007385398142051185,0.0018213857338765947,0.6323013768983131,0.9990436930943198,DERMASON
12969,36924,703.026,250.90682465678304,187.61108807992025,1.337377375850512,0.6640005268269579,37327,216.82503764510486,0.7491478656062327,0.9892035255980925,0.938805948373495,0.8641655640164476,0.006795223287205694,0.0023376060332523127,0.7467821220318652,0.9987295146950531,DERMASON
12970,36926,716.4029999999999,262.2363601045742,179.65270432143413,1.4596850133431982,0.7284684898199574,37348,216.8309097635543,0.7964884277733439,0.9887008675163329,0.904122625927022,0.8268529569167556,0.007101672537089698,0.002047639698613353,0.683685812361982,0.9979659341401549,DERMASON
12971,36932,708.2919999999999,253.2997260783269,185.7826544786342,1.3634196733229336,0.6797435317799475,37379,216.84852516482337,0.749386198080474,0.9880414136279729,0.9250985873487799,0.8560945900816653,0.006858543433291641,0.002272472657490361,0.7328979471670944,0.9992474797056085,DERMASON
12972,36934,715.9830000000001,271.26678179805424,174.0412028349278,1.5586354114970213,0.7670503899370301,37374,216.8543966472631,0.7745412603544092,0.9882271097554449,0.9053797723507868,0.79941375501222,0.007344635885581151,0.0018502759313060294,0.6390623517027376,0.9960652115184507,DERMASON
12973,36941,710.755,262.51148660746725,179.45480922003728,1.4628278158073245,0.7298498802618307,37298,216.87494558399698,0.7683875530410184,0.9904284412032817,0.9189220328211127,0.82615411762263,0.007106236609931167,0.0020420375012975786,0.6825306260648264,0.9984247849480159,DERMASON
12974,36956,717.549,272.45333753040893,173.15795873655367,1.5734381458314917,0.7720589857544455,37464,216.91897246491067,0.736233962865567,0.9864403160367285,0.9019691744149,0.7961692612434964,0.007372370860764393,0.0018272945604739274,0.6338854925490149,0.9973796140658038,DERMASON
12975,36960,706.5649999999999,256.80484353432007,183.80854036054566,1.3971322716049541,0.6983547075209686,37357,216.93071145739512,0.7609165585819282,0.9893728083090184,0.9303311985854368,0.8447298285805265,0.006948182996058444,0.0021823395872292628,0.7135684832936857,0.9969495560098088,DERMASON
12976,36964,718.569,257.0194271358417,183.70887152571834,1.399058330723349,0.6993631941978483,37421,216.94244981466986,0.7992561840512022,0.987787605889741,0.8996050218079316,0.8440702410406118,0.006953236314680275,0.0021771136852944068,0.7124545718103565,0.996765503953216,DERMASON
12977,36965,707.646,263.1023516713985,179.15572880864346,1.4685678957685944,0.7323434018160208,37296,216.94538430474913,0.775419017851524,0.9911250536250537,0.9276164940407993,0.8245664963713548,0.0071176072412119165,0.002029628351068019,0.6799099069381316,0.9984938613443528,DERMASON
12978,36974,725.1659999999998,274.54003276073956,172.43711174771312,1.5921168591736201,0.7781369897926741,37423,216.97179292949096,0.6926174999531686,0.9880020308366513,0.8835506152011731,0.7903102172300712,0.007425218606608415,0.0017868141925006253,0.6245902394582425,0.9944206503167563,DERMASON
12979,36977,707.862,264.59945084297203,178.29757553523692,1.4840328032989956,0.7388777013487785,37319,216.98059509014192,0.797364902747229,0.9908357673035183,0.9273514164836714,0.8200341852519951,0.007155784699758553,0.001996019858392273,0.6724560649819035,0.9979468592105056,DERMASON
12980,36978,706.141,257.90672965507406,182.86403891380684,1.4103742386256637,0.7051766393494737,37339,216.9835290643436,0.7986781571956197,0.9903318246337609,0.9319023901563313,0.8413255805869766,0.006974599211830658,0.002155536566603844,0.7078287325500134,0.9983034097475936,DERMASON
12981,36988,706.21,260.26754296964384,181.53483698401865,1.433705768510737,0.716591417499202,37378,217.012866624687,0.7389914488931512,0.9895660548986035,0.9319722627751249,0.8338068748357077,0.007036540039192274,0.0020979774331980968,0.6952339045232897,0.9967608593792835,DERMASON
12982,36992,717.713,255.04418089392055,185.20492273573487,1.3770918025642218,0.6875172985933303,37452,217.02460053837936,0.7209791845326264,0.9877176118765353,0.9024352501109243,0.8509294341777023,0.006894576689390154,0.0022297776351902707,0.7240809019499846,0.9971258744686319,DERMASON
12983,36996,732.3359999999999,274.8712539906472,172.02786103719524,1.5978298650775848,0.7799443595992455,37447,217.0363338176861,0.6881696428571429,0.987956311587043,0.8668498284640722,0.7895926935490717,0.007429756027425862,0.0017814219513204999,0.6234566217060781,0.9961776097423498,DERMASON
12984,36998,714.759,262.3370819137976,179.85584708772902,1.4585963490296558,0.7279872790864049,37380,217.04220021947702,0.7450261780104712,0.989780631353665,0.9100575289925688,0.8273409105419408,0.007090574677382496,0.0020492700734517032,0.6844929822563678,0.998398964855559,DERMASON
12985,37016,722.1109999999999,275.9506090782451,171.26572799522881,1.6112424377510757,0.7840963914198565,37446,217.09499070203526,0.7760167714884696,0.9885167975217647,0.892054583668837,0.7867168383037652,0.007454900828783367,0.001761551787989885,0.6189233836706726,0.9972356214866788,DERMASON
12986,37029,729.6279999999999,271.7140348452235,173.8603204946584,1.5628294833010592,0.7684872734903595,37593,217.13310917959595,0.7806096635466734,0.9849972069268215,0.8740753317982198,0.7991236422633873,0.007337871258884213,0.0018458897952666196,0.6385985956243023,0.9980207132363103,DERMASON
12987,37037,708.5349999999999,261.78941136427045,180.3889056099734,1.451250067065081,0.7247032286991747,37454,217.15656337849018,0.7262156862745098,0.9888663427137289,0.9270924601066565,0.8295085819048835,0.007068321175156478,0.00206433212822559,0.6880844874538508,0.9985826585638429,DERMASON
12988,37052,727.9669999999999,253.93236639465172,186.34391189669665,1.3627081443660152,0.6793300741607134,37646,217.2005331750529,0.7471969024764056,0.9842214312277533,0.878614031165837,0.8553479663064627,0.006853405116988333,0.0022628589066453803,0.7316201434646016,0.996984728081445,DERMASON
12989,37054,714.082,266.60961576123907,177.19243914647927,1.5046331381038303,0.7471870251071674,37411,217.20639514207843,0.7768134171907757,0.9904573521156879,0.9131640160980489,0.8146982790620596,0.007195164240331383,0.0019552742021266938,0.6637332859066817,0.9986750968377371,DERMASON
12990,37062,713.386,265.69099239505505,178.00761165311067,1.4925821987478596,0.7423792820830234,37449,217.22984142832354,0.7857112571549714,0.9896659456861331,0.9151442417234548,0.8176033348745418,0.00716882500661203,0.0019760519541503906,0.6684752131979723,0.9977542035234739,DERMASON
12991,37063,720.3199999999999,266.24189722036664,177.9844970607161,1.4958712787751574,0.7437061027087877,37522,217.2327720361717,0.6956268768768769,0.987767176589734,0.8976343985944432,0.8159225662983072,0.007183495594538128,0.0019638638301284835,0.6657296341948156,0.9958458392215165,DERMASON
12992,37064,710.7009999999999,265.1101849768168,178.20922781289715,1.4876344408784345,0.7403622079074621,37390,217.23570260448457,0.7061423563481176,0.9912810912008558,0.9221218187229347,0.8194166611270753,0.0071527677794306285,0.001989175259316826,0.6714436645326445,0.9988627204683876,DERMASON
12993,37073,718.26,273.13199012927873,173.34471155865646,1.5756580496362949,0.7727952086033721,37490,217.2620759404795,0.7340461340461341,0.9888770338757001,0.9030342716640785,0.7954471969308505,0.007367409978401498,0.0018194495745978635,0.6327362431051474,0.996975954745253,DERMASON
12994,37080,713.993,268.5726834377858,176.1090833061142,1.5250359515582206,0.7550022089856051,37434,217.28258632200564,0.733299054700787,0.9905433563071004,0.9140325914786206,0.809027126440201,0.007243060502637158,0.001914054106163973,0.654524891316089,0.9981739904467728,DERMASON
12995,37085,715.8570000000001,268.8633817781889,176.21068498449995,1.5258063482463562,0.7552896272037413,37533,217.29723540925116,0.7978357213545029,0.9880638371566355,0.9094013514097131,0.8082068817706102,0.007249922658168772,0.0019081095827319938,0.6531983637413731,0.9966542100607195,DERMASON
12996,37096,715.828,265.4873785797556,178.4071265374867,1.4880985066702013,0.7405524855039364,37521,217.32945992546797,0.7790985844499517,0.9886730097811892,0.909744801933603,0.8186056191751487,0.007156765650737427,0.001982418970514272,0.6701151597451288,0.9971973685137896,DERMASON
12997,37098,705.621,257.2452182650447,183.94863813046112,1.398462205969689,0.6990516631768221,37453,217.33531841508199,0.7791078629032258,0.9905214535551224,0.9363050508692496,0.8448565920131399,0.006934207188124554,0.002179257577064833,0.713782661068057,0.9981980747801499,DERMASON
12998,37108,707.857,265.8743068049656,177.92482651488757,1.494306961050874,0.743076442132439,37379,217.36460849464984,0.7366644829571397,0.9927499398057733,0.930649931313782,0.8175464982184214,0.007164878376764191,0.0019744149741829256,0.6683822767492035,0.9987682887893666,DERMASON
12999,37112,713.0419999999999,262.3894128269509,180.8135591787022,1.4511600458438263,0.7246625833802863,37509,217.37632342141438,0.7405810983397191,0.9894158735236877,0.9172632632805716,0.8284492925207192,0.0070702040533237465,0.0020543547307822576,0.6863282302780803,0.9959721061142511,DERMASON
13000,37115,710.1039999999999,264.5461902657022,178.78543104583707,1.4796853900130025,0.73706731242757,37525,217.38510920218422,0.7913983538743656,0.9890739506995336,0.9249439389542599,0.8217283680549291,0.007127743237658688,0.0020046794110274036,0.675237510866217,0.9991390796174874,DERMASON
13001,37117,716.438,267.93989472193357,176.64282440439158,1.5168456212437702,0.7519125389034237,37537,217.39096619210062,0.7883479886156068,0.9888110397740896,0.9087104141011475,0.8113422841257278,0.007218791786026176,0.0019295708059583448,0.6582763020103533,0.998503526272946,DERMASON
13002,37119,721.6429999999999,269.81542230121204,175.91130092952542,1.5338151720525732,0.7582455903951016,37615,217.3968230242211,0.6937871481439947,0.986813771101954,0.8956974237962486,0.8057242286970805,0.007268930259468521,0.0018897134683206335,0.6491915327095051,0.9957398224379033,DERMASON
13003,37120,766.299,278.8773534512423,171.38829632667586,1.6271668452767987,0.7888660874051718,38054,217.39975138111186,0.6734031166663643,0.9754559310453566,0.7943672190561156,0.779553264869609,0.00751285973737183,0.0017114657899774456,0.6077032927688668,0.9888346497590395,DERMASON
13004,37123,731.9319999999999,278.7859993102521,170.60591618994994,1.6340933863035334,0.7908886142340752,37539,217.40853621512528,0.675160046558999,0.9889181917472495,0.8707860431457124,0.7798402242329903,0.007509791754714116,0.0017132872640521232,0.6081507753317605,0.993775159844996,DERMASON
13005,37125,720.1429999999999,270.7608164353596,175.0295198567861,1.546943719304626,0.7629682758464693,37570,217.41439257393452,0.7463511720477665,0.9881554431727442,0.8995780276912637,0.8029758346730322,0.00729322064472349,0.001870290282566773,0.6447701910688528,0.9974231974688055,DERMASON
13006,37127,722.8629999999999,273.05645926832744,173.27327414196432,1.57587175876073,0.7728658833921509,37545,217.42024877499884,0.7844616294793779,0.9888666933013717,0.8928689706710039,0.796246495532794,0.007354659931271781,0.0018236122243701245,0.6340084816482559,0.999116061044257,DERMASON
13007,37131,712.1449999999999,264.31834722606357,179.6517454936972,1.471281820834503,0.7335092791498142,37483,217.43196070394373,0.800685729072325,0.9906090761145052,0.9200462315204722,0.8226139539151275,0.007118535650159262,0.002010734435313241,0.6766937171758796,0.9956071643537963,DERMASON
13008,37132,720.788,256.38320633885,185.40752971743422,1.3828090300840776,0.6906746218852443,37655,217.43488858760927,0.7217384543616856,0.9861107422653034,0.8981380800862218,0.8480855345113184,0.006904643066326889,0.002203330357287228,0.7192490738473489,0.9945841141957236,DERMASON
13009,37133,709.4159999999999,260.0469016609661,182.11688731545286,1.427912070617192,0.7138258660892346,37498,217.43781643184977,0.7877508591794307,0.9902661475278681,0.9271883009602985,0.8361484603086424,0.007003121257667468,0.0021115675848002113,0.6991442476765134,0.9983165103598692,DERMASON
13010,37140,717.216,264.6527940666341,179.05454873859475,1.4780568040916173,0.7363838506597107,37530,217.45831023776475,0.7360868875852228,0.9896083133493205,0.9073019087430388,0.8216739634459074,0.007125815672230321,0.002003606579568163,0.6751481022049064,0.9979072462335046,DERMASON
13011,37149,713.554,263.113484763579,179.9474997350121,1.4621680498536287,0.7295608411424753,37583,217.4846565791862,0.7241238158356399,0.9884522257403613,0.9168605816379644,0.8265811871049003,0.0070826532279086645,0.0020394722849319618,0.6832364588757462,0.9990065206632487,DERMASON
13012,37149,713.4459999999999,266.1961182488833,177.88545513101073,1.496446789608699,0.7439371237112381,37584,217.4846565791862,0.7702467343976778,0.9884259259259259,0.9171381876168643,0.8170091209814198,0.007165633482701642,0.0019694364573300694,0.6675039037668321,0.9988840738431499,DERMASON
13013,37159,705.7600000000001,257.0342733731387,184.7328692555399,1.391383538884922,0.69531089515949,37515,217.51392654911527,0.791223064474917,0.990510462481674,0.9374752290485019,0.8462448361248252,0.00691714721529478,0.002188219620657773,0.7161303226679321,0.9964119426565085,DERMASON
13014,37177,707.976,259.3124748103091,182.92157047756203,1.417615615989463,0.7087996631379847,37528,217.56660257176225,0.803827027027027,0.9906469835855894,0.9320670049280535,0.8390132512171481,0.006975078000115907,0.0021320830201994215,0.7039432357179694,0.997920923723945,DERMASON
13015,37185,714.722,262.08449544665325,181.23589522851663,1.4460959575154595,0.722360145396253,37576,217.59001004406664,0.6998080397470642,0.9895944219714712,0.914751960670351,0.8302284714448385,0.007048124121195462,0.0020655884545452054,0.6892793147976329,0.9967640307278828,DERMASON
13016,37191,731.2099999999999,287.20629696070915,166.6151815810487,1.7237702725246549,0.8145283819009274,37794,217.60756399593612,0.7218469779899849,0.9840450865216701,0.8741047406774264,0.7576698919860577,0.007722467719628651,0.0015698421417284455,0.5740636652221645,0.9895538806465125,DERMASON
13017,37194,719.414,274.65294719896775,172.8749914973177,1.5887372998264426,0.7770566377423781,37588,217.6163404408769,0.795015389876881,0.9895179312546557,0.9030774138932158,0.7923320782107915,0.007384334763643807,0.0017952299947022582,0.6277901221618319,0.9973935835411014,DERMASON
13018,37202,710.557,253.50787496794965,188.02860885761524,1.3482409751801048,0.6707238418059124,37739,217.6397425638009,0.7708661417322835,0.9857706881475397,0.9259303253222021,0.8585127487314409,0.006814361458199818,0.002283452195571623,0.7370441397344142,0.993713109706308,DERMASON
13019,37206,717.4739999999999,276.21379923326595,171.7607534666513,1.6081310407554485,0.7831444145307109,37589,217.6514426816796,0.7368983957219252,0.9898108489185666,0.9082606741266542,0.7879817854352392,0.007423904725938449,0.0017655371781795666,0.6209152941777074,0.9985131582469721,DERMASON
13020,37216,729.942,288.9452027243212,164.97657054965114,1.7514317442873537,0.8209768742307879,37630,217.6806902250721,0.822616653035963,0.9889981397820887,0.8777338568855233,0.7533632265656903,0.007764004802351708,0.0015427062104807633,0.5675561511414678,0.9940358597747181,DERMASON
13021,37228,716.0260000000001,257.9078532750774,184.49853529066576,1.3978856410364446,0.6987498423813618,37686,217.71578209078146,0.7193816425120773,0.9878469458154222,0.9124771216299743,0.8441611192760843,0.006927792341116294,0.002170081304705427,0.7126079952974514,0.9961444843140735,DERMASON
13022,37231,726.753,269.41225279742093,176.73643014178043,1.5243730598230067,0.7547544618552435,37633,217.72455417346671,0.7295904369978444,0.9893178858980151,0.8858106529008734,0.8081464443904868,0.007236234664591897,0.001903937425966432,0.6531006755809862,0.995569075207861,DERMASON
13023,37236,712.542,265.218378830419,179.13135513824923,1.480580430074511,0.7374417013348948,37602,217.73917352593796,0.7979427836708454,0.99026647518749,0.9216201230777205,0.8209807121442391,0.007122633441573181,0.0019959615619538342,0.6740093297128618,0.9979250232605019,DERMASON
13024,37237,724.1549999999999,264.8154251213935,179.9112388819666,1.471922636779404,0.7337833578571182,37732,217.7420972786458,0.7457990346291734,0.9868811618785116,0.8923217553533375,0.8222409898472911,0.007111620837376628,0.0020051406854087366,0.6760802453850532,0.9951378174616339,DERMASON
13025,37261,735.4699999999999,289.6648939418117,164.6542510770998,1.7592311892765853,0.8227315455907397,37695,217.81225556973808,0.7366745749308027,0.9884865366759518,0.8656342774228404,0.751945645209918,0.007773943102488171,0.0015330874006929884,0.5654222533501599,0.9947084632046485,DERMASON
13026,37269,711.4609999999999,245.9895969266119,194.1047603360535,1.2673032670642916,0.6142941590251081,37729,217.83563664546435,0.7477578700266848,0.987807787113361,0.9252421456408901,0.8855481669432266,0.006600380931246127,0.0025037877906362808,0.7841955559765088,0.9938135901063284,DERMASON
13027,37277,710.193,264.7898400357319,179.8084224247665,1.4726220077178112,0.7340819559125903,37684,217.85901521188575,0.8026916451335055,0.989199660333298,0.9287483238065822,0.8227619880826503,0.007103303378376262,0.0020078765237766757,0.6769372890337151,0.9968727496758818,DERMASON
13028,37278,737.8639999999999,281.7473468151368,168.8338585919577,1.668784621549588,0.8005705561703162,37788,217.8619373562931,0.7734345823478153,0.9865036519530009,0.8604186676975357,0.7732528445041192,0.00755800597712154,0.001666760113114296,0.5979199615337117,0.9977996367249795,DERMASON
13029,37285,722.674,269.5234220329093,176.5974005375428,1.5262026576411094,0.7554372695612166,37821,217.88239126980992,0.7746888570300651,0.9858279791650142,0.8971377906680817,0.80839872700639,0.007228736007319547,0.0019043405327338716,0.6535085018255521,0.9973864122772174,DERMASON
13030,37285,716.2270000000001,271.71899329991,175.1878671985474,1.5510149055696878,0.7644026785276454,37716,217.88239126980992,0.7377324891175306,0.988572489129282,0.9133613580944661,0.8018666219233417,0.007287622188545259,0.0018585496040411263,0.6429900793547513,0.9972871972126557,DERMASON
13031,37293,718.527,262.39982040216967,181.82160057735118,1.443171875997971,0.721016244191145,37778,217.90576482004423,0.6957779063042221,0.9871618402244693,0.907718111225055,0.8304341233392188,0.007036168192480349,0.002064128454854197,0.6896208332061768,0.9952413915854422,DERMASON
13032,37307,728.8919999999999,267.06568018186846,179.10854400070818,1.4910828607975983,0.7417707384430965,37886,217.94666250125215,0.7416308842239185,0.9847173098242095,0.8824169138517908,0.8160788849875175,0.007158594370543557,0.0019585563986104964,0.6659847465224698,0.9930384410922877,DERMASON
13033,37310,726.555,273.8397780836652,174.3442845352343,1.5706839992699804,0.771140256666696,37749,217.95542529166124,0.7307089698394046,0.9883705528623274,0.8881741343449518,0.7959231738241849,0.007339581294121286,0.0018169193347656425,0.6334936986303635,0.995018416077071,DERMASON
13034,37311,714.446,264.1649286086342,179.97639587733107,1.4677754119972748,0.732001385687911,37708,217.95834614350892,0.7808262179809141,0.989471730136841,0.9185608574577261,0.8250843414055872,0.0070800817080387615,0.002024004215778202,0.6807641704326917,0.9992089107298268,DERMASON
13035,37313,712.714,257.07213993752526,185.4855177292772,1.385941841091504,0.6923821334266699,37703,217.9641877297808,0.8233593715521427,0.9896559955441212,0.9230802361680405,0.8478716821774284,0.006889613269839607,0.0021963175398685454,0.718886389438382,0.9963347261138551,DERMASON
13036,37318,716.286,269.323504979342,177.03981545720276,1.5212595216721048,0.7535853842304978,37713,217.97879101056324,0.7003340464662388,0.9895261580887227,0.9140191579721272,0.8093567289170804,0.007216986574289672,0.001910273658730909,0.6550583146433563,0.9965136984016874,DERMASON
13037,37318,703.6639999999999,254.54417422565422,186.94056896080164,1.3616315369138945,0.678702762355623,37643,217.97879101056324,0.7603194653844587,0.9913662566745477,0.9471037558999333,0.856349557689442,0.006820948985091758,0.002262709890036051,0.7333345649549028,0.9985314707516265,DERMASON
13038,37326,713.7909999999999,265.31644012910505,179.5930561278461,1.4773201472791655,0.736073749205958,37696,218.00215422510092,0.8065254969749351,0.9901846349745331,0.9206174027319987,0.8216684730091335,0.007108086591895864,0.0019985681733416323,0.675139079537161,0.9973965644157591,DERMASON
13039,37327,748.298,270.8479809208136,175.81145015460513,1.5405593929327994,0.7606904061650791,37908,218.0050744508701,0.7262062256809338,0.984673419858605,0.8376908694857251,0.8048982817213878,0.007256087575235449,0.0018786517417620353,0.6478612439180427,0.9980687246350681,DERMASON
13040,37329,720.481,264.44014590189727,180.65743927081942,1.463765605054775,0.7302598508014123,37727,218.01091478506044,0.7798646220699452,0.9894505261483818,0.9036726846845634,0.824424423309533,0.007084040448495734,0.0020186647132962423,0.6796756297492562,0.9948858094209053,DERMASON
13041,37338,715.5859999999999,260.29104364561636,183.16648020717466,1.4210626494062024,0.7104984723491973,37710,218.03719435298535,0.7441554559043349,0.9901352426412092,0.9162990680277417,0.8376669104675027,0.006971210124956247,0.0021172560239675563,0.7016858528921712,0.9971395571617995,DERMASON
13042,37342,716.5910000000001,265.58585500470724,179.65236067480808,1.4783321188049898,0.7364995940853392,37779,218.04887314430323,0.705631141345427,0.9884327271764737,0.9138285871991113,0.8210108672407969,0.0071122557711077936,0.0019933462879269336,0.6740588441274855,0.996482839238228,DERMASON
13043,37349,717.573,265.46606204734195,180.3232365698024,1.4721677976569654,0.7338880921418567,37743,218.0693095240905,0.7346236305344112,0.9895609781946321,0.911499980891489,0.8214583357370971,0.007107715388560388,0.0019964202016064343,0.6747937973519615,0.9934096985202179,DERMASON
13044,37354,720.9730000000001,274.5369227970472,173.71131081790722,1.5804205351074139,0.7743618795431932,37720,218.08390576573336,0.7003524823758812,0.9902969247083775,0.9030441354006724,0.7943700378945129,0.007349599046877101,0.0018052395096466991,0.6310237571045298,0.9972829038686317,DERMASON
13045,37367,710.3379999999999,265.276844261683,179.7100599652391,1.4761379764326763,0.735574860364925,37695,218.12185142282013,0.7261932524875622,0.9912985807136225,0.9306106101203084,0.8222423334003978,0.007099227774819573,0.002001659510882228,0.6760824548357309,0.9979909867828521,DERMASON
13046,37380,734.36,283.56100741471556,168.80798579272047,1.6797843187519603,0.8034927622771896,37943,218.15979047982324,0.7427719821162444,0.9851619534565006,0.8710260319002174,0.7693575095843792,0.007585901749992391,0.0016394559989191188,0.5919109775538782,0.9942827781921483,DERMASON
13047,37386,710.826,260.5512654518155,183.11622701518777,1.4228737108601806,0.7113844648747727,37751,218.17729858871382,0.7152203856749312,0.990331381950147,0.9298058114894465,0.8373680251000815,0.0069692201747128734,0.0021136323201362147,0.7011852094600108,0.9976980009846387,DERMASON
13048,37387,708.411,256.192684329088,186.41304317658586,1.3743281047474833,0.6859716326960272,37759,218.1802164702692,0.7170502493287303,0.9901480441748987,0.9361811441891313,0.8516254749491966,0.006852453642418168,0.002223414561069431,0.7252659495824448,0.9967533779275253,DERMASON
13049,37393,729.5029999999999,278.40713289566514,171.64904475215414,1.6219556205375925,0.7873238358028158,37812,218.19772294018546,0.7666270296867311,0.9889188617370147,0.8829701239679468,0.7837361085930096,0.0074454345170396905,0.001732803178531804,0.6142422879125137,0.9962737312515717,DERMASON
13050,37401,718.286,272.91529145960914,174.9021974622955,1.5603880078090087,0.76765256381811,37686,218.22106271540292,0.6990318480861244,0.9924375099506448,0.9109578333823484,0.7995926558321821,0.007297005199315771,0.0018399228142597062,0.6393484152607626,0.997631599984588,DERMASON
13051,37405,712.42,262.53015730638896,181.9229176545698,1.4430845804972958,0.7209759591159044,37772,218.23273166694943,0.7375093655112583,0.9902838081118289,0.9261201149321779,0.8312672871797289,0.007018584609180295,0.0020672455356536435,0.6910053027351459,0.997179097418955,DERMASON
13052,37406,731.647,260.8627661000529,183.39137619169597,1.4224374750717688,0.711171463389714,37904,218.23564880734654,0.7156029996939088,0.9868615449556775,0.8781080149037663,0.8365917914235529,0.006973821475165827,0.0021071962478038104,0.6998858254772696,0.995543826430408,DERMASON
13053,37413,713.9159999999999,268.2888859969741,178.02184409412587,1.5070559872142497,0.7481360584104928,37777,218.2560676984185,0.7489940141338511,0.9903645075045663,0.9224400854840299,0.8135114016645478,0.007171007029561225,0.0019373785515739892,0.6618008006382174,0.9973708589450097,DERMASON
13054,37414,716.2259999999999,262.3377053345489,182.22700559829738,1.4396203486592332,0.7193695323333269,37914,218.25898452691789,0.7442017742769622,0.9868122593237326,0.9165239982730046,0.831977180895826,0.007011752427822444,0.0020722969869314896,0.692186029531366,0.9964850931709952,DERMASON
13055,37415,725.981,277.3887093284746,172.97794237149188,1.6036074052305898,0.7817483541035735,37798,218.26190131643708,0.7602357004978157,0.989867188740145,0.8920826730699013,0.7868449362802957,0.007413836945836552,0.00175298988472138,0.6191249537499427,0.9928333605964546,DERMASON
13056,37422,714.4219999999999,263.2476328611315,181.22793117093724,1.4525775975052757,0.7253014787235297,37857,218.28231775175757,0.7496394230769231,0.9885093906014739,0.9213554706266709,0.8291900496096996,0.0070345687793579035,0.002051320737211214,0.687556138371736,0.9987286436260212,DERMASON
13057,37423,720.829,265.90075657795,179.84171383778278,1.4785265937678536,0.7365813022333245,37870,218.28523422949158,0.7933644265422938,0.9881964615790864,0.9050737358689297,0.8209274657159551,0.0071052763428359565,0.001990581119289469,0.6739219039668205,0.9964114571376097,DERMASON
13058,37437,712.362,265.4249957551436,180.14700256186873,1.4733800284242167,0.7344049777585917,37872,218.3260608270352,0.7549304295220811,0.9885139416983524,0.9270633544715084,0.8225527524485393,0.007089910937178289,0.002002053054792465,0.676593030560668,0.996878658599104,DERMASON
13059,37443,732.327,277.9799590469537,172.06992967574232,1.615505739851198,0.7853900355505555,37804,218.3435556033626,0.6810542398777693,0.9904507459528092,0.8773450078363692,0.7854650973830891,0.007424083514861355,0.0017431316084964754,0.6169554192070257,0.996695020961252,DERMASON
13060,37445,727.189,274.540148462439,174.08137829255892,1.57707935883326,0.7732645826155562,37836,218.34938688397585,0.7720936945853437,0.9896659266307221,0.8898342079423528,0.795327707465887,0.007331823967484016,0.00180957356105382,0.6325461622629436,0.9975754960140821,DERMASON
13061,37456,722.968,276.9591216699261,172.8805648502245,1.6020257795309167,0.7812568558196611,37968,218.38145614406056,0.6961434810891182,0.9865149599662874,0.9005194769116329,0.7884970707132833,0.007394252500798967,0.0017630895714945904,0.6217276305234286,0.9960236919452057,DERMASON
13062,37477,715.2620000000001,265.2159797514763,180.13607069952474,1.4723091201088137,0.7339484354332226,37785,218.44266620337632,0.8052642887838418,0.991848617176128,0.9205436303936201,0.8236406660264987,0.0070767665435193935,0.0020089344026002656,0.6783839467325743,0.9987908717097809,DERMASON
13063,37485,717.338,253.90316010689796,188.33027890096008,1.348180237339433,0.6706868884104302,37892,218.46597981012414,0.7567682151293077,0.989258946479468,0.9154185400877003,0.860430329886977,0.0067734603203120705,0.0022900934079274054,0.7403403525894122,0.9981122322659531,DERMASON
13064,37485,721.5350000000001,267.2383710269711,178.87235434992343,1.494017183360708,0.7429595265212064,37927,218.46597981012414,0.7149259993896857,0.9883460331689825,0.9047999628262536,0.8174948042475361,0.007129208244016836,0.001964088567597394,0.6682977549717173,0.9984483295291298,DERMASON
13065,37493,711.31,258.55980317244223,185.00034234204014,1.397617971400295,0.69860955105957,37853,218.48929092922486,0.790591261808367,0.990489525268803,0.9311984132636748,0.8450242003916866,0.006896215378135712,0.0021690380288531775,0.7140658992476092,0.9979913335525709,DERMASON
13066,37500,718.931,267.0415439809915,179.25529149076633,1.4897275375257033,0.7412186330853876,37857,218.5096861184158,0.6981420113936776,0.9905697757350028,0.9117309767442655,0.8182610198433009,0.007121107839493107,0.0019692224427967347,0.669551096594999,0.9974487063781022,DERMASON
13067,37500,728.191,275.8404630139278,173.81826579365796,1.586947503787558,0.7764810787718004,37944,218.5096861184158,0.703406362545018,0.9882985452245414,0.8886904592519702,0.7921596553707306,0.007355745680371407,0.0017867234950496792,0.6275169195970748,0.9958364091390357,DERMASON
13068,37500,715.578,272.1718135344001,175.66830099142246,1.549350747962717,0.7638180367394861,37797,218.5096861184158,0.7862294532036229,0.992142233510596,0.9202952315748467,0.8028373080991288,0.007257915027584002,0.0018599523852856439,0.6445477432758556,0.998630528142128,DERMASON
13069,37511,718.35,267.0397565761138,179.14193706332833,1.490660204716402,0.7415987706489247,37868,218.54173185586475,0.7173646968827692,0.9905725150522869,0.9134742593010324,0.8183865004144963,0.007118971943592914,0.0019698396356457887,0.6697564640606862,0.9983793078268363,DERMASON
13070,37513,720.0279999999999,269.5896077121961,177.51092745706455,1.5187211940932654,0.7526256080712184,37981,218.5475578487441,0.7805451518934665,0.9876780495510913,0.9092700585934135,0.8106675910224901,0.007186564863172662,0.0019145748811897636,0.6571819431342074,0.9980761454133158,DERMASON
13071,37514,725.847,269.8811743855786,177.418222999899,1.5211581416060753,0.7535471665256332,37920,218.55047078694406,0.7933090847572323,0.9892932489451477,0.8947734018645966,0.8098025780586737,0.007194145502627782,0.0019084272104716309,0.6557802154304744,0.9975454138062522,DERMASON
13072,37521,703.5609999999999,250.24262058617896,191.54652570051638,1.3064325738668532,0.6435033997262678,37927,218.5708602673468,0.7927865111561866,0.9892952250375722,0.952534585860602,0.8734357870588036,0.0066694016840217205,0.002394366162249109,0.7628900741150318,0.9966644431035754,DERMASON
13073,37528,735.2849999999999,264.8035442630463,181.04989776935992,1.4625997999754767,0.7297500452008491,38049,218.59124784588514,0.7504549363089168,0.9863071302793766,0.8722758953745096,0.8254846001182841,0.007056159248109314,0.0020210824880133415,0.6814248250324434,0.9966518127907762,DERMASON
13074,37535,717.1979999999999,267.67358639340375,179.05638138467506,1.4949122970286564,0.743320396398698,37935,218.6116335230912,0.8017900628017259,0.9894556478186372,0.9169974851242799,0.8167097712876104,0.007131306417834122,0.001957130868283232,0.6670148505166609,0.9971287023380874,DERMASON
13075,37537,742.6209999999999,294.2614873096339,162.90604612678212,1.8063263721999858,0.8327761872766286,37949,218.61745765314305,0.7322292446941323,0.9891433239347546,0.8553324958836481,0.7429360180698906,0.007839238279820814,0.0014731917671811747,0.5519539269455449,0.9970089344810824,DERMASON
13076,37547,726.746,273.3386807876755,175.27366469655107,1.5594965807379169,0.7673465914941954,38006,218.64657597632566,0.70051680068658,0.9879229595327054,0.8933462248553958,0.799910848132637,0.007279907337142129,0.001838535248022568,0.6398573649602748,0.9978553728155218,DERMASON
13077,37556,721.7320000000001,268.0902406212593,179.117557177435,1.4967278743964076,0.74404983360145,37907,218.67277915203294,0.7559581320450885,0.990740496478223,0.9060189297899929,0.8156685549063304,0.007138413053074323,0.0019491098528784357,0.6653151914629811,0.9957957923220268,DERMASON
13078,37560,722.862,280.58024925066024,171.04444683814867,1.6403937949307419,0.7927017035310319,37925,218.6844240000936,0.7918203857910825,0.9903757415952538,0.9032847072382373,0.7794006334520319,0.007470187679730038,0.0017004125182357318,0.6074653474254286,0.9964823865521205,DERMASON
13079,37570,721.3629999999999,270.72278951542177,177.35973681196143,1.5264050025200746,0.7555125963026191,37933,218.71353340774334,0.6924962674875123,0.9904304958743047,0.9072841698903203,0.807887410584192,0.007205823516513755,0.0018935062635432739,0.6526820681804308,0.9962571739257582,DERMASON
13080,37570,725.385,271.3029611762662,176.4700106602104,1.5373884784234235,0.759545919989598,37928,218.71353340774334,0.7921982076963627,0.9905610630668635,0.897250931089986,0.8061597723057826,0.007221265934955182,0.0018813846363202496,0.6498935784841112,0.9991388997628418,DERMASON
13081,37571,748.438,285.66462646854717,168.9448662964697,1.6908748559855853,0.8063711433111614,38088,218.71644413542572,0.6615544442879279,0.9864261709724848,0.8428512969157018,0.7656406284503947,0.007603327738642761,0.0016116968532711917,0.5862055719339153,0.9912002620217067,DERMASON
13082,37579,721.462,272.6699311776074,175.9862743086368,1.5493818040571228,0.7638289685356389,37908,218.73972856251487,0.6922921041966029,0.991321093172945,0.9072524722816453,0.8022143388448493,0.007255912375997429,0.0018536744909516136,0.6435478454482786,0.9971013217777283,DERMASON
13083,37581,741.2239999999999,272.16403343516174,176.4469657128649,1.5424693325588767,0.7613755374089543,38232,218.74554928201886,0.7347788683376999,0.9829723791588199,0.8595660430946479,0.8037268794156488,0.007242064698522172,0.0018641297377100842,0.6459768966952171,0.9963995526939259,DERMASON
13084,37583,717.057,259.2028285173819,185.13528560771252,1.4000725343444944,0.6998919787060243,38057,218.75136984664033,0.7996382978723404,0.9875449982920357,0.9185312755296328,0.8439389766611713,0.006896810486586538,0.002158103329453005,0.7122329963279049,0.9971778562125829,DERMASON
13085,37583,720.715,277.70963295436184,172.68187209473254,1.6082153244320372,0.7831702904624008,37877,218.75136984664033,0.7221805883822371,0.9922380336351876,0.9092308986201297,0.7876981706377806,0.007389235371161478,0.0017547635741894715,0.620468408026106,0.9978468021135337,DERMASON
13086,37591,726.5409999999999,280.1883638729501,171.22069043004606,1.63641650532547,0.7915600675855511,38004,218.77465055654756,0.6893510113513415,0.9891327228712767,0.8948978988011647,0.7808127630016417,0.0074536022950427,0.0017089666723512835,0.6096685708662581,0.9976717121437356,DERMASON
13087,37596,717.7139999999999,269.4540856373071,177.85614923325596,1.5150113549569866,0.7512119526640639,37987,218.78919974227057,0.7249797524007867,0.9897070050280359,0.9171675259173904,0.811972099902642,0.007167094521686007,0.001921707662487181,0.6592986910203061,0.9988450032040416,DERMASON
13088,37600,721.2370000000001,268.8831089833439,178.2037500185152,1.5088521366997452,0.748835892002479,38001,218.80083839428522,0.7174887892376681,0.9894476461145759,0.9083259305442979,0.8137396180131157,0.007151146515514466,0.0019341817525694376,0.6621721659241314,0.999119887417724,DERMASON
13089,37622,712.941,253.89329440425018,189.22087832597586,1.3417826650548648,0.6667547718938776,38017,218.86483991730213,0.7775710978835979,0.9896099113554463,0.9301319469457339,0.8620347395580461,0.006748532624641172,0.002298731179650487,0.7431038922049084,0.9970839208953449,DERMASON
13090,37630,718.8870000000001,271.01139520709677,177.07885886311468,1.5304559615249933,0.7570127978988407,38038,218.88810855865188,0.7644179007455258,0.9892738840107261,0.9150036407703046,0.8076712360798917,0.007202003593066616,0.001890477714973521,0.6523328255908202,0.9983666618239144,DERMASON
13091,37632,713.497,265.5298549608856,180.76860289800962,1.4688936613107455,0.7324837872894239,37954,218.8939253325081,0.7537102685813856,0.9915160457395795,0.9289297273659943,0.8243665307042506,0.007055959156060948,0.0020100979715927773,0.6795801769453623,0.9982310142674776,DERMASON
13092,37650,719.742,259.560799455457,185.54331612040636,1.3989229301421873,0.6992924818436337,38103,218.94626934314016,0.7083991871754346,0.988111172348634,0.9133161806791871,0.8435259476873098,0.00689404513825915,0.00215301805181828,0.7115360244217742,0.9953840601858314,DERMASON
13093,37654,722.1399999999999,266.7900358937067,180.18608775848458,1.4806361535042771,0.737464981323332,38076,218.95789964615986,0.7020284883287344,0.9889169030360332,0.9073569686468455,0.8207124337034689,0.007085303975506101,0.0019829067989547786,0.6735688988354709,0.9973104634918633,DERMASON
13094,37657,721.8,259.4043623895777,185.8873810239932,1.3954920498669858,0.6974914353385997,38146,218.96662196803425,0.6983346932720125,0.9871808315419703,0.9082843409949838,0.8441131056970683,0.006888609352565997,0.002157316635424777,0.7125269352095501,0.9943256734010162,DERMASON
13095,37660,721.0069999999998,271.84752633584236,176.70239184814164,1.5384484810452856,0.7599294889151349,38035,218.97534394247728,0.7168417846809807,0.9901406599184961,0.9103559129802643,0.8055079510709013,0.00721846856972497,0.0018745807766868926,0.6488430592384418,0.9982116189221568,DERMASON
13096,37665,719.448,261.56581154121784,183.68826239357867,1.4239658437226395,0.711916585192705,38057,218.98987979459213,0.757664145477953,0.9896996610347636,0.9144269487911736,0.837226694514254,0.006944532365358233,0.0021047234389815483,0.700948538007264,0.9981267763296643,DERMASON
13097,37670,714.858,266.01176827092235,180.72834970219586,1.4718873309542,0.7337682694412115,38024,219.0044146819273,0.7971474521753852,0.9906900904691773,0.9263304083663878,0.8232884436108108,0.007061634411227033,0.0020012118686862797,0.6778038613831111,0.9976509164416382,DERMASON
13098,37671,721.516,276.4940779416352,173.76959747873428,1.5911533545186018,0.7778298380179511,38013,219.0073215436377,0.7765775423117359,0.9910030778944046,0.9093374565626626,0.7920868438631357,0.007339706350817213,0.0017821721284660508,0.6274015682210635,0.9982921099051767,DERMASON
13099,37679,719.7729999999999,258.0769546682703,186.91773035463365,1.3806980973855625,0.6895151123704532,38070,219.0305750484991,0.7231776131434494,0.9897294457578145,0.9139409342140294,0.8487025714095199,0.006849357856319708,0.0021920562384364502,0.7202960547171313,0.9945113923022703,DERMASON
13100,37680,720.6329999999999,267.31887030425275,180.30575669957665,1.4825864420383223,0.7382776542123936,38077,219.0334815630271,0.7248384118190212,0.9895737584368517,0.9117850484172091,0.8193715666751511,0.00709444984883898,0.0019725228496684888,0.6713697642756915,0.9953637101096048,DERMASON
13101,37680,733.6239999999999,274.2649467717327,175.43075891284258,1.563380039346423,0.7686748366885984,38141,219.0334815630271,0.7438995498696991,0.987913269185391,0.8797792142318761,0.7986200356304589,0.0072787937041330335,0.0018264171624384764,0.6377939613103956,0.9971143483283571,DERMASON
13102,37690,744.443,288.00763289836516,167.445095417773,1.7200123549739719,0.8136241788353412,38265,219.06254458731252,0.672459320582358,0.9849732131190383,0.8546200948885515,0.7606136767375793,0.007641486678120593,0.0015776626503664823,0.5785331652402588,0.9950841919754434,DERMASON
13103,37700,737.7579999999999,288.65663731036983,166.69395848799203,1.7316562635421697,0.8164035489241142,38096,219.09160375631842,0.7873851294903926,0.989605207895842,0.8704089722981304,0.759004212748264,0.007656674729718033,0.0015674608634724065,0.5760873949696119,0.9975853458468203,DERMASON
13104,37703,716.648,262.6860861569447,183.03989513599907,1.4351302264556498,0.7172646221610683,38034,219.10032075547,0.7285603864734299,0.9912972603460062,0.9225161666757338,0.8340766119777127,0.006967246271037974,0.0020800065302873844,0.6956837946482199,0.9983968417550255,DERMASON
13105,37713,717.2189999999999,252.76454596366324,190.92371285999914,1.3239033652619716,0.6553306438442997,38160,219.12937491490544,0.7158204422511151,0.9882861635220126,0.9212921550103622,0.8669308192708597,0.006702318722023261,0.0023352996191549815,0.751569045401644,0.9950047884339641,DERMASON
13106,37730,721.4699999999999,274.90981511047977,175.01949288111427,1.5707382679780597,0.7711584169252441,38035,219.17875814699218,0.7154641130179198,0.9919810700670435,0.9108777948453245,0.79727512842315,0.007286239467545183,0.0018160009357438094,0.6356476304021503,0.9984360580222313,DERMASON
13107,37733,731.473,270.6278272356995,177.80265694298475,1.5220685218583692,0.7538900138504109,38174,219.1874716800481,0.7236862293824319,0.9884476345156389,0.8862058229432079,0.8099221499833048,0.007172178921254591,0.0019037239922668693,0.6559738890335789,0.9984372076590252,DERMASON
13108,37753,720.089,271.4327861246093,177.65672640329362,1.5278497562115225,0.7560493465622482,38184,219.24555305042472,0.703625011648495,0.9887125497590614,0.9149323395603484,0.8077342320384742,0.007189701113146222,0.0018878372643564643,0.6524345896067837,0.9968220286746893,DERMASON
13109,37756,721.4509999999999,267.3252143018464,180.59200411370423,1.4802715968173943,0.7373126167842754,38179,219.2542639289389,0.7226720260311992,0.9889206108069881,0.9115534980500251,0.8201780161349506,0.007080337278892001,0.0019763606869327493,0.6726919781510633,0.9957668286639262,DERMASON
13110,37767,719.5830000000001,271.5429407026063,177.63288937761106,1.5286749072991868,0.7563550510944391,38093,219.28620085635322,0.7211020735479436,0.9914419972173365,0.9165592884538105,0.8075562571759705,0.007189952622729004,0.00188623994407206,0.6521471085040621,0.9969209206378798,DERMASON
13111,37783,725.0969999999999,276.5671888415786,174.20249244959888,1.587619011373195,0.7766972989969998,38182,219.33264626755556,0.7703584390164335,0.9895500497616678,0.9030547591412458,0.7930537501076899,0.007319884308857915,0.001786053534970924,0.6289342505598702,0.9985079730926023,DERMASON
13112,37790,710.5459999999999,258.72225942121713,186.66468925686752,1.3860267865937508,0.6924282126489136,38210,219.35296304253973,0.727178263546798,0.9890081130594085,0.9405943334889352,0.8478318159915975,0.006846315412045968,0.0021821043049670362,0.71881878820761,0.9963020951626077,DERMASON
13113,37800,726.658,280.3828687194684,172.40635305034073,1.6262908167751784,0.7886080750229723,38201,219.38198374294356,0.8169793377712458,0.9895028925944347,0.8995836333636794,0.7824371893506873,0.007417536209509745,0.0017148943724322842,0.6122079552790033,0.9956281756269519,DERMASON
13114,37804,723.857,262.07894110527104,184.8432281194007,1.4178444283389133,0.7089129398548324,38421,219.3935909482501,0.732295056562839,0.983941073891882,0.9066550009465563,0.8371278898754585,0.006932571714772803,0.0021001067865511775,0.7007831040073378,0.9936014194908531,DERMASON
13115,37807,728.09,272.090141569877,177.37564977456137,1.5339768559872489,0.7583046720024913,38253,219.40229594925003,0.7793972128308733,0.9883407837293807,0.8962144642373098,0.8063588584406837,0.00719681914909612,0.001876868292437926,0.6502146085857625,0.9974141609953676,DERMASON
13116,37808,736.2669999999999,281.54605675304316,173.21036693430332,1.6254573079902908,0.7883621198049441,38822,219.40519753950002,0.76352033603942,0.9738807892432126,0.8764414269104603,0.7792870554459596,0.007446732351699195,0.001694085623453553,0.6072883147856342,0.9871212293254172,DERMASON
13117,37809,721.444,263.6899885652312,182.79690359571092,1.4425298425646764,0.7207197353695796,38242,219.40809909137758,0.7191304017041996,0.9886773704304168,0.9128508057269137,0.832068370457306,0.006974265084113074,0.0020621215785030077,0.6923377731154767,0.9987178988538472,DERMASON
13118,37809,730.2319999999999,267.8432046252261,180.36826215328034,1.4849796822769625,0.7392693177228475,38291,219.40809909137758,0.7910991149331492,0.9874121856310882,0.891011550324966,0.8191661961272442,0.007084112370737817,0.001967674663494605,0.6710332568775786,0.9964707525953422,DERMASON
13119,37810,729.0949999999999,272.79639014140923,177.0330488083395,1.5409348253203592,0.760825330787273,38256,219.4110006048842,0.6978847502676363,0.9883416980342953,0.8938163641074647,0.8043031672492011,0.007214927007178239,0.001862476578853421,0.6469035848470965,0.996836262515475,DERMASON
13120,37822,717.819,265.52662327076865,182.4093717805411,1.4556632736514596,0.7266838285467887,38344,219.4458157745855,0.7422627808850947,0.9863863968287085,0.9224109615161672,0.8264550389390045,0.007020427879825727,0.002020320509683868,0.6830279313876717,0.9942586745991626,DERMASON
13121,37823,729.761,279.40384717087284,172.53264297465844,1.6194259958790036,0.7865687244126721,38230,219.44871678940856,0.7730338456507522,0.9893539105414596,0.8924924208522793,0.785417663398178,0.007387141347087033,0.001734038867022687,0.6168809059778537,0.9989929755019278,DERMASON
13122,37831,727.1729999999999,278.5629800891167,173.68998449144905,1.603794144519776,0.7818062679786638,38216,219.47192352753447,0.7614016020609428,0.9899256855767218,0.8990465836851024,0.7878718250979435,0.00736335227958861,0.0017501594670891456,0.6207420127831644,0.9955424053590592,DERMASON
13123,37832,720.4759999999999,263.0344963982221,183.38498046254276,1.4343295494253856,0.7168865435871482,38289,219.47482419726566,0.7251677209124018,0.9880644571547964,0.9158621855585968,0.8343955914626153,0.006952698678320524,0.002078840523249496,0.6962160030522477,0.9986031859606732,DERMASON
13124,37833,730.074,274.34120636374155,176.0699070847386,1.5581379629609684,0.7668790150768336,38257,219.47772482866094,0.7770497863950049,0.9889170609300258,0.8919630828995765,0.8000173497001445,0.007251373308057557,0.0018323045004785114,0.6400277598212434,0.997251549926344,DERMASON
13125,37835,718.2819999999999,263.8910757169455,183.00812804932465,1.4419636905188231,0.7204578405594929,38255,219.48352597644973,0.793918918918919,0.9890210430009149,0.9215388224807862,0.8317201534009883,0.006974787252991821,0.002058825923003216,0.6917584135733633,0.9974905149836933,DERMASON
13126,37850,715.587,262.8699966867761,183.8840090732841,1.4295424491316882,0.7146085932608096,38209,219.52702969845402,0.7708129683936136,0.9906043078855767,0.928861288556823,0.8351163406451152,0.006945046147603068,0.0020837366231847817,0.6974193024124881,0.9969904976424615,DERMASON
13127,37859,726.206,275.8760040365972,175.14962695107673,1.5750875913293017,0.7726063822819635,38271,219.55312779400006,0.7430180754813259,0.9892346685479867,0.90210966725919,0.7958398866937139,0.007286933200470091,0.0018031313244438382,0.6333611252526635,0.9975992492158338,DERMASON
13128,37866,730.356,273.96331213594306,176.596200233038,1.5513545125796508,0.7645217013108,38306,219.57342416818494,0.7821614475749814,0.988513548791312,0.8920518366778217,0.8014701766316457,0.00723507400137176,0.0018415020487888584,0.6423544440299613,0.9965194654214733,DERMASON
13129,37867,719.536,269.92034262463454,179.06672402586938,1.507372986762408,0.7482598003649945,38243,219.57632349706194,0.7111975058222523,0.9901681353450305,0.9191062272199534,0.8134856430677266,0.00712811531477631,0.0019255466739718707,0.6617588914773129,0.9975174767627374,DERMASON
13130,37869,734.2999999999998,276.443407149039,174.90657742568564,1.580520362457463,0.7743945336103646,38320,219.58212203996905,0.7470999053030303,0.9882306889352819,0.8825648861237352,0.7943112997503525,0.007299992266736354,0.0017925246061518839,0.6309304409110945,0.9971984091542503,DERMASON
13131,37873,728.8919999999999,270.9068349509255,178.88821206885967,1.514391763536912,0.7509745801959283,38252,219.5937186664382,0.7361127308066083,0.990092021332218,0.895804427541986,0.8105875907716297,0.007153033426211958,0.001904889643933316,0.657052242312955,0.9950345039721985,DERMASON
13132,37876,716.1159999999999,255.10525185472753,189.45507155280254,1.3465211026754056,0.6696747310201423,38246,219.60241573441084,0.7483009325114588,0.99032578570308,0.9281265954861883,0.8608306341708161,0.006735274365158082,0.002281423492519499,0.7410293807269295,0.997811698851298,DERMASON
13133,37885,720.469,269.5969499401793,179.1802581310159,1.5046130235120605,0.7471791219423468,38301,219.62850487195792,0.7205485183917227,0.9891386647868202,0.9171630666207926,0.814655006003188,0.0071161924228633835,0.0019334029101782475,0.6636627788060542,0.9985556602117929,DERMASON
13134,37888,736.433,265.43375085042,182.38384385377435,1.4553578060523311,0.7265474913552393,38477,219.6372005624863,0.7669635627530365,0.9846921537541908,0.8779000266438374,0.827465233259875,0.007005747224726034,0.002025971110914951,0.6846987122538194,0.996481615672575,DERMASON
13135,37891,718.675,264.23262305028544,183.10338612973288,1.4430788454292738,0.7209733121654189,38300,219.64589590875593,0.7087729143284699,0.9893211488250653,0.9218937184874576,0.8312595673205563,0.006973492994386146,0.0020538880068231816,0.6909924682619585,0.9971566132997913,DERMASON
13136,37892,714.794,266.5233763649872,181.33392889673553,1.4697932040989672,0.7328708124705897,38274,219.6487942810176,0.7395003903200624,0.9900193342739196,0.9319564017558318,0.824125813190293,0.00703376375923644,0.002001435550087564,0.6791833559665618,0.9982590809367821,DERMASON
13137,37894,719.2159999999999,267.54467544991746,180.90728508319782,1.478904928161825,0.7367401401635085,38235,219.65459091080763,0.8155561294765841,0.9910814698574605,0.9205802092078798,0.8210015412993165,0.007060343997728333,0.001978707108494862,0.6740435308158533,0.9968462995191623,DERMASON
13138,37900,730.158,264.005898968156,183.16730255478717,1.4413374837421606,0.7201676945166184,38413,219.67197988242074,0.7897807785279654,0.9866451461744722,0.8933371157385743,0.8320722405862502,0.0069658548540410545,0.00205967319627932,0.6923442135542226,0.9979016666476884,DERMASON
13139,37904,723.594,261.49804983503645,185.3386629150716,1.410920127091149,0.7054523578584782,38347,219.68357176548636,0.7090160867938645,0.9884475969436983,0.9097142408248822,0.8400964057057849,0.00689895657015187,0.0021197257726182635,0.705761970879779,0.9957737696497976,DERMASON
13140,37912,723.057,275.39419820271985,175.77700970117655,1.566724787677831,0.7698091024075103,38295,219.7067536968299,0.7235390663765793,0.9899986943465204,0.9112582849632286,0.797790059233935,0.00726403772427516,0.0018151492301727039,0.6364689786124856,0.9971717253801725,DERMASON
13141,37913,720.7479999999999,268.8042971328562,180.3815582080307,1.4901983318208685,0.7414106335351605,38329,219.709651266266,0.7484995656637448,0.989146599180777,0.917130471432567,0.8173591479368157,0.00709002972945576,0.0019519987244227932,0.6680759767159974,0.9955657060317767,DERMASON
13142,37935,731.16,269.6356552157783,179.6789934980407,1.5006520793913425,0.7456149952514267,38454,219.7733881286094,0.7222962680883473,0.9865033546575128,0.8917130122146729,0.8150753948053859,0.007107833273119238,0.0019351210042475653,0.6643478992171559,0.9969550563994948,DERMASON
13143,37937,728.1639999999999,276.9207116363864,175.14019506583537,1.581137394144683,0.7745962002648236,38320,219.7791814722629,0.7945254251486973,0.9900052192066806,0.8991133391476285,0.7936538230511492,0.007299488932608967,0.0017864738668131085,0.6298863908437048,0.9959369266258146,DERMASON
13144,37943,725.296,272.41957675152065,177.73576464595027,1.5327223380965591,0.7578456418757016,38424,219.7965605870262,0.7779030670821716,0.9874817822194462,0.9063813591966776,0.8068310038801177,0.007179705788986655,0.0018767945095760244,0.6509762688221986,0.9977658687945345,DERMASON
13145,37946,738.4760000000001,264.9601145629443,182.58826274965196,1.4511344298523337,0.7246510157510504,38540,219.80524962912165,0.7592236894757903,0.9845874416190971,0.8743857983214629,0.8295786329640359,0.006982557175010391,0.0020399733492568834,0.6882007082704785,0.998671742420053,DERMASON
13146,37951,720.3580000000001,266.81877337360885,181.3799543493641,1.4710488506336106,0.7334095229606189,38373,219.81973060270127,0.7825755232498196,0.98900268417898,0.9190440351392557,0.8238540632780067,0.007030612457474344,0.001997901505203552,0.6787355175796819,0.9984531030197997,DERMASON
13147,37956,726.39,273.35068603956915,177.0641276437482,1.5437948368036964,0.7618491660977987,38324,219.83421062238662,0.7056592548523835,0.9903976620394531,0.903962862009211,0.8042204459313641,0.007201778007154842,0.001858317571278218,0.6467705256540421,0.998480998101523,DERMASON
13148,37962,711.351,261.39866418123603,185.42765607874546,1.4097069968366962,0.7048390455439609,38338,219.85158538713392,0.8087862453927606,0.9901924983045542,0.9427380935575266,0.8410585649921447,0.006885798013308994,0.0021253917632677935,0.7073795097466459,0.9971978443087587,DERMASON
13149,37963,731.1959999999999,255.43221036637502,190.193673104519,1.3430110802161375,0.6675159540390722,38538,219.85448104776253,0.7014597191426459,0.9850796616326742,0.8922833211718536,0.8607155719805966,0.006728451659941918,0.0022778941556089905,0.7408312958498856,0.9949446388972757,DERMASON
13150,37963,713.866,259.900490998765,186.34868355544143,1.3946999036429515,0.6970730421895471,38363,219.85448104776253,0.789054705686731,0.9895732867606809,0.9361317890172283,0.8459179134402145,0.006846152595916155,0.002162415895156873,0.7155771162790463,0.998015335123487,DERMASON
13151,37968,724.161,269.7300926496259,179.521050127292,1.5024984115142477,0.7463460356371413,38324,219.8689587788705,0.7741619770002447,0.9907107817555578,0.9098238577999064,0.8151443415862241,0.0071041427689008075,0.0019347707638954247,0.6644602976200389,0.9983505416883925,DERMASON
13152,37968,721.739,267.35350895355157,181.27760357155148,1.474829232547888,0.7350207600466041,38430,219.8689587788705,0.7858917039244908,0.9879781420765027,0.9159404477999294,0.822390398538099,0.007041548381625357,0.00198682701003688,0.6763259676076534,0.9974653077590033,DERMASON
13153,37971,728.233,271.2409869663792,178.91833419599305,1.5160044284184584,0.7515916474484939,38429,219.87764495996143,0.731055063534848,0.9880819173020375,0.8997486185093275,0.8106357649672454,0.007143372230554349,0.0019027690859923366,0.6571303434440314,0.9962125107092941,DERMASON
13154,37973,719.14,263.90024999443295,183.87367485026684,1.4352258430106097,0.7173097165694943,38333,219.88343555672478,0.8093137254901961,0.9906086139879478,0.9226943936175604,0.8332066209159077,0.006949681352393358,0.0020661198225601115,0.6942332731381051,0.9963815346856517,DERMASON
13155,37982,720.626,270.6916541067369,179.0020612408649,1.5122264639315781,0.750142143856533,38363,219.90949135526404,0.7094665271966527,0.9900685556395485,0.9191107355626656,0.8123984911206429,0.007126840453550021,0.0019149314490933158,0.6599913083750973,0.9980563224896492,DERMASON
13156,37997,733.425,274.27862527562723,177.13799717493978,1.548389558705196,0.7634792937141034,38526,219.9529108270722,0.7718731590387389,0.9862690131339874,0.8876622561249752,0.8019323802794979,0.00721842843581407,0.0018415071808567443,0.6430955425407412,0.9957624233199368,DERMASON
13157,38009,723.162,267.3713373657601,181.33345834183967,1.4744732704635601,0.7348697239337311,38426,219.98764023426133,0.7624979939014604,0.9891479727267996,0.9133245115889888,0.8227794437566113,0.007034421778151493,0.001988574648968836,0.6769660130684386,0.9981682912816978,DERMASON
13158,38011,702.968,251.64827488032947,192.61230628264906,1.3065015405144884,0.6435514589402777,38284,219.99342793576417,0.7653478304641095,0.9928690836903145,0.9666027972490567,0.8742099584842429,0.006620406589680079,0.002385214400269697,0.7642430515130219,0.9984847241292565,DERMASON
13159,38016,727.6940000000001,280.5845031993253,172.90709042535528,1.6227472367332143,0.7875592656867219,38416,220.00789652340197,0.7286806846715608,0.9895876718034152,0.902149878203696,0.7841056580630538,0.007380695054696057,0.0017209782263249028,0.6148216830064945,0.9977001871824533,DERMASON
13160,38024,765.0519999999999,257.13666486528086,189.05199944347817,1.3601372406651446,0.6778286376071243,38711,220.03104428468686,0.7295751947503741,0.9822531063521996,0.816367591656787,0.8556968894341287,0.006762483296478036,0.002236483926347111,0.7322171665872436,0.995915836529624,DERMASON
13161,38028,719.218,264.60851951551314,183.31789672828046,1.4434407345820914,0.7211402568422011,38448,220.04261725217862,0.7383504193849021,0.9890761548064919,0.9238304084195545,0.8315779766088681,0.006958254957281822,0.002052541829314356,0.6915219311808992,0.9981709243233837,DERMASON
13162,38035,727.098,272.1665379500891,178.53780620039032,1.5244196382956008,0.7547718831665768,38448,220.06286848080916,0.7499753524598245,0.9892582188930503,0.9040810879099878,0.8085596052265804,0.0071556865505478925,0.0018865974092317267,0.6537686352041637,0.9966177464069397,DERMASON
13163,38036,721.443,272.49537784938207,178.16299059357806,1.5294724058095388,0.7566499236547612,38409,220.06576136134092,0.7812191915872494,0.9902887344112057,0.9183339813680303,0.8075944740720671,0.0071641439123299525,0.0018798249895147251,0.6522088345517386,0.9975354152720832,DERMASON
13164,38038,726.6139999999999,271.87804406641703,178.5970836429091,1.5222983406045751,0.7539764412807364,38465,220.07154700832209,0.7116823828768148,0.9888989990900819,0.9053573160524138,0.8094495006539066,0.007147537832336533,0.0018927587539573224,0.6552084941088587,0.9974228033319383,DERMASON
13165,38065,721.784,269.2781625296038,180.28455431569623,1.4936285781757592,0.7428026015724314,38399,220.14963836069313,0.7264312977099237,0.991301856819188,0.9181659790808259,0.8175547407654731,0.007074166886368154,0.0019494963601916942,0.6683957541480999,0.9983349999269407,DERMASON
13166,38068,714.916,260.5214188615691,186.52639566644282,1.3967000109059546,0.6981276011472592,38437,220.15831346778202,0.7890395058657712,0.9903998751203268,0.935965608356648,0.8450679964428013,0.00684358040510584,0.0021529292406647863,0.7141399186118507,0.9974392321135492,DERMASON
13167,38071,717.993,264.2306152597315,183.77171314379498,1.4378198403852296,0.7185285857437227,38445,220.1669882330509,0.7970814228586982,0.990271816881259,0.9280336593604531,0.833237995591967,0.00694046952430279,0.002063691979974806,0.694285557298119,0.9982575491761516,DERMASON
13168,38081,729.649,280.6891019525044,173.01868495612078,1.6223051401858124,0.7874278355414808,38363,220.1959016490991,0.6897232485691517,0.99264916716628,0.8988562140756098,0.7844832596541585,0.007370843779115685,0.0017219942275375215,0.6154139846776141,0.9983892706847259,DERMASON
13169,38083,723.95,270.1789993410575,179.87884971327105,1.5020053762392072,0.7461511561138753,38481,220.20168387673425,0.7223360267061188,0.9896572334398794,0.9131116249227467,0.8150214650797677,0.007094477833706837,0.0019309738221354447,0.664259988540771,0.9977220740088321,DERMASON
13170,38085,738.65,282.2942538908439,172.19164588863543,1.6394189882673929,0.7924228167036458,38558,220.2074659525391,0.7722019464720195,0.9877327662223144,0.8771753516222278,0.7800635787566821,0.007412216197737794,0.0016929644767300321,0.6084991869026825,0.9975851213535267,DERMASON
13171,38091,728.862,269.7197032262548,180.74467415788473,1.4922691608088452,0.742252420504503,38589,220.22481126909173,0.7409258899046878,0.9870947679390499,0.9010349177836185,0.8164950822460152,0.007080929963147589,0.0019412629007190822,0.6666642193319273,0.9948424551237391,DERMASON
13172,38091,755.186,271.07768278600906,179.75698436837865,1.508023088718965,0.748513262122413,38716,220.22481126909173,0.7063175656882197,0.9838568033887798,0.8393138272060785,0.8124048022165624,0.0071165808927570575,0.001912234197329221,0.660001562664532,0.9952975950887111,DERMASON
13173,38098,719.528,265.77771870603624,183.22094358912864,1.450585907373343,0.7244031233743669,38399,220.24504574523402,0.7074049316696376,0.9921612541993281,0.9247336122522729,0.8286813763678825,0.006976159344480977,0.002029301000154654,0.6867128235389681,0.9961359442381843,DERMASON
13174,38104,734.8489999999999,282.8693843645645,172.1419268826146,1.643233519498455,0.7935107508380499,38471,220.26238810243714,0.7028183562048104,0.9904603467546983,0.8867153313409106,0.7786717130849378,0.007423613908370892,0.0016834984959345314,0.6063296367586316,0.996341182987106,DERMASON
13175,38110,722.79,275.24211495545654,176.49783475566932,1.55946454151396,0.7673355823480141,38462,220.2797290942974,0.7516468778351939,0.9908481098226821,0.9166943236080555,0.8003125870833615,0.0072223068736671885,0.0018276552987228987,0.640500237044063,0.9988374085015024,DERMASON
13176,38122,726.96,269.1021402160875,180.63843024852034,1.4897280708532497,0.7412188507194422,38592,220.31440698327896,0.7141224734466028,0.9878213101160862,0.9064931172176147,0.8187018015032053,0.0070589722526648,0.0019562493997247964,0.6702726397845936,0.9985239666120178,DERMASON
13177,38128,722.3209999999999,267.02058078300513,182.49544313307948,1.463163003956697,0.729996530443638,38567,220.3317438810447,0.7359055026924785,0.988617211605777,0.9183186543685719,0.8251489201130072,0.0070032674355593036,0.0020026719566880523,0.6808707403636621,0.9962248777767162,DERMASON
13178,38130,732.24,279.29292374067666,174.06125842041223,1.6045668420143047,0.7820456459769369,38529,220.33752254382762,0.8032103134479271,0.9896441641361052,0.8936547551364563,0.7889119408854444,0.007324755408882157,0.001750197294027507,0.622382050471639,0.9986536012516652,DERMASON
13179,38132,748.715,287.9889973747233,169.46188358957923,1.699432292822884,0.8085468563148771,38617,220.34330105506095,0.8106292517006802,0.9874407644301733,0.8548036744462966,0.7651101363721766,0.007552423092801932,0.0015964741718473034,0.5853935207794507,0.9948366532218825,DERMASON
13180,38137,731.632,275.40132629005046,176.7358042385204,1.5582656127695118,0.766923010729311,38565,220.35774667019288,0.6997357895123115,0.9889018540127058,0.8953049923655519,0.8001332079211335,0.007221368390016269,0.0018257799963960664,0.640213150418164,0.9976221371394599,DERMASON
13181,38145,727.902,276.8498473316542,175.98720193581798,1.573124887982596,0.7719547872527996,38591,220.38085768487875,0.7408234608661876,0.988442901194579,0.9046938914345177,0.7960302662579112,0.007257827954690109,0.0017976484067025555,0.633664184798641,0.9968328997299454,DERMASON
13182,38148,717.9,260.3562770798658,187.07931143464276,1.3916893059060822,0.6954740789151115,38554,220.3895236905715,0.8150411280846064,0.9894693157649012,0.9301515868571212,0.8464920691079239,0.006824899787141286,0.0021615615952495187,0.7165488230626142,0.9972133342158298,DERMASON
13183,38150,721.875,270.583098314341,179.92317854265104,1.503881270362278,0.7468913383835176,38585,220.39530083839458,0.7354075102166705,0.9887261889335234,0.919984272919004,0.8145198359077018,0.0070926107028660805,0.0019257173630371392,0.6634425630871097,0.9977388445878481,DERMASON
13184,38157,723.2939999999999,265.88676510996856,183.47637399798757,1.4491607792122865,0.7237573543028505,38537,220.41551966333859,0.7716747224300766,0.9901393466019669,0.9165461998910207,0.8289826670093058,0.00696823034069682,0.0020299440191177544,0.6872122622018617,0.995881057376688,DERMASON
13185,38162,713.931,266.6876881472295,182.64151982323867,1.460170110308604,0.7286824633787081,38435,220.42996054571003,0.8217484926787252,0.9928970989983088,0.9408675950214924,0.8265471948746952,0.0069883048096858,0.002011973366326364,0.6831802653552274,0.9975594034244035,DERMASON
13186,38169,739.5450000000001,271.3065484734746,179.94088797584064,1.5077537491640087,0.748408302205347,38680,220.45017619180175,0.7172332149501099,0.9867890382626681,0.8769835265316417,0.8125501482812715,0.0071080339666607616,0.0019113048101720132,0.660237743471916,0.9954759330593663,DERMASON
13187,38179,717.1560000000001,252.90012077417416,192.60700691043607,1.3130369701024165,0.6480554219650381,38587,220.4790524708499,0.8082606486578033,0.9894264907870526,0.9328399575835201,0.871802875364087,0.006624063510677968,0.002360355611433784,0.7600402534930898,0.9979609516024391,DERMASON
13188,38180,724.5219999999999,262.1790258882598,186.38582319096835,1.406646822165411,0.7032824870648018,38554,220.4819398907505,0.7029754013845927,0.9902993204336774,0.9139925030724372,0.8409594899659117,0.006866920531384489,0.002118566435469973,0.7072128637637263,0.9947987274077452,DERMASON
13189,38184,727.835,279.5911209340592,174.71653762270736,1.6002556182622154,0.7807046712428269,38675,220.49348919223772,0.7459560834570602,0.9873044602456367,0.9057856026065838,0.7886283672228651,0.0073222061841100765,0.0017470739798494238,0.6219347015886023,0.9952545004093952,DERMASON
13190,38193,723.468,273.1959578962234,178.40524163693934,1.5313224846396964,0.7573317711137482,38538,220.5194729090156,0.7772283272283272,0.9910477969796045,0.9169696974272489,0.8071842446248142,0.0071530374125159946,0.0018731000034391803,0.6515464047705319,0.9977276594112724,DERMASON
13191,38207,724.552,272.4285900810294,179.15757423863667,1.5206088340878985,0.7533399248857743,38584,220.55988593961587,0.7377008032128514,0.9902291105121294,0.9145631176362644,0.8096062380017235,0.007130331878478536,0.0018896653082825802,0.6554622606113033,0.9967017038967723,DERMASON
13192,38212,750.195,270.0110103195557,180.4308841539556,1.4964788959808255,0.7439500018598235,38941,220.57431737040474,0.7471307068139603,0.9812793713566678,0.853220541269085,0.8169086035023422,0.0070661313283668925,0.0019411332441307907,0.6673396664761471,0.9986597273324368,DERMASON
13193,38212,730.699,282.3903054277132,173.00375777022393,1.6322784491350282,0.7903616460819257,38707,220.57431737040474,0.6893739852065668,0.98721161547007,0.8993580102549895,0.7810973433961166,0.007390094876680446,0.001696877220885591,0.6101130598604708,0.995874399146076,DERMASON
13194,38213,721.742,267.50251234982767,182.4661770088227,1.4660388940844267,0.7312494461712186,38610,220.57720354326003,0.7130355276907001,0.9897176897176897,0.9218431669502078,0.8245799323738655,0.007000301267888615,0.0019963079609826846,0.6799320648736887,0.9968068524399633,DERMASON
13195,38218,715.9139999999999,259.6574493207877,187.96579163357063,1.3814080054895104,0.6899058671283155,38594,220.5916338411057,0.7247041868932039,0.9902575529875111,0.9370356399269525,0.849548643484443,0.0067941140122661494,0.002183059618576898,0.7217328976462573,0.9970076026336813,DERMASON
13196,38220,725.7259999999999,266.28104643578604,183.0912793088874,1.4543622582184914,0.7261023810600372,38642,220.59740569593723,0.7433339167979462,0.9890792402049583,0.9119167267408267,0.8284382559279694,0.006967060346305234,0.0020242768933937346,0.6863099438849757,0.9981432798263594,DERMASON
13197,38231,727.312,274.49470044845833,177.91607409501523,1.5428324947293168,0.761505453116511,38635,220.6291481984418,0.778001628001628,0.9895431603468358,0.9082052660245901,0.8037646914056513,0.007179898523409231,0.0018484757842731647,0.646037679150422,0.9967279242127836,DERMASON
13198,38233,722.709,274.16961635460524,177.85089168941187,1.541570097007996,0.7610533587713794,38609,220.63491907189004,0.7452826510721248,0.990261338029993,0.9198591117776388,0.8047387672108985,0.007171020227411012,0.001855155865460299,0.6476044834521169,0.9983277063780931,DERMASON
13199,38246,745.217,297.3985416400142,164.88188467057805,1.8037065881081764,0.8322410888237709,38653,220.67242607072828,0.8163326289727006,0.9894704162678188,0.8654268749933844,0.7420091062108873,0.007775938441667473,0.001454017110114967,0.55057751369988,0.993080288724693,DERMASON
13200,38250,742.2090000000001,285.076632076235,171.65162154544512,1.6607861289603976,0.7984022164262623,38800,220.6839654032888,0.7218070652173914,0.9858247422680413,0.8725470829412246,0.774121553899492,0.007452983845130327,0.0016509981302232208,0.5992641802117642,0.9952496380785218,DERMASON
13201,38261,734.029,271.88382611645665,179.52088408573022,1.5144969205177181,0.7510148928382503,38662,220.7156954571017,0.71393118375877,0.9896280585587915,0.8923592791658737,0.8118014911360046,0.007106030321122204,0.0019037336997574487,0.6590216610106405,0.9980862761550867,DERMASON
13202,38263,729.742,281.4322327506847,173.5070765826603,1.6220216390805704,0.7873434858546363,38640,220.72146406772842,0.6901695526695527,0.9902432712215321,0.9029219203304193,0.7842792629345383,0.0073552056229434365,0.0017165541543033103,0.6150939622691427,0.9976957168683572,DERMASON
13203,38273,734.3409999999999,269.8911913810028,181.1090883858819,1.4902134055578502,0.7414167771151203,38751,220.75030485969637,0.7693065326633166,0.987664834455885,0.8918808031596585,0.8179233406253164,0.007051738598515998,0.0019468225773061187,0.6689985911396771,0.9969506688156621,DERMASON
13204,38277,729.704,281.09151202046115,173.64155211573845,1.618803267970695,0.7863821807940157,38676,220.76184012149344,0.7767248376623377,0.9896835246664598,0.9033463670937024,0.7853735551624333,0.007343613972371428,0.0017234341618147298,0.6168116211484796,0.9984966680374612,DERMASON
13205,38290,719.8879999999999,270.4465104391525,180.50806587614184,1.4982516660763692,0.7446594467560609,38605,220.79932556035894,0.7599031515440184,0.9918404351767905,0.9284646256789777,0.8164251230375419,0.007063110745342192,0.0019357141286597836,0.6665499815268654,0.9986596203457991,DERMASON
13206,38306,726.9939999999999,259.0525364871254,188.89065792353725,1.371441760724819,0.6843436261797403,38777,220.8454527506173,0.7131474103585658,0.9878536245712665,0.9107832084778037,0.8525122191250695,0.006762714365559583,0.0022034502905201323,0.7267770837575505,0.9967324434029042,DERMASON
13207,38311,725.4389999999999,269.473123785918,181.8148408614922,1.482129415338567,0.7380875820408046,38713,220.85986552189337,0.730275823945407,0.9896158913026631,0.9148113676618649,0.8195988617304735,0.007033831635455039,0.0019578396416291533,0.6717422941498876,0.9956090136865605,DERMASON
13208,38315,724.757,271.65674908741295,179.8190264017298,1.5107230559713436,0.749561514610764,38694,220.87139506175933,0.7786019101808576,0.9902051997725746,0.9166295560279277,0.8130532217724801,0.007090088714274121,0.0019112052613844098,0.6610555414346095,0.9986718477228845,DERMASON
13209,38321,722.284,270.26140137719375,181.06962552346698,1.4925827597857784,0.7423795093578248,38658,220.8886882431877,0.809347807721551,0.9912825288426717,0.9230616515591108,0.8173149666122748,0.00705256651384864,0.001941264713976817,0.6680037546484239,0.9970508876604064,DERMASON
13210,38322,731.6139999999999,273.18692479784386,178.91597814396553,1.526900658240947,0.7556969554072116,38754,220.89157030846812,0.7684687575198524,0.9888527635856944,0.8996923250256725,0.8085729962073628,0.007128723051976511,0.0018796129922645588,0.653790290195752,0.9982728244514333,DERMASON
13211,38322,724.661,259.4917408797492,188.6240566564124,1.3757086210505252,0.6867453196309861,38765,220.89157030846812,0.7195133399673307,0.988572165613311,0.9170399434588007,0.8512470168013218,0.006771351726938814,0.002193196517386792,0.7246214836131496,0.996868022005032,DERMASON
13212,38325,720.4879999999999,263.1013581327989,186.15815298886744,1.4133217047363635,0.7066602892180011,38695,220.900216278697,0.8068421052631579,0.9904380410905802,0.9277661516652677,0.8396012010215427,0.00686500608304759,0.002104325382724899,0.7049301767568171,0.9962931191340507,DERMASON
13213,38343,729.7850000000001,279.4803126391825,175.24278176925702,1.594817828258259,0.7789944134595075,38680,220.9520849953228,0.8106342494714588,0.991287487073423,0.9047031205780096,0.7905819301146216,0.007288952680780912,0.0017564363984083438,0.6250197882237605,0.9967927012734545,DERMASON
13214,38345,717.637,263.6003886570185,185.71243678291174,1.4194008394017994,0.7096815314822433,38755,220.95784743445935,0.7784838395322398,0.9894207199071088,0.9356403917469001,0.8382303552744637,0.006874439657243931,0.0020934886146637363,0.7026301285035537,0.9973137941869382,DERMASON
13215,38348,738.386,264.4182971459972,185.17524105671524,1.4279354822873513,0.7138371308406876,38910,220.96649081139887,0.7413393133312712,0.985556412233359,0.8838644678372067,0.8356701983047465,0.006895230446072734,0.0020742839480976136,0.6983446803346943,0.9971911479165279,DERMASON
13216,38359,719.697,267.6689390162463,182.7290280416357,1.4648408185877104,0.7307286479836707,38693,220.99818030132306,0.7612725252044138,0.9913679476907968,0.9306315163948458,0.8256399906300277,0.006977995751094823,0.0020001996381713,0.6816813941275522,0.9985547313898153,DERMASON
13217,38374,742.7779999999999,272.25492533846824,180.28526682217452,1.5101340788263555,0.7493334506316939,38852,221.0413859205265,0.716440760240469,0.9876969010604345,0.8740350948284963,0.8118912289492177,0.007094775768449165,0.0019015591335070905,0.6591673676446712,0.995431105530479,DERMASON
13218,38375,734.5139999999999,281.38999937182655,174.22308798031804,1.61511314392278,0.7852714242637725,38760,221.04426599487232,0.6867394416607016,0.9900670794633643,0.8938365234754467,0.7855441433182782,0.007332638420112744,0.0017223539800888484,0.6170796011016476,0.9966533745858969,DERMASON
13219,38376,725.063,267.01812164568145,183.59685357958728,1.454371991892181,0.726106738741405,38757,221.047146031693,0.7775976657480953,0.9901695177645329,0.9173141277721872,0.8278357463880693,0.006957945633877461,0.002015753840598703,0.6853120229978918,0.996698611955104,DERMASON
13220,38404,734.438,279.9279238178563,175.91571344316608,1.591261623756504,0.7778643866132787,39072,221.12777183341126,0.6864721864721864,0.9829033579033579,0.8946971346753085,0.7899453860033443,0.007289030408755763,0.0017508050548762915,0.6240137128679726,0.9929690739846149,DERMASON
13221,38424,724.492,268.502816495134,182.83038322260475,1.4685896936955987,0.7323527991762605,38786,221.18534369822947,0.8178799489144317,0.990666735419997,0.919909807666796,0.8237728996121645,0.006987893412844421,0.0019849795492191745,0.6786017901354332,0.9965875951162807,DERMASON
13222,38424,724.092,268.0183559164045,183.1264126731716,1.4635701753997705,0.7301744993738566,38899,221.18534369822947,0.7084070796460177,0.9877888891745289,0.9209264341663137,0.8252619226095754,0.006975285132115462,0.0019957629556741903,0.6810572409092529,0.9967750655348389,DERMASON
13223,38441,740.082,290.24035824465153,168.96923113407476,1.7177113033931593,0.813067084550959,38777,221.23426800377104,0.7796572355744853,0.9913350697578461,0.8819518137038457,0.762245021132749,0.0075502811645027845,0.0015722488022006178,0.581017472241665,0.998020279538429,DERMASON
13224,38446,726.4870000000001,270.38517347683404,181.7328929349941,1.4878163722048428,0.7404368309619577,38865,221.24865544650902,0.751074470579042,0.9892190917277757,0.9153882448464531,0.8182721434075418,0.007032855784134475,0.0019449235779339328,0.6695693006767728,0.9961961678726496,DERMASON
13225,38450,729.3069999999999,273.6547004956211,179.56783185643545,1.5239628260055407,0.7546009395484857,38862,221.26016472710808,0.7755143202904397,0.9893983840255263,0.9084173999107602,0.8085377825645957,0.007117157360094177,0.0018762366158526125,0.6537333458344735,0.9962653171719618,DERMASON
13226,38464,736.67,289.174907284331,169.7010224676161,1.7040257217042638,0.809698857441345,38827,221.30044249547558,0.6892201834862385,0.9906508357586216,0.8906731119255926,0.7652823150311658,0.0075180664331408855,0.0015906426790043258,0.5856570216994605,0.997974629072593,DERMASON
13227,38467,726.952,274.3543310060793,178.9459394451567,1.5331687986704126,0.7580091635478831,38868,221.30907249213146,0.7128006522625356,0.9896830297416899,0.9147169147538945,0.8066541967118703,0.007132199833781665,0.0018627426402369124,0.6506909930728728,0.9976191281551942,DERMASON
13228,38471,726.154,266.09123901054386,184.47570318255566,1.4424188899674344,0.7206684418852051,38875,221.32057863087755,0.8067905377065683,0.9896077170418006,0.916823784480452,0.8317469581255462,0.006916670713278674,0.0020419342233881817,0.6918030023510991,0.9978697187274109,DERMASON
13229,38482,734.1659999999999,279.5266013819735,176.38428585695084,1.5847590958792777,0.7757740997344774,38847,221.3522174284652,0.6833226791675545,0.9906041650577908,0.8971787183281505,0.7918824767807594,0.007263827279818447,0.0017619281842427162,0.6270778570324299,0.9937673377566286,DERMASON
13230,38487,732.235,281.0956722862696,174.60861332393412,1.609861432006109,0.7836746766680093,38860,221.36659720522923,0.7413892741562644,0.9904014410705095,0.9020341011374124,0.787513359436527,0.007303652461513487,0.0017328125388736259,0.6201772912910047,0.9983995022554067,DERMASON
13231,38496,725.915,272.3135631625157,180.62848121298913,1.5075892867715341,0.7483441773461822,38911,221.3924784497541,0.7925390649126057,0.9893346354501298,0.9180237746205722,0.813005697838223,0.00707381450442944,0.0019063725990206197,0.6609782647174158,0.9964837506768152,DERMASON
13232,38498,726.5459999999999,264.5539977154331,185.93829430388965,1.422805338221815,0.7113510976270683,38858,221.39822942655684,0.7338403766607575,0.9907354984816511,0.9164774846075722,0.8368734978055532,0.0068718893894600536,0.0020791948096274397,0.7003572513293012,0.996472035853687,DERMASON
13233,38498,728.322,269.52658813607457,182.63797590957265,1.475742308212625,0.7354075405138014,38954,221.39822942655684,0.7616277919560014,0.9882938850952405,0.9120133066806055,0.821433725546886,0.007001054292069057,0.0019662255128446255,0.6747533654658368,0.995762089026791,DERMASON
13234,38498,796.404,267.15785513396975,183.90242751548604,1.4527152182995133,0.7253633753849444,39580,221.39822942655684,0.7422016579911317,0.9726629610914603,0.7627481569472501,0.8287168996604417,0.006939525563249253,0.0020189907252110657,0.6867716997828146,0.9976836997719194,DERMASON
13235,38507,722.0629999999999,268.69133666785257,182.6140138067408,1.4713620880827187,0.7335436349007947,38904,221.42410697373697,0.7483481032338308,0.9897953937898417,0.9281098164479229,0.8240835365952055,0.006977727079955659,0.0019850831065984327,0.6791136752872614,0.9992221153161943,DERMASON
13236,38518,727.866,267.05066565873096,184.38577368985094,1.448325759165823,0.7233778265193005,38914,221.45573098050318,0.7806014915693904,0.989823713830498,0.9136307887410539,0.8292648529230988,0.006933139458402071,0.0020224730084139656,0.6876801962935688,0.995984942360185,DERMASON
13237,38542,744.351,276.7167367723605,177.59136280251673,1.5581655121373899,0.7668885112763923,39034,221.5247131432126,0.695478003536757,0.9873956038325562,0.8741552270071504,0.8005468542564114,0.007179615400663185,0.001818980169555983,0.640875265859836,0.9985897368446772,DERMASON
13238,38542,724.663,273.72875569174784,179.6665852403598,1.5235373640877667,0.7544415543456995,38922,221.5247131432126,0.7070629242340855,0.9902368840244592,0.9222994208532855,0.809285500836005,0.007102090075547398,0.0018791998860388044,0.6549430218633836,0.9978301651574161,DERMASON
13239,38544,729.235,275.91585173188014,178.08223783345406,1.5493732282830024,0.7638259499304219,38871,221.5304606871753,0.707657847871188,0.9915875588484989,0.9108180683559818,0.8028913862565838,0.007158464397360942,0.001834960951115879,0.6446345781250188,0.9987795573724118,DERMASON
13240,38553,732.761,281.6122005199525,174.6184563072646,1.6127287256761569,0.7845487938717597,39006,221.55632278988276,0.6977287123337255,0.9883864020919858,0.9022841928232107,0.7867426282697054,0.00730454700075098,0.0017262503505147174,0.6189639631367241,0.9982209635089525,DERMASON
13241,38554,729.22,276.0392049533314,178.35463083346616,1.547698557998618,0.7632352875900141,38941,221.55919617050307,0.7035915030294182,0.9900618884979842,0.9110918554375885,0.8026366986818448,0.007159807152392266,0.0018329775227859764,0.6442256700708905,0.9970671405944108,DERMASON
13242,38566,725.394,269.94249687732247,182.75411097061422,1.4770802990074878,0.7359726548289496,38861,221.59367383175967,0.7878490735633593,0.9924088417693832,0.9210146596217879,0.8208921396043273,0.0069994942923124635,0.0019606082013113877,0.6738639048641702,0.995351098087122,DERMASON
13243,38577,736.982,279.89041671666865,176.30912966329564,1.5874981474367562,0.7766584064364221,38899,221.6252736428054,0.7186475409836065,0.9917221522404175,0.8925335569616202,0.7918287315537327,0.007255370213253199,0.001759399097424464,0.6269927401139933,0.9953498133872598,DERMASON
13244,38578,729.9200000000001,268.710888166194,183.0159138152998,1.468237830057652,0.7322010404345903,39002,221.62814612948668,0.7438443591770626,0.9891287626275576,0.9099112729855519,0.8247829019582291,0.006965391885691172,0.001988309170351017,0.680266835362638,0.9987935022130255,DERMASON
13245,38585,735.508,271.4475380752416,181.48749595329855,1.4956817639111186,0.7436299537384897,38970,221.6482524939149,0.7824667423750811,0.9901206055940467,0.8963003518930353,0.8165417673910786,0.007035053468322965,0.0019291268390420463,0.6667404578941465,0.997231544134024,DERMASON
13246,38597,728.6089999999999,249.01546760933942,198.19015398461752,1.2564472180018926,0.6054347389927669,39116,221.6827163045037,0.7758190954773869,0.986731772164843,0.9136384134531046,0.8902367328132569,0.006451679343196089,0.0024996233758420652,0.792521440450022,0.9957613590602828,DERMASON
13247,38598,728.557,269.54961375573686,182.6703336450326,1.475606949290021,0.735350260397081,39075,221.68558804687282,0.7083241576745211,0.9877927063339731,0.9137925127029496,0.8224296260641726,0.006983512455457196,0.001970827711635511,0.6763904898280549,0.9980865072239592,DERMASON
13248,38600,718.7719999999999,253.1696018330035,194.43775060936142,1.3020599191236188,0.6404332805719174,38952,221.69133142001127,0.7471931862175765,0.9909632368042719,0.9388903326305209,0.8756633095557972,0.006558797974948277,0.002378770965143809,0.766786231702212,0.9984016188352866,DERMASON
13249,38612,728.262,268.7208225571423,183.6256159041861,1.46341686171584,0.7301075106395536,38968,221.725788534654,0.7038279256288735,0.9908642989119277,0.9148646828986355,0.825115770429383,0.006959515760829336,0.001989840824789543,0.6808160346112744,0.996317664776654,DERMASON
13250,38617,731.0319999999999,276.97899112452666,177.93960753531687,1.55658987316555,0.7663443884400639,38946,221.74014408545372,0.7025488020084778,0.9915524058953422,0.9080622468718618,0.8005666537566448,0.007172462675104919,0.0018173477808944938,0.6409069671071116,0.9976292946401765,DERMASON
13251,38619,727.7849999999999,273.1315576688237,180.36090198660455,1.5143612316216364,0.7509628736003835,38988,221.7458860455527,0.742644513672551,0.9905355493998154,0.9162303789567542,0.8118647582804147,0.007072465824304712,0.001895332368135076,0.6591243857377164,0.9981524165776227,DERMASON
13252,38621,748.95,283.1194769838902,174.4883418204918,1.6225695884894977,0.787506468483701,39137,221.75162785697137,0.6878918495297806,0.9868155453918287,0.86522234806708,0.7832439866706495,0.007330713264386997,0.001701822544573867,0.6134711426557327,0.9953996194890942,DERMASON
13253,38622,742.379,283.16551513050393,174.38476126939983,1.6237973609004355,0.7878709374372314,39112,221.75449870692918,0.7859584859584859,0.98747187563919,0.8806295754850473,0.7831267822451051,0.0073317154764254554,0.0017010366560170924,0.6132875570695723,0.9958547166426469,DERMASON
13254,38624,727.337,270.6032145367116,182.78979765664144,1.4804065544457896,0.7373690384038345,39035,221.76024029534898,0.7891467799934619,0.989470987575253,0.9174781931213892,0.8195033480109073,0.007006089854409476,0.0019492089390799733,0.6715857374010862,0.9942199275208768,DERMASON
13255,38629,731.663,272.53897189317064,180.9008922621457,1.5065651058162337,0.7479442464280275,39013,221.77459361607362,0.7926824263317738,0.9901571271114756,0.9067783505431275,0.8137353424192282,0.007055294516895872,0.0019082164074564843,0.6621652075021386,0.9975949959082878,DERMASON
13256,38654,724.039,272.47776995253014,181.29903002464692,1.502919071963528,0.746512116163098,38965,221.84634628993325,0.7764965849738851,0.992018478121391,0.9265745909729138,0.8141814516779932,0.007049148081764633,0.0019107383206286585,0.6628914362564843,0.9962721821911654,DERMASON
13257,38657,739.9449999999999,290.6699879270016,169.7466427935344,1.7123754740796155,0.8117651169605611,38988,221.85495505132894,0.6828893442622951,0.991510208269211,0.887235951719985,0.7632537388312867,0.007519207075743116,0.0015740827860180084,0.5825562698399379,0.9975550687452162,DERMASON
13258,38659,717.157,257.2711661348864,192.2398159908286,1.338282419845639,0.6645695273098587,39106,221.8606940400139,0.7980636237897649,0.9885695289725361,0.9445653199172226,0.862361287404019,0.006654884144310158,0.0022702687476037725,0.7436669900131171,0.9952364589540766,DERMASON
13259,38669,725.9469999999999,267.0618000445937,184.75225490454045,1.445513074698773,0.7220931037095346,39064,221.88938675692444,0.8008491249870561,0.9898883882858899,0.9220680534983396,0.8308540821632804,0.00690635392807142,0.002030147653319482,0.6903185058473874,0.9978644259089197,DERMASON
13260,38681,739.7799999999999,285.0427095236994,173.16792289764078,1.6460479790601148,0.7943076652302111,39107,221.92381312040587,0.7024990011260034,0.9891068095225919,0.8881828544254531,0.7785633721039071,0.007369062576554365,0.001670197696086621,0.6061609243818068,0.9977699645638843,DERMASON
13261,38686,719.6539999999999,252.1051210482372,196.32299793230754,1.2841344300129496,0.6273534216616505,39085,221.93815586244855,0.8328166709721864,0.9897914801074581,0.9386770595497421,0.8803397366132178,0.0065167016762714474,0.0024143977878623144,0.7749980518602299,0.9952016815866824,DERMASON
13262,38695,746.287,284.85945992661493,173.85304829772167,1.6385071341331665,0.7921614004348547,39226,221.96397046261163,0.6982892409860324,0.9864630602151634,0.8730778334988831,0.779205193044295,0.007361660677777876,0.0016740287459780835,0.6071607328671972,0.9948371923684243,DERMASON
13263,38706,720.119,258.8464423050796,190.7525631998383,1.356974910129538,0.675965464919783,39128,221.9955175640247,0.7452777510349475,0.989214884481701,0.937949846896825,0.8576340303815265,0.00668750173887975,0.0022317815942293887,0.7355361300684612,0.9981040739966786,DERMASON
13264,38716,729.7439999999999,269.4084684589081,183.3465288268837,1.4693949767289256,0.7326995894158174,39116,222.02419285736985,0.8088413487653031,0.989774005522037,0.9136067075894714,0.8241173491219873,0.006958582200095776,0.0019799615300562495,0.6791694051238515,0.99796811223696,DERMASON
13265,38726,758.269,276.7370043968631,179.61800683509205,1.5406974460580467,0.7607400345822279,39285,222.05286444766685,0.7154786978531574,0.9857706503754614,0.8463809943047194,0.8023967193387163,0.007146026039272403,0.0018272624709421135,0.6438404952055348,0.9919634066319153,DERMASON
13266,38730,727.4060000000001,269.0956667012456,183.65078779023574,1.465257350317518,0.7309098994751461,39151,222.0643320472535,0.7417834980464261,0.9892467625348011,0.9198215982647001,0.8252244815736589,0.006947990361509052,0.001987592659267193,0.680995444988514,0.997833581302169,DERMASON
13267,38744,731.086,278.02779127407706,177.78587140639667,1.563835129724902,0.7688296926607036,39088,222.1044639830977,0.7252171308775083,0.9911993450675399,0.9109140174982148,0.7988570601711874,0.007176021868523567,0.001802767945262738,0.6381726025853521,0.9979967347509424,DERMASON
13268,38750,737.9229999999999,276.30733708906286,178.9101076355063,1.5443919895905713,0.7620620462225798,39238,222.12166116452389,0.7856853203568532,0.9875630766094092,0.8942510877362584,0.8038934597416313,0.007130511924879041,0.0018369378157071998,0.6462446946153696,0.998055129679382,DERMASON
13269,38759,736.821,269.17729965175147,183.8870657853947,1.4638185589730095,0.7302829701514899,39185,222.14745444049132,0.7937700956398861,0.9891284930458083,0.8971363161838807,0.8252830187682799,0.006944897950198701,0.0019872717891103488,0.6810920610672853,0.9969951993594703,DERMASON
13270,38760,753.7609999999999,276.7611091423772,178.68776164962767,1.5488531871872262,0.7636427834985211,39356,222.15032017517981,0.7112970711297071,0.9848561845716028,0.8572871345999387,0.8026789633253587,0.0071403794928373895,0.0018283889214918837,0.6442935181650727,0.9979160690940437,DERMASON
13271,38772,732.365,274.59356901807274,180.07618333651538,1.5248744388641835,0.7549418829840927,39190,222.1847061083902,0.8008096497025776,0.9893340137790253,0.9083911742132996,0.8091402391647665,0.007082264753380603,0.0018726090526450772,0.6547079266356156,0.9983473822484173,DERMASON
13272,38778,734.02,268.4462806050424,184.0619233177267,1.4584563486368218,0.7279252948696908,39208,222.2018970795257,0.766136520794231,0.9890328504386859,0.9044394215199986,0.8277331933179035,0.006922643782687152,0.0020045331051535336,0.685142239320254,0.999250048655873,DERMASON
13273,38782,725.419,269.6616825234255,183.6013624064116,1.468734648746858,0.7324152774122308,39152,222.2133569880962,0.7748806169953446,0.9905496526358807,0.9261092317026278,0.8240449844734338,0.006953269107406155,0.001977754959550663,0.6790501364358218,0.9973444636195725,DERMASON
13274,38798,734.84,272.04393455081595,182.14957006102676,1.4935194986168305,0.7427585255317416,39268,222.25919071353346,0.7403915881073242,0.988030966690435,0.9028874693225462,0.8169974128646377,0.007011803045281095,0.0019270465095390175,0.6674847726275114,0.99690152294901,DERMASON
13275,38799,724.963,269.3681050440455,184.11538368688633,1.4630396420439433,0.7299425727793398,39127,222.26205500755088,0.8287905327466143,0.991617041940348,0.9276811078011125,0.8251238763817561,0.006942655868554485,0.0019850983069939067,0.6808294113752557,0.9960804183114427,DERMASON
13276,38803,734.7159999999999,278.4685031620443,177.82491304018066,1.5659701354619677,0.7695539665430292,39222,222.27351181451766,0.7599937324950545,0.9893172199275917,0.9033086573001355,0.7981998297494131,0.007176468395795282,0.001796954425401723,0.6371229682119919,0.9977155408368638,DERMASON
13277,38806,734.606,273.2448177861681,181.2382254924004,1.507655556899202,0.7483700196460613,39239,222.2821040322246,0.7646502463054187,0.9889650602716685,0.9036490596405558,0.8134906485442475,0.007041303349640986,0.001902142621800568,0.6617670352689404,0.9977167480959284,DERMASON
13278,38811,742.218,264.6347440150409,187.37455121753635,1.4123302353253282,0.7061626029119626,39314,222.2964236570539,0.7149093722369585,0.9872055756219159,0.8853229692376928,0.8400122383190144,0.006818549999099248,0.002094181149021312,0.7056205605257208,0.9965692522976812,DERMASON
13279,38811,726.395,268.15233988727056,184.90209163200328,1.4502396242274749,0.7242464399040943,39206,222.2964236570539,0.7916573176950535,0.9899250114778351,0.9243128795260143,0.8289930408606758,0.006909183991323866,0.002012843734101498,0.6872294617954302,0.9966473964322544,DERMASON
13280,38814,755.2819999999999,275.308821364902,179.82739247244723,1.5309615380598047,0.7571989862956688,39413,222.30501498920486,0.7387654884942614,0.9848019688935123,0.855027329140387,0.8074750888368942,0.007093028839204977,0.0018600645680798913,0.6520160190921502,0.9982114474289495,DERMASON
13281,38819,717.192,259.09510111637366,191.2078989884516,1.355043920711781,0.6748188008049012,39207,222.31933313833565,0.7795606072776929,0.9901038079934705,0.9483820696011643,0.8580607359244511,0.0066744403801327614,0.0022318589212882156,0.7362682265352107,0.9976757843797819,DERMASON
13282,38824,741.523,273.74112341990997,181.1418258375174,1.5111977708861857,0.7497450894605625,39300,222.33365036538657,0.7330538876930629,0.9878880407124682,0.8872804038309015,0.812204054647405,0.0070508222599399845,0.0018926928546537185,0.6596754263856847,0.9969000338624407,DERMASON
13283,38835,731.002,265.5689357344841,186.4132501056287,1.4246247816826478,0.7122368562182064,39281,222.36514502005488,0.7514803204458377,0.9886459102365011,0.9132633789196171,0.8373160980031776,0.006838391547173532,0.0020734400836379253,0.7010982479752671,0.9988019384598517,DERMASON
13284,38843,724.827,262.77906946752535,188.69920515723433,1.3925817506680205,0.6959495318251819,39273,222.388047421951,0.7206493506493507,0.9890510019606346,0.9290816953347767,0.8462928492462527,0.006765158959594402,0.0021406243119989244,0.7162115866853407,0.9973831852349924,DERMASON
13285,38844,740.042,279.86714915143966,177.3099133434974,1.5784066658995037,0.7737015127155388,39320,222.39091005635245,0.7191468878438924,0.9878942014242116,0.8912941850353961,0.7946302762958932,0.007204900348868285,0.0017720181821251023,0.6314372760060877,0.9966648055454336,DERMASON
13286,38860,731.001,269.6498546844392,183.8466439039022,1.46671078110834,0.7315407922936072,39291,222.43670719647065,0.7923497267759563,0.9890305667964674,0.913853791760327,0.8249094272896224,0.006939008097901164,0.0019819934938371873,0.6804755632312928,0.9980608448721071,DERMASON
13287,38872,720.7600000000001,265.25735581448913,186.84488766625992,1.4196661151804624,0.7098121958604884,39207,222.47104886466744,0.7271774917689314,0.9914556074170429,0.940297749899497,0.8386988861498537,0.006823866943159321,0.00208273769719132,0.7034158216290052,0.9986156068485228,DERMASON
13288,38883,728.5450000000001,269.5536264129037,184.49124036286497,1.4610646331106807,0.7290763093834521,39263,222.50252407093572,0.7971748400852878,0.9903216768968239,0.9205701009451066,0.825448082564859,0.006932428732682759,0.001985291250179934,0.6813645370100023,0.9955176272811479,DERMASON
13289,38885,731.1639999999999,269.4740040196989,184.67774161017866,1.4591579996061996,0.7282357137344824,39317,222.5082463573582,0.7142594735585313,0.9890123864994786,0.9140340343759049,0.8257132155170431,0.006930024534388553,0.0019871537790194425,0.681802314279495,0.9948573010309452,DERMASON
13290,38897,741.924,275.3098660139018,180.18044735773972,1.5279674906527851,0.7560930030407929,39330,222.54257698598627,0.7908948577702771,0.9889905924230867,0.8879880695144284,0.808334914429652,0.0070779203026943415,0.0018640209180234826,0.6534053338859929,0.9983821083969256,DERMASON
13291,38909,727.644,273.83153977676966,181.24377580751087,1.5108465852509672,0.7496093050417947,39304,222.5769023194016,0.7839498710509348,0.9899501323020558,0.9234683765960181,0.8128242002394925,0.007037742932914484,0.0018949583271939644,0.6606831804949709,0.9981909271835752,DERMASON
13292,38927,734.687,277.9330654416451,179.29136785934443,1.5501753863559449,0.7641080349684396,39383,222.62838039635847,0.6936386315039201,0.9884214000964884,0.9062668379914516,0.80101437388385,0.007139853198079613,0.0018131355897833899,0.6416240271685361,0.9946297742112429,DERMASON
13293,38927,723.221,266.3881902019764,186.7249655716673,1.426634030358053,0.7132098122389335,39270,222.62838039635847,0.7661890327914026,0.99126559714795,0.9352306745977355,0.8357291673762298,0.0068432756236539265,0.002059235578208508,0.6984432412033663,0.9964228961743001,DERMASON
13294,38934,723.995,261.3002198039928,190.77636462320814,1.3696676751340366,0.6833359257650448,39382,222.64839643419583,0.816722955255816,0.9886242445787415,0.9333999101284193,0.8520788715800142,0.006711363327785298,0.0021822761152236114,0.7260384033930702,0.9944313320334145,DERMASON
13295,38934,733.244,281.10433477999186,176.79963957915004,1.5899598859427904,0.7774484337040498,39309,222.64839643419583,0.7369397334948516,0.990460199954209,0.9100009647257924,0.7920489614948594,0.00722002195458961,0.0017527759128811505,0.6273415574050852,0.9974479110589618,DERMASON
13296,38945,733.5089999999999,269.0929459795266,185.0519588251207,1.4541480548921235,0.7260064553095462,39451,222.67984657285652,0.7357275097290966,0.9871739626371955,0.9096004747897912,0.8275201929291699,0.006909563383734153,0.0019986869107345116,0.6847896697055305,0.9957855662125167,DERMASON
13297,38945,735.297,264.5954062871157,187.87971429657455,1.4083234439533094,0.7041369837962342,39496,222.67984657285652,0.7157428508417261,0.9860492201741948,0.9051821560525598,0.8415862153374799,0.006794078990553747,0.0021023489782095606,0.708267357846063,0.9974695246414783,DERMASON
13298,38947,720.254,259.5277048851404,191.46017446838735,1.3555179587909125,0.6751009295356772,39327,222.68556430267404,0.7376325757575758,0.9903374272128563,0.943436157873487,0.8580415890520373,0.006663612213652923,0.0022280392243201334,0.7362353685429454,0.9979802639570083,DERMASON
13299,38957,737.829,277.59688579182244,179.11432585513793,1.5498307266406715,0.763986899162912,39326,222.71415074989673,0.699658764367816,0.9906168946752785,0.8992572077368232,0.8022934051101575,0.007125725435526926,0.0018211333025400498,0.6436747078832514,0.9975868402389214,DERMASON
13300,38967,733.899,269.3524020972137,185.2464532302695,1.4540219118926763,0.7259499394667129,39465,222.7427335283804,0.7161471734176285,0.9873812238692512,0.9091472798528679,0.8269565513211532,0.006912320735422632,0.001994042510299508,0.6838571377729752,0.9943432629261146,DERMASON
13301,38969,717.524,255.14550894190666,195.08241666043307,1.307885730091305,0.6445136652898853,39368,222.74844964395274,0.7469618554724937,0.9898648648648649,0.9511658760365096,0.8730251634359345,0.006547396878080183,0.002346148386471974,0.7621729359923403,0.9968351068461753,DERMASON
13302,38975,730.101,267.04776928254165,186.48936984874672,1.4319731440946597,0.7157690047500532,39388,222.76559711062427,0.7806084640189068,0.9895145729663857,0.9188192835995753,0.834178835154148,0.0068517708603602736,0.0020465353950422176,0.6958543290191312,0.9964447113574049,DERMASON
13303,38980,792.6709999999999,285.18766229159024,175.25214330192298,1.627299141216614,0.7889050083427358,40039,222.7798856579665,0.6991677428612426,0.9735507879817178,0.7795891018034585,0.7811694372324743,0.007316256087521556,0.0016805430223403805,0.6102256896661008,0.9930197407419621,DERMASON
13304,38981,734.732,278.7401510941222,178.47171395480134,1.5618169676160236,0.7681416922460763,39327,222.78274325746455,0.7384863123993559,0.9912019731990744,0.9074128596686729,0.7992488429922587,0.007150667019679388,0.0017999248906938239,0.6387987130244643,0.9976866688928875,DERMASON
13305,38984,751.9499999999999,280.9705396588656,177.20023305148834,1.5856104409141785,0.77604955661555,39589,222.79131583604325,0.7789010989010989,0.9847179772158933,0.8663997834283974,0.7929347899126384,0.007207329664961667,0.0017575352391160717,0.6287455810538001,0.9969455579975574,DERMASON
13306,38992,741.513,279.92431561457806,177.6535862431981,1.5756750062527694,0.7728008175366339,39445,222.81417443312142,0.7779728651237031,0.9885156547090886,0.8911438969254166,0.7959800631964734,0.007179019173537599,0.0017776802056631786,0.633584261006262,0.9983228844226979,DERMASON
13307,38994,730.374,271.5677069628771,183.45380264006565,1.480305684890544,0.7373268698198924,39449,222.81988871598273,0.7615420670260136,0.9884661208142158,0.9185801196481067,0.820494790076207,0.00696434597535203,0.0019469886132514054,0.6732117005421991,0.9965591074474479,DERMASON
13308,39003,746.6859999999999,285.1940553046041,174.92200234744254,1.6304069898430007,0.7898160526785537,39523,222.84560117557973,0.6786080904741192,0.9868431040153834,0.8790870042893446,0.7813823501249613,0.00731210561507074,0.0016814215411984571,0.6105583770868077,0.9954586457095299,DERMASON
13309,39013,745.539,271.5765221294778,183.40641539946336,1.480736219275525,0.7375067780974489,39546,222.87416709603852,0.7599244224551015,0.9865220249835635,0.8820200916658125,0.8206680214786028,0.006961180174031164,0.0019477476126004945,0.6734960014776046,0.9972699229251315,DERMASON
13310,39019,732.3829999999999,268.46441491382376,185.27262284213242,1.449023664670509,0.7236950925800776,39467,222.89130489101927,0.7720419469726949,0.9886487445207388,0.9141332143493186,0.830245248565128,0.0068803509806459355,0.002016582300786782,0.6893071727649712,0.9988224055635663,DERMASON
13311,39026,737.441,280.5873436865778,177.3987387669143,1.5816760910304097,0.7747720286878816,39409,222.91129731988565,0.6965818830879071,0.9902814078002486,0.901798159961744,0.7944453031669255,0.007189754104611741,0.0017666471101186183,0.6311433397239883,0.9982643304545157,DERMASON
13312,39029,750.46,268.17150459852843,186.92799989906896,1.4346245867035787,0.7170259566335445,39677,222.91986495480538,0.7475387856732427,0.9836681200695617,0.87084766142236,0.8312585831538368,0.0068710831586391765,0.0020237158725805015,0.6909908320669241,0.9913124368699732,DERMASON
13313,39030,738.4139999999999,277.86450269720297,179.54085959634628,1.5476393692327939,0.7632143680286266,39514,222.92272075993824,0.729996633374481,0.9877511767980969,0.8995153338091849,0.802271317840349,0.007119254488783064,0.0018192791580877677,0.6436392674292903,0.9961214698577245,DERMASON
13314,39030,739.241,283.72380704234314,175.6181537189829,1.6155722004477198,0.7854101043311079,39517,222.92272075993824,0.7428343039853831,0.9876761899941797,0.8975038569688264,0.7857032622104535,0.007269377582432568,0.0017088786163784564,0.6173296162481486,0.9973405665235678,DERMASON
13315,39041,753.1389999999999,289.4924158184365,172.07548843714412,1.6823570773950325,0.8041664794445286,39485,222.9541322021314,0.7773220507715282,0.9887552235025959,0.8649291269980368,0.7701553478415252,0.007415087108896711,0.0016091975465948097,0.5931392598089007,0.9978720316203551,DERMASON
13316,39048,739.1719999999999,272.85800161746124,182.79702311640057,1.4926829603987155,0.7424200951041606,39452,222.9741189977407,0.7931426714332142,0.9897597079995945,0.898085416049578,0.8171800631683279,0.006987758697435496,0.001922156357585441,0.6677832556397925,0.9967886869330976,DERMASON
13317,39056,740.619,279.92300868208577,178.06757169925044,1.5720044138910672,0.7715814601114147,39445,222.99695885634068,0.7876893290038924,0.9901381670680695,0.8947628154960999,0.7966367606087102,0.007167221647943613,0.0017806229634067996,0.6346301283531398,0.9976413629593901,DERMASON
13318,39061,739.3950000000001,272.34225978797684,182.81477143160615,1.489716928535309,0.7412143038310756,39575,223.01123258011063,0.7823309098920467,0.9870120025268477,0.8978425898275771,0.8188638544518531,0.00697222958418824,0.0019337407408725514,0.6705380121277456,0.9989118278931168,DERMASON
13319,39071,732.055,263.0425088236022,190.0104776025393,1.384357916166234,0.6915208046909543,39545,223.03977728725326,0.7322974847246692,0.9880136553293716,0.9161719022302841,0.847922939469928,0.006732423250584889,0.0021467264767811365,0.7189733112793234,0.9953163949817811,DERMASON
13320,39078,734.17,280.68049030256356,178.0283680454089,1.5766054218447456,0.7731082420959033,39474,223.05975640881678,0.7809352517985612,0.989968080255358,0.9110640798179815,0.7947105841534134,0.0071825705077681445,0.001767240472825452,0.6315649125654598,0.9957286653976065,DERMASON
13321,39081,732.027,265.64289807520663,187.6631411248403,1.4155304898072198,0.7077640208492624,39516,223.06831834170197,0.7401704545454545,0.9889918007895536,0.9164764975601389,0.839730028387767,0.00679723901832621,0.002084831878433251,0.70514652057612,0.9981563996569721,DERMASON
13322,39104,724.99,257.1793951632596,194.06770021165667,1.325204528537058,0.6561844902261508,39594,223.13394891258434,0.7914507772020726,0.9876243875334647,0.9349039952786533,0.8676198525583166,0.00657680531820938,0.002298860787404047,0.7527642085533153,0.9975665380954678,DERMASON
13323,39109,748.389,295.27336705676385,169.12406804478854,1.745897969877165,0.8197153175627465,39521,223.14821387375585,0.7097306910569106,0.9895751625717972,0.8774690042524719,0.7557343085089603,0.007550010663958778,0.0015191612780137546,0.5711343450575164,0.9971422935630422,DERMASON
13324,39118,739.694,283.2010598837166,176.5391833949771,1.6041824508166058,0.7819266158148411,39487,223.17388850613796,0.7432360541115671,0.9906551523286145,0.8984260057285592,0.7880404423548908,0.007239661022642175,0.0017222334467925174,0.6210077387868921,0.996209716383235,DERMASON
13325,39123,721.9549999999999,263.8370123438553,189.42612974040253,1.3928226940255208,0.6960776829516941,39458,223.18815091458993,0.7661862050056794,0.9915099599574231,0.9432390161731147,0.8459319218780107,0.006743782745286795,0.002130222602107105,0.7156008164522247,0.99670505701785,DERMASON
13326,39127,768.7349999999999,268.8967364942759,186.71967580500854,1.4401092725497495,0.719597175898986,39977,223.1995601851686,0.7908278761419678,0.9787377742201766,0.8320187338611705,0.8300567834891515,0.00687240873295361,0.002012426169420106,0.6889942638163563,0.9922270280555232,DERMASON
13327,39128,739.8820000000001,269.6326513933851,185.0851588846377,1.456803198150778,0.7271916209471292,39580,223.20241241168844,0.7962555962555963,0.9885800909550277,0.8981990474320045,0.8278018676827218,0.006891040978158483,0.0019960444248050832,0.6852559321390024,0.9982830334918913,DERMASON
13328,39131,724.4509999999999,268.20798398948875,186.29947515673973,1.439660437925747,0.7193882093867927,39509,223.21096887257053,0.814228344326765,0.9904325596699486,0.9369421525149999,0.8322308887020988,0.00685410503154759,0.0020281769433915862,0.6926082521098853,0.9971206995435036,DERMASON
13329,39133,730.282,279.2811896569912,178.63784185281924,1.5633932136679787,0.7686793219230595,39423,223.21667299760813,0.7517047964809159,0.9926438880856353,0.9220868199252872,0.7992542328817753,0.007136718106380579,0.0017964622085876985,0.6388073287794352,0.9987070426551383,DERMASON
13330,39147,762.2,298.0876817964388,167.41345299068053,1.7805479575947374,0.827391995969547,39577,223.2565977921983,0.6550702811244979,0.9891351037218586,0.8467797447367628,0.74896284357251,0.0076145728100860555,0.0014779726487645565,0.56094534105222,0.998790081332814,DERMASON
13331,39164,729.887,273.3550794295864,182.90513970316496,1.4945183053533202,0.7431616580183221,39480,223.30506830344876,0.7514630542817123,0.9919959473150962,0.9238163598566349,0.8169047700500841,0.006979753841016913,0.0019173685392760943,0.6673334033305808,0.9973419870512833,DERMASON
13332,39168,736.811,273.87429675471236,183.0192139610854,1.4964237405857568,0.7439278778965449,39656,223.31647160070133,0.7105950653120464,0.9876941698608029,0.9066278555391225,0.8153976997728571,0.006992297200641145,0.0019066789412040877,0.6648734087948666,0.9949323534048172,DERMASON
13333,39169,731.491,268.2815679656858,186.46236455470904,1.4387974141933106,0.7189856857546764,39573,223.31932233403268,0.7437528482454808,0.9897910191292043,0.9198867721751769,0.8324065049545113,0.006849334115389358,0.002028476479131508,0.6929005894905849,0.9969435764520742,DERMASON
13334,39170,748.606,290.25763247686166,172.18304277515992,1.6857503956175632,0.8050495050413633,39644,223.32217303097406,0.8065645333992257,0.9880435879326002,0.8783282034468826,0.7693929393873098,0.0074102025140888855,0.00160177911168398,0.5919654951790445,0.9979060676900212,DERMASON
13335,39175,737.322,276.85706189212794,180.4153918356713,1.534553449543258,0.7585151780339119,39602,223.33642596988068,0.7122727272727273,0.9892177162769558,0.9055334222149537,0.8066849530350771,0.00706718728505751,0.001846044594858167,0.6507406134532048,0.9985962531325111,DERMASON
13336,39186,738.082,280.5692403431955,178.12608568360832,1.575115959385921,0.772615778277242,39552,223.3677792341413,0.738035596572182,0.990746359223301,0.903923276808814,0.796123548543366,0.007159935700076442,0.0017742334600860897,0.6338127045452813,0.9983285061908258,DERMASON
13337,39228,732.295,270.6813656489641,185.26630268176933,1.4610393888731705,0.7290652075285065,39620,223.48745123803027,0.714093275567044,0.9901060070671378,0.9192505384972256,0.8256477157273628,0.006900208158686757,0.00197797632839152,0.6816941504858122,0.9959820050242062,DERMASON
13338,39231,733.828,272.02644890214873,184.33602558152975,1.4757096343158083,0.7353937156845716,39724,223.49599678630747,0.7050862688713156,0.9875893666297453,0.9154838451863642,0.8215965678642585,0.006933966732995558,0.0019489288384228378,0.6750209203263291,0.9961348754902875,DERMASON
13339,39243,744.907,283.0041838417132,177.01623710916505,1.5987470328339761,0.7802323245158673,39673,223.5301757124572,0.7109239130434782,0.9891613943992136,0.8887261386671587,0.7898476011134862,0.007211583819833172,0.00173134506053379,0.6238592329847288,0.9973930976404153,DERMASON
13340,39247,743.15,277.57085847546915,180.45515391325677,1.5381708555073748,0.7598291236367033,39686,223.54156752653614,0.7815013938669853,0.9889381645920475,0.8930244819783582,0.8053495556209193,0.007072409572081157,0.0018352061652015166,0.6485879067388123,0.9976390153801763,DERMASON
13341,39278,732.9390000000001,275.35407321862345,182.12406288046535,1.5119038575333583,0.7500177342504527,39654,223.62983440969526,0.7177997076023391,0.9905179805315983,0.9188054597599595,0.8121537182859808,0.007010389358384425,0.0018813727531491586,0.6595936621257443,0.9972422021724674,DERMASON
13342,39285,750.3890000000001,281.7431143619448,178.04720768550033,1.5824068123528856,0.7750101825206588,39783,223.6497608201736,0.6979905122328234,0.987482090340095,0.8767256311330393,0.7938073706846982,0.007171773306909629,0.00175657551438391,0.6301301417533539,0.9971222289793967,DERMASON
13343,39293,736.1589999999999,276.71208653077275,181.31798736390044,1.5261149241383254,0.7554045974434014,39686,223.672531687015,0.7056298823740684,0.9900972635186212,0.9111330499903569,0.8083222330157982,0.007042274362628782,0.0018545169232856715,0.6533848323876466,0.9971403439124057,DERMASON
13344,39295,747.6239999999999,284.28980749737514,176.97743667877543,1.6063618777199153,0.7826001252559686,39701,223.67822404151957,0.7470532319391635,0.9897735573411249,0.8834473819875553,0.7867964947831794,0.00723475779354562,0.0017102256859741105,0.6190487242030974,0.9944162710110057,DERMASON
13345,39298,738.0409999999999,272.3453541451105,184.1379991926482,1.479028529359539,0.7367919984128498,39849,223.68676230166687,0.7552659901599016,0.9861728023287912,0.9066075576268574,0.8213349664209163,0.006930259915138442,0.001945407271237223,0.6745911270656478,0.997739522582899,DERMASON
13346,39303,746.675,275.46886140616596,184.3354980708295,1.494388570237943,0.7431093531193907,40311,223.70099201104605,0.7459998101926545,0.9749944183969637,0.8858747926847447,0.8120736074093304,0.0070088507596408915,0.0018802177985711174,0.6594635438508034,0.985494782419249,DERMASON
13347,39306,754.754,288.6268220474302,174.0137533762326,1.658643736184429,0.7978150828251831,39751,223.70952940221457,0.6972115793954874,0.988805313073885,0.8670774009338125,0.7750822595602437,0.0073430728654004535,0.0016347403680114039,0.600752509085013,0.996434386190936,DERMASON
13348,39309,732.8759999999999,272.44827328921633,184.38870896579286,1.4775756868049874,0.736181387911946,39628,223.71806646758438,0.7037812869266301,0.9919501362672858,0.9196887206570525,0.8211396011678789,0.006930938800000415,0.0019437473592833153,0.6742702446061435,0.9962853197660893,DERMASON
13349,39311,737.159,278.0802936716723,180.52085234431806,1.5404330860419013,0.7606449858496599,39792,223.72375766351675,0.713189404934688,0.9879121431443506,0.9090789699647315,0.8045293490939205,0.007073854485301119,0.001828114744283305,0.6472674735534876,0.9970722317805437,DERMASON
13350,39314,734.483,274.45338636493017,182.53458820327882,1.503569208808176,0.7467684493538495,39655,223.7322941859717,0.7870670670670671,0.9914008321775312,0.9157851582507964,0.8151923251859003,0.006981059835298626,0.0019016975726130825,0.6645385270419948,0.9991796673270827,DERMASON
13351,39318,746.921,279.8154343635543,179.4510188158864,1.5592858497540212,0.7672741658984307,39764,223.74367570927478,0.7917119729370545,0.9887838245649331,0.8856292310048413,0.799611630495595,0.007116726038037395,0.001794636184619617,0.639378759623824,0.9969742525147064,DERMASON
13352,39324,737.773,262.520241872698,191.17685768293927,1.3731800232226825,0.6853257639736153,39758,223.76074690875865,0.7753918958887903,0.9890839579455707,0.9078665950161862,0.8523561661857117,0.006675827532110112,0.0021735483243064116,0.7265110340348048,0.9976304385874483,DERMASON
13353,39334,738.8079999999999,277.50201142928773,181.1978341638653,1.5314863597008022,0.7573920187105088,39741,223.78919601404553,0.7883197049863716,0.9897586875015727,0.9055549285199115,0.8064417077966689,0.00705501630724787,0.0018406436092744023,0.6503482280740078,0.9959994403509294,DERMASON
13354,39346,738.495,280.11788314818074,179.13121263567498,1.5637580912149405,0.7688034900644244,39763,223.82333016723192,0.795125697195053,0.9895128637175263,0.9065992034119704,0.7990326345884553,0.007119348425460802,0.0017901032475436188,0.638453151137368,0.9983862809527343,DERMASON
13355,39356,733.0269999999999,271.71844433968215,184.9008359860837,1.4695360509896918,0.7327602666337285,39758,223.8517713188731,0.801760140159309,0.9898888274058051,0.9204090342392051,0.8238372329227319,0.006904117398609669,0.0019617948651887655,0.6787077863497837,0.9973855601284167,DERMASON
13356,39365,732.2579999999999,274.76569083474914,182.92856109583875,1.5020382229475673,0.7461641468137767,39803,223.87736526611994,0.7949634476352033,0.9889958043363566,0.9225541559355448,0.8147937414819572,0.006979948960618548,0.001897678982268849,0.6638888411581663,0.9971864152079319,DERMASON
13357,39370,743.739,277.18163246859785,181.3831739344364,1.5281551560498616,0.7561625641756354,39933,223.89158286148978,0.7163391557496361,0.9859013848195728,0.8944048957974472,0.8077432146838036,0.007040427545557477,0.0018487239611372224,0.6524491008677255,0.9970434575511107,DERMASON
13358,39397,740.929,279.8535136775395,179.4480334845052,1.5595239927870486,0.7673560100114266,39778,223.96834228062502,0.7182025339531493,0.9904218412187641,0.9018199315668787,0.8003056289609141,0.007103421927495483,0.0017975081177527413,0.6404890997465241,0.9988581181732815,DERMASON
13359,39401,744.2539999999999,284.6191816430631,176.9496458593222,1.6084755652426672,0.783250155934084,39849,223.97971180915056,0.698772745007626,0.9887575597882005,0.8938708063222731,0.786945245630143,0.007223653756073782,0.0017088925150625254,0.6192828196198862,0.9961012833331692,DERMASON
13360,39411,752.423,283.4832966557914,177.59844725928494,1.5962036888865352,0.7794323025452206,39897,224.0081331058261,0.7112101634965893,0.9878186329799233,0.8747887586073938,0.7901987021754558,0.007192999331551886,0.0017299558946950282,0.6244139889197747,0.9966919125061007,DERMASON
13361,39424,731.87,273.8575835505984,183.74786063119342,1.4903987595276946,0.7414923021518032,39786,224.04507540144473,0.7601272534464475,0.990901322073091,0.9249167816881911,0.8181079833418226,0.0069464687386008115,0.0019194922852026907,0.6693006724076238,0.9975248919073745,DERMASON
13362,39433,744.37,279.8295103252245,179.984024834728,1.5547463758640832,0.765705170237917,39861,224.0706472689845,0.6934859836094404,0.9892626878402448,0.8943179744404819,0.8007398755355155,0.007096328210514657,0.0017996136610010764,0.6411843482726329,0.9968790417376501,DERMASON
13363,39439,740.9099999999999,267.54859978575666,187.8955797409358,1.4239217343731225,0.7118951252009043,39911,224.08769355948593,0.7757321846541178,0.9881736864523565,0.9028276383579326,0.837558835063713,0.006783858611672625,0.0020592915967352667,0.7015048021932841,0.9988879346101355,DERMASON
13364,39448,741.5959999999999,279.6156471418787,180.24677024432302,1.5512935225572253,0.7645003331326308,39909,224.11326056419037,0.7429701478481966,0.9884487208399108,0.9013637668019441,0.8015047185484363,0.007088208455229129,0.0018044322379946204,0.6424098138554083,0.9965661830610877,DERMASON
13365,39453,744.392,275.5972103112194,182.74398077786157,1.5081055427277115,0.7485453797433232,39919,224.12746319546915,0.7270566121185317,0.9883263608807836,0.8947186750960245,0.8132428588169387,0.006985456373690705,0.0018847579373239178,0.6613639474167473,0.9974066348594752,DERMASON
13366,39470,732.502,273.5847002406563,183.87531794986074,1.4878815889539756,0.7404635725217921,39842,224.17574541126626,0.7282153465803214,0.9906631193213192,0.9243987739526868,0.8194016157119609,0.006931459342301907,0.0019274881057202197,0.6714190078313722,0.9989919802260439,DERMASON
13367,39473,748.749,293.4344414177904,171.90056472425263,1.7070010321867846,0.8104392218433456,39937,224.1842647228638,0.7876955619412516,0.9883817011793575,0.8847844633199102,0.764001197813284,0.007433801368474411,0.0015623087789230104,0.5836978302601328,0.9963727987392332,DERMASON
13368,39509,734.501,272.74112512575607,184.6801438409519,1.4768297200409537,0.7358669700785014,39961,224.28647122138585,0.7697958070298496,0.9886889717474537,0.920282404931217,0.8223419593138782,0.006903265714792986,0.0019473506250532594,0.6762462980481881,0.998700631025237,DERMASON
13369,39520,731.357,272.9724152231642,184.91227303626815,1.4762265951358686,0.7356123117159422,39910,224.31769169624948,0.7980936225211034,0.990228013029316,0.928470169412584,0.8217595595249512,0.006907196741476827,0.0019429456348922334,0.6752887736706417,0.9968792470892877,DERMASON
13370,39528,744.617,284.7914944226189,177.33703813420775,1.6059335230753666,0.782468012789552,39961,224.3403947671741,0.7276877761413844,0.9891644353244413,0.8958778737086607,0.7877355860714793,0.007204804048335835,0.0017112907280276129,0.620527353563377,0.9965256790726673,DERMASON
13371,39529,738.594,263.6985494584631,191.05838347115187,1.3801987888078162,0.6892397837177754,40066,224.34323248949644,0.7341120974631357,0.9865971147606449,0.9105716843877395,0.8507564146644433,0.00667101493734886,0.002155721261902718,0.723786477092698,0.9989692190388181,DERMASON
13372,39536,735.628,276.6419012862644,182.1474791623032,1.5187797413312625,0.7526478136317383,39881,224.3630955407983,0.7317009975385412,0.9913492640605802,0.9180917598030891,0.8110235452316066,0.006997215228810815,0.0018674064127827915,0.657759190920044,0.9989913338438049,DERMASON
13373,39536,737.8789999999999,276.01642324185343,183.07848396958693,1.5076398780301534,0.748363905997046,39952,224.3630955407983,0.7045531497816983,0.9895875050060072,0.9124987769643667,0.8128613975415694,0.006981394760265415,0.001880130335573695,0.6607436516132333,0.9961634783273735,DERMASON
13374,39538,739.5210000000001,279.1041065778076,180.8455126872289,1.5433289022797945,0.7616828511836052,39945,224.36877037533287,0.7715484437506098,0.9898109901114032,0.9084970866667871,0.8038891764309608,0.007059135681567292,0.0018185113566798346,0.6462378079828486,0.9973574868058703,DERMASON
13375,39539,740.844,277.77634902474074,181.811906088759,1.5278226547448037,0.7560392954262877,39964,224.37160773877696,0.73416146761735,0.9893654288859974,0.905278089648707,0.8077419424891096,0.007025376186164059,0.0018447600494840386,0.65244704565608,0.9968233773746763,DERMASON
13376,39545,730.9229999999999,265.8705858057984,189.8815074587001,1.400192095397316,0.6999542133443675,39902,224.38863116600183,0.7277327935222672,0.9910530800461129,0.9301611314993529,0.8439768938181959,0.006723241517405446,0.0021041694092508332,0.7122969972990102,0.9973526251933175,DERMASON
13377,39552,733.996,274.3870669511085,183.78817707809415,1.492952763955636,0.7425293260120484,39936,224.4084901989342,0.7846684918462088,0.9903846153846154,0.9225521530166082,0.8178537446844034,0.006937375276878755,0.0019145977184751107,0.6688847476943013,0.9986133328379754,DERMASON
13378,39560,765.067,283.527061163596,178.1061084653734,1.5918997029723887,0.7780678227011242,40096,224.43118408483934,0.6975842003174043,0.9866320830007981,0.8493118966704432,0.7915688300219846,0.007167013679565116,0.0017356922885058289,0.6265812126623734,0.9974544463253114,DERMASON
13379,39561,723.4189999999999,263.85135414028775,191.27926874254953,1.3794038207842372,0.6888005778474617,39905,224.4340206592302,0.80082995951417,0.9913795263751409,0.9499424666696568,0.8506078029825095,0.006669481412003937,0.0021537201866559394,0.7235336344947316,0.9980450598879385,DERMASON
13380,39571,723.9639999999999,264.3090445803688,190.98279636053633,1.3839416409078416,0.6912937672911983,39867,224.46238443159052,0.8076703269788137,0.9925753129154439,0.9487525314458939,0.8492421619092114,0.006679362274907603,0.0021430926706530145,0.7212122495642311,0.9981156641047577,DERMASON
13381,39576,736.7919999999999,275.98128883867963,182.8354983718387,1.509451344494422,0.7490686607214214,39987,224.47656497380478,0.7849888924151063,0.9897216595393503,0.9161191426592575,0.8133760296518469,0.006973450799441066,0.0018827514117270268,0.661580565612202,0.9986236742547185,DERMASON
13382,39577,733.7309999999999,273.7498462036337,184.36317009495025,1.4848401991712756,0.7392116894621106,39963,224.47940097475208,0.784884182135491,0.9903410654855741,0.923802212988315,0.8200165373162223,0.0069168922910688956,0.0019292176180071955,0.6724271214720874,0.9984468209747818,DERMASON
13383,39578,734.744,275.54758760774683,183.22621600500005,1.5038655145300137,0.7468851360958945,39954,224.48223693987075,0.7054901960784313,0.9905891775541873,0.9212799331066358,0.8146768363634899,0.0069621402700426206,0.0018917511412991225,0.6636983477072244,0.998113057167445,DERMASON
13384,39579,746.9110000000001,273.39435805264935,184.63083458176345,1.48076218510282,0.7375176220705938,40043,224.48507286916208,0.7986883261023106,0.9884124566091451,0.8915320701586117,0.8211035314266856,0.006907561031169291,0.0019368508268973604,0.674211009321374,0.9983461673830952,DERMASON
13385,39580,753.356,279.38096102102895,180.67108990207723,1.546351224052791,0.7627583508432904,40118,224.48790876262746,0.7131531531531532,0.9865895607956529,0.8763652550258295,0.8035189940725069,0.00705863974282539,0.0018150365254950395,0.6456427738352933,0.9983904936210449,DERMASON
13386,39588,728.106,262.78894795274874,192.1252640046406,1.367800061663943,0.6822692431806846,39978,224.5105946207787,0.7684006211180124,0.9902446345490019,0.938391803714947,0.8543380395934583,0.0066380960885305835,0.0021814349795329455,0.7298934858963934,0.9983483550171973,DERMASON
13387,39594,738.419,274.80580087659723,184.1173872379454,1.4925575742689094,0.7423693064583977,39976,224.52760751017686,0.7720386077800526,0.990444266559936,0.912501353027877,0.8170410042071928,0.006940592031029884,0.0019078827910469862,0.6675560025558981,0.9963657678634811,DERMASON
13388,39603,743.7219999999999,286.05401162601686,176.79356714948207,1.6180114256315286,0.7861446022632387,40032,224.55312442748743,0.7563598166539343,0.9892835731414868,0.8997393045161968,0.7850025355388658,0.007223038952251517,0.0016919361032673782,0.6162289808024481,0.9970655317436332,DERMASON
13389,39608,751.252,279.7037375854125,181.1192237653773,1.5443072898089605,0.7620318700841019,40163,224.5672992398277,0.7873884261376061,0.9861813111570351,0.8819043706609924,0.8028755753442589,0.007061799070526472,0.001810039715238148,0.644609189484375,0.9954746703985657,DERMASON
13390,39621,739.4119999999999,276.7030457026375,183.34419840805154,1.5091998989071154,0.7489710265449491,40152,224.60414956530053,0.7901759004427427,0.9867752540346683,0.9106726790433178,0.8117154944751649,0.006983747146781694,0.0018701808862145665,0.6588820439710613,0.9943847141528392,DERMASON
13391,39623,732.4399999999999,272.91158904109346,185.14109104930978,1.4740735700234542,0.7346999619872452,39933,224.60981830953284,0.7899322169059011,0.9922369969699246,0.9281391894068913,0.8230131197386139,0.006887706358455782,0.0019493122859460161,0.677350595261886,0.9984646101152002,DERMASON
13392,39639,741.904,272.8724460708861,185.34876867578424,1.4722107301840242,0.7339064262693847,40045,224.65516311395365,0.7138689286293155,0.9898614059183418,0.9049761389465749,0.8232973550418253,0.006883938698526353,0.0019509387628870076,0.6778185348188653,0.9978917200779471,DERMASON
13393,39651,727.918,269.76244859622636,187.3495473037408,1.4398884463749118,0.7194943965940984,39979,224.689165711865,0.7743730958518865,0.9917956927386878,0.9403707048629731,0.8329149104372717,0.006803421063686322,0.002019806008208881,0.6937472480287286,0.9989186471409565,DERMASON
13394,39659,742.829,280.2756750897218,180.65044772257258,1.5514806557254985,0.7645658863417036,40165,224.7118312520545,0.7364990343188234,0.9874019668865928,0.9031791906813255,0.8017528855478443,0.007067139239257717,0.0018012978778022975,0.6428076894842946,0.997303695586486,DERMASON
13395,39661,749.249,287.2370130613675,176.08017540006895,1.6312853642310436,0.7900724091560918,40097,224.7174972798987,0.7066421979118412,0.9891263685562511,0.8878123463416923,0.7823417145473809,0.007242303851677152,0.0016735644980901204,0.6120585583209357,0.9984421682412951,DERMASON
13396,39688,750.145,287.8652303032496,177.0917121612194,1.6255149763371481,0.7883791514755188,40257,224.7939746778128,0.6668010752688172,0.985865812156892,0.886295695990119,0.7809000567418483,0.007253205762528966,0.0016637634454912298,0.6098048986194217,0.9912469953496262,DERMASON
13397,39695,736.5269999999999,276.07988684878694,183.39394301871755,1.5053926116884333,0.7474851348248291,40036,224.81379790453764,0.791730657997088,0.9914826656009591,0.9195351309494473,0.8143070488422487,0.00695502926939884,0.0018863900691101036,0.6630959697941723,0.9982197737685236,DERMASON
13398,39699,742.497,281.89566645408905,179.65569059401005,1.5690884353400372,0.7706052894146885,40047,224.82512467791767,0.7719035582344935,0.9913102105026593,0.9048988258986183,0.7975472894136661,0.007100825372278623,0.0017722066771174445,0.6360816788510862,0.9980684062169148,DERMASON
13399,39704,746.4409999999999,281.0192520426685,180.3174390552385,1.5584696273141998,0.7669932984916302,40160,224.83928234222086,0.7692337498789111,0.9886454183266933,0.8954743577285554,0.8000849789041586,0.007077857446168358,0.001789064678779095,0.6401359734680678,0.9976324720011921,DERMASON
13400,39704,736.8729999999999,271.65991893395807,186.48140432068848,1.4567668016205504,0.7271754315912995,40106,224.83928234222086,0.7577388449940837,0.9899765621104074,0.9188800844045595,0.8276498175532492,0.0068421297333759335,0.001980421178097282,0.6850042204959266,0.9978914073884292,DERMASON
13401,39709,739.117,280.3690589249793,180.79137990671845,1.5507877591820982,0.7643230160586759,40144,224.8534391151013,0.734535701072882,0.9891640095655639,0.9134240277489868,0.8019909186029948,0.007060592281975857,0.0018017672910894881,0.6431894335216753,0.997450300340682,DERMASON
13402,39710,737.023,276.88869790088137,182.97794791749047,1.5132353436695973,0.7505305610724183,40094,224.85627036272152,0.726291723822588,0.9904225071082955,0.918644901882795,0.8120817933970492,0.006972770030241283,0.0018706140850512558,0.6594768391669676,0.9979436613589661,DERMASON
13403,39722,744.336,286.9304966335523,176.5014251192129,1.6256554100894833,0.7884206178194306,40051,224.89024255394037,0.7024847466619507,0.9917854735212603,0.9009546322981703,0.7837795047668097,0.007223465501071253,0.0016815158950836606,0.6143103120925053,0.9986568823269405,DERMASON
13404,39728,736.791,270.41746295747544,187.6622650759155,1.4409794257150352,0.720001569635311,40140,224.90722672524006,0.8100481200554605,0.9897359242650723,0.9196401883589177,0.8317037822391222,0.006806722285478137,0.0020090581188337087,0.6917311813908615,0.9967704005097863,DERMASON
13405,39729,737.002,275.71043065977676,183.74738508513215,1.500486281924704,0.7455491818466157,40096,224.91005729576275,0.7223191883931493,0.9908469672785315,0.9191368220919227,0.8157473649348398,0.006939777760824001,0.0018956058657864496,0.6654437633981347,0.9984892383712496,DERMASON
13406,39746,737.813,276.8976019802112,183.3709460140563,1.5100407561783842,0.7492972833267418,40165,224.95817154538702,0.6988184823123988,0.9895680318685423,0.9175097459145989,0.8124236899728149,0.00696667845771175,0.0018721293171897544,0.6600322520290445,0.9966756009560601,DERMASON
13407,39746,739.528,281.0465798743033,180.76171780257891,1.5547903797929807,0.7657204609757277,40098,224.95817154538702,0.7941258741258741,0.9912215073070976,0.9132591842851712,0.8004302050072926,0.007071065764461915,0.0017904348158736603,0.6406885130880166,0.9961363365931173,DERMASON
13408,39761,738.761,280.0282832129115,181.26185299959556,1.544882602593367,0.7622367166664643,40191,225.00061675074315,0.7554816644499335,0.9893010873081038,0.9155018822184657,0.8034924692934333,0.0070427877370516714,0.0018107212774243942,0.645600148211259,0.9973764372032733,DERMASON
13409,39762,743.167,280.96868949489107,180.91896341871723,1.5530085082602405,0.7651000011333557,40135,225.003446146408,0.8080721863187417,0.9907063660147004,0.9047013772939371,0.8008132384818605,0.007066261493257156,0.001792645616578767,0.6413018429278052,0.9959472184298539,DERMASON
13410,39778,736.2860000000001,275.137348131719,184.35157064183068,1.492460016336245,0.7423297785852554,40163,225.04871163922556,0.7862507906388362,0.9904140626945198,0.9220611459399997,0.8179504279131379,0.0069168220657579325,0.0019098282019652444,0.6690429025232855,0.9985197812295513,DERMASON
13411,39797,755.236,287.8634352649691,176.49778281499445,1.6309747956817593,0.7899818255318722,40299,225.10245258953816,0.6824370670141985,0.987543115213777,0.8767884744796729,0.7819765382231979,0.007233294853003219,0.0016683640521818156,0.6114873063315365,0.9973203845060671,DERMASON
13412,39801,735.811,278.52070371620846,182.19903716253214,1.5286617759003402,0.7563501909759012,40116,225.11376483903467,0.709048153492598,0.992147771462758,0.9237858290101331,0.8082478675208598,0.006997831806140762,0.0018421353323622121,0.6532646153520173,0.9986206470368675,DERMASON
13413,39810,737.018,271.0841100737374,187.7084631716863,1.4441762800316154,0.7214790690341897,40176,225.13921532222417,0.713837436568703,0.9908900836320191,0.9209707819526839,0.8305142461540228,0.0068094476280768,0.0019983888261467233,0.689753913064785,0.9961262403071515,DERMASON
13414,39814,740.2659999999998,278.4356844717033,182.38166458757988,1.526664893103869,0.7556092905855006,40185,225.15052572464884,0.7372962962962963,0.9907676993903197,0.9129985131214897,0.8086266893262752,0.00699341147515204,0.0018444255527927198,0.6538771226907725,0.9982512476157738,DERMASON
13415,39823,725.562,260.31875619943423,195.1187592001997,1.3341554511031752,0.6619614949826127,40183,225.1759720529444,0.7630096566523605,0.9910409874822687,0.9505933663774613,0.865000952449364,0.006536894663873496,0.002257447152553554,0.7482266477383068,0.9982506607407172,DERMASON
13416,39833,749.6539999999999,284.9411729184423,178.37363304921948,1.5974399806041801,0.779821764296788,40259,225.20424237885868,0.6984814477098968,0.9894185151146327,0.8906993902833029,0.7903534616365115,0.007153394746025715,0.0017217789472300149,0.6246585943208168,0.99785461279608,DERMASON
13417,39834,739.577,272.72836412892167,186.47338181265758,1.4625592214706604,0.7297322718733394,40256,225.20706921626697,0.7780078125,0.9895170906200318,0.9151599160291555,0.8257559492778285,0.006846622586958921,0.0019636450921919194,0.6818728877677277,0.9972794798755189,DERMASON
13418,39857,755.3919999999999,283.6236683027876,179.43088471210424,1.5806847787540035,0.7744482985865232,40330,225.27207668619155,0.6921540705751598,0.9882717579965287,0.8777477168014725,0.7942640261097612,0.007116031520254601,0.001746936815470117,0.6308553431720876,0.9971834385477523,DERMASON
13419,39870,744.509,277.71413283213735,183.17191423520586,1.5161392727245975,0.7516431319417752,40379,225.30881174199766,0.7292581211589113,0.9873944377027662,0.9038912775157965,0.811297608243021,0.006965491167096497,0.0018614539259076664,0.6582038091408463,0.9979286444953624,DERMASON
13420,39875,736.752,270.44332636834037,188.56586768022336,1.43421144926911,0.7168307063705023,40255,225.32293901490502,0.7728162490067252,0.990560178859769,0.9231407304375203,0.8331613948129674,0.006782277777262455,0.0020159134809909977,0.6941579098066895,0.9955692218454681,DERMASON
13421,39892,739.2379999999999,272.1477553457761,187.42758876239546,1.452015453769624,0.7250484098555025,40287,225.37096511879054,0.7986386386386386,0.9901953483754065,0.9173331913511336,0.8281198749276711,0.006822113590338316,0.0019791173243668804,0.6857825272502218,0.9957668274925101,DERMASON
13422,39899,748.9419999999999,275.24229548865924,185.80169400812844,1.4813766739748775,0.7377740349972106,40514,225.39073759892676,0.7005724118555977,0.9848200622007207,0.8938723484279903,0.8188811868422071,0.0068984760392155,0.0019134472651418054,0.6705663981641019,0.9933614205916506,DERMASON
13423,39900,745.2349999999999,284.43190981837097,179.22816913238003,1.5869821758224079,0.7764922510930381,40298,225.39356209735226,0.7888493475682088,0.990123579333962,0.9028098172114093,0.7924341619802128,0.007128619293693508,0.0017339554838267923,0.6279519010732821,0.9965484742770948,DERMASON
13424,39939,745.006,269.4404149026464,189.13298024675177,1.4246083076104537,0.7122288563098953,40496,225.50368994137915,0.721806549555411,0.9862455551165548,0.9042479022712342,0.83693342746246,0.006746298477744721,0.002041780120234072,0.7004575620040607,0.9978776619595495,DERMASON
13425,39949,763.4309999999999,264.16017364709614,193.6616978603504,1.3640290081396593,0.6800968925307725,40617,225.53191918800542,0.7570686779866586,0.9835536844178546,0.8613431308157545,0.853769575005292,0.00661243519605237,0.0021672244335912143,0.7289224872047171,0.9942714172325439,DERMASON
13426,39956,745.1659999999999,273.86740198193695,186.56400127775646,1.4679541610720666,0.7320785916508442,40504,225.55167755846588,0.7959996812495019,0.986470472052143,0.9042443557515898,0.8235798635623756,0.00685422469671481,0.0019451852990938112,0.678283791665421,0.9956895143629936,DERMASON
13427,39959,759.4939999999999,290.43125429137365,175.55543823581755,1.6543563515318016,0.7966319337954451,40384,225.56014490169215,0.6887582735797021,0.989476030110935,0.870514041301404,0.7766386763436972,0.0072682312943610616,0.0016311149184012306,0.6031676335928902,0.9978542056728043,DERMASON
13428,39967,744.252,279.12619090503074,182.64220651583955,1.5282677330161563,0.7562042772354272,40433,225.58272292981624,0.7136964285714286,0.9884747607152573,0.906716238755278,0.8081746904451829,0.006983916503741355,0.0018378065009428657,0.6531463302761673,0.9981824614989798,DERMASON
13429,39981,735.873,265.1415599920132,192.33029975814497,1.378574048527082,0.6883410328529949,40402,225.62222904238965,0.7917656844106464,0.9895797237760507,0.9278072878029398,0.850950070027445,0.006631689052100077,0.0021449651029097267,0.7241160216797138,0.9982475556103272,DERMASON
13430,39997,743.153,274.3001733996998,186.07361661202552,1.4741486643516575,0.7347318697992506,40469,225.66737041666502,0.7046687808315716,0.988336751587635,0.9100826006359668,0.8227022521339463,0.006858018686393975,0.0019379794679803203,0.6768389956662674,0.9977613014425453,DERMASON
13431,40000,742.2359999999999,280.96379496019864,181.5970177017791,1.5471828696085799,0.7630529237340363,40340,225.6758334191025,0.7140434495439048,0.991571641051066,0.9124011540447582,0.803220334673625,0.007024094874004966,0.0018034699508611932,0.6451629060332101,0.9981849963214727,DERMASON
13432,40001,738.67,275.1721432526819,185.5011459939703,1.4833986161014139,0.7386148742666774,40428,225.67865434938955,0.7313866744679295,0.989438013258138,0.9212548564585807,0.8201362669990762,0.006879131603026972,0.0019198064619589232,0.6726234964471799,0.9977687637870409,DERMASON
13433,40003,737.4179999999999,273.0494327854796,187.2578284777143,1.4581469570868992,0.7277882318070129,40438,225.68429610418335,0.8055052152551246,0.9892427914337999,0.9244319724537048,0.82653274098354,0.006825723890345215,0.001965027923127071,0.6831563719177637,0.9961423849264134,DERMASON
13434,40015,735.334,273.6388999704789,186.47876662593276,1.4673997738272535,0.7318390201331448,40395,225.7181436716542,0.7942005398539219,0.9905928951602921,0.9299581203262649,0.8248759357533063,0.006838408096225888,0.001952941856537471,0.680420309384893,0.9984486080988618,DERMASON
13435,40061,745.2429999999999,275.2334614882295,185.59633625852877,1.4829681826522674,0.7384362436351762,40522,225.8478456873905,0.7903136713355692,0.9886234637974434,0.9064332730286007,0.8205682712639538,0.006870359239365706,0.001921401341751298,0.6733322878051137,0.998530359167443,DERMASON
13436,40061,756.8059999999999,278.5365623896397,183.42177853427367,1.518557744971343,0.752563598683171,40567,225.8478456873905,0.7078915747808877,0.987526807503636,0.8789466534224182,0.8108373412444722,0.006952811022931022,0.001853852392719149,0.6574571939564047,0.9983867138696247,DERMASON
13437,40069,740.945,274.33229789760895,186.52870760904423,1.4707242730303858,0.7332704394462943,40527,225.87039495691602,0.7488412947596621,0.988698892096627,0.9171627852920959,0.8233459810890341,0.0068464972397017385,0.001940786130847713,0.6778986045754642,0.9970019324025625,DERMASON
13438,40069,743.4789999999999,283.2914062461369,180.51222555953214,1.5693751787061572,0.7707015775911035,40399,225.87039495691602,0.8143112628541235,0.9918314809772519,0.910921506390369,0.7973076132096616,0.0070700892521933885,0.0017624154981442698,0.6356994300820874,0.9976509066884781,DERMASON
13439,40089,759.097,278.47188107025914,183.6644729635306,1.5161989500579895,0.7516659116523079,40639,225.9267582843784,0.7164891335430369,0.986466202416398,0.8742598559341256,0.8113090535966053,0.006946341417103424,0.0018564411125602373,0.6582223804478196,0.9979960821396545,DERMASON
13440,40098,755.262,294.8817146401059,174.2631647465524,1.6921632008059797,0.8067011917869991,40725,225.95211719475114,0.6894903363367494,0.9846040515653776,0.8833591398874561,0.7662466201762249,0.007354025503519025,0.001563792702052085,0.5871338829314878,0.9935263506429898,DERMASON
13441,40111,757.2359999999999,289.8581594765889,177.10406519575287,1.6366544672828889,0.791628652494321,40573,225.98874170823666,0.7317255595891785,0.9886131170975772,0.8790444737651506,0.7796528554390727,0.007226400724903117,0.0016470504375933302,0.6078585749942996,0.9948544522406314,DERMASON
13442,40125,738.3779999999998,275.63744310056234,185.81265728079825,1.4834158616225037,0.7386220270486528,40508,226.0281768552284,0.7746138996138996,0.9905450775155524,0.9248417198482061,0.820019857653248,0.0068694689869299025,0.0019160216302509677,0.6724325669456533,0.9974971356787181,DERMASON
13443,40127,738.7259999999999,276.12580639905207,185.5911693309753,1.487817590645281,0.7404373306139351,40512,226.03380988601654,0.7540968202661054,0.9904966429699842,0.924016628426604,0.8185899493919686,0.00688129704186837,0.0019059684192327022,0.6700895052455458,0.9969709532111163,DERMASON
13444,40153,735.215,273.85296585508576,186.88507041824099,1.4653549651784075,0.7309523471945641,40539,226.10702651565472,0.7212552316286757,0.9904783048422506,0.9334673770453406,0.8256511877081636,0.006820236740843418,0.001955085039976312,0.6816998837639011,0.9989323094349759,DERMASON
13445,40161,742.62,276.3299453596958,185.83830803179353,1.4869374796095367,0.7400760109815395,40661,226.1295499400927,0.8091755319148937,0.9877032045448956,0.915126432060701,0.8183316854991675,0.006880554402522243,0.001903358801319406,0.6696667474919082,0.9957525856939341,DERMASON
13446,40166,742.872,282.61898760321714,181.34209606800954,1.5584852813062515,0.7669986902502499,40466,226.14362594119814,0.7459282782699129,0.99258636880344,0.9146195266401124,0.8001713821814846,0.007036274152348183,0.0017793221082155087,0.6402742408622277,0.9978579803833154,DERMASON
13447,40177,738.4449999999999,275.15067635981694,186.59018627828786,1.4746256587656037,0.7349344000791811,40534,226.17459006003443,0.7771179883945841,0.9911925790694232,0.9258722347552297,0.8220026679646026,0.006848462462598425,0.0019287047537912918,0.6756883861409249,0.9963874315333288,DERMASON
13448,40201,740.834,270.13320368888293,189.91355114486205,1.422400887458689,0.7111535868929679,40625,226.24213342765816,0.7694707627524165,0.9895630769230769,0.9204599756742514,0.8375206392185136,0.006719564281706498,0.002039402506297497,0.7014408211169876,0.9977300464565547,DERMASON
13449,40204,750.526,278.12426365528427,184.4035791473984,1.5082367974700348,0.7485964925983473,40650,226.25057493083298,0.7790868924889544,0.9890282902829028,0.8969074773818111,0.8134873669679351,0.006917825680412005,0.001868756123555438,0.6617616962164241,0.9980933413897976,DERMASON
13450,40213,745.819,273.63627716382143,188.21926954677681,1.4538164866048242,0.7258578618724425,40579,226.27589755083306,0.8110730133118192,0.9909805564454521,0.908467618631386,0.8269221460550916,0.006804672050427012,0.0019626617302573954,0.6838002356363582,0.994120056112401,DERMASON
13451,40221,746.896,278.57798997073434,184.31878108940387,1.5113923189173544,0.7498202593078033,40658,226.2984041675791,0.8036163836163837,0.98925180776231,0.9060297557205124,0.812334112222407,0.006926182590456089,0.0018604262671459218,0.6598867098801662,0.997347704668528,DERMASON
13452,40223,738.399,276.8571285002179,185.23042377673772,1.4946633649875998,0.7432201207708221,40546,226.3040304720233,0.7294042977604497,0.9920337394564198,0.9270477907427939,0.817403661223934,0.00688305517987763,0.0018954281594347618,0.668148745382292,0.9986574520853394,DERMASON
13453,40234,760.325,277.2965658224425,186.018107745085,1.4906966272468671,0.7416135973619962,40724,226.3349726464616,0.7896451562254672,0.9879677831254298,0.874590054419441,0.8162198906977721,0.006892095387543931,0.0018869471577012337,0.6662149099706832,0.9931243193148727,DERMASON
13454,40236,748.7829999999999,293.45320150567545,174.77792217116263,1.6790061230862576,0.8032882575185929,40494,226.34059804189792,0.7451111111111111,0.9936286857312194,0.9018051514482393,0.7713004897563553,0.007293299570177837,0.0015922022881129797,0.5949044454983937,0.9988482066430381,DERMASON
13455,40264,735.377,272.4915593983427,188.46430856869887,1.4458523285803704,0.7222485806315053,40629,226.4193389028786,0.7763231466306758,0.9910162691673435,0.9356355103746101,0.8309223940837255,0.006767622675301577,0.0019900214361689016,0.69043202498983,0.9982627510580061,DERMASON
13456,40274,744.945,269.231279785269,191.07090487023504,1.4090647656068633,0.7045134997661295,40742,226.44745400349268,0.7938892174255865,0.98851308232291,0.9119818824002861,0.8410889484464826,0.006684989814403065,0.0020637078629682525,0.7074306191988102,0.9968155596244896,DERMASON
13457,40304,749.929,291.1140433377807,176.60415595890865,1.6483985994390506,0.7949695095820962,40623,226.53177836896526,0.6940349910455985,0.9921473057135121,0.9005705021508182,0.778154759460091,0.007222956613184317,0.001633648736632275,0.6055248296703922,0.9981462811542442,DERMASON
13458,40320,744.0089999999999,282.373474140602,182.17502072089306,1.5500120325125206,0.7640506342875322,40675,226.5767385318311,0.8102568224749809,0.9912722802704363,0.9153222285479828,0.8024009309706333,0.007003310370550645,0.001790807200842107,0.6438472540225392,0.9979709908350809,DERMASON
13459,40325,747.3009999999999,283.6691998276769,181.2849573980453,1.5647696527011212,0.7691471666344901,40736,226.5907867532249,0.798530663973544,0.9899106441476826,0.9073881707959551,0.7987852995350714,0.00703457408128151,0.0017665983691878642,0.6380579547533336,0.9984137242625616,DERMASON
13460,40335,740.017,271.18930146561956,189.74440585319667,1.4292347658219553,0.7144611484232193,40733,226.61888058344297,0.7891801995695559,0.9902290526109052,0.9255684279785245,0.8356483067683734,0.006723423861797932,0.0020223876474970556,0.6983080926048497,0.9980462032056685,DERMASON
13461,40341,740.654,274.77308746176044,187.1601140598639,1.4681177602503126,0.7321492221672804,40749,226.63573520996462,0.7569377990430622,0.9899874843554443,0.924114486489315,0.8248105274920893,0.006811261184942377,0.0019445722263060398,0.6803124062617786,0.9987787261515432,DERMASON
13462,40350,739.414,271.1524120383831,189.7138296627797,1.4292706679337093,0.7144783595406167,40740,226.661014799775,0.7754843173431735,0.9904270986745214,0.92742343245141,0.8359173834960756,0.006720010211608007,0.0020239655816703993,0.6987578720309251,0.9987141304815779,DERMASON
13463,40358,746.391,268.07596612249637,192.38909798866547,1.393405182128823,0.6963871204596195,40848,226.68348317956844,0.7997542754097061,0.9880043086564826,0.910346468815673,0.8455942039801742,0.006642449232432141,0.002094864786268146,0.7150295578048644,0.9963258912205788,DERMASON
13464,40369,760.1889999999999,276.6144812116159,186.124849922251,1.4861770544189272,0.7397631675118748,40986,226.7143735659779,0.7277496349443854,0.9849460791489777,0.8778386400437671,0.8196041384852033,0.006852150937888377,0.0019073186451678903,0.6717509438220725,0.9983408389926218,DERMASON
13465,40390,729.1540000000001,258.93701275943425,199.15317887828525,1.3001902064424822,0.6391065143914291,40689,226.77333443739195,0.7426816710797294,0.9926515765931825,0.9546522313833851,0.8757857056460135,0.006410918860099883,0.002326437838622879,0.7670006022138861,0.9972466713339806,DERMASON
13466,40393,741.285,275.6375478738627,186.94762237252954,1.474410556153537,0.734843099452312,40818,226.78175616765876,0.7320755400898942,0.9895879268949973,0.9237310650083079,0.8227534960927699,0.006823893938896905,0.001928816783940655,0.6769233153328755,0.9980628818332411,DERMASON
13467,40407,760.877,294.3865619121842,175.6200236002968,1.6762699143133852,0.8025665208722472,40842,226.82105344106336,0.6709005778043435,0.9893491993536065,0.8770766699190446,0.7704871172371118,0.0072855337419799595,0.0015838084766030788,0.5936503978283548,0.9951183014998434,DERMASON
13468,40410,737.4859999999999,274.3634806930694,187.91609159475576,1.4600318597767503,0.7286215099728497,40746,226.8294733996178,0.7790630422209369,0.9917537917832425,0.9336651610986868,0.8267480527168705,0.006789494696685707,0.0019566355450707736,0.6835123426711373,0.997949796850504,DERMASON
13469,40443,753.761,278.6161751535683,185.16160587890639,1.5047189390643985,0.7472207324111643,40926,226.92207232379178,0.737150043744532,0.9881982114059522,0.8945114443917778,0.8144612286013774,0.006889107513131278,0.0018699258511014382,0.6633470928948652,0.9981509338522142,DERMASON
13470,40448,747.503,282.4991848909324,182.87342541120154,1.544779862113462,0.7622001555862638,40849,226.93609916769051,0.7051603905160391,0.9901833582217435,0.9096640597006388,0.8033159432134512,0.006984255955570915,0.0017940950793716686,0.6453165046209169,0.9968719410278413,DERMASON
13471,40465,743.838,273.31106005688855,189.0883752274223,1.4454143980462526,0.7220478542686174,40916,226.98378395318983,0.7913211827284106,0.9889774171473262,0.9190363445483682,0.8304961530131423,0.006754258249274399,0.001982019508891702,0.6897238601696286,0.9969367981652216,DERMASON
13472,40467,747.2679999999999,261.26266863304653,197.92311313132987,1.3200210147244822,0.6527612465709395,41031,226.98939326937244,0.7486956521739131,0.9862542955326461,0.9106638633394465,0.8688167906153779,0.006456190689525948,0.0022691799295000226,0.7548426156552055,0.9964081154744666,DERMASON
13473,40477,746.764,278.4408787108953,185.5103759259132,1.5009450405194344,0.7457312188489394,40823,227.01743777129806,0.7832236842105263,0.9915243857629278,0.9121188566331216,0.8153164823438512,0.0068789900118807045,0.0018750347885275738,0.6647409663815513,0.9977396567204855,DERMASON
13474,40489,739.8019999999999,269.4193377312671,192.04761916845266,1.4028777805099921,0.7013465451444819,40877,227.05108660119203,0.7846097201767305,0.9905081096949385,0.929642377212029,0.8427423529177577,0.0066541366230647115,0.00207038330954449,0.7102146734013585,0.9963443847069267,DERMASON
13475,40504,742.174,272.93836725854277,189.44463372551317,1.4407289448694751,0.7198852599002268,40914,227.0931406272612,0.7866381821712954,0.9899789803001418,0.9240517767849298,0.8320308460413176,0.006738553408516265,0.001992067942803207,0.6922753287642308,0.9973811039696592,DERMASON
13476,40535,750.716,281.52237435927304,184.15814825721537,1.5286989852117114,0.756363962267771,40902,227.18002761211164,0.7848319392812887,0.9910273336267175,0.9038340475201155,0.8069697057974837,0.006945167740453263,0.0018167343483069971,0.6512001060748777,0.9954889413264243,DERMASON
13477,40536,751.453,284.8866745548854,181.5916585355009,1.568831282518357,0.7705188825661274,40936,227.182829864813,0.8059007137318833,0.9902286495993746,0.9020842703431471,0.7974498288478025,0.007027991774099206,0.0017531718305498455,0.6359262295293894,0.9976609622596551,DERMASON
13478,40537,744.3330000000001,278.4353278925532,185.95859004343134,1.497297478043491,0.7442779874268979,40961,227.1856320829495,0.7983181692859113,0.989648690217524,0.9194474681672027,0.8159368058733528,0.006868671285308562,0.001877926505440402,0.6657528711788093,0.9968300950162443,DERMASON
13479,40544,759.063,285.08834666747515,181.52083864193574,1.5705543716103831,0.7710968692463751,41076,227.20524664219892,0.7758726270667483,0.9870483980913429,0.884261694442374,0.7969643420999223,0.007031579189706865,0.0017497991334915167,0.635152162578762,0.9975410055758634,DERMASON
13480,40548,737.736,266.8840825738802,193.7009572251193,1.3778149906802344,0.6879196540592868,40969,227.21645420154186,0.7302393430223134,0.9897239376113647,0.936218779927794,0.8513675750543971,0.006581929628437413,0.0021330518892534183,0.7248267478540045,0.9986771588392496,DERMASON
13481,40549,766.1160000000001,292.2907619510216,177.6857510604835,1.644987063996634,0.7940078412309652,41106,227.21925600500083,0.7103391493238035,0.9864496667153214,0.8681623494130754,0.7773740589279226,0.007208334655627058,0.0016238087605221802,0.6043104274940733,0.9940828358660264,DERMASON
13482,40551,746.337,280.6973934692482,184.7203999440138,1.5195798274274184,0.752950944395308,40961,227.22485950827559,0.723969863600657,0.9899904787480774,0.9148322951163599,0.8095011382183326,0.006922083141457626,0.0018335232821181664,0.6552920927767761,0.9957686452562855,DERMASON
13483,40552,741.016,276.3576019232196,187.45128375654468,1.4742902603011425,0.7347920173236072,40892,227.22766120809393,0.8192985291740746,0.9916854152401448,0.9280405900357942,0.8222233064217448,0.006814894503926307,0.0019213126042055143,0.6760511656231063,0.9966956489433803,DERMASON
13484,40556,753.8280000000001,284.1652439607121,182.29395549394576,1.5588297658621468,0.7671172915552097,41011,227.23886766193687,0.7663498422176451,0.9889054156201995,0.8968513143165775,0.7996715731124187,0.007006737448483876,0.0017674300660120825,0.6394746248440905,0.9968320797204977,DERMASON
13485,40567,752.324,277.697930307947,186.6841723077596,1.4875279830908534,0.7403185257626955,41003,227.269682560766,0.7052799944366209,0.9893666317098749,0.9006849853790007,0.8184061087842474,0.006845414507061084,0.0018943270604778995,0.6697885588953734,0.9963292241109638,DERMASON
13486,40581,747.872,280.0538784175573,184.7775286114716,1.515627362926915,0.7514475895389591,41011,227.30889548123196,0.7736345438947669,0.9895150081685401,0.9117548061630326,0.811661301623957,0.006901108361488315,0.0018475575286549023,0.6587940685538961,0.9984863168342347,DERMASON
13487,40623,754.292,292.671988285232,177.0996213347735,1.652583930329194,0.7961396056944934,40977,227.426493676037,0.7210714095532244,0.9913610073943919,0.8972280729919813,0.7770695617593302,0.007204588245211628,0.001620423447780183,0.6038371038128375,0.9978914942976167,DERMASON
13488,40633,750.263,268.3977997799982,193.16013581896237,1.3895092724077998,0.6943074273743568,41121,227.45448428471104,0.7553304210428479,0.9881325843243112,0.9071136321799439,0.8474528646328405,0.006605414312996781,0.002101561163518612,0.7181763577744075,0.9979127083516007,DERMASON
13489,40643,761.6619999999999,284.2379577908855,182.4919251050981,1.557537176656947,0.766671769452915,41193,227.4824714492772,0.6947521367521368,0.9866482169300609,0.8803817752669204,0.8003240426341529,0.006993527982454187,0.00176986252975294,0.6405185732182734,0.9976314901267255,DERMASON
13490,40649,750.717,279.02152760879534,185.99876678422035,1.5001256859541006,0.7454059476290978,41076,227.4992620953739,0.7578678499515251,0.9896046353101567,0.9063735615661223,0.8153466295057394,0.006864167079357311,0.0018712711835292741,0.6647901262463696,0.9972687441508483,DERMASON
13491,40666,737.6619999999999,270.0060217708246,192.115569104505,1.4054354003133893,0.7026625277831144,40998,227.54682886430243,0.7274516117491324,0.9919020440021464,0.9391316927117211,0.842747237161397,0.006639601184547892,0.002065908612389906,0.7102229057431678,0.9981724138448875,DERMASON
13492,40690,750.562,281.80486663962415,184.16589514803988,1.5301685820444562,0.7569068620996954,41062,227.61396502691517,0.7621277392770182,0.9909405289562125,0.9076625317408934,0.8077006183076,0.0069256541322099815,0.00181820238515194,0.6523802888144793,0.9982518214890045,DERMASON
13493,40690,760.9689999999999,290.7023560366399,180.49458309491098,1.6105877032541052,0.7838966200722437,41649,227.61396502691517,0.6723952738990333,0.9769742370765204,0.8830059373357925,0.782979429992053,0.007144319391414105,0.0016563115681403437,0.6130567877906804,0.9873817238121312,DERMASON
13494,40699,745.8069999999999,275.1003876931641,188.77339858865088,1.4573048414126675,0.7274145941157437,41082,227.63913598319687,0.7162038503501919,0.990677182220924,0.9194766227648519,0.8274766091463905,0.00675938936320706,0.0019548351125137963,0.6847175386844082,0.9978421841249535,DERMASON
13495,40708,752.843,275.1620321597973,188.60599425483818,1.458925169621107,0.7281327712539417,41209,227.66430415653437,0.7845359235275979,0.9878424615981946,0.9025697971811301,0.8273826965499398,0.006759409260091317,0.001953953576748486,0.68456212655025,0.998724916593509,DERMASON
13496,40713,745.17,271.82299932758355,191.12992171779334,1.4221896649386743,0.711050349021677,41121,227.67828527288825,0.7382899628252788,0.9900780623039322,0.9213661333333641,0.8375975757610749,0.006676565208350737,0.002027096876977936,0.7015696989208294,0.997765175039341,DERMASON
13497,40720,767.737,302.3224205337598,171.92081358841205,1.7584980795724734,0.8225677671109863,41175,227.69785739355527,0.7891472868217054,0.988949605343048,0.868145844367783,0.7531623258094703,0.007424420936487225,0.0014736579829889105,0.5672534890187305,0.9975141710702228,DERMASON
13498,40720,762.9399999999999,299.98165728712684,173.55389937939717,1.7284639432465445,0.8156480745648346,41121,227.69785739355527,0.7941491955143832,0.9902482916271491,0.8790971322509182,0.7590392674429914,0.007366936573848891,0.0015084248172643896,0.576140609520393,0.995838269796086,DERMASON
13499,40727,749.229,282.8626270150838,183.69909173019994,1.5398150548862046,0.7604225397579202,41210,227.717427832015,0.7758114903992686,0.9882795438000486,0.9117234528327218,0.8050460049636458,0.006945334225822766,0.0017995159867309585,0.6480990701079264,0.997952705209935,DERMASON
13500,40748,760.4449999999999,294.9468401928169,176.4278662196475,1.6717701489719134,0.8013704630443002,41191,227.77612905848673,0.7716693494934191,0.9892452234711466,0.8854836449248297,0.7722616350444087,0.007238314523235911,0.0015880897908719408,0.5963880329614637,0.9970237107090524,DERMASON
13501,40754,760.0709999999999,276.56933502922516,187.86391113564545,1.4721791607411534,0.733892944892526,41237,227.79289805904136,0.7650747165277465,0.988287217789849,0.8864857929398283,0.8236375809160854,0.00678631140573257,0.001926451876396946,0.6783788646973012,0.9986952276946095,DERMASON
13502,40771,769.3979999999999,302.3634984933629,172.32836980234103,1.7545776057660785,0.8216878783701929,41248,227.8404035249177,0.7799778083868993,0.9884358029480217,0.865484155361563,0.7535314436438794,0.007416141338043288,0.0014749023871458097,0.5678096365600289,0.9962660726464028,DERMASON
13503,40774,732.684,262.44896810199174,198.01254531121066,1.3254158603411121,0.6563228279138399,41143,227.8487858142578,0.7394095459161468,0.991031281141385,0.9544644716608014,0.8681641519189065,0.006436674550007155,0.00225553053013135,0.7537089946770741,0.9989778556267489,DERMASON
13504,40775,749.3279999999999,282.0899105734342,184.29926398231527,1.5306079062828086,0.7570687787191261,41159,227.85157984217767,0.7762526652452025,0.9906703272674263,0.9125568123934801,0.8077267966762777,0.006918207494136952,0.0018164828849522668,0.6524225780689209,0.9986031562297032,DERMASON
13505,40781,738.776,272.52383903687354,191.0332715305748,1.4265778775256759,0.713182694684676,41146,227.86834329025316,0.7756876022368471,0.9911291498566082,0.9389493770787531,0.8361409559455887,0.006682617862163104,0.0020148576861654527,0.6991316982096029,0.9973658141427767,DERMASON
13506,40783,751.422,284.9988079234692,182.63731034332545,1.560463233868931,0.7676783547538031,41172,227.87393083223483,0.759799537968552,0.9905518313416886,0.9076558709976141,0.7995609963864335,0.006988176640351842,0.0017617733610433073,0.6392977869424664,0.997600692017492,DERMASON
13507,40786,783.4989999999999,295.34924838985114,177.0629935608801,1.6680461707448786,0.8003719177225361,41318,227.88231188832611,0.7274640602147469,0.9871242557723027,0.8349185033102785,0.7715689582102104,0.007241436973222457,0.0015830823427109106,0.5953186572735896,0.9930190066381938,DERMASON
13508,40787,755.1429999999999,284.71161825357115,182.81386215075165,1.5573852819694425,0.7666193254013103,41205,227.88510550519328,0.7723640357521587,0.9898556000485378,0.8988210296792909,0.8004067656355113,0.006980450100609781,0.0017672833809323789,0.6406509904751004,0.997740423445067,DERMASON
13509,40788,738.7599999999999,270.1903939303393,192.5004810640101,1.4035829543745184,0.7017103462822569,41174,227.88789908781428,0.760572835086149,0.990625151794822,0.9391512251789749,0.8434344973292,0.006624261889044311,0.002067867450083059,0.7113817512849602,0.9984833001566633,DERMASON
13510,40803,745.847,281.13458720812895,185.36833789211303,1.5166267896934653,0.7518291253652744,41194,227.9297987184406,0.7663398692810458,0.9905083264553091,0.9217273300839232,0.8107497586189923,0.006890046986940395,0.001836323781013895,0.6573151711007543,0.9969017977633481,DERMASON
13511,40807,749.016,276.40956271886023,188.76884504205674,1.4642753292116482,0.7304822587192975,41177,227.94097065250858,0.742080378250591,0.9910144012434126,0.9140339818639981,0.8246493660002289,0.006773582050110526,0.0019323041041879653,0.6800465768445795,0.995775425188351,DERMASON
13512,40813,743.968,276.85442139964164,188.37173908410395,1.4697237640091652,0.7328409686951195,41177,227.95772752700486,0.8019058846645054,0.9911601136556816,0.9266161635200387,0.8233848185431216,0.006783486178414761,0.0019232871424585012,0.6779625594072893,0.9964176846693688,DERMASON
13513,40834,750.3299999999999,278.3408373627306,187.3299607243195,1.4858319314567385,0.7396209796464154,41275,228.0163668900012,0.7471091920374707,0.9893155663234403,0.9114380738925503,0.8191983937766661,0.006816399014613572,0.001893612606208128,0.67108600836627,0.9971210199844478,DERMASON
13514,40851,744.001,281.38155552464076,185.35983510857878,1.518028732383232,0.752362729268358,41236,228.06382580754916,0.8058985993292562,0.9906634979144436,0.9273966390624282,0.8105144823096888,0.006887996757108535,0.001833647343866367,0.656933726033743,0.9972442713907962,DERMASON
13515,40869,758.3119999999999,285.19166595372326,183.16926059934852,1.5569843161486103,0.7664807945893413,41307,228.11406566404747,0.7316326530612245,0.989396470331905,0.8931163052875936,0.7998623133014781,0.006978190461076201,0.0017619091903511598,0.639779720239992,0.9961269902036131,DERMASON
13516,40906,747.915,278.3183814056201,188.1656213441918,1.4791138754114983,0.7368277965758542,41346,228.21730174755936,0.7509684052064401,0.9893580999371161,0.9189510772586774,0.8199864507510066,0.006803852280976386,0.001897410693447339,0.672377779415233,0.994523303051443,DERMASON
13517,40923,742.8209999999999,266.1947364515265,196.06695129374955,1.3576726454664498,0.676378116351129,41373,228.26471888839296,0.7352317642831477,0.9891233413095497,0.9319851267577549,0.857510264595181,0.006504770824512536,0.0021695470468088684,0.7353238538860972,0.9983290819801229,DERMASON
13518,40937,742.92,269.7249855449126,193.59594029753026,1.3932367854944814,0.6962977164440277,41429,228.30376090380847,0.7770143304545886,0.9881242607835091,0.9320555070900394,0.8464316364410112,0.006588782410653263,0.002086183362096861,0.7164465151682085,0.9981796397716778,DERMASON
13519,40949,760.6429999999999,291.11297257233355,179.54245497822015,1.6214157961004139,0.787163051575012,41434,228.33722017524906,0.7241458583857961,0.9882946372544287,0.8893883137264219,0.7843594813299278,0.007109159505051004,0.0016598109440365608,0.6152197959521536,0.9975270952304954,DERMASON
13520,40951,762.8499999999999,285.25743432204376,183.75812660545878,1.5523527562648203,0.7648709987254119,41450,228.34279624382646,0.7222398589065255,0.9879613992762364,0.8842927702216007,0.800479737842825,0.006965823406560127,0.001764223473725161,0.6407678106969178,0.9946976770611351,DERMASON
13521,40970,762.2379999999999,293.35394024183614,178.63857461980345,1.6421645821244457,0.7932067962477933,41480,228.3957621056039,0.740493059572007,0.9877049180327869,0.8861242791919273,0.7785672212799262,0.007160213332727267,0.0016228941181342272,0.6061669180515457,0.9954258436797798,DERMASON
13522,40975,763.6830000000001,283.2842300361151,184.65724120551337,1.5341084280623218,0.7583527331278569,41459,228.40969844891282,0.7644589552238806,0.9883258158662775,0.8828818322788684,0.8062916118549681,0.0069135870661651035,0.0018024024374443206,0.6501061633476827,0.9973333443269404,DERMASON
13523,40988,764.163,293.0813530780965,179.16942839132048,1.6357776865704077,0.7913757710575074,41498,228.4459289626428,0.6750329380764163,0.9877102510964384,0.8820527941068325,0.7794625163401968,0.007150418490243401,0.0016281415659932597,0.6075618143793916,0.9938360591740407,DERMASON
13524,40996,737.6450000000001,264.54501454269075,197.5549907930342,1.3390955777970588,0.6650793614696838,41377,228.46822180767882,0.7641094460597927,0.9907919858858786,0.9467962792221235,0.8636270171359057,0.006452946983673791,0.0022143320192227842,0.745851624727062,0.9987666123647602,DERMASON
13525,41117,750.347,277.4685195765557,189.84732668183815,1.4615350367380227,0.7292830463418046,41496,228.80513622048713,0.7628385899814472,0.9908665895508001,0.9177132094651549,0.8246165603567075,0.006748267616230652,0.001924776328302674,0.6799924716145277,0.9938328219827175,DERMASON
13526,41141,748.0479999999999,273.78718186680237,191.68623367311375,1.428309047658044,0.7140167764787626,41537,228.87190327768354,0.7393210775064244,0.9904663312227653,0.9239017197052974,0.8359482051611528,0.006654849951795104,0.002004635925346597,0.6988094017121527,0.9981157910539723,DERMASON
13527,41159,776.186,308.26233577404423,171.18136746636233,1.800793744883588,0.8316429811331384,41653,228.92196579130314,0.669469746258946,0.9881401099560656,0.858505473355878,0.7426206163541904,0.007489548720183781,0.0014050876613738291,0.5514853798342777,0.9931114224003169,DERMASON
13528,41169,753.9250000000001,266.1669592600919,197.3244373829632,1.348879858927562,0.6711121184200783,41710,228.9497735687937,0.7945996024010346,0.9870294893310957,0.9101728838871691,0.8601735324521235,0.006465227701913865,0.0021832722185889386,0.7398985059311645,0.9980341923011429,DERMASON
13529,41179,763.429,297.3906589460499,177.23085661171442,1.6779846615399887,0.803019312854844,41575,228.97757796921792,0.8003692905733722,0.9904750450992182,0.8878678972157859,0.7699555150141992,0.00722190094334612,0.0015656469140840883,0.5928314951007808,0.994762155656929,DERMASON
13530,41182,763.1489999999999,287.88896285376194,182.40935816457755,1.578257638481553,0.7736525222832203,41640,228.9859186310011,0.7439348230576079,0.9890009606147935,0.8885842666889273,0.7953966569649924,0.006990650353401047,0.001725966606618522,0.6326558419110858,0.998493915026149,DERMASON
13531,41221,752.069,280.1574226097809,187.59446757092334,1.4934204949506975,0.7427185102550241,41590,229.09431960118116,0.7221112746128512,0.9911276749218562,0.9158260913553132,0.8177342490770865,0.006796473220197979,0.0018746151534064686,0.6686893021136667,0.9986343085308285,DERMASON
13532,41226,746.767,273.28524773646126,192.3060806889581,1.421095197600545,0.7105144349729984,41628,229.10821345218469,0.7578308823529412,0.9903430383395792,0.928989546105235,0.8383482655936186,0.00662895376064768,0.0020198663455315035,0.7028278144238285,0.9987852318177898,DERMASON
13533,41239,763.911,292.3460259057351,179.95614806814137,1.6245403618832555,0.78809101722602,41657,229.14433352220033,0.7231867283950617,0.9899656720359123,0.8880398650131525,0.7838120351124127,0.00708906680340782,0.001650503851399848,0.614361306387062,0.9980547390051071,DERMASON
13534,41255,744.0899999999999,273.73513264026855,192.35037693090362,1.4231068168824024,0.7114981774847153,41579,229.18878117841882,0.7354225716170205,0.9922076048005003,0.9363441888101847,0.8372647638168145,0.006635198948982391,0.0020113375862093833,0.701012284729226,0.9976153611164692,DERMASON
13535,41260,759.5099999999999,273.93089220574427,192.212021440355,1.4251496350385522,0.7124915359954782,41774,229.20266930333253,0.7421797708344576,0.987695695887394,0.8988186909680141,0.8367171276585438,0.006639139413614743,0.002007271819888058,0.700095551717164,0.9977409200218299,DERMASON
13536,41267,759.0079999999999,272.277192602869,193.71320614241355,1.4055685620251257,0.7027307800529757,41789,229.22211126456793,0.7110709054880675,0.9875086745315753,0.9001607144367436,0.8418704081428545,0.006597940063558508,0.0020444152219716827,0.7087457841066166,0.9961907926081072,DERMASON
13537,41292,759.156,272.18432677808426,194.33631780585256,1.4005839456627147,0.7001580311602082,41690,229.29153338316777,0.7166261714682401,0.9904533461261693,0.9003548845693183,0.8424126991342614,0.006591696376491433,0.002047748318550589,0.7096591556626715,0.9939372203136952,DERMASON
13538,41329,746.891,268.17609670832593,196.69191393800338,1.3634322394811518,0.6797508256905613,41744,229.39423956228617,0.7277257360191576,0.9900584515139901,0.9310013456857557,0.8553865999913493,0.006488811650616418,0.00214286445568833,0.7316862354447604,0.9976046025899831,DERMASON
13539,41353,757.504,292.7940147050889,180.09473811946373,1.6257777310010437,0.78845672539221,41666,229.46083520599583,0.6961784511784512,0.9924878798060769,0.9056221258151552,0.7836937358064365,0.007080357282545133,0.0016474810866546224,0.6141758715422488,0.9985134548715457,DERMASON
13540,41368,755.4559999999999,279.4704017884313,188.77467112729718,1.480444384405654,0.7373848503993267,41755,229.50244767018108,0.8089799749687109,0.9907316489043229,0.9108692461631764,0.821204843881544,0.006755714605212514,0.0018952088112477769,0.6743773956145112,0.9983782283076131,DERMASON
13541,41399,755.6809999999999,285.84096312199483,184.92221624464065,1.5457361961520346,0.7625401257404444,41805,229.58842286250191,0.7434497620544133,0.99028824303313,0.9110090870034013,0.8032033629991487,0.0069045378661802175,0.0017726232905758586,0.6451356423331425,0.9972095137821313,DERMASON
13542,41408,756.5709999999999,287.1576793400142,184.12751334444314,1.559558776003426,0.7673679603097365,41755,229.61337737247283,0.6846560846560846,0.9916896180098191,0.9090645826011682,0.7996073025112972,0.006934835764586897,0.0017487307622333248,0.6393718382293931,0.9971379614400928,DERMASON
13543,41412,750.5899999999999,280.1067125131789,188.7304849171265,1.4841625222134973,0.7389314079316011,41775,229.62446739529426,0.7033288043478261,0.9913105924596051,0.9236991015774025,0.8197749541060733,0.006763902069766707,0.0018843243315153032,0.6720309753796144,0.9974031874250054,DERMASON
13544,41412,758.7639999999999,290.72288005612097,182.03798823454463,1.5970451161080874,0.7796974918808006,41924,229.62446739529426,0.7880944678097703,0.9877874248640397,0.9039046793446286,0.7898396828999757,0.007020256931713536,0.0016853440352316892,0.6238467246835342,0.9963113648558649,DERMASON
13545,41427,744.242,270.0175446765451,196.03119736547745,1.3774212895977405,0.6877007209403707,41876,229.66605021148334,0.8154921259842519,0.9892778679912122,0.939863963942552,0.8505597311708061,0.006517912102651535,0.002104299407346953,0.7234518562893539,0.9964979888519611,DERMASON
13546,41429,763.787,289.5574520398583,182.57907912010702,1.5859289762841726,0.7761524811864939,41914,229.67159401813942,0.7025674942341609,0.9884286873121153,0.8924210181469243,0.7931814304904319,0.006989245505318938,0.0017064761047323686,0.629136781674848,0.9977662521043105,DERMASON
13547,41436,760.636,284.081581914492,186.6823518488347,1.5217377491822361,0.7537655347425412,41923,229.69099628772173,0.70462197734925,0.9883834649237888,0.8999822332286469,0.808538852606285,0.006855912296420794,0.0018073763343447152,0.6537350761738879,0.9948133433783299,DERMASON
13548,41443,754.945,290.0227779988344,182.19056463459927,1.5918649716054343,0.778056757110036,41801,229.71039691850987,0.7478795972137006,0.9914356115882396,0.9137563827452498,0.7920426061136242,0.006998112540087214,0.0016988493228288616,0.6273314898992617,0.998627024355683,DERMASON
13549,41451,757.6039999999999,282.6748516136324,187.29389244018807,1.5092582461219555,0.7489936877528587,41897,229.73256706182784,0.7186373092926491,0.9893548464090508,0.9075286794126828,0.8127096052245655,0.006819494140397878,0.001835158137105066,0.6604969024242692,0.9968603965218369,DERMASON
13550,41472,759.287,293.5679685691143,180.4485308555323,1.6268792390675977,0.7887814354155762,41853,229.7907535112252,0.7944827586206896,0.9908967099132678,0.9039677053495407,0.7827514514994706,0.0070787029458216225,0.001639188796143517,0.6126998348245282,0.9967886410561712,DERMASON
13551,41488,754.898,278.1735424178536,190.86595382787064,1.457428822893788,0.7274696560839257,41959,229.83507615673557,0.7210288494960028,0.9887747563097309,0.9148624738362781,0.8262291020168007,0.006704915696535229,0.0019274141194976756,0.6826545290194888,0.9949203866719866,DERMASON
13552,41499,757.035,284.29836214675026,186.45377451693736,1.5247659259422757,0.7549013392536332,41899,229.86554301800982,0.8085690904839841,0.9904532327740518,0.9099459120890638,0.8085362901224064,0.006850728021078827,0.001805986745126938,0.653730932444904,0.9967866505264612,DERMASON
13553,41506,766.971,292.90271946329915,180.96602477918677,1.618550884458542,0.7863065031557989,41963,229.88492891831265,0.6988483297413793,0.9891094535662369,0.8866717250403476,0.7848507836989111,0.0070568765832240915,0.001651736135142457,0.615990752672795,0.9970123775568352,DERMASON
13554,41513,748.568,274.45780490563783,193.32775127105387,1.4196503249077579,0.70980442091867,41885,229.90431318396531,0.7966417194396469,0.9911185388563925,0.9309609571537364,0.8376672445624543,0.006611370050481484,0.002007970660322656,0.7016864126128548,0.9961493436491984,DERMASON
13555,41523,760.038,289.64289974103997,182.75157353420258,1.584899621599331,0.7758196048566064,41939,229.93200215724247,0.7961461029623238,0.9900808316841126,0.9032916059427346,0.7938464998203546,0.00697548105245382,0.00170883473469702,0.6301922652770283,0.9987914827723873,DERMASON
13556,41541,761.1569999999999,284.9234628153778,186.1767121631059,1.5303926012280298,0.7569894479927508,41998,229.9818339083402,0.7105398193760263,0.9891185294537835,0.9010280670549308,0.8071705700746794,0.006858849397351478,0.0017959419926390175,0.6515243291946832,0.9970880129195983,DERMASON
13557,41549,757.8509999999999,287.6825515767972,184.09317758832702,1.562700776560655,0.768443390534139,41985,230.00397788777758,0.7138267532556781,0.9896153388114803,0.9090814242136992,0.7995061800832844,0.006923934428669697,0.0017450987588207624,0.6392101319913652,0.998894169648345,DERMASON
13558,41564,761.144,277.26662538909676,191.31405572131726,1.449274724450903,0.7238090776641356,42027,230.04549210400168,0.8201748327643704,0.9889832726580532,0.901557734765119,0.8296905254325933,0.0066708359491169465,0.001949954807472832,0.6883863679926127,0.9976609637882518,DERMASON
13559,41572,766.159,274.13821931783013,194.1044851975997,1.4123229509032496,0.706158941183771,42272,230.06762995634605,0.7125936337612918,0.983440575321726,0.889965082362089,0.8392395286175345,0.0065942995121194585,0.0020178652262684243,0.7043229863941816,0.99473151853322,DERMASON
13560,41574,754.002,273.5065780270443,193.8869061689978,1.410650071380517,0.7053160110228045,41973,230.07316408660017,0.7433751743375174,0.9904938889285969,0.918938992741964,0.8411979183325183,0.006578789099606589,0.0020319755786388106,0.7076139378069622,0.9981956518772399,DERMASON
13561,41609,753.219,283.8869339774266,187.16098788802773,1.51680613134649,0.7518974896194764,41978,230.16998982683512,0.7373560163033848,0.9912096812616132,0.9216257689197644,0.8107804984259585,0.006822729072494572,0.0018186581168342755,0.6573650166278457,0.9970952877538037,DERMASON
13562,41623,766.9419999999999,295.07323184808445,179.91799894803705,1.640042872716175,0.7926013752022636,42054,230.2087087199606,0.7823872180451128,0.9897512721738717,0.8892383818282887,0.7801748307636435,0.007089187032363944,0.0016201078965037868,0.6086727665570798,0.998249432608375,DERMASON
13563,41626,760.1469999999999,283.75118087093716,187.11764982271032,1.5164319407591154,0.7517548152588641,42103,230.21700477841745,0.774149153803236,0.9886706410469562,0.9052725926647759,0.8113340852778003,0.006816681421970335,0.0018220137376086351,0.6582629979335648,0.9982110354863092,DERMASON
13564,41626,775.039,296.0576494122115,179.6283383867906,1.648167834045849,0.7949046845992777,42166,230.21700477841745,0.796395500114793,0.9871934734145994,0.8708180660423865,0.7776087030194521,0.007112325215303212,0.0016041161817531063,0.6046752950115944,0.9966063712802946,DERMASON
13565,41627,773.7620000000001,299.4652440890188,177.3717830040797,1.6883477124550914,0.8057211482081816,42043,230.21977006480267,0.6798908960245648,0.9901053683133935,0.8737157855393034,0.7687695804738118,0.0071940145599975695,0.0015500147701827673,0.5910066678618808,0.9978247557303124,DERMASON
13566,41631,758.77,287.71123017500423,184.4771923544652,1.5596032577413643,0.767383241245142,42025,230.230830878207,0.7076491585925548,0.9906246281975015,0.9086704476936885,0.800214961154509,0.006910985327640562,0.0017480200154644412,0.6403439840555124,0.9986825636080615,DERMASON
13567,41637,752.6039999999999,283.11756862566284,187.7286654233854,1.508121138490738,0.748551453883167,42017,230.2474211020353,0.7618986623725961,0.9909560416022086,0.9237538258163771,0.813257270538614,0.006799663007076947,0.0018347587626473356,0.6613873880839164,0.9974523007005316,DERMASON
13568,41641,761.973,281.04761220111993,189.96923286999004,1.4794375276203886,0.7369634795107802,42155,230.25848058718034,0.7730192321972228,0.9878069030957182,0.9012636370851124,0.8192863792146561,0.0067493002617881395,0.0018757780559757764,0.6712301711666614,0.9930431048950158,DERMASON
13569,41643,768.896,303.1101621094815,175.3556846562067,1.728544829919507,0.8156672770565861,42039,230.26401013055943,0.7379585326953748,0.9905801755512739,0.8851495843762125,0.759671033554426,0.0072787782366659825,0.0014953419547626167,0.5771000792216499,0.9975433582847207,DERMASON
13570,41657,745.22,259.44013527122513,205.09856570500847,1.2649534353369183,0.6124066211949729,42101,230.30271321682832,0.7480829666876179,0.9894539322106364,0.9426030715256525,0.8876911545550351,0.006228008144398904,0.0023854839778923004,0.7879955858752513,0.9967777233832268,DERMASON
13571,41660,766.2639999999999,287.11689819819077,185.79589520192337,1.5453349918530306,0.7623975956874545,42143,230.3110058891387,0.7753294126405121,0.9885390219016207,0.8916045681144574,0.8021506478178788,0.006891908262078511,0.0017601229471026394,0.6434456617946427,0.9943390965272919,DERMASON
13572,41676,751.209,272.2269284965135,195.40332886721603,1.3931539962735333,0.6962537464454653,42073,230.35522843291974,0.7428877005347594,0.9905640196800799,0.9280563112556333,0.8461882507551782,0.006531983119697511,0.0020658214383656834,0.7160345557161085,0.9975464027658405,DERMASON
13573,41680,754.927,282.95793429622404,188.06207404179358,1.5045986052102216,0.7471734566434994,42133,230.36628274242216,0.7795608424045187,0.9892483326608597,0.9190257032801629,0.8141361482419343,0.0067888180013489455,0.0018397638515087696,0.6628176678742127,0.9972745385922324,DERMASON
13574,41698,766.077,296.52918633460024,179.91021063562312,1.6482065430692459,0.7949155607341633,42182,230.41602057228314,0.759941680335338,0.9885259115262435,0.8928535745774197,0.7770433103751354,0.007111352734773856,0.0015992372144425467,0.6037963061987492,0.9951810225578201,DERMASON
13575,41712,772.6019999999999,285.7319166270166,186.67475386007973,1.5306403823689205,0.7570807411443989,42286,230.45469812957407,0.7054287163876205,0.9864257673934635,0.878130823587667,0.8065416732230188,0.006850113076021686,0.0017880709636804556,0.6505094706453869,0.9956960648832591,DERMASON
13576,41732,793.483,268.54093357650834,198.30080817559096,1.3542099805197028,0.674321466125952,42417,230.50994052510578,0.7596475899228193,0.9838508145319094,0.8329209953958103,0.8583791582724672,0.006434892494404973,0.0021549525681747073,0.7368147793565496,0.9978019279990621,DERMASON
13577,41753,761.1639999999999,291.0802369931336,182.93417378494982,1.5911747431910455,0.7778366638005529,42126,230.567930795519,0.769739874269491,0.9911456107866875,0.9056097093279886,0.7921112514449339,0.006971480779659751,0.001692971027640387,0.6274402346656593,0.9983670542618599,DERMASON
13578,41759,775.473,304.297520336161,175.56089236456876,1.7332876145574523,0.8167877352693219,42315,230.58449676549301,0.7173606816463959,0.9868604513765804,0.8726228708365928,0.7577600254867789,0.00728699251265981,0.00148202268018428,0.574200256225724,0.9952541923917629,DERMASON
13579,41771,770.2139999999999,290.6757220467386,183.47852140616106,1.5842493160454363,0.7756088984373821,42238,230.61762513548803,0.6963109903482305,0.9889436052843411,0.8848342392286188,0.793384543819612,0.00695879251267,0.0017007817716888413,0.6294590343718538,0.9972200446822301,DERMASON
13580,41774,752.677,282.5255891110448,188.61114379406084,1.497926280641861,0.7445294700589727,42141,230.62590648443353,0.7756610219845514,0.99129114164353,0.9266135271265283,0.8163009489161266,0.006763192155672063,0.0018523911391545378,0.6663472392013687,0.9981390416328787,DERMASON
13581,41811,757.03,287.11114538981644,185.6944278250739,1.5461484157202507,0.7626864257692779,42144,230.7280186820012,0.7262889105058365,0.9920985193621867,0.9167992264378567,0.8036191641698104,0.006866880614905562,0.0017666088410897207,0.6458037610209846,0.9985084619687749,DERMASON
13582,41826,772.831,294.5868134177609,181.31218354584212,1.6247491352023729,0.7881527913176657,42287,230.769402647086,0.8002219331139512,0.9890983044434459,0.8800090299576121,0.7833663698986627,0.00704315051445897,0.001636087118257238,0.6136628694882087,0.9970482165067734,DERMASON
13583,41837,764.055,292.4190772308465,182.72813691674813,1.6002958392996374,0.7807172424950125,42166,230.79974617205497,0.6850214493892655,0.9921975050988948,0.9005776296645863,0.7892773219780496,0.006989484839516373,0.001673182941442861,0.6229586909888418,0.9969182012449921,DERMASON
13584,41855,759.913,283.93154333119935,188.26678820187294,1.5081339945458032,0.7485564608000074,42237,230.84939060974415,0.812402950310559,0.9909557970499798,0.9108135061428464,0.8130459472777347,0.006783694739725226,0.0018285482181414376,0.661043712384749,0.9969424945281986,DERMASON
13585,41863,763.785,281.59647688675034,190.23564306659412,1.4802508738500404,0.7373039514019084,42456,230.87145137770523,0.7366096565315315,0.9860325984548709,0.9017745235719872,0.8198662637052622,0.00672661961366243,0.0018747730281223724,0.6721806903620267,0.9949960542935133,DERMASON
13586,41875,760.096,287.8177876745776,185.5868554849837,1.550852224541655,0.7643456290947098,42172,230.9045385777095,0.8000878902518247,0.9929574125011856,0.9108099994583525,0.8022594449193068,0.006873260601183942,0.00175631304934895,0.6436202169622343,0.9981598452358635,DERMASON
13587,41888,789.822,299.27143570990546,179.5340780908078,1.6669338706745962,0.8000721244849259,42668,230.94037769490743,0.6692015209125475,0.9817193212712103,0.8438029429560991,0.7716753092291982,0.007144562540820891,0.0015627655305445662,0.5954827828739788,0.9926304201762014,DERMASON
13588,41889,784.7239999999999,294.5589788002118,181.5758236287637,1.6222367764248449,0.7874075002401821,42560,230.94313431970917,0.7536568251740703,0.984234022556391,0.8548225814741871,0.7840301974849974,0.007031893308510869,0.001639016011452521,0.6147033505683639,0.9971943818835738,DERMASON
13589,41941,770.1959999999999,292.6198885725277,183.3620757308042,1.5958582897050426,0.7793232968159834,42390,231.08643349564565,0.710094135175403,0.9894078792167964,0.8884768729057055,0.7897154039082664,0.0069769411452404026,0.0016738913277822552,0.6236504191699964,0.9952576913104635,DERMASON
13590,41962,755.945,286.8703906326574,186.58893664707284,1.5374458731991372,0.7595667139492773,42349,231.1442791335682,0.7647112423231827,0.9908616496257291,0.9227533822885726,0.8057446382800536,0.006836432739923202,0.0017774565985669804,0.6492244221170543,0.9981474085639601,DERMASON
13591,41964,756.887,287.1641019821347,186.27110809373522,1.54164596389059,0.7610805674516649,42310,231.14978748695913,0.7987057480015226,0.9918222642401323,0.9205018174693909,0.8049397048289122,0.006843106042849459,0.0017720926866368223,0.6479279284100562,0.9988754757253543,DERMASON
13592,41966,746.121,273.5086784154536,195.44915348486924,1.3993853313702243,0.6995338547505413,42250,231.15529570908782,0.7519979930473426,0.9932781065088757,0.947303000861399,0.8451479384429919,0.006517387371096925,0.002051087761242397,0.7142750378544392,0.9995460105374141,DERMASON
13593,41979,757.238,272.57992017454717,196.5807060243304,1.3866056628202896,0.6927419207333166,42362,231.1910959540557,0.7223809196035242,0.990958878239932,0.9199773886989764,0.8481589392425236,0.006493244721754858,0.002072767110099946,0.7193735862170031,0.9974874883318363,DERMASON
13594,41992,763.279,293.22412213026803,182.87952247904974,1.603373183369172,0.7816756796729588,42415,231.2268906561669,0.8023233597004089,0.9900271130496286,0.9057530310914003,0.788567083009091,0.0069828567853464476,0.0016655875869234981,0.6218380444054665,0.9970384447984534,DERMASON
13595,41995,765.763,284.0731777922192,188.5919566180672,1.506284694672948,0.7478345694599995,42477,231.23515018515923,0.732513518227804,0.9886526826282459,0.8999506457214527,0.8139985336957525,0.0067644523822412,0.0018319216571683764,0.6625936128588352,0.9980546178373163,DERMASON
13596,42008,759.454,280.3327165874974,191.21813607084417,1.4660362366655286,0.73124829282548,42419,231.2709380688259,0.7117104906478721,0.9903109455668451,0.9152482804202392,0.8249873253614395,0.006673317382105727,0.001906824171089106,0.6806040870070217,0.9977902543749524,DERMASON
13597,42008,773.1579999999999,294.4922025203752,181.84735861606202,1.6194472372961022,0.7865750828909696,42547,231.2709380688259,0.692230369943149,0.987331656756058,0.8830908021175036,0.7853210920001348,0.007010383796428661,0.00164479056023961,0.6167292175402843,0.9987604275054002,DERMASON
13598,42012,778.0430000000001,297.9128117073527,179.71183573961048,1.65772504900015,0.7975624814150019,42544,231.28194861124302,0.7158045389490901,0.9874952989845807,0.8721195486137907,0.7763410619561979,0.007091136144609938,0.0015889338442707328,0.602705444479277,0.9991199124820667,DERMASON
13599,42023,746.715,272.9626857858725,196.3340473924524,1.390297248037917,0.6947299745379982,42365,231.31222490047028,0.7953478688772806,0.9919272984775168,0.9470810919872457,0.8474133533472219,0.0064955544769738595,0.002066223064609446,0.7181093914311836,0.9983855106969578,DERMASON
13600,42026,751.05,278.0711406529184,192.95676003429065,1.441105979409594,0.7200603041144483,42358,231.32048138251818,0.7538295964125561,0.9921620473110156,0.9362465261308578,0.8318751843120848,0.006616645425520354,0.001954565825418246,0.6920163222742653,0.9972688598784801,DERMASON
13601,42042,771.515,288.08267411770544,186.34708959848243,1.545946731652371,0.7626148646057274,42476,231.36451097727954,0.8162544169611308,0.9897824653922215,0.8875738197141053,0.8031184509303331,0.006852259029487309,0.001758457793163457,0.6449992462247378,0.9971344766193763,DERMASON
13602,42047,768.9359999999999,292.97500733548736,183.1391409147197,1.5997399893445698,0.7805434073247214,42446,231.3782685073933,0.7738901568136641,0.9905998209489705,0.8936438904781046,0.7897542886395109,0.006967798114859262,0.0016720270280806166,0.6237118364244997,0.9977767665558115,DERMASON
13603,42049,770.185,290.1634033084052,185.05168512513018,1.5680127587716883,0.7702434997237588,42503,231.38377129040154,0.756005034160374,0.9893184010540432,0.8907901861222275,0.7974257561504795,0.006900601757673314,0.0017211858327968804,0.6358878365721641,0.9970802408928794,DERMASON
13604,42070,763.489,289.0223733637728,186.12343389845492,1.5528532184800403,0.7650458030793523,42556,231.44154261283407,0.7688230994152047,0.9885797537362534,0.9069363471418402,0.8007737944962979,0.006870035021720294,0.0017425214104301917,0.6412386699519993,0.9957495324488225,DERMASON
13605,42070,760.7009999999999,276.69165062642804,193.94536647332566,1.4266473886834667,0.7132162626725149,42458,231.44154261283407,0.7308133273112601,0.9908615573036883,0.9135964465342313,0.8364601609367394,0.006576934885344141,0.0019860233463624335,0.6996656008343161,0.9981761023819259,DERMASON
13606,42097,759.6959999999999,288.72161204221896,185.94470544010682,1.5527283304940178,0.7650022010426578,42508,231.51579884473574,0.7145742802824552,0.9903312317681378,0.916603121562146,0.8018651503334008,0.00685848426353942,0.001749094466009613,0.6429877193192076,0.9983852479466693,DERMASON
13607,42101,757.499,281.57639233416154,190.71313645035534,1.4764394187783645,0.7357022182714947,42494,231.5267977424969,0.7999429982899487,0.9907516355250153,0.92201534243912,0.8222521633409233,0.006688116489730922,0.001885834995309918,0.6760986201188287,0.9982186537250977,DERMASON
13608,42139,759.321,281.53992791425856,191.18797890118992,1.4725817466785633,0.7340647812005844,42569,231.63126122264893,0.7299324441364975,0.9898987526134041,0.9184240911067681,0.8227297028121389,0.006681219960470314,0.0018882706374543654,0.6768841638893502,0.9967672643592382,DERMASON
13609,42147,763.779,283.3826363799513,190.27573077099427,1.4893262279518744,0.7410547869606556,42667,231.6532475316349,0.7053891213389122,0.9878125952140999,0.9079064565387333,0.8174574507841083,0.006723672773387223,0.0018520254836678993,0.6682366838424528,0.9952224197261494,DERMASON
13610,42159,772.237,295.1427409885261,182.20471589551335,1.619841393994313,0.7866930164023944,42600,231.68622308305197,0.7889624971929037,0.9896478873239437,0.8883803685666437,0.7849971925687949,0.007000705448149294,0.0016398117055199317,0.6162205923408897,0.9981796233054678,DERMASON
